98.64605;0;0
101.2353;0;0
103.8217;0;0
106.4096;32.1111106872559;0
108.9945;-3.46666669845581;0
111.5767;-4.96825408935547;0
114.1602;-16.5308647155762;0
116.7409;57.1111106872559;0
119.3209;80.7692337036133;0
121.9002;97.7111129760742;0
124.4788;43.1895408630371;0
127.0566;-33.9239768981934;0
129.6317;-131.529098510742;0
132.2038;-62.9323654174805;0
134.7796;-12.222222328186;0
137.3503;58.0659637451172;0
139.9204;116.532676696777;0
142.4919;283.534149169922;0
145.0584;407.949584960938;0
147.6242;497.647705078125;0
150.1914;517.261352539063;0
152.7579;586.239379882813;0
155.3216;527.271057128906;0
157.8846;587.581481933594;0
160.4448;621.03955078125;0
163.0085;743.9267578125;0
165.5672;818.727966308594;0
168.1232;784.697204589844;0
170.6826;802.928771972656;0
173.2372;853.929321289063;0
175.7931;1017.61804199219;0
178.3463;1026.70446777344;0
180.8966;1116.33532714844;0
183.4504;1206.05847167969;0
185.9993;1334.11499023438;0
188.5476;1401.06787109375;0
191.0972;1413.52172851563;0
193.644;1460.78161621094;0
196.1859;1443.69311523438;0
198.7335;1455.8173828125;0
201.2761;1381.50671386719;0
203.8201;1393.74963378906;0
206.3593;1387.71948242188;0
208.8998;1465.15270996094;0
211.4397;1547.67614746094;0
213.9746;1741.28076171875;0
216.5109;1928.26000976563;0
219.0487;1956.99072265625;0
221.5816;1993.06408691406;0
224.1158;2046.86645507812;0
226.6473;2102.2919921875;0
229.176;2118.474609375;0
231.7082;2116.15649414062;0
234.2355;2241.38232421875;0
236.7643;2218.87768554688;0
239.2902;2171.580078125;0
241.8133;2105.5537109375;0
244.3379;1986.50476074219;0
246.8618;2050.77978515625;0
249.3828;2069.43896484375;0
251.9053;2133.5009765625;0
254.423;2094.28442382813;0
256.942;2024.38989257813;0
259.4603;2073.15454101562;0
261.9759;2036.791015625;0
264.4887;2072.41064453125;0
267.005;2080.70629882813;0
269.5164;2104.263671875;0
272.0292;2128.66674804688;0
274.5393;2218.4765625;0
277.0466;2316.08471679687;0
279.5574;2345.28637695312;0
282.0654;2338.16381835938;0
284.5686;2332.49536132813;0
287.0752;2358.73828125;0
289.5791;2262.32592773438;0
292.0803;2194.27685546875;0
294.5828;2093.86254882813;0
297.0826;2144.2412109375;0
299.5838;1974.17517089844;0
302.0801;1876.88708496094;0
304.5758;1673.93225097656;0
307.0749;1747.67993164063;0
309.5672;1652.03015136719;0
312.0608;1727.87194824219;0
314.5558;1594.07348632813;0
317.044;1703.4765625;0
319.5377;1662.736328125;0
322.0266;1814.06030273438;0
324.5127;1782.03015136719;0
327.0023;1848.76831054688;0
329.4871;1859.33142089844;0
331.9691;2025.27124023438;0
334.4547;2035.16198730469;0
336.9353;2042.13940429688;0
339.4174;2027.525390625;0
341.901;2092.73901367187;0
344.3776;2224.4140625;0
346.8577;2279.0166015625;0
349.333;2225.5;0
351.8076;2150.05590820312;0
354.2857;2027.66015625;0
356.7569;1967.90270996094;0
359.2296;1943.62451171875;0
361.7015;1936.75024414063;0
364.1729;1920.59350585937;0
366.6414;1918.9150390625;0
369.1093;1904.62280273438;0
371.5745;1992.81335449219;0
374.0432;1960.30322265625;0
376.507;1989.498046875;0
378.9702;1840.13012695313;0
381.4348;1759.60681152344;0
383.8947;1641.80407714844;0
386.3538;1667.80444335938;0
388.8144;1749.35534667969;0
391.2722;1816.27416992188;0
393.7314;1827.37866210938;0
396.1859;1800.70166015625;0
398.6418;1819.94567871094;0
401.0949;1969.3486328125;0
403.5475;1906.40808105469;0
405.9972;1926.0263671875;0
408.4505;1820.82006835938;0
410.899;1998.11584472656;0
413.3468;1991.03820800781;0
415.796;2113.97827148438;0
418.2405;2115.64990234375;0
420.6884;2207.34326171875;0
423.1295;2067.34399414062;0
425.572;2023.19604492188;0
428.0159;2009.75854492188;0
430.455;2053.27075195313;0
432.8956;2033.16540527344;0
435.3335;1985.68762207031;0
437.7707;1941.98986816406;0
440.2093;1837.77490234375;0
442.6432;1797.1650390625;0
445.0764;1756.16943359375;0
447.511;1724.81799316406;0
449.9429;1733.12866210938;0
452.3721;1715.1083984375;0
454.8048;1788.33898925781;0
457.2328;1737.400390625;0
459.66;1704.06005859375;0
462.0847;1684.50866699219;0
464.5127;1739.29223632813;0
466.9381;1856.54064941406;0
469.3587;1960.5751953125;0
471.7807;1967.74609375;0
474.2042;2048.38671875;0
476.6229;2090.23120117187;0
479.041;2114.95629882813;0
481.4604;1969.21179199219;0
483.8752;1956.25805664063;0
486.2934;2010.50561523438;0
488.7068;2085.96337890625;0
491.1197;1977.26989746094;0
493.5339;1920.92028808594;0
495.9435;1774.25622558594;0
498.3544;1669.50158691406;0
500.7667;1660.8994140625;0
503.1723;1735.30163574219;0
505.5793;1746.28125;0
507.9856;1614.52209472656;0
510.3913;1488.47314453125;0
512.7944;1358.02392578125;0
515.1968;1181.99475097656;0
517.5986;1139.91174316406;0
519.9997;1198.02954101563;0
522.3982;1392.548828125;0
524.798;1380.95556640625;0
527.1973;1331.462890625;0
529.5919;1302.42663574219;0
531.9899;1196.87890625;0
534.3832;1231.70678710938;0
536.7758;1046.212890625;0
539.1699;1204.80529785156;0
541.5593;1136.32250976563;0
543.9481;1342.01342773438;0
546.3382;1366.67163085938;0
548.7257;1460.50939941406;0
551.1146;1509.86657714844;0
553.4968;1622.98181152344;0
555.8824;1747.15173339844;0
558.2675;1754.90405273438;0
560.6478;1733.328125;0
563.0295;1751.36657714844;0
565.4106;1685.24645996094;0
567.7911;1577.5087890625;0
570.169;1510.52355957031;0
572.5462;1381.22497558594;0
574.9229;1373.51330566406;0
577.2968;1262.85180664063;0
579.6721;1436.90258789063;0
582.0449;1452.43469238281;0
584.417;1460.818359375;0
586.7885;1330.38854980469;0
589.1553;1317.3466796875;0
591.5255;1306.03637695313;0
593.8931;1178.45031738281;0
596.2601;1126.36730957031;0
598.6265;1090.41711425781;0
600.9902;1207.67236328125;0
603.3554;1277.634765625;0
605.7179;1324.775390625;0
608.0778;1397.88513183594;0
610.4391;1224.30908203125;0
612.7977;1271.30651855469;0
615.1558;1204.19934082031;0
617.5132;1534.39599609375;0
619.8701;1496.2255859375;0
622.2263;1486.62976074219;0
624.5779;1418.07409667969;0
626.9308;1618.4541015625;0
629.2852;1822.05065917969;0
631.6349;1941.123046875;0
633.9841;1943.98400878906;0
636.3326;1950.26623535156;0
638.6805;1959.65014648437;0
641.0279;1900.28039550781;0
643.3746;1973.39709472656;0
645.7187;2061.93603515625;0
648.0621;2059.2724609375;0
650.405;1947.85656738281;0
652.7453;1927.24267578125;0
655.087;2068.32055664063;0
657.426;2227.5927734375;0
659.7645;2248.80737304688;0
662.1024;2105.427734375;0
664.4376;1800.85498046875;0
666.7742;1579.20727539063;0
669.1063;1437.04919433594;0
671.4398;1489.60717773438;0
673.7726;1459.57849121094;0
676.1048;1506.63854980469;0
678.4324;1567.71875;0
680.7635;1542.18701171875;0
683.0919;1627.21667480469;0
685.4158;1544.84204101563;0
687.743;1502.31689453125;0
690.0696;1394.0537109375;0
692.3937;1474.93725585938;0
694.7151;1519.64086914063;0
697.038;1645.35205078125;0
699.3583;1509.13305664063;0
701.6779;1604.74389648438;0
703.995;1654.45031738281;0
706.3155;1854.67687988281;0
708.6294;1890.73718261719;0
710.9467;1848.18505859375;0
713.2594;1795.24670410156;0
715.5735;1623.03210449219;0
717.887;1476.43041992188;0
720.1979;1499.93737792969;0
722.5083;1758.31628417969;0
724.818;1762.52404785156;0
727.1252;1707.66845703125;0
729.4357;1626.85681152344;0
731.7418;1730.52490234375;0
734.0452;1846.88415527344;0
736.35;1901.90270996094;0
738.6522;1843.09887695313;0
740.9539;1660.30187988281;0
743.2569;1478.23681640625;0
745.5554;1573.30456542969;0
747.8553;1678.94714355469;0
750.1545;1656.19091796875;0
752.4513;1547.88989257813;0
754.7474;1234.90075683594;0
757.043;1058.20751953125;0
759.336;1039.3076171875;0
761.6304;1185.94775390625;0
763.9222;1190.89196777344;0
766.2114;850.859130859375;0
768.5041;711.256469726563;0
770.7922;632.991760253906;0
773.0777;777.547119140625;0
775.3647;830.125549316406;0
777.651;1027.12170410156;0
779.9368;1107.83178710938;0
782.22;1253.42736816406;0
784.5026;1259.71252441406;0
786.7847;1328.04052734375;0
789.0662;1291.96142578125;0
791.3451;1348.02062988281;0
793.6254;1418.09509277344;0
795.9012;1445.65466308594;0
798.1784;1508.2802734375;0
800.455;1577.353515625;0
802.7291;1743.68933105469;0
805.0026;1617.78759765625;0
807.2755;1784.79528808594;0
809.5478;1608.08752441406;0
811.8176;1786.68408203125;0
814.0869;1730.22998046875;0
816.3535;1912.13684082031;0
818.6235;2048.77124023437;0
820.8911;1867.83361816406;0
823.156;1862.17712402344;0
825.4204;1809.38159179688;0
827.6823;1935.80334472656;0
829.9474;1943.64306640625;0
832.2082;1925.62634277344;0
834.4683;1958.46081542969;0
836.7279;1882.71057128906;0
838.9869;1697.21520996094;0
841.2453;1556.65991210938;0
843.5012;1664.73828125;0
845.7565;1730.302734375;0
848.0133;1780.14294433594;0
850.2655;1740.15454101562;0
852.5153;1647.56286621094;0
854.7703;1758.43395996094;0
857.0189;1485.21545410156;0
859.2668;1484.94738769531;0
861.5182;1316.06909179688;0
863.7651;1526.77026367188;0
866.0114;1559.19921875;0
868.2592;1318.47729492188;0
870.5024;1185.05871582031;0
872.7451;1160.09899902344;0
874.9872;1476.61303710938;0
877.2307;1530.21118164063;0
879.4717;1479.66528320313;0
881.7101;1295.19226074219;0
883.95;1250.18823242188;0
886.1854;1250.50219726563;0
888.4202;1239.39794921875;0
890.6604;1205.04846191406;0
892.8941;1130.67980957031;0
895.1253;1326.09118652344;0
897.3599;1447.61157226563;0
899.59;1378.03930664063;0
901.8195;1181.4873046875;0
904.0504;1149.55493164063;0
906.2789;1395.76293945313;0
908.5087;1555.57104492188;0
910.7341;1523.07861328125;0
912.9589;1443.06884765625;0
915.1851;1378.54577636719;0
917.4088;1532.56262207031;0
919.63;1508.7490234375;0
921.8526;1279.88464355469;0
924.0727;1235.27868652344;0
926.2922;1502.29833984375;0
928.5112;1757.13854980469;0
930.7277;1626.88513183594;0
932.9476;1359.37890625;0
935.163;1223.13500976563;0
937.3739;1180.09692382813;0
939.5901;1137.45300292969;0
941.8019;1173.01574707031;0
944.0151;990.095275878906;0
946.2258;941.046447753906;0
948.4341;746.603759765625;0
950.6456;949.286071777344;0
952.8527;896.921813964844;0
955.0593;1021.55419921875;0
957.2653;726.26611328125;0
959.4689;677.6875;0
961.6738;567.193481445313;0
963.8782;617.887023925781;0
966.0782;575.2177734375;0
968.2815;644.303466796875;0
970.4803;710.372619628906;0
972.6787;806.869506835938;0
974.8784;816.564758300781;0
977.0757;877.93994140625;0
979.2704;773.651306152344;0
981.4667;753.579528808594;0
983.6603;794.611572265625;0
985.8535;940.910217285156;0
988.0461;1051.98217773438;0
990.2363;1037.77722167969;0
992.4297;1357.11694335938;0
994.6169;1591.40454101563;0
996.8035;1818.43078613281;0
998.9933;1944.70300292969;0
1001.179;2004.34460449219;0
1003.364;2107.71704101563;0
1005.55;1862.46606445312;0
1007.732;1855.97485351562;0
1009.916;1699.35437011719;0
1012.096;1788.42297363281;0
1014.275;1680.62487792969;0
1016.459;1758.6572265625;0
1018.636;1807.38781738281;0
1020.813;1934.3056640625;0
1022.991;2085.36840820313;0
1025.165;2125.369140625;0
1027.34;2107.31616210938;0
1029.515;2000.63073730469;0
1031.687;1829.75512695312;0
1033.859;1856.75134277344;0
1036.03;1854.5537109375;0
1038.199;1881.37878417969;0
1040.369;1697.373046875;0
1042.536;1671.21826171875;0
1044.704;1629.13842773438;0
1046.87;1599.12072753906;0
1049.034;1421.28295898438;0
1051.198;1363.404296875;0
1053.363;1408.47839355469;0
1055.526;1540.52209472656;0
1057.686;1593.09851074219;0
1059.845;1528.6484375;0
1062.005;1388.51037597656;0
1064.165;1368.57312011719;0
1066.323;1361.05822753906;0
1068.477;1332.18151855469;0
1070.634;1262.83972167969;0
1072.788;1012.58435058594;0
1074.942;1017.04327392578;0
1077.096;1065.94860839844;0
1079.247;1364.82971191406;0
1081.397;1499.75378417969;0
1083.547;1574.13024902344;0
1085.695;1449.3984375;0
1087.844;1418.77062988281;0
1089.992;1409.50732421875;0
1092.138;1435.31823730469;0
1094.284;1490.56433105469;0
1096.425;1361.03002929688;0
1098.571;1518.21545410156;0
1100.711;1553.82019042969;0
1102.851;1755.53356933594;0
1104.994;1793.4990234375;0
1107.132;1802.22387695312;0
1109.271;1662.04455566406;0
1111.408;1682.38879394531;0
1113.543;1705.18310546875;0
1115.682;1960.98388671875;0
1117.816;1816.60192871094;0
1119.947;1857.16247558594;0
1122.08;1807.08288574219;0
1124.213;2049.89501953125;0
1126.343;2063.23754882813;0
1128.474;1951.43139648437;0
1130.602;1744.0849609375;0
1132.728;1686.19702148438;0
1134.856;1794.63208007812;0
1136.982;1723.97009277344;0
1139.109;1735.78186035156;0
1141.234;1771.94897460938;0
1143.356;1874.03991699219;0
1145.479;1783.81176757812;0
1147.599;1726.82946777344;0
1149.719;1724.70007324219;0
1151.839;1827.94982910156;0
1153.957;1709.2470703125;0
1156.076;1534.70629882813;0
1158.191;1248.43933105469;0
1160.305;1323.18481445313;0
1162.423;1469.75634765625;0
1164.536;1748.927734375;0
1166.647;1651.36791992187;0
1168.761;1779.62353515625;0
1170.871;1743.08178710938;0
1172.983;1755.65185546875;0
1175.092;1855.69323730469;0
1177.2;1986.37487792969;0
1179.306;2119.93920898438;0
1181.413;2038.64099121094;0
1183.518;1959.35766601562;0
1185.623;1854.86328125;0
1187.725;1770.25341796875;0
1189.826;1687.08227539063;0
1191.929;1745.83288574219;0
1194.032;1755.68493652344;0
1196.13;1610.74035644531;0
1198.23;1688.05725097656;0
1200.327;1818.76672363281;0
1202.423;2004.81677246094;0
1204.52;2097.40234375;0
1206.613;1858.03503417969;0
1208.71;1916.05004882813;0
1210.801;1825.48278808594;0
1212.892;2014.2373046875;0
1214.987;2029.26745605469;0
1217.075;2080.6513671875;0
1219.166;1960.35974121094;0
1221.256;1940.6064453125;0
1223.342;1774.4443359375;0
1225.43;1832.21789550781;0
1227.515;1698.53051757812;0
1229.597;1740.09814453125;0
1231.685;1781.84655761719;0
1233.767;1805.91748046875;0
1235.85;1825.04052734375;0
1237.931;1814.93786621094;0
1240.009;1916.00146484375;0
1242.09;1772.19689941406;0
1244.168;1680.15075683594;0
1246.245;1608.75219726563;0
1248.321;1723.24194335938;0
1250.397;1832.50805664063;0
1252.472;1975.67102050781;0
1254.547;1939.87084960938;0
1256.618;1831.77819824219;0
1258.69;1699.52880859375;0
1260.761;1808.49487304688;0
1262.83;1917.28259277344;0
1264.901;1997.10217285156;0
1266.969;1961.63781738281;0
1269.035;1753.00720214844;0
1271.102;1886.71301269531;0
1273.167;1880.04382324219;0
1275.233;2092.91821289062;0
1277.295;2007.17077636719;0
1279.359;2010.35314941406;0
1281.42;1772.56652832031;0
1283.482;1762.41125488281;0
1285.542;1670.83605957031;0
1287.6;1756.28051757813;0
1289.659;1518.18249511719;0
1291.714;1699.44799804688;0
1293.774;1904.24926757813;0
1295.828;1994.93591308594;0
1297.881;1919.65930175781;0
1299.936;1905.59399414062;0
1301.987;2015.923828125;0
1304.041;2224.73315429688;0
1306.09;2130.9287109375;0
1308.139;2097.9619140625;0
1310.19;2005.73193359375;0
1312.238;2266.80712890625;0
1314.286;2189.13452148437;0
1316.331;2140.65112304688;0
1318.376;2112.69140625;0
1320.422;2111.64184570313;0
1322.466;2005.0791015625;0
1324.508;2000.22790527344;0
1326.549;2050.69580078125;0
1328.59;2135.1513671875;0
1330.632;1893.29028320312;0
1332.67;2043.07751464844;0
1334.707;2151.39428710938;0
1336.746;2244.47094726563;0
1338.78;2089.30737304688;0
1340.816;1857.01342773438;0
1342.852;1475.26135253906;0
1344.885;1377.71960449219;0
1346.916;1256.24206542969;0
1348.948;1753.27087402344;0
1350.979;1848.65661621094;0
1353.011;1979.96533203125;0
1355.04;1798.05834960938;0
1357.066;1682.78259277344;0
1359.094;1705.11254882812;0
1361.121;1566.48486328125;0
1363.145;1686.2919921875;0
1365.171;1544.41247558594;0
1367.192;1526.50817871094;0
1369.216;1267.65368652344;0
1371.239;1317.90649414063;0
1373.258;1382.46484375;0
1375.28;1480.8662109375;0
1377.298;1369.68310546875;0
1379.316;1287.46215820313;0
1381.335;1365.8076171875;0
1383.35;1449.72705078125;0
1385.366;1495.50573730469;0
1387.38;1488.68041992188;0
1389.394;1371.68884277344;0
1391.409;1466.79833984375;0
1393.42;1266.82153320313;0
1395.43;1348.06176757813;0
1397.44;1322.68383789063;0
1399.451;1432.24780273437;0
1401.458;1322.10034179688;0
1403.466;867.242492675781;0
1405.472;674.457153320313;0
1407.478;708.412780761719;0
1409.483;949.3720703125;0
1411.486;1126.44262695313;0
1413.49;1314.42077636719;0
1415.492;1425.81127929688;0
1417.492;1446.29052734375;0
1419.495;1297.40661621094;0
1421.494;1427.568359375;0
1423.492;1583.07299804688;0
1425.49;1828.68151855469;0
1427.487;1831.33935546875;0
1429.482;1904.88244628906;0
1431.477;1923.33349609375;0
1433.471;1915.92126464844;0
1435.466;1932.80749511719;0
1437.456;1954.23010253906;0
1439.447;1954.86206054688;0
1441.441;1900.04162597656;0
1443.427;1791.75610351563;0
1445.417;1917.33154296875;0
1447.406;2015.54724121094;0
1449.392;2086.96264648438;0
1451.381;1974.25341796875;0
1453.365;1961.75317382812;0
1455.348;1895.45861816406;0
1457.333;1884.92395019531;0
1459.314;1804.26037597656;0
1461.296;1801.90441894531;0
1463.276;1551.74267578125;0
1465.256;1321.09790039062;0
1467.237;1414.91284179688;0
1469.215;1582.24914550781;0
1471.19;1641.78088378906;0
1473.167;1511.17443847656;0
1475.145;1650.42858886719;0
1477.118;1684.09033203125;0
1479.092;1698.93774414062;0
1481.065;1662.96704101562;0
1483.038;1659.17663574219;0
1485.008;1628.56677246094;0
1486.979;1565.587890625;0
1488.949;1530.37365722656;0
1490.917;1501.82666015625;0
1492.883;1504.2607421875;0
1494.852;1412.10327148438;0
1496.817;1354.03601074219;0
1498.782;1272.39685058594;0
1500.748;1388.74169921875;0
1502.708;1329.51489257813;0
1504.673;1245.16076660156;0
1506.634;1066.90869140625;0
1508.594;784.212646484375;0
1510.554;959.732055664063;0
1512.512;1045.99328613281;0
1514.471;1462.97021484375;0
1516.428;1331.50537109375;0
1518.384;1496.80981445313;0
1520.34;1323.32556152344;0
1522.294;1408.60107421875;0
1524.249;1135.30004882813;0
1526.202;1217.61145019531;0
1528.153;991.865905761719;0
1530.103;1322.13818359375;0
1532.054;1101.01953125;0
1534.004;1268.99975585938;0
1535.951;1264.85754394531;0
1537.899;1462.24719238281;0
1539.847;1501.04797363281;0
1541.793;1151.15466308594;0
1543.738;994.51025390625;0
1545.681;792.83740234375;0
1547.625;769.767456054688;0
1549.566;722.74951171875;0
1551.509;748.328735351563;0
1553.45;850.281799316406;0
1555.389;921.769226074219;0
1557.33;701.894287109375;0
1559.266;696.405578613281;0
1561.204;785.273803710938;0
1563.141;995.787963867188;0
1565.074;894.492309570313;0
1567.009;836.822143554688;0
1568.943;851.442199707031;0
1570.877;916.796936035156;0
1572.808;777.775268554688;0
1574.741;679.377197265625;0
1576.67;627.824890136719;0
1578.6;632.771545410156;0
1580.528;702.460876464844;0
1582.455;808.254699707031;0
1584.382;933.688110351563;0
1586.307;936.421081542969;0
1588.234;1006.56207275391;0
1590.157;1071.77612304688;0
1592.081;1132.39624023438;0
1594.002;998.311462402344;0
1595.927;754.077270507813;0
1597.845;560.80615234375;0
1599.767;513.492553710938;0
1601.685;561.292053222656;0
1603.602;603.603088378906;0
1605.523;510.092315673828;0
1607.438;732.898132324219;0
1609.354;836.74658203125;0
1611.269;1050.65612792969;0
1613.181;809.398620605469;0
1615.096;778.640686035156;0
1617.008;621.160095214844;0
1618.92;812.019836425781;0
1620.83;863.158752441406;0
1622.74;1073.45043945313;0
1624.649;931.458618164063;0
1626.557;805.323547363281;0
1628.464;723.071594238281;0
1630.37;870.983276367188;0
1632.275;998.34033203125;0
1634.18;1030.50280761719;0
1636.085;1093.21008300781;0
1637.988;1231.83422851563;0
1639.888;1237.40991210938;0
1641.791;1183.71411132813;0
1643.691;1090.76232910156;0
1645.588;1031.64904785156;0
1647.489;1071.701171875;0
1649.387;1026.59375;0
1651.284;1145.21496582031;0
1653.18;1105.79748535156;0
1655.075;1232.8984375;0
1656.972;1350.85559082031;0
1658.864;1523.44580078125;0
1660.754;1550.78295898437;0
1662.65;1447.09118652344;0
1664.539;1247.55236816406;0
1666.428;1192.92993164063;0
1668.32;1006.27868652344;0
1670.207;988.598510742188;0
1672.096;817.252014160156;0
1673.982;952.823913574219;0
1675.867;963.911193847656;0
1677.754;1136.96948242188;0
1679.638;1067.11022949219;0
1681.52;1033.88879394531;0
1683.403;875.083068847656;0
1685.285;669.581848144531;0
1687.166;576.607360839844;0
1689.048;675.875305175781;0
1690.924;863.348937988281;0
1692.804;1006.67944335938;0
1694.682;875.720458984375;0
1696.558;884.722473144531;0
1698.435;845.796569824219;0
1700.308;716.276123046875;0
1702.184;502.161102294922;0
1704.057;439.784851074219;0
1705.929;457.616271972656;0
1707.801;578.065002441406;0
1709.674;548.0302734375;0
1711.542;757.95654296875;0
1713.412;801.904418945313;0
1715.28;750.805908203125;0
1717.145;597.883178710938;0
1719.015;601.553405761719;0
1720.88;532.64599609375;0
1722.746;367.799011230469;0
1724.61;326.783020019531;0
1726.471;377.375823974609;0
1728.334;503.466339111328;0
1730.197;342.658081054688;0
1732.057;341.227691650391;0
1733.919;229.751754760742;0
1735.777;311.153778076172;0
1737.634;251.745819091797;0
1739.493;422.069305419922;0
1741.349;444.596954345703;0
1743.205;491.190307617188;0
1745.061;506.425659179688;0
1746.915;534.571411132813;0
1748.77;815.413757324219;0
1750.621;772.761352539063;0
1752.473;727.384582519531;0
1754.323;497.058044433594;0
1756.173;573.475646972656;0
1758.022;694.962219238281;0
1759.87;748.826171875;0
1761.718;651.39794921875;0
1763.566;645.607788085938;0
1765.411;703.245056152344;0
1767.256;733.875244140625;0
1769.101;843.306030273438;0
1770.945;810.425048828125;0
1772.787;893.34326171875;0
1774.629;761.616882324219;0
1776.469;851.023681640625;0
1778.309;917.341430664063;0
1780.15;954.126403808594;0
1781.987;919.382507324219;0
1783.826;610.332946777344;0
1785.662;669.955139160156;0
1787.498;672.3828125;0
1789.334;906.726989746094;0
1791.169;987.654357910156;0
1793.002;967.38671875;0
1794.834;1001.03204345703;0
1796.667;950.144958496094;0
1798.498;1061.23303222656;0
1800.328;1158.34875488281;0
1802.157;1131.376953125;0
1803.986;1093.20227050781;0
1805.813;1039.38024902344;0
1807.639;1081.7998046875;0
1809.467;1111.79431152344;0
1811.292;1141.47473144531;0
1813.117;1145.61889648438;0
1814.94;1192.42468261719;0
1816.763;1129.70458984375;0
1818.585;1094.55932617188;0
1820.407;874.324584960938;0
1822.227;881.222412109375;0
1824.048;814.030639648438;0
1825.865;901.313781738281;0
1827.683;662.516357421875;0
1829.501;676.416259765625;0
1831.317;457.795471191406;0
1833.135;568.772277832031;0
1834.948;255.346618652344;0
1836.761;313.371948242188;0
1838.577;374.515808105469;0
1840.388;600.265991210938;0
1842.198;676.948120117188;0
1844.009;664.527648925781;0
1845.819;750.025756835938;0
1847.629;671.240600585938;0
1849.436;500.248168945313;0
1851.244;277.358367919922;0
1853.052;292.971099853516;0
1854.858;256.416107177734;0
1856.661;247.09162902832;0
1858.466;345.751953125;0
1860.269;295.013763427734;0
1862.073;392.210357666016;0
1863.875;218.537658691406;0
1865.673;335.382629394531;0
1867.476;322.830078125;0
1869.275;339.546600341797;0
1871.072;485.813812255859;0
1872.872;597.507385253906;0
1874.667;593.613159179688;0
1876.464;602.765808105469;0
1878.26;622.632080078125;0
1880.053;589.765686035156;0
1881.849;480.277038574219;0
1883.64;439.277282714844;0
1885.431;631.877502441406;0
1887.226;696.854919433594;0
1889.014;544.64990234375;0
1890.803;496.817016601563;0
1892.594;470.045623779297;0
1894.38;674.644287109375;0
1896.167;688.835205078125;0
1897.955;666.396179199219;0
1899.74;538.661010742188;0
1901.526;459.966125488281;0
1903.309;454.758148193359;0
1905.091;488.147186279297;0
1906.876;483.574249267578;0
1908.658;319.039642333984;0
1910.438;336.876739501953;0
1912.217;328.974395751953;0
1913.996;380.113250732422;0
1915.775;403.961669921875;0
1917.553;431.078460693359;0
1919.33;559.689208984375;0
1921.106;468.240631103516;0
1922.881;415.513397216797;0
1924.655;403.840850830078;0
1926.431;408.998565673828;0
1928.202;326.542083740234;0
1929.974;88.9158782958984;0
1931.746;85.0959320068359;0
1933.516;195.329788208008;0
1935.286;452.057159423828;0
1937.055;586.052368164063;0
1938.823;738.991455078125;0
1940.592;690.318908691406;0
1942.356;602.847900390625;0
1944.122;624.466491699219;0
1945.888;738.464599609375;0
1947.651;787.510803222656;0
1949.416;618.3828125;0
1951.178;543.754028320313;0
1952.939;535.730712890625;0
1954.699;622.754089355469;0
1956.459;668.601440429688;0
1958.219;640.276611328125;0
1959.979;692.33349609375;0
1961.735;678.994262695313;0
1963.491;695.321044921875;0
1965.249;503.251770019531;0
1967.003;736.234008789063;0
1968.761;877.937744140625;0
1970.512;1100.77307128906;0
1972.265;1136.3359375;0
1974.018;1041.07104492188;0
1975.769;1024.20324707031;0
1977.522;859.511962890625;0
1979.271;880.219787597656;0
1981.018;810.329833984375;0
1982.766;550.397766113281;0
1984.516;562.7568359375;0
1986.261;471.407043457031;0
1988.009;564.2373046875;0
1989.754;470.580963134766;0
1991.498;398.104644775391;0
1993.241;446.928283691406;0
1994.984;371.718597412109;0
1996.727;291.811859130859;0
1998.468;177.765777587891;0
2000.206;187.023864746094;0
2001.946;267.862945556641;0
2003.686;325.126708984375;0
2005.424;371.58447265625;0
2007.161;551.457214355469;0
2008.898;588.633850097656;0
2010.634;740.669921875;0
2012.369;689.675415039063;0
2014.103;630.094970703125;0
2015.836;522.929748535156;0
2017.57;727.622497558594;0
2019.299;918.728088378906;0
2021.032;909.244384765625;0
2022.762;784.058044433594;0
2024.491;738.277954101563;0
2026.221;787.456665039063;0
2027.947;665.260986328125;0
2029.676;593.801940917969;0
2031.403;554.190612792969;0
2033.128;523.760437011719;0
2034.852;615.5263671875;0
2036.577;654.463073730469;0
2038.299;794.5751953125;0
2040.022;736.64697265625;0
2041.744;439.116241455078;0
2043.465;466.318969726563;0
2045.184;478.035034179688;0
2046.903;764.495056152344;0
2048.621;696.479248046875;0
2050.339;660.320251464844;0
2052.057;499.908050537109;0
2053.774;391.125915527344;0
2055.488;212.195877075195;0
2057.203;298.860748291016;0
2058.917;329.709533691406;0
2060.631;420.626800537109;0
2062.344;277.057800292969;0
2064.053;280.448333740234;0
2065.765;262.242858886719;0
2067.476;352.108062744141;0
2069.185;414.929595947266;0
2070.892;530.600646972656;0
2072.6;605.1162109375;0
2074.308;573.366333007813;0
2076.014;542.462951660156;0
2077.72;487.626831054688;0
2079.425;508.857482910156;0
2081.13;525.377746582031;0
2082.833;516.7412109375;0
2084.532;486.726715087891;0
2086.236;383.779815673828;0
2087.936;319.123840332031;0
2089.635;387.759918212891;0
2091.335;433.244689941406;0
2093.034;419.023712158203;0
2094.731;270.422668457031;0
2096.427;351.053649902344;0
2098.124;629.080444335938;0
2099.82;910.28076171875;0
2101.515;1002.87780761719;0
2103.207;934.151977539063;0
2104.902;941.815185546875;0
2106.594;952.658508300781;0
2108.286;1023.35235595703;0
2109.976;1091.39282226563;0
2111.667;1112.07189941406;0
2113.355;1213.05627441406;0
2115.044;1142.22888183594;0
2116.732;1024.66296386719;0
2118.42;837.039306640625;0
2120.105;880.758056640625;0
2121.79;961.293823242188;0
2123.476;1093.24609375;0
2125.16;1009.38800048828;0
2126.844;1022.49737548828;0
2128.524;1017.24078369141;0
2130.207;1066.72937011719;0
2131.888;1121.07434082031;0
2133.567;1112.16455078125;0
2135.247;1136.00427246094;0
2136.927;1091.5498046875;0
2138.603;1033.37255859375;0
2140.281;970.949157714844;0
2141.957;979.388732910156;0
2143.633;982.025512695313;0
2145.308;1074.8623046875;0
2146.981;1131.77966308594;0
2148.654;1325.11071777344;0
2150.328;1257.18896484375;0
2152;1264.46398925781;0
2153.669;1231.15673828125;0
2155.34;1190.05810546875;0
2157.01;1211.44384765625;0
2158.677;1147.79956054687;0
2160.347;1196.2353515625;0
2162.013;1067.41674804688;0
2163.681;1053.89794921875;0
2165.347;1042.45666503906;0
2167.011;1061.42626953125;0
2168.674;1016.45092773438;0
2170.337;1056.87780761719;0
2172.002;1065.15051269531;0
2173.662;1119.15869140625;0
2175.324;984.123718261719;0
2176.985;986.711059570313;0
2178.645;845.539184570313;0
2180.304;913.654052734375;0
2181.961;1010.72131347656;0
2183.618;1127.9619140625;0
2185.275;972.385009765625;0
2186.932;972.322692871094;0
2188.586;950.329406738281;0
2190.242;1138.78295898437;0
2191.896;916.424987792969;0
2193.547;905.71484375;0
2195.2;977.135314941406;0
2196.851;1101.96423339844;0
2198.502;1123.97985839844;0
2200.153;1026.85205078125;0
2201.799;1120.46923828125;0
2203.447;1037.38708496094;0
2205.097;1087.71166992188;0
2206.742;1034.77282714844;0
2208.391;1086.41625976562;0
2210.035;1092.19018554688;0
2211.679;1017.62945556641;0
2213.324;990.40625;0
2214.966;922.001770019531;0
2216.608;884.623229980469;0
2218.252;856.535705566406;0
2219.89;796.561340332031;0
2221.531;932.099243164063;0
2223.172;1017.59869384766;0
2224.809;1103.0595703125;0
2226.449;967.148681640625;0
2228.086;1051.64367675781;0
2229.72;1074.44482421875;0
2231.358;1107.44384765625;0
2232.992;888.303161621094;0
2234.625;649.630187988281;0
2236.26;746.517456054688;0
2237.893;799.702331542969;0
2239.524;970.41259765625;0
2241.156;726.843017578125;0
2242.785;803.472106933594;0
2244.416;868.666381835938;0
2246.044;1031.09033203125;0
2247.672;1000.74481201172;0
2249.301;834.07177734375;0
2250.926;839.517028808594;0
2252.554;753.290283203125;0
2254.177;968.707092285156;0
2255.803;1042.91333007812;0
2257.427;1172.79968261719;0
2259.051;1244.99719238281;0
2260.671;947.394592285156;0
2262.294;906.102966308594;0
2263.914;746.60302734375;0
2265.533;1113.25866699219;0
2267.153;1050.93774414063;0
2268.773;1054.64147949219;0
2270.392;862.256896972656;0
2272.006;853.117248535156;0
2273.624;791.778076171875;0
2275.239;937.953125;0
2276.854;1086.92956542969;0
2278.468;1148.71313476562;0
2280.084;1150.52905273437;0
2281.695;1043.25805664063;0
2283.305;1094.12243652344;0
2284.919;729.788818359375;0
2286.527;764.656005859375;0
2288.14;699.536926269531;0
2289.748;1018.9375;0
2291.354;968.873657226563;0
2292.964;945.456481933594;0
2294.569;945.631225585938;0
2296.174;970.449035644531;0
2297.782;953.844604492188;0
2299.386;904.827331542969;0
2300.99;731.198608398438;0
2302.594;831.210388183594;0
2304.195;851.631896972656;0
2305.798;915.956359863281;0
2307.399;775.646179199219;0
2308.998;687.921875;0
2310.598;685.299987792969;0
2312.197;841.592041015625;0
2313.795;1031.462890625;0
2315.392;1290.27893066406;0
2316.988;1393.03991699219;0
2318.585;1472.74621582031;0
2320.18;1558.84191894531;0
2321.774;1459.54943847656;0
2323.368;1473.97985839844;0
2324.961;1400.23291015625;0
2326.553;1243.41687011719;0
2328.145;1180.64074707031;0
2329.735;1130.77575683594;0
2331.324;1413.71997070313;0
2332.916;1298.29821777344;0
2334.503;988.927673339844;0
2336.092;685.938293457031;0
2337.677;641.816162109375;0
2339.263;861.210571289063;0
2340.85;852.557434082031;0
2342.434;875.883850097656;0
2344.018;860.519775390625;0
2345.602;859.351989746094;0
2347.185;785.486206054688;0
2348.768;707.252746582031;0
2350.347;814.207214355469;0
2351.928;1006.12554931641;0
2353.51;1097.8212890625;0
2355.087;1092.07238769531;0
2356.665;875.434204101563;0
2358.243;631.420104980469;0
2359.819;524.361267089844;0
2361.396;594.763916015625;0
2362.972;718.785583496094;0
2364.547;847.42626953125;0
2366.121;739.018737792969;0
2367.694;782.00439453125;0
2369.267;601.160949707031;0
2370.839;424.487457275391;0
2372.411;309.766510009766;0
2373.982;380.873474121094;0
2375.55;539.254028320313;0
2377.118;399.872375488281;0
2378.687;487.345031738281;0
2380.254;604.419555664063;0
2381.821;974.998840332031;0
2383.387;947.894348144531;0
2384.954;1083.55224609375;0
2386.516;958.639221191406;0
2388.082;1085.98596191406;0
2389.644;878.666137695313;0
2391.209;807.411865234375;0
2392.769;549.013793945313;0
2394.33;717.546020507813;0
2395.892;872.634948730469;0
2397.449;948.173828125;0
2399.008;801.8330078125;0
2400.568;765.504638671875;0
2402.125;676.524169921875;0
2403.68;838.3740234375;0
2405.238;875.242065429688;0
2406.792;1144.13012695313;0
2408.349;1166.04626464844;0
2409.902;1255.99243164063;0
2411.455;1314.52575683594;0
2413.007;1380.42578125;0
2414.558;1413.77954101563;0
2416.11;1352.50390625;0
2417.66;1261.48852539062;0
2419.21;1125.17919921875;0
2420.758;1129.68798828125;0
2422.307;1022.91174316406;0
2423.855;957.596008300781;0
2425.402;857.167541503906;0
2426.947;917.762329101563;0
2428.492;861.734130859375;0
2430.038;857.225036621094;0
2431.58;722.894165039063;0
2433.124;972.536437988281;0
2434.667;867.557250976563;0
2436.208;850.395568847656;0
2437.75;936.286499023438;0
2439.291;973.889221191406;0
2440.83;1099.96069335938;0
2442.369;966.633911132813;0
2443.906;1135.68798828125;0
2445.444;1231.34692382813;0
2446.981;1149.22131347656;0
2448.517;1207.37475585938;0
2450.053;1170.921875;0
2451.587;1109.96850585938;0
2453.12;1286.02282714844;0
2454.655;1434.01293945313;0
2456.187;1706.93774414063;0
2457.718;1754.0234375;0
2459.25;1628.15783691406;0
2460.781;1383.43835449219;0
2462.31;1094.72058105469;0
2463.84;1189.03930664063;0
2465.368;1230.85693359375;0
2466.896;1145.50280761719;0
2468.423;955.567077636719;0
2469.949;1087.43200683594;0
2471.474;1198.01586914062;0
2472.998;1345.97106933594;0
2474.522;1139.29760742188;0
2476.045;1220.43835449219;0
2477.568;1154.72497558594;0
2479.09;1374.82531738281;0
2480.612;1436.2734375;0
2482.132;1257.95288085938;0
2483.653;1056.49780273438;0
2485.171;932.921630859375;0
2486.689;1424.90148925781;0
2488.208;1685.32165527344;0
2489.725;1812.62316894531;0
2491.242;1716.80541992188;0
2492.757;1767.42224121094;0
2494.271;1681.80822753906;0
2495.785;1604.18603515625;0
2497.3;1497.111328125;0
2498.812;1535.02319335938;0
2500.325;1454.47534179688;0
2501.837;1349.13269042969;0
2503.345;1003.10491943359;0
2504.856;953.415832519531;0
2506.366;1018.92633056641;0
2507.875;1196.08032226563;0
2509.382;1240.76513671875;0
2510.889;1135.42639160156;0
2512.397;914.842468261719;0
2513.901;594.704772949219;0
2515.406;555.103393554688;0
2516.911;786.94677734375;0
2518.415;839.906066894531;0
2519.918;631.506530761719;0
2521.421;511.022125244141;0
2522.922;427.607574462891;0
2524.423;618.940856933594;0
2525.924;505.138397216797;0
2527.422;600.854675292969;0
2528.923;508.545501708984;0
2530.419;706.787292480469;0
2531.916;653.11376953125;0
2533.415;784.74560546875;0
2534.909;486.125762939453;0
2536.404;277.754516601563;0
2537.899;-127.496170043945;0
2539.394;105.107574462891;0
2540.887;369.015533447266;0
2542.38;754.992919921875;0
2543.871;534.621704101563;0
2545.363;492.905517578125;0
2546.852;426.515899658203;0
2548.345;292.124542236328;0
2549.833;225.747772216797;0
2551.321;192.519714355469;0
2552.811;680.458923339844;0
2554.296;738.721252441406;0
2555.78;745.196105957031;0
2557.267;530.514526367188;0
2558.752;599.332824707031;0
2560.237;346.697021484375;0
2561.721;376.226470947266;0
2563.203;433.416259765625;0
2564.687;775.246398925781;0
2566.168;711.463012695313;0
2567.648;705.709716796875;0
2569.129;600.770874023438;0
2570.607;585.651733398438;0
2572.086;755.880920410156;0
2573.565;913.454467773438;0
2575.041;1179.46472167969;0
2576.518;1123.29724121094;0
2577.994;1229.17590332031;0
2579.469;1369.18334960938;0
2580.945;1521.67163085937;0
2582.418;1401.7490234375;0
2583.892;1392.47180175781;0
2585.365;1427.27807617187;0
2586.835;1611.91943359375;0
2588.307;1589.28662109375;0
2589.778;1425.4921875;0
2591.248;1462.63781738281;0
2592.717;1581.16650390625;0
2594.186;1496.30224609375;0
2595.652;1504.15771484375;0
2597.121;1120.84582519531;0
2598.585;1197.47924804688;0
2600.052;1036.94299316406;0
2601.518;989.784057617188;0
2602.982;1072.44458007813;0
2604.446;1069.68017578125;0
2605.907;1299.60583496094;0
2607.371;1154.02844238281;0
2608.83;1429.33093261719;0
2610.293;1470.90551757813;0
2611.752;1576.30786132813;0
2613.213;1510.09204101563;0
2614.672;1545.70434570312;0
2616.13;1777.7001953125;0
2617.587;1641.97009277344;0
2619.043;1852.9599609375;0
2620.501;1607.44946289063;0
2621.957;1566.32507324219;0
2623.409;1427.583984375;0
2624.864;1530.77868652344;0
2626.318;1566.66015625;0
2627.771;1649.89074707031;0
2629.222;1695.02453613281;0
2630.673;1811.02282714844;0
2632.124;1782.82641601563;0
2633.575;1922.64599609375;0
2635.023;1894.13232421875;0
2636.473;1831.28137207031;0
2637.922;1754.41186523438;0
2639.368;1919.26416015625;0
2640.816;1873.89685058594;0
2642.261;1779.31042480469;0
2643.705;1353.65283203125;0
2645.151;1400.15771484375;0
2646.596;1381.55798339844;0
2648.037;1549.12316894531;0
2649.48;1235.02478027344;0
2650.923;987.282958984375;0
2652.364;855.820434570313;0
2653.804;893.886962890625;0
2655.243;1012.59344482422;0
2656.683;1106.27185058594;0
2658.121;1127.07019042969;0
2659.559;934.103881835938;0
2660.997;778.169311523438;0
2662.433;795.661376953125;0
2663.868;1067.58459472656;0
2665.305;1027.30395507813;0
2666.737;1056.35986328125;0
2668.173;947.868103027344;0
2669.606;908.218505859375;0
2671.038;851.308044433594;0
2672.47;671.053466796875;0
2673.901;469.343627929688;0
2675.331;507.067565917969;0
2676.761;611.013366699219;0
2678.189;670.293273925781;0
2679.619;325.572326660156;0
2681.045;62.0710906982422;0
2682.473;210.457397460938;0
2683.9;489.476593017578;0
2685.324;617.903564453125;0
2686.749;613.527770996094;0
2688.176;394.166656494141;0
2689.599;339.6484375;0
2691.021;398.432830810547;0
2692.444;469.832611083984;0
2693.865;471.516204833984;0
2695.287;112.319923400879;0
2696.707;79.5828094482422;0
2698.125;39.750560760498;0
2699.545;265.270843505859;0
2700.963;261.365997314453;0
2702.381;356.480010986328;0
2703.798;433.834381103516;0
2705.214;495.319366455078;0
2706.629;485.941375732422;0
2708.046;461.605743408203;0
2709.458;542.048034667969;0
2710.872;560.264343261719;0
2712.285;621.060913085938;0
2713.699;440.1630859375;0
2715.111;374.851928710938;0
2716.52;361.882354736328;0
2717.93;464.200744628906;0
2719.342;497.798309326172;0
2720.749;384.114654541016;0
2722.159;435.007843017578;0
2723.565;576.009155273438;0
2724.971;617.785400390625;0
2726.38;660.222473144531;0
2727.785;622.858947753906;0
2729.19;842.472595214844;0
2730.594;810.061645507813;0
2731.997;959.297180175781;0
2733.401;843.061401367188;0
2734.803;773.0244140625;0
2736.204;790.299743652344;0
2737.606;996.1103515625;0
2739.005;1264.01171875;0
2740.405;1274.67407226563;0
2741.806;1405.31970214844;0
2743.202;1498.05505371094;0
2744.602;1621.4365234375;0
2745.998;1572.68762207031;0
2747.395;1521.35827636719;0
2748.79;1269.55590820313;0
2750.185;1273.38928222656;0
2751.58;1265.74035644531;0
2752.975;1433.05493164063;0
2754.366;1480.11010742188;0
2755.759;1554.68054199219;0
2757.151;1481.21044921875;0
2758.542;1410.70104980469;0
2759.933;1511.48876953125;0
2761.322;1773.12756347656;0
2762.71;1665.50817871094;0
2764.1;1512.29736328125;0
2765.486;1357.71484375;0
2766.875;1461.01379394531;0
2768.26;1494.53527832031;0
2769.646;1546.49951171875;0
2771.031;1533.42248535156;0
2772.418;1371.14086914063;0
2773.799;1312.86022949219;0
2775.184;1392.49108886719;0
2776.565;1670.03332519531;0
2777.946;1767.76208496094;0
2779.328;1798.11437988281;0
2780.708;1721.97924804687;0
2782.09;1672.685546875;0
2783.469;1751.45544433594;0
2784.847;1753.17700195312;0
2786.226;1907.40502929688;0
2787.603;1822.13647460938;0
2788.978;1848.03430175781;0
2790.355;1669.19580078125;0
2791.731;1629.06604003906;0
2793.104;1598.16833496094;0
2794.479;1573.02978515625;0
2795.853;1372.80944824219;0
2797.225;1406.81628417969;0
2798.596;1357.01904296875;0
2799.967;1435.80920410156;0
2801.341;1203.43518066406;0
2802.71;997.457885742188;0
2804.077;848.771301269531;0
2805.447;705.041870117188;0
2806.815;555.604553222656;0
2808.183;442.686248779297;0
2809.551;333.972442626953;0
2810.915;405.46484375;0
2812.282;443.055755615234;0
2813.646;507.519256591797;0
2815.011;569.908996582031;0
2816.375;525.537292480469;0
2817.736;458.070953369141;0
2819.099;500.701507568359;0
2820.462;297.316314697266;0
2821.821;423.245147705078;0
2823.182;378.488037109375;0
2824.542;570.232299804688;0
2825.901;720.168640136719;0
2827.261;727.394836425781;0
2828.617;750.576354980469;0
2829.974;545.032043457031;0
2831.33;555.984130859375;0
2832.686;342.882232666016;0
2834.043;375.834564208984;0
2835.395;377.506439208984;0
2836.75;609.121704101563;0
2838.104;733.5205078125;0
2839.456;745.234375;0
2840.807;778.484497070313;0
2842.16;681.166931152344;0
2843.509;745.490783691406;0
2844.858;685.38525390625;0
2846.209;738.596069335938;0
2847.556;476.210784912109;0
2848.906;630.251525878906;0
2850.253;705.051391601563;0
2851.6;835.164245605469;0
2852.946;737.917541503906;0
2854.29;434.642852783203;0
2855.635;426.449462890625;0
2856.98;281.726104736328;0
2858.323;440.200347900391;0
2859.665;362.452514648438;0
2861.008;362.355621337891;0
2862.349;370.728302001953;0
2863.691;458.655059814453;0
2865.031;524.922973632813;0
2866.37;583.3369140625;0
2867.709;454.881896972656;0
2869.048;507.514434814453;0
2870.385;593.568176269531;0
2871.722;862.038330078125;0
2873.059;999.587036132813;0
2874.394;961.3212890625;0
2875.73;919.01513671875;0
2877.064;857.563110351563;0
2878.398;797.18701171875;0
2879.731;871.885131835938;0
2881.063;1007.32049560547;0
2882.395;1175.70288085938;0
2883.727;1294.26000976563;0
2885.059;1306.96813964844;0
2886.387;1445.90380859375;0
2887.717;1475.62731933594;0
2889.046;1505.357421875;0
2890.374;1460.19921875;0
2891.699;1368.1640625;0
2893.028;1333.06359863281;0
2894.354;1254.46459960938;0
2895.679;1254.91821289063;0
2897.004;1353.95629882813;0
2898.328;1377.02844238281;0
2899.653;1489.86267089844;0
2900.976;1442.23608398438;0
2902.297;1400.96374511719;0
2903.619;1277.52270507813;0
2904.941;1232.56628417969;0
2906.26;1071.51293945313;0
2907.58;957.031005859375;0
2908.898;802.138244628906;0
2910.217;850.103271484375;0
2911.536;846.219177246094;0
2912.852;1000.5859375;0
2914.171;1137.90356445313;0
2915.485;1211.68615722656;0
2916.799;1329.81225585938;0
2918.116;1391.27575683594;0
2919.428;1412.27697753906;0
2920.743;1315.43078613281;0
2922.056;1239.64184570313;0
2923.367;1408.87487792969;0
2924.679;1306.49597167969;0
2925.99;1446.08349609375;0
2927.299;1415.28039550781;0
2928.609;1614.529296875;0
2929.918;1653.9423828125;0
2931.226;1592.08264160156;0
2932.535;1600.0634765625;0
2933.841;1430.66333007813;0
2935.149;1526.8271484375;0
2936.455;1390.60498046875;0
2937.758;1462.97143554688;0
2939.064;1452.49633789063;0
2940.368;1471.35925292969;0
2941.67;1436.80700683594;0
2942.973;1372.49987792969;0
2944.277;1361.966796875;0
2945.577;1251.55554199219;0
2946.878;1304.64270019531;0
2948.178;1480.00524902344;0
2949.477;1622.86840820313;0
2950.776;1634.56787109375;0
2952.073;1657.99487304688;0
2953.372;1600.04455566406;0
2954.669;1713.15844726563;0
2955.965;1666.89379882813;0
2957.261;1817.13989257813;0
2958.556;1668.45239257813;0
2959.849;1710.84448242188;0
2961.145;1742.91674804688;0
2962.436;1965.24682617188;0
2963.732;1879.86743164063;0
2965.022;1948.88342285156;0
2966.313;1824.07775878906;0
2967.603;1832.73461914063;0
2968.893;1587.95678710938;0
2970.182;1504.70837402344;0
2971.471;1370.9140625;0
2972.759;1329.97717285156;0
2974.047;1277.42858886719;0
2975.334;1405.72924804688;0
2976.62;1374.9306640625;0
2977.907;1339.69995117188;0
2979.192;1235.99255371094;0
2980.475;1260.70300292969;0
2981.76;1394.59387207031;0
2983.043;1449.365234375;0
2984.326;1428.56982421875;0
2985.607;1292.75866699219;0
2986.888;1253.99487304688;0
2988.17;1392.53894042969;0
2989.449;1251.84484863281;0
2990.728;1160.87768554688;0
2992.007;1056.45385742188;0
2993.284;1098.53784179688;0
2994.562;1035.24633789063;0
2995.84;868.715270996094;0
2997.115;799.765808105469;0
2998.393;769.944763183594;0
2999.666;819.802185058594;0
3000.94;813.448669433594;0
3002.215;738.440063476563;0
3003.486;590.445495605469;0
3004.76;647.355529785156;0
3006.033;790.061401367188;0
3007.303;794.894226074219;0
3008.573;676.300903320313;0
3009.844;496.556579589844;0
3011.114;552.931274414063;0
3012.383;613.248474121094;0
3013.649;634.025512695313;0
3014.917;456.364318847656;0
3016.185;384.932312011719;0
3017.451;329.061462402344;0
3018.716;325.463317871094;0
3019.983;255.989212036133;0
3021.246;420.616760253906;0
3022.509;546.568420410156;0
3023.774;579.958923339844;0
3025.035;433.344299316406;0
3026.299;311.357574462891;0
3027.56;285.045166015625;0
3028.819;276.155151367188;0
3030.081;237.485260009766;0
3031.339;183.378280639648;0
3032.598;225.220504760742;0
3033.856;330.840972900391;0
3035.114;501.836090087891;0
3036.372;538.722839355469;0
3037.628;582.599670410156;0
3038.883;549.04541015625;0
3040.138;526.387329101563;0
3041.394;605.174682617188;0
3042.646;608.905456542969;0
3043.9;560.010009765625;0
3045.152;524.931274414063;0
3046.405;536.396423339844;0
3047.657;566.196350097656;0
3048.906;628.707397460938;0
3050.158;640.682373046875;0
3051.407;759.822875976563;0
3052.656;679.272033691406;0
3053.904;779.935363769531;0
3055.153;790.954711914063;0
3056.398;995.023010253906;0
3057.647;914.077331542969;0
3058.892;854.753662109375;0
3060.137;903.161437988281;0
3061.382;1066.85656738281;0
3062.625;1170.95349121094;0
3063.869;1115.5634765625;0
3065.112;947.462951660156;0
3066.353;914.317504882813;0
3067.595;791.635131835938;0
3068.838;916.29833984375;0
3070.075;1055.73046875;0
3071.317;1249.78930664063;0
3072.557;1343.20483398438;0
3073.795;1210.46203613281;0
3075.032;1161.23388671875;0
3076.27;1076.853515625;0
3077.507;1177.97241210938;0
3078.742;1190.27001953125;0
3079.978;1169.88330078125;0
3081.212;1165.39294433594;0
3082.446;1078.52502441406;0
3083.681;1024.55126953125;0
3084.913;898.756103515625;0
3086.147;920.355834960938;0
3087.38;1018.02227783203;0
3088.61;1088.09912109375;0
3089.84;1063.97412109375;0
3091.071;1033.14416503906;0
3092.3;1068.34057617188;0
3093.529;1175.26647949219;0
3094.755;1288.27783203125;0
3095.984;1363.70776367188;0
3097.211;1383.88513183594;0
3098.438;1210.36596679688;0
3099.663;1116.40625;0
3100.888;1091.17114257813;0
3102.112;1167.99182128906;0
3103.335;1127.70104980469;0
3104.56;1040.81591796875;0
3105.782;1085.17175292969;0
3107.005;1110.60766601563;0
3108.226;1149.30493164063;0
3109.447;963.635192871094;0
3110.667;997.944213867188;0
3111.887;1101.05224609375;0
3113.104;1238.00183105469;0
3114.324;1316.52746582031;0
3115.541;1220.57397460938;0
3116.758;1249.9267578125;0
3117.976;1157.81066894531;0
3119.192;1203.45458984375;0
3120.408;1254.64685058594;0
3121.622;1246.7177734375;0
3122.835;1244.47338867188;0
3124.05;1119.98840332031;0
3125.262;1123.67468261719;0
3126.476;1031.97216796875;0
3127.687;989.075561523438;0
3128.897;900.963073730469;0
3130.108;1065.70153808594;0
3131.319;1218.76940917969;0
3132.528;1397.39392089844;0
3133.737;1322.02221679688;0
3134.945;1289.09887695313;0
3136.152;1151.07141113281;0
3137.358;1169.83044433594;0
3138.565;1128.15637207031;0
3139.772;1115.07470703125;0
3140.976;985.392944335938;0
3142.18;819.016723632813;0
3143.385;738.426147460938;0
3144.588;776.207885742187;0
3145.79;915.456481933594;0
3146.993;967.154174804687;0
3148.194;840.204711914062;0
3149.395;764.419616699219;0
3150.596;736.991882324219;0
3151.794;745.451354980469;0
3152.994;678.773376464844;0
3154.193;601.683715820313;0
3155.39;551.614929199219;0
3156.587;707.125;0
3157.784;797.953063964844;0
3158.982;858.021911621094;0
3160.177;663.332580566406;0
3161.37;563.057373046875;0
3162.565;446.259399414063;0
3163.759;507.722869873047;0
3164.952;499.114562988281;0
3166.146;512.111267089844;0
3167.337;451.645446777344;0
3168.527;486.221771240234;0
3169.719;528.837951660156;0
3170.91;476.538299560547;0
3172.098;414.796417236328;0
3173.288;383.044555664062;0
3174.475;488.320220947266;0
3175.663;515.647766113281;0
3176.849;558.138488769531;0
3178.037;541.792663574219;0
3179.223;583.165954589844;0
3180.408;580.139404296875;0
3181.592;458.379943847656;0
3182.777;458.82177734375;0
3183.96;438.76171875;0
3185.143;572.468139648438;0
3186.325;623.444274902344;0
3187.507;643.3603515625;0
3188.688;512.215881347656;0
3189.869;380.960144042969;0
3191.049;367.52197265625;0
3192.228;595.238952636719;0
3193.406;627.110046386719;0
3194.585;632.018249511719;0
3195.763;684.962951660156;0
3196.939;725.268005371094;0
3198.116;801.262451171875;0
3199.292;753.606994628906;0
3200.466;707.633361816406;0
3201.643;813.895629882813;0
3202.816;860.94775390625;0
3203.991;959.566040039062;0
3205.161;871.305358886719;0
3206.334;837.610290527344;0
3207.504;883.483947753906;0
3208.677;851.260925292969;0
3209.846;892.167724609375;0
3211.017;927.198608398438;0
3212.187;1032.791015625;0
3213.356;901.943054199219;0
3214.524;993.342651367188;0
3215.69;942.856323242188;0
3216.859;1040.94189453125;0
3218.024;967.918823242188;0
3219.189;1063.32104492188;0
3220.354;1047.38696289062;0
3221.519;1101.67150878906;0
3222.682;1088.84020996094;0
3223.845;1084.88317871094;0
3225.01;1127.71044921875;0
3226.171;1264.7666015625;0
3227.332;1448.27478027344;0
3228.494;1509.45849609375;0
3229.655;1448.20275878906;0
3230.814;1443.72595214844;0
3231.973;1379.1376953125;0
3233.13;1424.6533203125;0
3234.29;1315.71740722656;0
3235.447;1346.25134277344;0
3236.605;1417.57055664062;0
3237.76;1535.43432617187;0
3238.916;1426.50952148437;0
3240.071;1324.63818359375;0
3241.224;1349.02478027344;0
3242.381;1355.27062988281;0
3243.532;1374.82019042969;0
3244.685;1281.23498535156;0
3245.839;1248.62768554688;0
3246.99;1197.5556640625;0
3248.141;1154.57470703125;0
3249.292;1184.806640625;0
3250.439;1108.8037109375;0
3251.589;1067.4560546875;0
3252.739;1188.87316894531;0
3253.886;1221.72180175781;0
3255.034;1333.00073242188;0
3256.18;1226.37744140625;0
3257.326;1195.07678222656;0
3258.472;1156.76416015625;0
3259.617;1180.30126953125;0
3260.761;1174.69372558594;0
3261.905;1209.27648925781;0
3263.048;1201.38073730469;0
3264.19;1162.70874023438;0
3265.333;1043.37976074219;0
3266.475;959.175231933594;0
3267.617;967.103210449219;0
3268.757;918.052612304688;0
3269.896;999.470764160156;0
3271.036;939.135375976563;0
3272.175;1001.93542480469;0
3273.313;955.536682128906;0
3274.449;1072.93737792969;0
3275.586;1034.80334472656;0
3276.722;1107.69396972656;0
3277.859;1075.05749511719;0
3278.993;1070.57104492188;0
3280.13;952.575134277344;0
3281.263;943.516174316406;0
3282.395;1028.39392089844;0
3283.529;1038.53918457031;0
3284.66;1069.17272949219;0
3285.794;992.849243164062;0
3286.924;1076.3486328125;0
3288.054;1055.00451660156;0
3289.185;1029.70471191406;0
3290.313;893.229370117187;0
3291.443;894.69091796875;0
3292.571;978.154907226563;0
3293.698;1039.06713867187;0
3294.824;1010.33642578125;0
3295.952;893.763244628906;0
3297.077;887.173400878906;0
3298.203;847.044494628906;0
3299.328;1005.27252197266;0
3300.45;1048.41760253906;0
3301.574;1180.36010742187;0
3302.698;975.501708984375;0
3303.819;996.485290527344;0
3304.942;856.381103515625;0
3306.064;880.924621582031;0
3307.182;899.829345703125;0
3308.303;792.5634765625;0
3309.423;901.984802246094;0
3310.542;680.8798828125;0
3311.66;619.185729980469;0
3312.778;350.528106689453;0
3313.895;278.127014160156;0
3315.012;338.655456542969;0
3316.128;495.001251220703;0
3317.243;562.397216796875;0
3318.357;531.066711425781;0
3319.471;463.797332763672;0
3320.586;443.739654541016;0
3321.698;680.931762695313;0
3322.813;827.746948242188;0
3323.923;965.526123046875;0
3325.034;1064.49401855469;0
3326.146;1124.57751464844;0
3327.255;1152.43505859375;0
3328.366;947.512084960937;0
3329.474;883.81591796875;0
3330.582;853.312805175781;0
3331.691;796.774108886719;0
3332.797;766.530151367188;0
3333.905;728.576782226563;0
3335.011;758.912902832031;0
3336.116;759.535949707031;0
3337.22;730.421997070313;0
3338.327;766.994934082031;0
3339.429;725.366333007813;0
3340.534;813.203552246094;0
3341.635;836.062927246094;0
3342.737;834.388122558594;0
3343.84;719.402465820313;0
3344.94;725.884094238281;0
3346.041;639.497680664063;0
3347.142;617.137023925781;0
3348.24;443.470520019531;0
3349.337;517.950561523438;0
3350.437;531.579223632813;0
3351.534;552.917541503906;0
3352.633;544.523864746094;0
3353.727;481.736511230469;0
3354.823;541.673522949219;0
3355.919;647.067016601563;0
3357.013;805.466979980469;0
3358.108;827.685485839844;0
3359.201;834.526306152344;0
3360.293;773.081787109375;0
3361.385;732.105285644531;0
3362.478;556.110961914063;0
3363.569;598.514831542969;0
3364.661;579.643676757812;0
3365.75;680.807312011719;0
3366.838;668.946655273438;0
3367.929;700.471618652344;0
3369.017;751.021179199219;0
3370.105;730.889526367188;0
3371.193;792.699768066406;0
3372.279;688.382202148438;0
3373.364;682.123718261719;0
3374.45;721.197265625;0
3375.534;741.863403320313;0
3376.62;854.468017578125;0
3377.704;912.721130371094;0
3378.786;1009.45428466797;0
3379.871;1073.90588378906;0
3380.951;1032.0986328125;0
3382.034;1049.64611816406;0
3383.114;877.816711425781;0
3384.195;856.289367675781;0
3385.276;870.312072753906;0
3386.354;999.695434570313;0
3387.433;1063.78576660156;0
3388.511;1184.92749023438;0
3389.588;1197.92724609375;0
3390.664;1272.99401855469;0
3391.742;1172.01953125;0
3392.816;1292.66833496094;0
3393.893;1274.77209472656;0
3394.968;1418.66662597656;0
3396.042;1381.9345703125;0
3397.115;1374.70727539063;0
3398.189;1292.09252929688;0
3399.262;1221.42407226563;0
3400.333;1217.36706542969;0
3401.404;1266.82983398437;0
3402.474;1127.8330078125;0
3403.545;1110.22778320312;0
3404.615;973.066284179688;0
3405.685;1119.54345703125;0
3406.752;1021.13226318359;0
3407.82;1066.21850585938;0
3408.888;1106.0263671875;0
3409.955;1168.11779785156;0
3411.021;1218.06042480469;0
3412.085;1197.08984375;0
3413.151;1228.52160644531;0
3414.215;1188.70495605469;0
3415.279;1163.87475585937;0
3416.343;1241.15588378906;0
3417.406;1209.98181152344;0
3418.468;1278.93212890625;0
3419.53;1117.87548828125;0
3420.592;1134.23559570313;0
3421.652;1064.07885742188;0
3422.712;1142.52453613281;0
3423.773;1065.04553222656;0
3424.83;1072.43615722656;0
3425.889;1079.71752929687;0
3426.946;1155.90380859375;0
3428.005;1172.77514648438;0
3429.061;1304.56823730469;0
3430.117;1390.53466796875;0
3431.172;1460.92395019531;0
3432.227;1325.931640625;0
3433.281;1256.3828125;0
3434.335;1190.92297363281;0
3435.389;1169.34008789063;0
3436.44;1123.84069824219;0
3437.492;1125.47534179688;0
3438.546;1109.67114257812;0
3439.598;1200.28723144531;0
3440.646;1111.556640625;0
3441.697;1187.52062988281;0
3442.745;1135.62512207031;0
3443.793;1239.7001953125;0
3444.842;1224.62341308594;0
3445.891;1201.51440429688;0
3446.937;1174.51416015625;0
3447.984;1154.36560058594;0
3449.031;1082.92517089844;0
3450.075;996.824340820312;0
3451.12;980.166748046875;0
3452.164;1086.19152832031;0
3453.207;1136.20056152344;0
3454.251;1097.10498046875;0
3455.293;1027.42541503906;0
3456.336;1034.71862792969;0
3457.378;959.568420410156;0
3458.417;1007.25189208984;0
3459.458;934.0439453125;0
3460.498;1038.07971191406;0
3461.539;1067.48254394531;0
3462.577;1127.43432617188;0
3463.614;1081.66967773438;0
3464.651;1042.69934082031;0
3465.689;949.702209472656;0
3466.726;872.993408203125;0
3467.763;728.113952636719;0
3468.798;706.199645996094;0
3469.831;668.401245117187;0
3470.866;711.255859375;0
3471.9;760.044372558594;0
3472.933;745.044860839844;0
3473.966;739.413879394531;0
3474.999;809.352905273438;0
3476.029;903.33203125;0
3477.061;990.063110351562;0
3478.09;815.615966796875;0
3479.121;774.39990234375;0
3480.15;766.799560546875;0
3481.178;855.172424316406;0
3482.205;924.619201660156;0
3483.234;888.331848144531;0
3484.26;885.469909667969;0
3485.288;857.324829101562;0
3486.313;925.208251953125;0
3487.337;976.130065917969;0
3488.364;979.206604003906;0
3489.387;995.205505371094;0
3490.411;968.177124023437;0
3491.434;1022.96166992188;0
3492.456;944.70068359375;0
3493.479;888.461486816406;0
3494.5;814.893127441406;0
3495.521;691.142211914063;0
3496.543;554.662841796875;0
3497.561;424.389465332031;0
3498.579;253.543167114258;0
3499.6;275.488006591797;0
3500.618;124.533393859863;0
3501.636;109.018440246582;0
3502.653;-32.5937309265137;0
3503.669;-24.3573932647705;0
3504.685;-74.2011108398438;0
3505.699;-43.5112380981445;0
3506.716;-58.615550994873;0
3507.729;-121.273612976074;0
3508.743;-226.03125;0
3509.755;-93.6111145019531;0
