98.64605;0;0
101.2353;0;0
103.8217;0;0
106.4096;-27.7407398223877;0
108.9945;54.9333343505859;0
111.5767;66.1587295532227;0
114.1602;79.2222213745117;0
116.7409;87.0909118652344;0
119.3209;105.97435760498;0
121.9002;113.99259185791;0
124.4788;15;0
127.0566;54.6959075927734;0
129.6317;-19.280424118042;0
132.2038;-11.1014490127563;0
134.7796;-142.635559082031;0
137.3503;-100.36962890625;0
139.9204;-115.983978271484;0
142.4919;155.606384277344;0
145.0584;304.599945068359;0
147.6242;496.819610595703;0
150.1914;572.730285644531;0
152.7579;600.014770507813;0
155.3216;510.702392578125;0
157.8846;521.928100585938;0
160.4448;627.442443847656;0
163.0085;807.636352539063;0
165.5672;832.71923828125;0
168.1232;857.638732910156;0
170.6826;858.581115722656;0
173.2372;933.214477539063;0
175.7931;1016.36328125;0
178.3463;1027.34912109375;0
180.8966;1182.76147460938;0
183.4504;1238.17578125;0
185.9993;1363.83117675781;0
188.5476;1382.14562988281;0
191.0972;1363.40747070313;0
193.644;1380.00256347656;0
196.1859;1351.94421386719;0
198.7335;1371.79162597656;0
201.2761;1323.44506835938;0
203.8201;1363.50915527344;0
206.3593;1388.46398925781;0
208.8998;1468.57507324219;0
211.4397;1465.08166503906;0
213.9746;1606.388671875;0
216.5109;1631.18713378906;0
219.0487;1786.95166015625;0
221.5816;1788.53930664062;0
224.1158;1910.90466308594;0
226.6473;1895.91589355469;0
229.176;1956.75769042969;0
231.7082;2032.1494140625;0
234.2355;2093.13256835938;0
236.7643;2090.021484375;0
239.2902;2059.49780273438;0
241.8133;2053.51489257813;0
244.3379;1929.26806640625;0
246.8618;1900.60864257813;0
249.3828;1737.12646484375;0
251.9053;1802.15856933594;0
254.423;1800.87976074219;0
256.942;1840.482421875;0
259.4603;1869.67639160156;0
261.9759;1793.15100097656;0
264.4887;1823.48059082031;0
267.005;1789.0869140625;0
269.5164;1871.86657714844;0
272.0292;1890.18115234375;0
274.5393;2065.8759765625;0
277.0466;2083.01342773438;0
279.5574;2192.59350585938;0
282.0654;2114.060546875;0
284.5686;2158.06616210938;0
287.0752;2159.20556640625;0
289.5791;2179.26391601563;0
292.0803;2087.482421875;0
294.5828;2002.86291503906;0
297.0826;1998.5087890625;0
299.5838;2002.71032714844;0
302.0801;1887.80065917969;0
304.5758;1753.55773925781;0
307.0749;1687.57287597656;0
309.5672;1613.04931640625;0
312.0608;1646.62939453125;0
314.5558;1562.74987792969;0
317.044;1545.31481933594;0
319.5377;1451.35595703125;0
322.0266;1468.80786132813;0
324.5127;1608.33898925781;0
327.0023;1642.67236328125;0
329.4871;1759.95483398437;0
331.9691;1811.14685058594;0
334.4547;1945.11865234375;0
336.9353;1960.26171875;0
339.4174;1977.10168457031;0
341.901;2004.37475585938;0
344.3776;2076.17895507812;0
346.8577;2071.6083984375;0
349.333;2065.84936523438;0
351.8076;1971.24890136719;0
354.2857;2037.37060546875;0
356.7569;1976.12145996094;0
359.2296;1981.34631347656;0
361.7015;1859.76513671875;0
364.1729;1884.22119140625;0
366.6414;1858.66821289063;0
369.1093;1845.88757324219;0
371.5745;1818.89099121094;0
374.0432;1685.45874023438;0
376.507;1669.75756835937;0
378.9702;1492.79577636719;0
381.4348;1585.99792480469;0
383.8947;1561.34899902344;0
386.3538;1637.75048828125;0
388.8144;1644.99389648438;0
391.2722;1779.44885253906;0
393.7314;1840.52038574219;0
396.1859;1920.3876953125;0
398.6418;1929.27258300781;0
401.0949;2102.56103515625;0
403.5475;2032.20458984375;0
405.9972;1992.85766601563;0
408.4505;1936.87805175781;0
410.899;1974.81555175781;0
413.3468;2004.14440917969;0
415.796;2003.13366699219;0
418.2405;2001.32556152344;0
420.6884;1916.45751953125;0
423.1295;1903.23303222656;0
425.572;1888.91711425781;0
428.0159;1929.98205566406;0
430.455;1869.75598144531;0
432.8956;1813.09240722656;0
435.3335;1783.65454101563;0
437.7707;1616.90173339844;0
440.2093;1631.29406738281;0
442.6432;1587.53479003906;0
445.0764;1610.31677246094;0
447.511;1583.50317382812;0
449.9429;1550.04357910156;0
452.3721;1627.93347167969;0
454.8048;1567.51940917969;0
457.2328;1617.09191894531;0
459.66;1594.73132324219;0
462.0847;1660.34387207031;0
464.5127;1706.12145996094;0
466.9381;1817.72009277344;0
469.3587;1822.22790527344;0
471.7807;1916.78796386719;0
474.2042;1931.78088378906;0
476.6229;2018.162109375;0
479.041;1982.74792480469;0
481.4604;1904.54064941406;0
483.8752;1874.34643554688;0
486.2934;1858.91381835937;0
488.7068;1912.06396484375;0
491.1197;1906.96520996094;0
493.5339;1897.6220703125;0
495.9435;1805.02954101563;0
498.3544;1671.30676269531;0
500.7667;1727.8544921875;0
503.1723;1743.43505859375;0
505.5793;1822.68701171875;0
507.9856;1639.57287597656;0
510.3913;1587.13464355469;0
512.7944;1466.81677246094;0
515.1968;1366.38818359375;0
517.5986;1272.29455566406;0
519.9997;1252.15576171875;0
522.3982;1298.17687988281;0
524.798;1280.37316894531;0
527.1973;1234.30627441406;0
529.5919;1322.05688476563;0
531.9899;1267.42626953125;0
534.3832;1375.81481933594;0
536.7758;1356.80529785156;0
539.1699;1520.33764648438;0
541.5593;1457.6103515625;0
543.9481;1413.55554199219;0
546.3382;1404.96545410156;0
548.7257;1457.91833496094;0
551.1146;1488.34753417969;0
553.4968;1589.5576171875;0
555.8824;1663.38525390625;0
558.2675;1707.04443359375;0
560.6478;1681.98193359375;0
563.0295;1759.11401367187;0
565.4106;1820.65905761719;0
567.7911;1836.09228515625;0
570.169;1756.80578613281;0
572.5462;1613.24780273437;0
574.9229;1516.86462402344;0
577.2968;1395.87121582031;0
579.6721;1415.74499511719;0
582.0449;1355.79516601563;0
584.417;1332.75561523438;0
586.7885;1253.19860839844;0
589.1553;1332.92053222656;0
591.5255;1391.32763671875;0
593.8931;1359.22290039062;0
596.2601;1315.61303710937;0
598.6265;1123.84020996094;0
600.9902;1136.77746582031;0
603.3554;1094.54260253906;0
605.7179;1172.95190429688;0
608.0778;1250.30712890625;0
610.4391;1196.24255371094;0
612.7977;1340.79064941406;0
615.1558;1305.13562011719;0
617.5132;1552.34643554688;0
619.8701;1455.04699707031;0
622.2263;1485.673828125;0
624.5779;1374.66882324219;0
626.9308;1601.48767089844;0
629.2852;1754.31848144531;0
631.6349;1864.38037109375;0
633.9841;1955.04797363281;0
636.3326;1944.40185546875;0
638.6805;2007.97839355469;0
641.0279;1856.88525390625;0
643.3746;1938.56799316406;0
645.7187;1981.97631835938;0
648.0621;2020.52197265625;0
650.405;1838.42578125;0
652.7453;1841.74597167969;0
655.087;1939.04077148437;0
657.426;2049.80590820313;0
659.7645;2072.4287109375;0
662.1024;1953.26513671875;0
664.4376;1851.88122558594;0
666.7742;1698.49475097656;0
669.1063;1571.1142578125;0
671.4398;1571.90588378906;0
673.7726;1542.05700683594;0
676.1048;1512.81640625;0
678.4324;1538.62292480469;0
680.7635;1550.09887695313;0
683.0919;1576.73608398438;0
685.4158;1509.81323242187;0
687.743;1555.03833007813;0
690.0696;1676.24267578125;0
692.3937;1754.76306152344;0
694.7151;1662.21008300781;0
697.038;1699.30773925781;0
699.3583;1619.15368652344;0
701.6779;1619.08605957031;0
703.995;1556.0869140625;0
706.3155;1642.44641113281;0
708.6294;1734.88671875;0
710.9467;1707.27429199219;0
713.2594;1741.94384765625;0
715.5735;1582.00427246094;0
717.887;1614.49267578125;0
720.1979;1615.37414550781;0
722.5083;1870.45153808594;0
724.818;1957.79870605469;0
727.1252;1851.6513671875;0
729.4357;1715.99829101562;0
731.7418;1548.8330078125;0
734.0452;1634.70727539062;0
736.35;1666.716796875;0
738.6522;1728.71508789062;0
740.9539;1786.56262207031;0
743.2569;1789.95324707031;0
745.5554;1703.70373535156;0
747.8553;1543.14758300781;0
750.1545;1454.68127441406;0
752.4513;1557.32446289063;0
754.7474;1368.04919433594;0
757.043;1233.89233398438;0
759.336;1155.63989257813;0
761.6304;1296.95446777344;0
763.9222;1322.83850097656;0
766.2114;1069.00952148438;0
768.5041;882.780944824219;0
770.7922;923.430480957031;0
773.0777;1075.255859375;0
775.3647;1267.99304199219;0
777.651;1338.07727050781;0
779.9368;1243.99206542969;0
782.22;1130.45239257813;0
784.5026;980.817016601563;0
786.7847;1137.40893554687;0
789.0662;1210.53405761719;0
791.3451;1252.79321289063;0
793.6254;1342.94372558594;0
795.9012;1382.74353027344;0
798.1784;1599.55261230469;0
800.455;1692.51953125;0
802.7291;1783.75866699219;0
805.0026;1721.11486816406;0
807.2755;1716.92944335938;0
809.5478;1647.9287109375;0
811.8176;1569.34008789062;0
814.0869;1668.15637207031;0
816.3535;1835.54846191406;0
818.6235;2046.66882324219;0
820.8911;1830.11206054688;0
823.156;1821.08056640625;0
825.4204;1741.38806152344;0
827.6823;1805.86669921875;0
829.9474;1725.66687011719;0
832.2082;1698.31604003906;0
834.4683;1674.42980957031;0
836.7279;1699.91796875;0
838.9869;1644.17614746094;0
841.2453;1576.57885742188;0
843.5012;1690.71557617188;0
845.7565;1729.73107910156;0
848.0133;1813.51342773438;0
850.2655;1694.5009765625;0
852.5153;1549.72839355469;0
854.7703;1531.15539550781;0
857.0189;1388.421875;0
859.2668;1383.67578125;0
861.5182;1285.2412109375;0
863.7651;1385.22473144531;0
866.0114;1448.74377441406;0
868.2592;1193.46618652344;0
870.5024;1152.51538085938;0
872.7451;1062.22485351563;0
874.9872;1252.49975585938;0
877.2307;1216.06884765625;0
879.4717;1183.73803710937;0
881.7101;1168.73645019531;0
883.95;1080.61779785156;0
886.1854;1098.74914550781;0
888.4202;1154.25122070313;0
890.6604;1236.66809082031;0
892.8941;1204.85473632812;0
895.1253;1319.90173339844;0
897.3599;1412.52258300781;0
899.59;1404.83410644531;0
901.8195;1232.50830078125;0
904.0504;1116.33581542969;0
906.2789;1277.72583007813;0
908.5087;1339.45532226563;0
910.7341;1371.77612304688;0
912.9589;1286.12841796875;0
915.1851;1237.62353515625;0
917.4088;1333.03308105469;0
919.63;1273.36962890625;0
921.8526;1053.60034179688;0
924.0727;1123.78894042969;0
926.2922;1281.45434570313;0
928.5112;1603.7177734375;0
930.7277;1383.65844726562;0
932.9476;1180.57092285156;0
935.163;1075.78076171875;0
937.3739;960.553588867188;0
939.5901;1048.21948242188;0
941.8019;927.44482421875;0
944.0151;852.336975097656;0
946.2258;658.026428222656;0
948.4341;569.771484375;0
950.6456;807.14208984375;0
952.8527;857.062255859375;0
955.0593;959.04736328125;0
957.2653;683.711059570313;0
959.4689;696.407043457031;0
961.6738;636.324096679688;0
963.8782;669.813842773438;0
966.0782;695.193054199219;0
968.2815;780.876647949219;0
970.4803;833.839172363281;0
972.6787;762.136779785156;0
974.8784;678.786499023438;0
977.0757;696.4326171875;0
979.2704;726.851928710938;0
981.4667;761.896301269531;0
983.6603;861.899475097656;0
985.8535;1000.74890136719;0
988.0461;1106.677734375;0
990.2363;1005.74536132813;0
992.4297;1142.78137207031;0
994.6169;1311.83276367187;0
996.8035;1643.49816894531;0
998.9933;1784.09008789063;0
1001.179;1805.72155761719;0
1003.364;1784.72509765625;0
1005.55;1636.96960449219;0
1007.732;1806.87451171875;0
1009.916;1777.43115234375;0
1012.096;1890.41906738281;0
1014.275;1814.98413085938;0
1016.459;1895.56665039063;0
1018.636;1988.56579589844;0
1020.813;2038.88513183594;0
1022.991;2014.55737304688;0
1025.165;1898.04357910156;0
1027.34;1784.62744140625;0
1029.515;1754.63623046875;0
1031.687;1651.95666503906;0
1033.859;1688.03869628906;0
1036.03;1770.20751953125;0
1038.199;1771.74560546875;0
1040.369;1656.82141113281;0
1042.536;1574.09777832031;0
1044.704;1526.01928710938;0
1046.87;1535.14501953125;0
1049.034;1323.46862792969;0
1051.198;1177.98559570312;0
1053.363;1085.92895507813;0
1055.526;1200.28918457031;0
1057.686;1249.37927246094;0
1059.845;1249.48486328125;0
1062.005;1097.05456542969;0
1064.165;1154.19934082031;0
1066.323;1096.47290039063;0
1068.477;1088.5234375;0
1070.634;1109.12963867188;0
1072.788;984.512084960937;0
1074.942;1032.20556640625;0
1077.096;1007.93304443359;0
1079.247;1337.62670898438;0
1081.397;1375.59716796875;0
1083.547;1384.85583496094;0
1085.695;1309.34497070313;0
1087.844;1385.11730957031;0
1089.992;1357.46032714844;0
1092.138;1178.29626464844;0
1094.284;1146.53088378906;0
1096.425;1208.99719238281;0
1098.571;1236.00073242187;0
1100.711;1196.50024414063;0
1102.851;1171.15222167969;0
1104.994;1399.13537597656;0
1107.132;1435.18041992188;0
1109.271;1386.61010742187;0
1111.408;1379.74731445313;0
1113.543;1474.40246582031;0
1115.682;1791.90686035156;0
1117.816;1759.4150390625;0
1119.947;1793.44213867188;0
1122.08;1587.71862792969;0
1124.213;1683.00512695313;0
1126.343;1701.09582519531;0
1128.474;1750.06677246094;0
1130.602;1625.94348144531;0
1132.728;1600.99914550781;0
1134.856;1615.20373535156;0
1136.982;1616.44982910156;0
1139.109;1568.41918945313;0
1141.234;1635.07861328125;0
1143.356;1614.73315429687;0
1145.479;1614.52941894531;0
1147.599;1551.35693359375;0
1149.719;1539.33215332031;0
1151.839;1621.23364257812;0
1153.957;1626.50439453125;0
1156.076;1527.80920410156;0
1158.191;1241.69897460938;0
1160.305;1131.28186035156;0
1162.423;1085.55676269531;0
1164.536;1229.26745605469;0
1166.647;1173.888671875;0
1168.761;1296.81262207031;0
1170.871;1265.20678710938;0
1172.983;1205.29296875;0
1175.092;1329.40869140625;0
1177.2;1451.9970703125;0
1179.306;1672.12683105469;0
1181.413;1660.83959960938;0
1183.518;1712.60864257813;0
1185.623;1652.5927734375;0
1187.725;1477.00964355469;0
1189.826;1471.94580078125;0
1191.929;1460.97741699219;0
1194.032;1575.89978027344;0
1196.13;1330.59985351562;0
1198.23;1353.14538574219;0
1200.327;1459.50524902344;0
1202.423;1585.14404296875;0
1204.52;1645.75183105469;0
1206.613;1452.3037109375;0
1208.71;1557.16064453125;0
1210.801;1585.46276855469;0
1212.892;1725.50036621094;0
1214.987;1701.634765625;0
1217.075;1734.01062011719;0
1219.166;1666.17114257813;0
1221.256;1716.58093261719;0
1223.342;1607.16650390625;0
1225.43;1705.47253417969;0
1227.515;1473.28894042969;0
1229.597;1565.03186035156;0
1231.685;1579.49951171875;0
1233.767;1732.974609375;0
1235.85;1733.03247070313;0
1237.931;1725.53381347656;0
1240.009;1687.02697753906;0
1242.09;1404.86096191406;0
1244.168;1227.93249511719;0
1246.245;1208.1865234375;0
1248.321;1306.27307128906;0
1250.397;1403.18811035156;0
1252.472;1495.82055664063;0
1254.547;1424.2587890625;0
1256.618;1343.01489257812;0
1258.69;1177.41003417969;0
1260.761;1269.18725585937;0
1262.83;1388.32495117188;0
1264.901;1443.94982910156;0
1266.969;1487.28247070312;0
1269.035;1259.21228027344;0
1271.102;1395.22705078125;0
1273.167;1252.38842773438;0
1275.233;1452.25378417969;0
1277.295;1313.59460449219;0
1279.359;1372.41162109375;0
1281.42;1089.70654296875;0
1283.482;1083.58630371094;0
1285.542;991.492797851563;0
1287.6;1196.10949707031;0
1289.659;1117.64526367188;0
1291.714;1341.33911132813;0
1293.774;1520.82543945313;0
1295.828;1736.02697753906;0
1297.881;1646.26391601563;0
1299.936;1592.87170410156;0
1301.987;1555.22680664063;0
1304.041;1765.63793945313;0
1306.09;1576.66198730469;0
1308.139;1400.74328613281;0
1310.19;1284.66357421875;0
1312.238;1538.48754882813;0
1314.286;1676.27758789063;0
1316.331;1751.36437988281;0
1318.376;1909.96337890625;0
1320.422;1928.00927734375;0
1322.466;1902.43835449219;0
1324.508;1928.18811035156;0
1326.549;1888.91369628906;0
1328.59;1811.7294921875;0
1330.632;1467.36682128906;0
1332.67;1564.2958984375;0
1334.707;1752.14294433594;0
1336.746;1959.29614257812;0
1338.78;1987.27758789063;0
1340.816;1761.90869140625;0
1342.852;1439.19213867188;0
1344.885;1280.23937988281;0
1346.916;1148.49572753906;0
1348.948;1321.98449707031;0
1350.979;1318.77380371094;0
1353.011;1368.11462402344;0
1355.04;1316.89245605469;0
1357.066;1341.21704101563;0
1359.094;1442.09631347656;0
1361.121;1288.86364746094;0
1363.145;1347.62365722656;0
1365.171;1166.92407226563;0
1367.192;1134.38061523438;0
1369.216;949.986999511719;0
1371.239;1056.72961425781;0
1373.258;1118.77795410156;0
1375.28;1118.24401855469;0
1377.298;903.899536132813;0
1379.316;793.515563964844;0
1381.335;693.270446777344;0
1383.35;802.74267578125;0
1385.366;922.90673828125;0
1387.38;897.576171875;0
1389.394;788.639953613281;0
1391.409;837.198913574219;0
1393.42;773.0751953125;0
1395.43;868.60205078125;0
1397.44;852.009521484375;0
1399.451;959.338500976563;0
1401.458;877.620666503906;0
1403.466;719.783569335938;0
1405.472;771.380676269531;0
1407.478;840.427429199219;0
1409.483;979.306274414062;0
1411.486;1023.310546875;0
1413.49;1146.30798339844;0
1415.492;1195.67749023438;0
1417.492;1288.72668457031;0
1419.495;1269.96264648438;0
1421.494;1322.10107421875;0
1423.492;1237.87121582031;0
1425.49;1227.17346191406;0
1427.487;1183.88525390625;0
1429.482;1230.32788085938;0
1431.477;1289.58801269531;0
1433.471;1246.91015625;0
1435.466;1294.31433105469;0
1437.456;1309.08374023437;0
1439.447;1375.22314453125;0
1441.441;1406.14562988281;0
1443.427;1447.96264648437;0
1445.417;1623.63330078125;0
1447.406;1736.34973144531;0
1449.392;1845.587890625;0
1451.381;1832.24291992188;0
1453.365;1806.5380859375;0
1455.348;1684.3642578125;0
1457.333;1542.60986328125;0
1459.314;1466.60424804688;0
1461.296;1479.90002441406;0
1463.276;1391.83032226563;0
1465.256;1254.68212890625;0
1467.237;1318.87756347656;0
1469.215;1422.02453613281;0
1471.19;1427.01184082031;0
1473.167;1374.61584472656;0
1475.145;1399.83117675781;0
1477.118;1499.31359863281;0
1479.092;1396.39636230469;0
1481.065;1342.52404785156;0
1483.038;1291.91943359375;0
1485.008;1243.36047363281;0
1486.979;1198.84741210937;0
1488.949;1145.29028320312;0
1490.917;1113.22290039063;0
1492.883;1144.86694335938;0
1494.852;1147.66467285156;0
1496.817;1232.07141113281;0
1498.782;1253.92395019531;0
1500.748;1288.19921875;0
1502.708;1293.79431152344;0
1504.673;1106.34020996094;0
1506.634;958.949645996094;0
1508.594;755.810729980469;0
1510.554;938.567504882813;0
1512.512;1077.61633300781;0
1514.471;1278.80578613281;0
1516.428;1143.87377929687;0
1518.384;1184.11755371094;0
1520.34;977.276184082032;0
1522.294;961.470703125;0
1524.249;776.924743652344;0
1526.202;984.9521484375;0
1528.153;954.38525390625;0
1530.103;1163.11389160156;0
1532.054;978.394592285156;0
1534.004;996.488647460937;0
1535.951;1022.22033691406;0
1537.899;1075.7568359375;0
1539.847;1208.81091308594;0
1541.793;952.704711914063;0
1543.738;899.671691894531;0
1545.681;771.283752441406;0
1547.625;708.419067382813;0
1549.566;648.643005371094;0
1551.509;501.273986816406;0
1553.45;570.873352050781;0
1555.389;615.483581542969;0
1557.33;530.138366699219;0
1559.266;522.960205078125;0
1561.204;579.607177734375;0
1563.141;728.573913574219;0
1565.074;723.385864257813;0
1567.009;603.701599121094;0
1568.943;615.964660644531;0
1570.877;760.395080566406;0
1572.808;757.992797851563;0
1574.741;675.3134765625;0
1576.67;513.245910644531;0
1578.6;483.234588623047;0
1580.528;602.443725585938;0
1582.455;494.203643798828;0
1584.382;478.807250976563;0
1586.307;359.032287597656;0
1588.234;581.445617675781;0
1590.157;713.147155761719;0
1592.081;824.692260742188;0
1594.002;647.414489746094;0
1595.927;504.869201660156;0
1597.845;303.055755615234;0
1599.767;359.969024658203;0
1601.685;288.384674072266;0
1603.602;381.969390869141;0
1605.523;235.612045288086;0
1607.438;405.305114746094;0
1609.354;511.347076416016;0
1611.269;804.776184082031;0
1613.181;659.033081054688;0
1615.096;659.456115722657;0
1617.008;399.93408203125;0
1618.92;662.271179199219;0
1620.83;719.552185058594;0
1622.74;904.44482421875;0
1624.649;814.858703613282;0
1626.557;538.177001953125;0
1628.464;462.999145507813;0
1630.37;478.297943115234;0
1632.275;694.802673339843;0
1634.18;719.25146484375;0
1636.085;811.676879882813;0
1637.988;915.387939453125;0
1639.888;899.007629394531;0
1641.791;757.569641113282;0
1643.691;648.961120605469;0
1645.588;787.855224609375;0
1647.489;925.472839355469;0
1649.387;986.5947265625;0
1651.284;1052.22131347656;0
1653.18;994.353881835937;0
1655.075;1144.43701171875;0
1656.972;1236.69458007813;0
1658.864;1411.23303222656;0
1660.754;1453.7138671875;0
1662.65;1322.35766601563;0
1664.539;1209.94384765625;0
1666.428;1169.74914550781;0
1668.32;1119.94714355469;0
1670.207;1164.98486328125;0
1672.096;1009.84454345703;0
1673.982;1050.35266113281;0
1675.867;1078.37719726563;0
1677.754;1217.5849609375;0
1679.638;1212.08837890625;0
1681.52;1115.10949707031;0
1683.403;925.981872558594;0
1685.285;599.149719238281;0
1687.166;429.724273681641;0
1689.048;525.651794433594;0
1690.924;798.804992675782;0
1692.804;996.248901367188;0
1694.682;956.428039550781;0
1696.558;1044.89782714844;0
1698.435;938.436218261719;0
1700.308;749.031799316406;0
1702.184;626.584838867188;0
1704.057;638.650756835938;0
1705.929;696.3408203125;0
1707.801;613.877136230469;0
1709.674;546.593139648438;0
1711.542;689.933166503906;0
1713.412;801.563354492188;0
1715.28;803.039306640625;0
1717.145;775.027648925781;0
1719.015;793.647033691406;0
1720.88;768.931274414063;0
1722.746;398.388763427734;0
1724.61;299.23779296875;0
1726.471;285.582122802734;0
1728.334;435.962280273438;0
1730.197;373.478057861328;0
1732.057;395.709625244141;0
1733.919;399.997100830078;0
1735.777;339.899047851563;0
1737.634;247.191543579102;0
1739.493;402.275054931641;0
1741.349;413.217346191406;0
1743.205;383.293548583984;0
1745.061;412.321838378906;0
1746.915;469.928527832031;0
1748.77;704.919006347656;0
1750.621;508.623840332031;0
1752.473;554.037841796875;0
1754.323;284.825622558594;0
1756.173;327.992980957031;0
1758.022;329.449951171875;0
1759.87;398.607757568359;0
1761.718;356.466369628906;0
1763.566;331.580932617188;0
1765.411;412.745208740234;0
1767.256;472.620361328125;0
1769.101;531.080261230469;0
1770.945;615.791442871094;0
1772.787;798.64013671875;0
1774.629;766.627746582032;0
1776.469;765.306335449218;0
1778.309;725.118041992187;0
1780.15;687.060546875;0
1781.987;642.794555664063;0
1783.826;361.650817871094;0
1785.662;451.337463378906;0
1787.498;527.924133300781;0
1789.334;646.52197265625;0
1791.169;735.6865234375;0
1793.002;710.306640625;0
1794.834;843.16015625;0
1796.667;838.913757324219;0
1798.498;856.287719726563;0
1800.328;954.631652832031;0
1802.157;864.539611816406;0
1803.986;1040.45593261719;0
1805.813;988.380737304688;0
1807.639;1056.64770507813;0
1809.467;955.590209960938;0
1811.292;1032.87487792969;0
1813.117;1124.16845703125;0
1814.94;1095.58190917969;0
1816.763;1078.33752441406;0
1818.585;974.324279785156;0
1820.407;887.319885253906;0
1822.227;845.435424804688;0
1824.048;796.226501464844;0
1825.865;890.921997070313;0
1827.683;677.635620117188;0
1829.501;613.257263183594;0
1831.317;462.346649169922;0
1833.135;522.238952636719;0
1834.948;229.269882202148;0
1836.761;166.23796081543;0
1838.577;179.839965820313;0
1840.388;466.098480224609;0
1842.198;508.382446289063;0
1844.009;601.801696777344;0
1845.819;682.022888183594;0
1847.629;670.087646484375;0
1849.436;582.408325195313;0
1851.244;373.097503662109;0
1853.052;361.71044921875;0
1854.858;210.247131347656;0
1856.661;216.371490478516;0
1858.466;381.982757568359;0
1860.269;442.958526611328;0
1862.073;656.192932128906;0
1863.875;558.229248046875;0
1865.673;568.158874511719;0
1867.476;383.013824462891;0
1869.275;195.01628112793;0
1871.072;235.228378295898;0
1872.872;372.127563476563;0
1874.667;449.162017822266;0
1876.464;553.566223144531;0
1878.26;561.1181640625;0
1880.053;598.596801757813;0
1881.849;521.332275390625;0
1883.64;434.213562011719;0
1885.431;475.129486083984;0
1887.226;570.857482910156;0
1889.014;496.618255615234;0
1890.803;551.967346191406;0
1892.594;491.418914794922;0
1894.38;712.792114257813;0
1896.167;650.420349121094;0
1897.955;606.303527832031;0
1899.74;389.664001464844;0
1901.526;350.946075439453;0
1903.309;391.376129150391;0
1905.091;511.622741699219;0
1906.876;536.353820800781;0
1908.658;261.014862060547;0
1910.438;237.721603393555;0
1912.217;256.807403564453;0
1913.996;313.496185302734;0
1915.775;263.121459960938;0
1917.553;143.796752929688;0
1919.33;283.967712402344;0
1921.106;285.412261962891;0
1922.881;345.465942382813;0
1924.655;349.684356689453;0
1926.431;307.511932373047;0
1928.202;191.504211425781;0
1929.974;73.9967651367188;0
1931.746;97.9696807861328;0
1933.516;206.25373840332;0
1935.286;253.69465637207;0
1937.055;362.181854248047;0
1938.823;520.05615234375;0
1940.592;558.985290527344;0
1942.356;499.963623046875;0
1944.122;519.723754882813;0
1945.888;564.465270996094;0
1947.651;543.814147949219;0
1949.416;358.774932861328;0
1951.178;314.35205078125;0
1952.939;270.988830566406;0
1954.699;378.062927246094;0
1956.459;498.964569091797;0
1958.219;535.809204101563;0
1959.979;558.369934082031;0
1961.735;571.979553222656;0
1963.491;617.183349609375;0
1965.249;469.659210205078;0
1967.003;615.968444824219;0
1968.761;614.894470214844;0
1970.512;845.772766113281;0
1972.265;938.047729492188;0
1974.018;1047.71936035156;0
1975.769;1019.17333984375;0
1977.522;824.584167480469;0
1979.271;775.285217285156;0
1981.018;624.498718261719;0
1982.766;361.002197265625;0
1984.516;282.905700683594;0
1986.261;266.098083496094;0
1988.009;471.023803710938;0
1989.754;498.905090332031;0
1991.498;544.186401367188;0
1993.241;513.099182128906;0
1994.984;429.757232666016;0
1996.727;263.386474609375;0
1998.468;209.875823974609;0
2000.206;210.225280761719;0
2001.946;343.212951660156;0
2003.686;459.8388671875;0
2005.424;468.325256347656;0
2007.161;512.334716796875;0
2008.898;519.539489746094;0
2010.634;683.4990234375;0
2012.369;724.546752929688;0
2014.103;660.122436523438;0
2015.836;633.670593261719;0
2017.57;646.744567871094;0
2019.299;719.126831054687;0
2021.032;562.927185058594;0
2022.762;428.255523681641;0
2024.491;442.445098876953;0
2026.221;570.938049316406;0
2027.947;633.51220703125;0
2029.676;450.500885009766;0
2031.403;458.792938232422;0
2033.128;384.386199951172;0
2034.852;481.404968261719;0
2036.577;427.793640136719;0
2038.299;580.8203125;0
2040.022;535.039978027344;0
2041.744;397.667388916016;0
2043.465;399.701477050781;0
2045.184;405.365264892578;0
2046.903;555.55224609375;0
2048.621;518.052368164063;0
2050.339;612.865295410156;0
2052.057;538.653259277344;0
2053.774;513.967346191406;0
2055.488;218.919708251953;0
2057.203;240.129989624023;0
2058.917;173.096527099609;0
2060.631;219.813934326172;0
2062.344;200.623794555664;0
2064.053;201.083740234375;0
2065.765;276.194976806641;0
2067.476;339.625122070313;0
2069.185;452.809112548828;0
2070.892;574.4091796875;0
2072.6;631.757690429688;0
2074.308;564.300231933594;0
2076.014;509.150360107422;0
2077.72;478.417053222656;0
2079.425;475.100128173828;0
2081.13;536.927734375;0
2082.833;583.201171875;0
2084.532;637.447692871094;0
2086.236;509.559844970703;0
2087.936;357.983245849609;0
2089.635;402.274597167969;0
2091.335;425.211669921875;0
2093.034;383.129028320313;0
2094.731;273.908630371094;0
2096.427;343.215759277344;0
2098.124;659.268859863281;0
2099.82;910.845703125;0
2101.515;1080.16845703125;0
2103.207;957.236938476563;0
2104.902;967.050964355469;0
2106.594;987.338500976563;0
2108.286;1079.31066894531;0
2109.976;1105.95849609375;0
2111.667;1087.64123535156;0
2113.355;1117.50866699219;0
2115.044;1051.06530761719;0
2116.732;965.836486816407;0
2118.42;864.477722167968;0
2120.105;950.355773925781;0
2121.79;1163.99890136719;0
2123.476;1345.02954101562;0
2125.16;1371.13830566406;0
2126.844;1262.99206542969;0
2128.524;1143.25744628906;0
2130.207;1067.00354003906;0
2131.888;1198.93908691406;0
2133.567;1254.17602539063;0
2135.247;1412.86462402344;0
2136.927;1377.75415039062;0
2138.603;1483.04614257813;0
2140.281;1383.42297363281;0
2141.957;1431.55163574219;0
2143.633;1293.32678222656;0
2145.308;1375.08764648437;0
2146.981;1374.99719238281;0
2148.654;1605.58776855469;0
2150.328;1463.70166015625;0
2152;1445.783203125;0
2153.669;1406.72131347656;0
2155.34;1508.62536621094;0
2157.01;1547.93627929688;0
2158.677;1474.54113769531;0
2160.347;1540.44030761719;0
2162.013;1522.51953125;0
2163.681;1563.99853515625;0
2165.347;1506.77294921875;0
2167.011;1413.62121582031;0
2168.674;1266.58764648437;0
2170.337;1223.17150878906;0
2172.002;1162.48278808594;0
2173.662;1255.29992675781;0
2175.324;1180.84289550781;0
2176.985;1140.33264160156;0
2178.645;890.879150390625;0
2180.304;881.532043457031;0
2181.961;976.87890625;0
2183.618;1272.95397949219;0
2185.275;1162.65209960937;0
2186.932;1222.41650390625;0
2188.586;1134.6904296875;0
2190.242;1350.62780761719;0
2191.896;1132.62927246094;0
2193.547;1147.89855957031;0
2195.2;1200.34240722656;0
2196.851;1373.96057128906;0
2198.502;1407.61279296875;0
2200.153;1255.88403320312;0
2201.799;1245.99621582031;0
2203.447;1188.83850097656;0
2205.097;1183.00671386719;0
2206.742;1179.02783203125;0
2208.391;1079.67614746094;0
2210.035;1162.3193359375;0
2211.679;1072.3623046875;0
2213.324;1094.52697753906;0
2214.966;1031.61059570313;0
2216.608;1039.2412109375;0
2218.252;1071.21459960938;0
2219.89;1019.55682373047;0
2221.531;1133.31213378906;0
2223.172;1114.67858886719;0
2224.809;1130.76745605469;0
2226.449;1078.58288574219;0
2228.086;1128.06396484375;0
2229.72;1181.73901367188;0
2231.358;1151.82922363281;0
2232.992;1086.02758789063;0
2234.625;1008.85260009766;0
2236.26;1177.43371582031;0
2237.893;1327.19934082031;0
2239.524;1394.71057128906;0
2241.156;1148.66491699219;0
2242.785;1065.97790527344;0
2244.416;971.166564941406;0
2246.044;1095.71606445312;0
2247.672;1110.56066894531;0
2249.301;1172.63110351562;0
2250.926;1248.8671875;0
2252.554;1178.90209960938;0
2254.177;1338.62390136719;0
2255.803;1258.14611816406;0
2257.427;1395.80334472656;0
2259.051;1340.59655761719;0
2260.671;1016.0263671875;0
2262.294;874.199035644531;0
2263.914;824.057434082032;0
2265.533;1269.00170898437;0
2267.153;1321.6435546875;0
2268.773;1387.53979492188;0
2270.392;1309.2451171875;0
2272.006;1397.31640625;0
2273.624;1436.53259277344;0
2275.239;1545.50610351563;0
2276.854;1567.45935058594;0
2278.468;1513.89196777344;0
2280.084;1512.91149902344;0
2281.695;1387.62048339844;0
2283.305;1444.18615722656;0
2284.919;1044.09704589844;0
2286.527;1036.49853515625;0
2288.14;965.260864257813;0
2289.748;1141.23388671875;0
2291.354;1135.51208496094;0
2292.964;1047.76354980469;0
2294.569;1178.57592773438;0
2296.174;1158.80908203125;0
2297.782;1157.12963867188;0
2299.386;963.346130371094;0
2300.99;722.664611816406;0
2302.594;834.672668457031;0
2304.195;995.705017089844;0
2305.798;1143.25170898438;0
2307.399;943.532836914062;0
2308.998;793.988159179687;0
2310.598;821.204345703125;0
2312.197;1002.23638916016;0
2313.795;1123.01293945313;0
2315.392;1264.62878417969;0
2316.988;1263.86181640625;0
2318.585;1329.37866210937;0
2320.18;1385.73486328125;0
2321.774;1301.25720214844;0
2323.368;1259.15979003906;0
2324.961;1217.87219238281;0
2326.553;1083.95007324219;0
2328.145;1229.21643066406;0
2329.735;1206.84399414062;0
2331.324;1558.72448730469;0
2332.916;1405.05346679688;0
2334.503;1215.22961425781;0
2336.092;914.128295898438;0
2337.677;883.540832519531;0
2339.263;1030.55712890625;0
2340.85;1060.48193359375;0
2342.434;945.982421875;0
2344.018;821.683471679687;0
2345.602;742.826110839843;0
2347.185;770.417907714844;0
2348.768;571.747802734375;0
2350.347;662.480712890625;0
2351.928;646.282104492188;0
2353.51;810.595275878907;0
2355.087;712.91064453125;0
2356.665;767.775817871094;0
2358.243;686.466979980468;0
2359.819;712.427368164062;0
2361.396;631.003173828125;0
2362.972;680.734680175782;0
2364.547;660.621337890625;0
2366.121;753.330627441407;0
2367.694;919.417053222656;0
2369.267;893.490600585938;0
2370.839;556.505004882813;0
2372.411;391.439758300781;0
2373.982;593.86376953125;0
2375.55;847.114440917969;0
2377.118;771.250244140625;0
2378.687;615.470031738281;0
2380.254;685.779296875;0
2381.821;932.244995117188;0
2383.387;971.813781738281;0
2384.954;1037.71105957031;0
2386.516;1048.71313476563;0
2388.082;1081.81750488281;0
2389.644;990.808715820313;0
2391.209;874.908874511718;0
2392.769;731.858764648438;0
2394.33;844.468872070313;0
2395.892;1023.71325683594;0
2397.449;1116.73266601563;0
2399.008;1061.30627441406;0
2400.568;1001.88244628906;0
2402.125;850.679992675781;0
2403.68;718.788757324218;0
2405.238;597.536682128906;0
2406.792;755.383483886719;0
2408.349;902.345458984375;0
2409.902;1007.97814941406;0
2411.455;1104.49719238281;0
2413.007;1277.74499511719;0
2414.558;1358.40698242188;0
2416.11;1390.42150878906;0
2417.66;1330.12341308594;0
2419.21;1284.17687988281;0
2420.758;1268.91845703125;0
2422.307;1088.46459960937;0
2423.855;871.328857421875;0
2425.402;729.923950195312;0
2426.947;729.001281738282;0
2428.492;897.304809570312;0
2430.038;909.009094238282;0
2431.58;991.007446289063;0
2433.124;1087.30053710938;0
2434.667;1010.77600097656;0
2436.208;869.207336425781;0
2437.75;871.8583984375;0
2439.291;1027.20031738281;0
2440.83;1170.83215332031;0
2442.369;1263.64306640625;0
2443.906;1419.63342285156;0
2445.444;1485.58142089844;0
2446.981;1345.71826171875;0
2448.517;1247.04821777344;0
2450.053;1199.46008300781;0
2451.587;1134.39978027344;0
2453.12;1416.40991210937;0
2454.655;1348.50573730469;0
2456.187;1446.4638671875;0
2457.718;1351.283203125;0
2459.25;1416.63354492187;0
2460.781;1191.40356445313;0
2462.31;967.191284179687;0
2463.84;1142.62731933594;0
2465.368;1271.08850097656;0
2466.896;1254.34729003906;0
2468.423;1024.51049804687;0
2469.949;1101.33044433594;0
2471.474;1202.39233398438;0
2472.998;1281.13598632813;0
2474.522;1243.28112792969;0
2476.045;1304.38500976563;0
2477.568;1331.27478027344;0
2479.09;1434.50512695313;0
2480.612;1526.51391601563;0
2482.132;1467.63244628906;0
2483.653;1334.52746582031;0
2485.171;1111.55053710937;0
2486.689;1390.7099609375;0
2488.208;1420.42407226562;0
2489.725;1507.24682617188;0
2491.242;1403.84350585938;0
2492.757;1600.43762207031;0
2494.271;1608.35791015625;0
2495.785;1593.15686035156;0
2497.3;1513.27905273438;0
2498.812;1542.39099121094;0
2500.325;1339.04846191406;0
2501.837;1143.36975097656;0
2503.345;774.069885253906;0
2504.856;858.354248046875;0
2506.366;967.062927246094;0
2507.875;1192.201171875;0
2509.382;1109.76489257812;0
2510.889;1036.8681640625;0
2512.397;793.951538085937;0
2513.901;521.719299316406;0
2515.406;377.559234619141;0
2516.911;589.09619140625;0
2518.415;629.119445800781;0
2519.918;636.476196289063;0
2521.421;512.717102050781;0
2522.922;465.222412109375;0
2524.423;464.658569335938;0
2525.924;417.694152832031;0
2527.422;531.994506835938;0
2528.923;466.003753662109;0
2530.419;496.388336181641;0
2531.916;456.592437744141;0
2533.415;600.726928710938;0
2534.909;571.013549804688;0
2536.404;499.0078125;0
2537.899;337.488708496094;0
2539.394;394.568664550781;0
2540.887;498.800659179688;0
2542.38;628.764526367188;0
2543.871;475.61669921875;0
2545.363;428.301971435547;0
2546.852;438.454162597656;0
2548.345;279.657592773438;0
2549.833;308.797424316406;0
2551.321;216.714920043945;0
2552.811;685.507019042969;0
2554.296;702.826538085938;0
2555.78;809.371704101563;0
2557.267;548.14111328125;0
2558.752;632.663208007813;0
2560.237;351.513122558594;0
2561.721;538.312744140625;0
2563.203;481.178009033203;0
2564.687;711.414916992188;0
2566.168;547.854919433594;0
2567.648;657.864440917969;0
2569.129;628.522705078125;0
2570.607;635.977783203125;0
2572.086;631.093994140625;0
2573.565;765.591369628906;0
2575.041;799.131103515625;0
2576.518;788.359985351563;0
2577.994;958.835083007813;0
2579.469;1172.66613769531;0
2580.945;1310.74548339844;0
2582.418;1162.7470703125;0
2583.892;1294.11975097656;0
2585.365;1323.42065429688;0
2586.835;1398.54016113281;0
2588.307;1424.025390625;0
2589.778;1329.12475585938;0
2591.248;1223.24255371094;0
2592.717;1167.26916503906;0
2594.186;1052.31372070313;0
2595.652;1158.82104492188;0
2597.121;878.352172851563;0
2598.585;983.680480957031;0
2600.052;957.582214355469;0
2601.518;979.279296875;0
2602.982;917.109680175782;0
2604.446;818.514953613282;0
2605.907;1043.71704101563;0
2607.371;1033.203125;0
2608.83;1314.64367675781;0
2610.293;1315.87939453125;0
2611.752;1381.24389648438;0
2613.213;1310.51733398437;0
2614.672;1296.92358398438;0
2616.13;1589.01843261719;0
2617.587;1532.02416992187;0
2619.043;1675.49682617188;0
2620.501;1487.99230957031;0
2621.957;1510.95227050781;0
2623.409;1491.48815917969;0
2624.864;1523.55346679688;0
2626.318;1552.85815429687;0
2627.771;1559.02770996094;0
2629.222;1540.60485839844;0
2630.673;1594.39489746094;0
2632.124;1614.27966308594;0
2633.575;1689.20227050781;0
2635.023;1703.46301269531;0
2636.473;1627.39953613281;0
2637.922;1520.42431640625;0
2639.368;1472.68115234375;0
2640.816;1433.75317382813;0
2642.261;1535.16430664063;0
2643.705;1253.80102539063;0
2645.151;1214.27026367188;0
2646.596;1100.75183105469;0
2648.037;1242.17700195313;0
2649.48;1148.14855957031;0
2650.923;998.353332519531;0
2652.364;1044.57763671875;0
2653.804;1035.78845214844;0
2655.243;1093.017578125;0
2656.683;1066.89685058594;0
2658.121;975.344787597656;0
2659.559;845.949340820313;0
2660.997;770.185852050781;0
2662.433;931.407409667969;0
2663.868;1117.94653320313;0
2665.305;1170.25085449219;0
2666.737;1148.54260253906;0
2668.173;1234.04443359375;0
2669.606;1180.42297363281;0
2671.038;1232.34533691406;0
2672.47;1022.11950683594;0
2673.901;828.694152832031;0
2675.331;824.130859375;0
2676.761;813.622314453125;0
2678.189;937.127319335938;0
2679.619;613.64599609375;0
2681.045;516.728454589844;0
2682.473;490.46337890625;0
2683.9;747.88720703125;0
2685.324;634.393127441406;0
2686.749;662.106811523438;0
2688.176;482.549102783203;0
2689.599;597.697631835938;0
2691.021;586.075744628906;0
2692.444;620.665466308594;0
2693.865;665.151489257813;0
2695.287;484.425354003906;0
2696.707;477.161285400391;0
2698.125;440.470092773438;0
2699.545;600.131958007813;0
2700.963;562.146667480469;0
2702.381;533.625061035156;0
2703.798;589.677856445313;0
2705.214;673.527099609375;0
2706.629;735.064758300781;0
2708.046;643.874328613281;0
2709.458;604.742980957031;0
2710.872;561.716857910156;0
2712.285;577.684997558594;0
2713.699;549.141967773438;0
2715.111;488.245819091797;0
2716.52;641.169799804688;0
2717.93;616.542419433594;0
2719.342;635.857482910156;0
2720.749;496.767395019531;0
2722.159;523.279479980469;0
2723.565;745.440185546875;0
2724.971;690.731384277344;0
2726.38;774.375854492188;0
2727.785;596.146728515625;0
2729.19;874.910888671875;0
2730.594;853.796203613281;0
2731.997;1091.47619628906;0
2733.401;1029.73181152344;0
2734.803;975.894165039063;0
2736.204;999.410583496094;0
2737.606;1032.94860839844;0
2739.005;1272.73315429688;0
2740.405;1146.31982421875;0
2741.806;1202.81616210938;0
2743.202;1138.33569335937;0
2744.602;1270.99047851563;0
2745.998;1325.67431640625;0
2747.395;1256.50549316406;0
2748.79;1192.59338378906;0
2750.185;1167.60290527344;0
2751.58;1285.42138671875;0
2752.975;1287.38439941406;0
2754.366;1247.71484375;0
2755.759;1244.43444824219;0
2757.151;1328.82006835938;0
2758.542;1304.673828125;0
2759.933;1419.73010253906;0
2761.322;1492.25439453125;0
2762.71;1534.91345214844;0
2764.1;1454.37243652344;0
2765.486;1362.32202148438;0
2766.875;1341.61340332031;0
2768.26;1266.63562011719;0
2769.646;1286.708984375;0
2771.031;1243.86828613281;0
2772.418;1298.91345214844;0
2773.799;1258.87683105469;0
2775.184;1431.33178710937;0
2776.565;1496.59375;0
2777.946;1529.77099609375;0
2779.328;1474.30029296875;0
2780.708;1472.73767089844;0
2782.09;1566.19165039063;0
2783.469;1621.77355957031;0
2784.847;1672.70593261719;0
2786.226;1669.54443359375;0
2787.603;1739.95751953125;0
2788.978;1707.83520507813;0
2790.355;1726.14831542969;0
2791.731;1511.15551757813;0
2793.104;1495.8779296875;0
2794.479;1407.24731445313;0
2795.853;1495.04040527344;0
2797.225;1489.61901855469;0
2798.596;1466.31848144531;0
2799.967;1333.69323730469;0
2801.341;1123.27185058594;0
2802.71;890.673278808594;0
2804.077;682.588562011719;0
2805.447;613.066955566406;0
2806.815;534.77783203125;0
2808.183;543.833068847656;0
2809.551;518.6845703125;0
2810.915;687.667846679688;0
2812.282;760.343811035156;0
2813.646;752.151245117188;0
2815.011;582.868041992188;0
2816.375;434.607330322266;0
2817.736;386.588562011719;0
2819.099;488.588592529297;0
2820.462;361.715881347656;0
2821.821;410.081481933594;0
2823.182;333.245544433594;0
2824.542;493.205657958984;0
2825.901;601.550903320313;0
2827.261;678.967163085938;0
2828.617;792.669006347656;0
2829.974;737.2119140625;0
2831.33;838.040344238281;0
2832.686;657.598815917969;0
2834.043;685.32763671875;0
2835.395;680.55712890625;0
2836.75;778.843322753906;0
2838.104;735.524169921875;0
2839.456;618.597839355469;0
2840.807;699.509399414063;0
2842.16;742.5888671875;0
2843.509;829.059753417969;0
2844.858;855.032531738281;0
2846.209;807.279907226563;0
2847.556;651.729858398438;0
2848.906;547.391723632813;0
2850.253;629.935424804688;0
2851.6;704.24658203125;0
2852.946;698.769409179688;0
2854.29;558.463684082031;0
2855.635;487.522216796875;0
2856.98;423.262756347656;0
2858.323;477.989501953125;0
2859.665;531.007202148438;0
2861.008;565.57373046875;0
2862.349;596.244995117188;0
2863.691;560.1318359375;0
2865.031;495.122833251953;0
2866.37;560.898620605469;0
2867.709;457.667663574219;0
2869.048;560.869567871094;0
2870.385;541.400817871094;0
2871.722;705.811584472656;0
2873.059;805.544738769531;0
2874.394;789.483642578125;0
2875.73;885.566467285156;0
2877.064;929.018005371094;0
2878.398;836.5693359375;0
2879.731;738.446411132813;0
2881.063;685.526794433594;0
2882.395;818.917419433594;0
2883.727;976.482604980469;0
2885.059;1002.35754394531;0
2886.387;1130.87243652344;0
2887.717;1066.28918457031;0
2889.046;1052.68542480469;0
2890.374;1073.50805664063;0
2891.699;1126.71704101563;0
2893.028;1162.47827148438;0
2894.354;1079.32897949219;0
2895.679;1061.20874023438;0
2897.004;1197.70031738281;0
2898.328;1204.13427734375;0
2899.653;1301.21411132813;0
2900.976;1268.06994628906;0
2902.297;1266.447265625;0
2903.619;1241.64001464844;0
2904.941;1222.11694335938;0
2906.26;1094.73474121094;0
2907.58;1085.38171386719;0
2908.898;999.167541503906;0
2910.217;1106.931640625;0
2911.536;995.437194824219;0
2912.852;1057.96325683594;0
2914.171;1049.6513671875;0
2915.485;1037.2275390625;0
2916.799;1077.70361328125;0
2918.116;1036.45812988281;0
2919.428;1100.96630859375;0
2920.743;980.671020507813;0
2922.056;1054.23803710938;0
2923.367;1133.78076171875;0
2924.679;1195.6396484375;0
2925.99;1261.32934570313;0
2927.299;1301.72875976563;0
2928.609;1414.38842773438;0
2929.918;1502.09497070312;0
2931.226;1343.95959472656;0
2932.535;1302.57763671875;0
2933.841;1104.53234863281;0
2935.149;1204.39428710938;0
2936.455;1138.41638183594;0
2937.758;1289.62658691406;0
2939.064;1266.9892578125;0
2940.368;1317.83703613281;0
2941.67;1308.94750976563;0
2942.973;1331.98742675781;0
2944.277;1411.60925292969;0
2945.577;1352.49157714844;0
2946.878;1401.19311523438;0
2948.178;1486.59582519531;0
2949.477;1552.81713867188;0
2950.776;1612.30346679688;0
2952.073;1582.61462402344;0
2953.372;1452.86328125;0
2954.669;1418.23254394531;0
2955.965;1436.77197265625;0
2957.261;1578.60510253906;0
2958.556;1518.82995605469;0
2959.849;1513.95654296875;0
2961.145;1545.17199707031;0
2962.436;1727.79113769531;0
2963.732;1616.8603515625;0
2965.022;1705.78344726562;0
2966.313;1547.81811523438;0
2967.603;1568.74011230469;0
2968.893;1491.03381347656;0
2970.182;1453.64416503906;0
2971.471;1436.0341796875;0
2972.759;1401.59753417969;0
2974.047;1406.64038085938;0
2975.334;1449.16662597656;0
2976.62;1378.80615234375;0
2977.907;1353.32055664063;0
2979.192;1213.74243164063;0
2980.475;1039.44909667969;0
2981.76;1124.49182128906;0
2983.043;1120.98803710938;0
2984.326;1240.04760742188;0
2985.607;1067.33703613281;0
2986.888;1043.12634277344;0
2988.17;985.317260742188;0
2989.449;975.518005371094;0
2990.728;932.141723632813;0
2992.007;926.462219238281;0
2993.284;819.162841796875;0
2994.562;781.878234863281;0
2995.84;689.530822753906;0
2997.115;718.564880371094;0
2998.393;653.424194335938;0
2999.666;586.3271484375;0
3000.94;534.7109375;0
3002.215;596.217407226563;0
3003.486;609.766845703125;0
3004.76;637.249755859375;0
3006.033;659.771301269531;0
3007.303;578.107116699219;0
3008.573;486.809814453125;0
3009.844;335.317535400391;0
3011.114;498.1171875;0
3012.383;519.225952148438;0
3013.649;562.492553710938;0
3014.917;381.342712402344;0
3016.185;418.332000732422;0
3017.451;371.676147460938;0
3018.716;426.417999267578;0
3019.983;338.143249511719;0
3021.246;361.215942382813;0
3022.509;368.198211669922;0
3023.774;358.428466796875;0
3025.035;382.573150634766;0
3026.299;283.521209716797;0
3027.56;294.274169921875;0
3028.819;193.516418457031;0
3030.081;104.985313415527;0
3031.339;142.984878540039;0
3032.598;154.779235839844;0
3033.856;262.817199707031;0
3035.114;261.54296875;0
3036.372;252.957534790039;0
3037.628;369.256652832031;0
3038.883;371.856018066406;0
3040.138;393.428924560547;0
3041.394;486.526336669922;0
3042.646;561.482299804688;0
3043.9;640.516174316406;0
3045.152;534.78515625;0
3046.405;525.595153808594;0
3047.657;500.923278808594;0
3048.906;638.669006347656;0
3050.158;693.045532226563;0
3051.407;808.494934082031;0
3052.656;690.902282714844;0
3053.904;773.522277832031;0
3055.153;785.334594726563;0
3056.398;817.755981445313;0
3057.647;810.125183105469;0
3058.892;844.889343261719;0
3060.137;1017.93688964844;0
3061.382;1135.71337890625;0
3062.625;1170.10766601563;0
3063.869;1130.89904785156;0
3065.112;986.625549316406;0
3066.353;937.010375976563;0
3067.595;964.203002929688;0
3068.838;1044.52966308594;0
3070.075;1234.91479492188;0
3071.317;1238.98034667969;0
3072.557;1207.73779296875;0
3073.795;1051.90173339844;0
3075.032;971.045166015625;0
3076.27;1011.62628173828;0
3077.507;1099.64953613281;0
3078.742;1168.85131835938;0
3079.978;1185.232421875;0
3081.212;1170.13171386719;0
3082.446;1216.9208984375;0
3083.681;1141.85461425781;0
3084.913;1039.04724121094;0
3086.147;1058.1484375;0
3087.38;1119.30810546875;0
3088.61;1195.98901367188;0
3089.84;1111.189453125;0
3091.071;1141.91784667969;0
3092.3;1156.24340820313;0
3093.529;1088.1357421875;0
3094.755;1020.84686279297;0
3095.984;1092.02563476563;0
3097.211;1243.61486816406;0
3098.438;1206.50366210938;0
3099.663;1242.13464355469;0
3100.888;1190.8427734375;0
3102.112;1190.0830078125;0
3103.335;987.117492675781;0
3104.56;1055.9453125;0
3105.782;1167.52380371094;0
3107.005;1273.29626464844;0
3108.226;1182.70642089844;0
3109.447;1005.97772216797;0
3110.667;986.686401367188;0
3111.887;1062.34204101563;0
3113.104;1188.63720703125;0
3114.324;1093.35546875;0
3115.541;1123.16430664063;0
3116.758;1071.29028320313;0
3117.976;1062.24719238281;0
3119.192;950.504638671875;0
3120.408;901.904724121094;0
3121.622;1019.17327880859;0
3122.835;1056.87841796875;0
3124.05;1111.31079101563;0
3125.262;1051.42419433594;0
3126.476;949.922180175781;0
3127.687;955.73193359375;0
3128.897;996.663635253906;0
3130.108;1123.04699707031;0
3131.319;1123.88269042969;0
3132.528;1183.84167480469;0
3133.737;1195.92883300781;0
3134.945;1233.59020996094;0
3136.152;1048.15930175781;0
3137.358;956.432983398438;0
3138.565;960.466979980469;0
3139.772;1035.30737304688;0
3140.976;1007.39453125;0
3142.18;938.521301269531;0
3143.385;867.624328613281;0
3144.588;925.253540039063;0
3145.79;895.47265625;0
3146.993;934.156311035156;0
3148.194;748.209228515625;0
3149.395;726.040771484375;0
3150.596;689.028442382813;0
3151.794;777.282653808594;0
3152.994;744.029907226563;0
3154.193;675.360961914063;0
3155.39;613.986755371094;0
3156.587;558.277038574219;0
3157.784;615.15966796875;0
3158.982;581.08056640625;0
3160.177;596.262329101563;0
3161.37;555.815979003906;0
3162.565;577.517333984375;0
3163.759;543.364685058594;0
3164.952;560.132202148438;0
3166.146;514.535217285156;0
3167.337;456.585357666016;0
3168.527;450.449432373047;0
3169.719;471.399291992188;0
3170.91;472.514892578125;0
3172.098;321.570770263672;0
3173.288;234.980194091797;0
3174.475;338.289978027344;0
3175.663;395.97021484375;0
3176.849;458.133666992188;0
3178.037;460.669128417969;0
3179.223;462.577545166016;0
3180.408;421.183410644531;0
3181.592;378.594451904297;0
3182.777;417.063323974609;0
3183.96;466.782135009766;0
3185.143;497.527252197266;0
3186.325;510.744262695313;0
3187.507;498.096343994141;0
3188.688;577.580871582031;0
3189.869;517.417114257813;0
3191.049;545.451049804688;0
3192.228;489.501861572266;0
3193.406;506.787048339844;0
3194.585;385.684997558594;0
3195.763;400.021118164063;0
3196.939;442.197509765625;0
3198.116;584.796875;0
3199.292;620.167114257813;0
3200.466;624.334045410156;0
3201.643;761.173461914063;0
3202.816;903.244567871094;0
3203.991;1037.43969726563;0
3205.161;1007.64764404297;0
3206.334;829.752685546875;0
3207.504;831.305969238281;0
3208.677;818.307067871094;0
3209.846;973.532165527344;0
3211.017;984.423828125;0
3212.187;1008.88018798828;0
3213.356;931.972534179688;0
3214.524;946.269714355469;0
3215.69;1012.32720947266;0
3216.859;1065.48303222656;0
3218.024;1124.32299804688;0
3219.189;1165.47631835938;0
3220.354;1086.41027832031;0
3221.519;1028.65124511719;0
3222.682;965.90478515625;0
3223.845;973.073547363281;0
3225.01;996.819885253906;0
3226.171;1094.51477050781;0
3227.332;1252.34521484375;0
3228.494;1399.58374023438;0
3229.655;1429.91943359375;0
3230.814;1445.71911621094;0
3231.973;1344.72351074219;0
3233.13;1356.48876953125;0
3234.29;1386.60961914063;0
3235.447;1422.36706542969;0
3236.605;1339.16906738281;0
3237.76;1251.93444824219;0
3238.916;1192.17138671875;0
3240.071;1262.21936035156;0
3241.224;1236.78576660156;0
3242.381;1225.64721679688;0
3243.532;1108.90710449219;0
3244.685;1140.76037597656;0
3245.839;1113.52038574219;0
3246.99;1115.49450683594;0
3248.141;1023.77777099609;0
3249.292;1077.26672363281;0
3250.439;1171.40869140625;0
3251.589;1183.6484375;0
3252.739;1167.09582519531;0
3253.886;1072.41870117188;0
3255.034;1015.83654785156;0
3256.18;1042.69946289063;0
3257.326;956.42236328125;0
3258.472;1065.67724609375;0
3259.617;978.022338867188;0
3260.761;1016.60009765625;0
3261.905;1068.37731933594;0
3263.048;1108.98767089844;0
3264.19;1189.91821289063;0
3265.333;1133.83325195313;0
3266.475;1180.09252929688;0
3267.617;1115.19738769531;0
3268.757;1045.591796875;0
3269.896;978.34326171875;0
3271.036;959.737915039063;0
3272.175;1071.88159179688;0
3273.313;1056.99670410156;0
3274.449;1101.20239257813;0
3275.586;958.717407226563;0
3276.722;1053.54919433594;0
3277.859;1080.4453125;0
3278.993;1091.87060546875;0
3280.13;962.005249023438;0
3281.263;945.726196289063;0
3282.395;963.330383300781;0
3283.529;1022.05810546875;0
3284.66;1082.33911132813;0
3285.794;1049.91223144531;0
3286.924;1066.39587402344;0
3288.054;1073.197265625;0
3289.185;1100.56713867188;0
3290.313;1071.67834472656;0
3291.443;985.835815429688;0
3292.571;1034.75402832031;0
3293.698;1034.6484375;0
3294.824;1087.9580078125;0
3295.952;1006.07659912109;0
3297.077;957.981994628906;0
3298.203;805.312622070313;0
3299.328;930.9970703125;0
3300.45;971.838928222656;0
3301.574;1092.99523925781;0
3302.698;987.085205078125;0
3303.819;1026.36376953125;0
3304.942;932.809326171875;0
3306.064;885.849426269531;0
3307.182;877.069641113281;0
3308.303;838.873291015625;0
3309.423;903.712158203125;0
3310.542;876.600280761719;0
3311.66;885.679260253906;0
3312.778;739.97021484375;0
3313.895;670.724182128906;0
3315.012;649.0732421875;0
3316.128;731.105773925781;0
3317.243;658.658630371094;0
3318.357;576.697937011719;0
3319.471;596.969604492188;0
3320.586;621.078674316406;0
3321.698;740.776916503906;0
3322.813;813.625061035156;0
3323.923;843.544067382813;0
3325.034;915.535339355469;0
3326.146;826.4091796875;0
3327.255;884.465026855469;0
3328.366;808.898254394531;0
3329.474;809.84912109375;0
3330.582;742.5966796875;0
3331.691;776.192199707031;0
3332.797;750.448181152344;0
3333.905;714.203369140625;0
3335.011;633.123962402344;0
3336.116;685.833862304687;0
3337.22;715.192993164062;0
3338.327;772.420532226563;0
3339.429;764.964477539063;0
3340.534;729.042724609375;0
3341.635;719.112243652344;0
3342.737;620.609558105469;0
3343.84;610.679016113281;0
3344.94;525.524536132813;0
3346.041;497.954650878906;0
3347.142;472.135589599609;0
3348.24;405.11083984375;0
3349.337;417.905578613281;0
3350.437;366.427978515625;0
3351.534;390.142639160156;0
3352.633;419.344146728516;0
3353.727;513.270690917969;0
3354.823;581.198364257813;0
3355.919;633.800903320313;0
3357.013;704.343994140625;0
3358.108;716.062438964844;0
3359.201;823.354797363281;0
3360.293;745.428466796875;0
3361.385;785.430114746094;0
3362.478;718.640747070313;0
3363.569;782.221923828125;0
3364.661;681.85546875;0
3365.75;697.350219726563;0
3366.838;632.916076660156;0
3367.929;668.416931152344;0
3369.017;686.032592773438;0
3370.105;765.256774902344;0
3371.193;817.181213378906;0
3372.279;784.318298339844;0
3373.364;851.828369140625;0
3374.45;875.158874511719;0
3375.534;893.035400390625;0
3376.62;927.578308105469;0
3377.704;1010.11535644531;0
3378.786;995.228820800781;0
3379.871;954.624206542969;0
3380.951;915.793518066406;0
3382.034;1008.90802001953;0
3383.114;902.246032714844;0
3384.195;904.787963867188;0
3385.276;845.655944824219;0
3386.354;963.802673339844;0
3387.433;977.823120117187;0
3388.511;1019.47845458984;0
3389.588;1009.10369873047;0
3390.664;1054.54052734375;0
3391.742;993.528686523437;0
3392.816;993.191345214844;0
3393.893;981.350952148438;0
3394.968;1099.12292480469;0
3396.042;1146.88244628906;0
3397.115;1033.90759277344;0
3398.189;901.962280273438;0
3399.262;727.477111816406;0
3400.333;765.459777832031;0
3401.404;804.675109863281;0
3402.474;874.784973144531;0
3403.545;964.704284667969;0
3404.615;1007.70501708984;0
3405.685;1036.94982910156;0
3406.752;1010.65148925781;0
3407.82;1036.8994140625;0
3408.888;1100.27209472656;0
3409.955;1049.59033203125;0
3411.021;992.513000488281;0
3412.085;1003.38507080078;0
3413.151;987.952087402344;0
3414.215;936.445495605469;0
3415.279;899.1904296875;0
3416.343;962.782287597656;0
3417.406;1056.11303710937;0
3418.468;1122.42053222656;0
3419.53;1052.10534667969;0
3420.592;978.989624023438;0
3421.652;979.011474609375;0
3422.712;1007.2451171875;0
3423.773;964.6064453125;0
3424.83;913.297485351563;0
3425.889;904.280639648438;0
3426.946;973.252685546875;0
3428.005;1000.76342773438;0
3429.061;1060.15966796875;0
3430.117;1071.50354003906;0
3431.172;991.387573242188;0
3432.227;885.74169921875;0
3433.281;845.153686523438;0
3434.335;858.770324707031;0
3435.389;879.559875488281;0
3436.44;878.076843261719;0
3437.492;802.604125976563;0
3438.546;822.1875;0
3439.598;769.430786132813;0
3440.646;723.113098144531;0
3441.697;662.763427734375;0
3442.745;675.927185058594;0
3443.793;812.708068847656;0
3444.842;907.816772460938;0
3445.891;980.173767089844;0
3446.937;951.542541503906;0
3447.984;933.581848144531;0
3449.031;861.573669433594;0
3450.075;934.847351074219;0
3451.12;959.62109375;0
3452.164;1055.54626464844;0
3453.207;962.363098144531;0
3454.251;913.245483398438;0
3455.293;837.006896972656;0
3456.336;878.386352539063;0
3457.378;863.105895996094;0
3458.417;943.824401855469;0
3459.458;877.681579589844;0
3460.498;898.210632324219;0
3461.539;858.979675292969;0
3462.577;880.39794921875;0
3463.614;810.785827636719;0
3464.651;790.432250976562;0
3465.689;791.966430664062;0
3466.726;868.975769042969;0
3467.763;789.314758300781;0
3468.798;701.953308105469;0
3469.831;692.635681152344;0
3470.866;741.121704101563;0
3471.9;827.535278320313;0
3472.933;692.248413085938;0
3473.966;640.460144042969;0
3474.999;666.184631347656;0
3476.029;819.171875;0
3477.061;861.788757324219;0
3478.09;794.351989746094;0
3479.121;736.054016113281;0
3480.15;724.03466796875;0
3481.178;701.629821777344;0
3482.205;750.883666992187;0
3483.234;785.253295898438;0
3484.26;789.595031738281;0
3485.288;701.48193359375;0
3486.313;653.550720214844;0
3487.337;648.057434082031;0
3488.364;666.524597167969;0
3489.387;736.096374511719;0
3490.411;761.106018066406;0
3491.434;743.993591308594;0
3492.456;731.224487304688;0
3493.479;591.096801757812;0
3494.5;565.387756347656;0
3495.521;370.864532470703;0
3496.543;373.064727783203;0
3497.561;285.943725585938;0
3498.579;260.10433959961;0
3499.6;173.453048706055;0
3500.618;54.2652587890625;0
3501.636;-62.0225296020508;0
3502.653;-25.9475193023682;0
3503.669;-16.1143856048584;0
3504.685;57.1459426879883;0
3505.699;-23.7744483947754;0
3506.716;-48.2947959899902;0
3507.729;-124.779556274414;0
3508.743;-146.52604675293;0
3509.755;-76.9791641235352;0
