98.64605;0;0
101.2353;0;0
103.8217;0;0
106.4096;1.96296298503876;0
108.9945;23.2444438934326;0
111.5767;8.63492107391357;0
114.1602;12.2469139099121;0
116.7409;-12.7272729873657;0
119.3209;-8.73504257202148;0
121.9002;-75.7037048339844;0
124.4788;-101.954246520996;0
127.0566;-97.4502944946289;0
129.6317;-117.878303527832;0
132.2038;-37.6425132751465;0
134.7796;-10.0533332824707;0
137.3503;115.006904602051;0
139.9204;126.859596252441;0
142.4919;358.832824707031;0
145.0584;509.701538085938;0
147.6242;689.737609863281;0
150.1914;777.214294433594;0
152.7579;815.607849121094;0
155.3216;653.277404785156;0
157.8846;694.062927246094;0
160.4448;753.902099609375;0
163.0085;993.320007324219;0
165.5672;1017.90100097656;0
168.1232;963.569396972656;0
170.6826;876.235534667969;0
173.2372;986.424072265625;0
175.7931;1195.53942871094;0
178.3463;1406.01831054688;0
180.8966;1434.7734375;0
183.4504;1515.97497558594;0
185.9993;1550.54187011719;0
188.5476;1577.55871582031;0
191.0972;1592.4833984375;0
193.644;1637.13500976562;0
196.1859;1655.23107910156;0
198.7335;1621.51354980469;0
201.2761;1603.15197753906;0
203.8201;1640.48718261719;0
206.3593;1642.17651367188;0
208.8998;1692.86010742188;0
211.4397;1665.68872070313;0
213.9746;1734.30078125;0
216.5109;1817.07104492188;0
219.0487;2060.50048828125;0
221.5816;2199.20483398438;0
224.1158;2282.53051757813;0
226.6473;2219.38549804688;0
229.176;2171.91284179688;0
231.7082;2241.92407226563;0
234.2355;2301.26879882813;0
236.7643;2366.8037109375;0
239.2902;2266.49853515625;0
241.8133;2277.58129882812;0
244.3379;2179.25463867188;0
246.8618;2218.51806640625;0
249.3828;2095.81616210937;0
251.9053;2204.77856445313;0
254.423;2129.01953125;0
256.942;2172.54858398438;0
259.4603;2168.08740234375;0
261.9759;2181.177734375;0
264.4887;2197.99877929688;0
267.005;2225.68432617188;0
269.5164;2271.18139648438;0
272.0292;2355.42993164063;0
274.5393;2539.650390625;0
277.0466;2602.82543945313;0
279.5574;2562.42993164062;0
282.0654;2444.95361328125;0
284.5686;2388.84057617188;0
287.0752;2481.58813476563;0
289.5791;2415.861328125;0
292.0803;2472.42260742187;0
294.5828;2321.912109375;0
297.0826;2366.77856445312;0
299.5838;2245.86694335937;0
302.0801;2180.6220703125;0
304.5758;2037.71069335937;0
307.0749;2063.28125;0
309.5672;2035.78979492188;0
312.0608;1946.34716796875;0
314.5558;1848.40368652344;0
317.044;1863.76416015625;0
319.5377;1884.76586914063;0
322.0266;1861.60266113281;0
324.5127;1909.22595214844;0
327.0023;2041.14685058594;0
329.4871;2191.40673828125;0
331.9691;2269.77783203125;0
334.4547;2300.59521484375;0
336.9353;2330.95483398438;0
339.4174;2327.6591796875;0
341.901;2371.96240234375;0
344.3776;2497.32397460938;0
346.8577;2508.365234375;0
349.333;2552.19409179687;0
351.8076;2479.97998046875;0
354.2857;2513.7763671875;0
356.7569;2336.35913085937;0
359.2296;2213.2880859375;0
361.7015;1983.17468261719;0
364.1729;2001.02258300781;0
366.6414;1938.24792480469;0
369.1093;2010.77380371094;0
371.5745;2057.65063476563;0
374.0432;1998.85400390625;0
376.507;2070.39697265625;0
378.9702;1938.12487792969;0
381.4348;1866.05029296875;0
383.8947;1832.95678710937;0
386.3538;1888.45825195312;0
388.8144;1993.26428222656;0
391.2722;1980.17260742188;0
393.7314;1985.58093261719;0
396.1859;2018.92980957031;0
398.6418;2159.81494140625;0
401.0949;2336.86987304687;0
403.5475;2214.80932617188;0
405.9972;2104.20703125;0
408.4505;1952.76672363281;0
410.899;2216.51147460938;0
413.3468;2336.00927734375;0
415.796;2470.54223632813;0
418.2405;2492.41357421875;0
420.6884;2510.72192382813;0
423.1295;2423.0615234375;0
425.572;2335.3466796875;0
428.0159;2221.923828125;0
430.455;2256.50390625;0
432.8956;2236.294921875;0
435.3335;2271.154296875;0
437.7707;2133.8759765625;0
440.2093;2065.49267578125;0
442.6432;1976.84191894531;0
445.0764;2068.8349609375;0
447.511;1974.11694335937;0
449.9429;1982.86352539063;0
452.3721;1922.25427246094;0
454.8048;1921.21752929688;0
457.2328;1889.6943359375;0
459.66;1931.27416992188;0
462.0847;2015.58129882813;0
464.5127;2094.283203125;0
466.9381;2219.93359375;0
469.3587;2378.30541992188;0
471.7807;2529.61279296875;0
474.2042;2554.57495117187;0
476.6229;2566.37182617187;0
479.041;2457.49877929688;0
481.4604;2373.07739257813;0
483.8752;2265.3857421875;0
486.2934;2329.38696289063;0
488.7068;2295.90063476563;0
491.1197;2330.56567382813;0
493.5339;2221.01391601563;0
495.9435;2121.91796875;0
498.3544;2034.06323242187;0
500.7667;2028.32775878906;0
503.1723;2078.26171875;0
505.5793;1985.52392578125;0
507.9856;1809.52600097656;0
510.3913;1596.34033203125;0
512.7944;1490.32995605469;0
515.1968;1468.17761230469;0
517.5986;1562.87512207031;0
519.9997;1788.60046386719;0
522.3982;1838.88256835937;0
524.798;1695.59875488281;0
527.1973;1481.7763671875;0
529.5919;1534.53393554688;0
531.9899;1610.43774414062;0
534.3832;1850.74560546875;0
536.7758;1874.56860351563;0
539.1699;1984.30358886719;0
541.5593;1780.64465332031;0
543.9481;1721.11730957031;0
546.3382;1708.99206542969;0
548.7257;1797.07800292969;0
551.1146;1825.32116699219;0
553.4968;1972.09765625;0
555.8824;2083.82470703125;0
558.2675;2175.26611328125;0
560.6478;2164.79638671875;0
563.0295;2147.06372070312;0
565.4106;2118.06640625;0
567.7911;2096.80590820313;0
570.169;2030.27258300781;0
572.5462;1856.75634765625;0
574.9229;1858.7421875;0
577.2968;1736.23022460938;0
579.6721;1895.10583496094;0
582.0449;1717.36853027344;0
584.417;1604.79614257813;0
586.7885;1498.46899414063;0
589.1553;1536.06494140625;0
591.5255;1673.81384277344;0
593.8931;1524.78198242187;0
596.2601;1490.68725585938;0
598.6265;1395.38464355469;0
600.9902;1429.84057617188;0
603.3554;1401.19018554688;0
605.7179;1387.54272460937;0
608.0778;1367.82275390625;0
610.4391;1264.20288085938;0
612.7977;1299.35229492188;0
615.1558;1382.53955078125;0
617.5132;1614.80737304688;0
619.8701;1688.26635742187;0
622.2263;1647.21850585938;0
624.5779;1679.81274414062;0
626.9308;1784.76330566406;0
629.2852;2006.61242675781;0
631.6349;2124.89111328125;0
633.9841;2329.62255859375;0
636.3326;2398.19995117187;0
638.6805;2361.48779296875;0
641.0279;2179.04345703125;0
643.3746;2282.67431640625;0
645.7187;2437.2373046875;0
648.0621;2451.72192382813;0
650.405;2285.57421875;0
652.7453;2227.90600585937;0
655.087;2236.92602539063;0
657.426;2208.74853515625;0
659.7645;2145.564453125;0
662.1024;2028.96813964844;0
664.4376;1831.41381835938;0
666.7742;1740.91137695312;0
669.1063;1587.88427734375;0
671.4398;1741.39172363281;0
673.7726;1658.09716796875;0
676.1048;1713.55078125;0
678.4324;1671.54089355469;0
680.7635;1674.10705566406;0
683.0919;1732.70935058594;0
685.4158;1644.15283203125;0
687.743;1593.1416015625;0
690.0696;1588.90161132813;0
692.3937;1722.99401855469;0
694.7151;1661.44067382813;0
697.038;1789.09765625;0
699.3583;1733.27197265625;0
701.6779;1876.99108886719;0
703.995;1818.12084960937;0
706.3155;1840.44226074219;0
708.6294;1866.70385742187;0
710.9467;1946.72619628906;0
713.2594;2095.2744140625;0
715.5735;1829.45715332031;0
717.887;1704.27429199219;0
720.1979;1660.27978515625;0
722.5083;2056.79711914062;0
724.818;2101.81665039063;0
727.1252;1991.48779296875;0
729.4357;1855.43432617188;0
731.7418;1818.57873535156;0
734.0452;1970.892578125;0
736.35;1969.23754882812;0
738.6522;1946.49914550781;0
740.9539;1810.35754394531;0
743.2569;1732.10961914063;0
745.5554;1770.68688964844;0
747.8553;1696.53015136719;0
750.1545;1721.23864746094;0
752.4513;1696.10827636719;0
754.7474;1550.08740234375;0
757.043;1439.72924804688;0
759.336;1468.95043945312;0
761.6304;1526.92456054687;0
763.9222;1463.37976074219;0
766.2114;1095.88439941406;0
768.5041;1066.46215820313;0
770.7922;979.8642578125;0
773.0777;1167.05883789062;0
775.3647;1172.15869140625;0
777.651;1369.32067871094;0
779.9368;1320.68273925781;0
782.22;1396.40734863281;0
784.5026;1316.14111328125;0
786.7847;1423.40515136719;0
789.0662;1315.22595214844;0
791.3451;1395.62219238281;0
793.6254;1464.46472167969;0
795.9012;1694.70141601563;0
798.1784;1796.74719238281;0
800.455;1895.28625488281;0
802.7291;1949.24328613281;0
805.0026;1828.88330078125;0
807.2755;1888.34448242188;0
809.5478;1722.27600097656;0
811.8176;1818.35620117188;0
814.0869;1951.75439453125;0
816.3535;2229.49560546875;0
818.6235;2329.12817382813;0
820.8911;2209.55322265625;0
823.156;2116.68872070313;0
825.4204;2119.7998046875;0
827.6823;2081.11010742188;0
829.9474;2077.6337890625;0
832.2082;1935.33337402344;0
834.4683;1872.9140625;0
836.7279;1788.25061035156;0
838.9869;1915.74255371094;0
841.2453;1858.66198730469;0
843.5012;1991.16174316406;0
845.7565;1916.28723144531;0
848.0133;2015.05200195313;0
850.2655;1918.78137207031;0
852.5153;1882.47570800781;0
854.7703;1914.35754394531;0
857.0189;1753.43664550781;0
859.2668;1711.38488769531;0
861.5182;1494.31335449219;0
863.7651;1653.0654296875;0
866.0114;1680.21179199219;0
868.2592;1541.89416503906;0
870.5024;1417.36560058594;0
872.7451;1354.84814453125;0
874.9872;1522.46545410156;0
877.2307;1519.7490234375;0
879.4717;1433.57763671875;0
881.7101;1357.05834960938;0
883.95;1365.24499511719;0
886.1854;1471.638671875;0
888.4202;1483.24816894531;0
890.6604;1474.18859863281;0
892.8941;1351.01977539063;0
895.1253;1517.22680664062;0
897.3599;1631.23706054687;0
899.59;1618.72338867187;0
901.8195;1322.58459472656;0
904.0504;1205.82214355469;0
906.2789;1322.6259765625;0
908.5087;1608.05883789062;0
910.7341;1672.48645019531;0
912.9589;1671.51672363281;0
915.1851;1670.46801757812;0
917.4088;1718.13342285156;0
919.63;1562.53845214844;0
921.8526;1171.19909667969;0
924.0727;1203.16320800781;0
926.2922;1443.85083007813;0
928.5112;1815.05517578125;0
930.7277;1608.47875976563;0
932.9476;1385.21203613281;0
935.163;1334.65954589844;0
937.3739;1214.00109863281;0
939.5901;1345.67895507812;0
941.8019;1222.79016113281;0
944.0151;1354.9404296875;0
946.2258;1128.90515136719;0
948.4341;972.149108886719;0
950.6456;938.890258789063;0
952.8527;901.614501953125;0
955.0593;968.337707519531;0
957.2653;714.737487792969;0
959.4689;703.102966308594;0
961.6738;703.105224609375;0
963.8782;714.193542480469;0
966.0782;875.971862792969;0
968.2815;948.54736328125;0
970.4803;1077.06201171875;0
972.6787;916.464965820313;0
974.8784;810.3076171875;0
977.0757;753.156982421875;0
979.2704;716.642700195313;0
981.4667;840.837707519531;0
983.6603;1068.95263671875;0
985.8535;1262.75183105469;0
988.0461;1243.80029296875;0
990.2363;1165.54711914063;0
992.4297;1433.19116210938;0
994.6169;1710.67919921875;0
996.8035;2028.71020507813;0
998.9933;2176.30810546875;0
1001.179;2198.15307617187;0
1003.364;2062.68896484375;0
1005.55;1929.67492675781;0
1007.732;1993.67895507812;0
1009.916;2075.87182617188;0
1012.096;2162.67138671875;0
1014.275;1987.76745605469;0
1016.459;1942.361328125;0
1018.636;1926.96606445313;0
1020.813;2093.45092773438;0
1022.991;2179.48999023438;0
1025.165;2158.26831054688;0
1027.34;2043.9140625;0
1029.515;2004.52709960938;0
1031.687;1794.54187011719;0
1033.859;1869.7265625;0
1036.03;1820.10278320313;0
1038.199;1831.19104003906;0
1040.369;1661.14184570313;0
1042.536;1756.99145507812;0
1044.704;1788.92370605469;0
1046.87;1810.60827636719;0
1049.034;1599.71032714844;0
1051.198;1533.12731933594;0
1053.363;1497.20495605469;0
1055.526;1594.52575683594;0
1057.686;1616.07690429687;0
1059.845;1598.41711425781;0
1062.005;1369.21667480469;0
1064.165;1266.03088378906;0
1066.323;1318.29736328125;0
1068.477;1256.11840820313;0
1070.634;1354.16455078125;0
1072.788;1040.10656738281;0
1074.942;1101.7646484375;0
1077.096;1102.65270996094;0
1079.247;1522.41455078125;0
1081.397;1754.16186523438;0
1083.547;1849.82104492187;0
1085.695;1632.05236816406;0
1087.844;1521.99536132813;0
1089.992;1306.306640625;0
1092.138;1269.48022460937;0
1094.284;1336.48254394531;0
1096.425;1543.90026855469;0
1098.571;1642.6796875;0
1100.711;1690.68896484375;0
1102.851;1697.16235351562;0
1104.994;1885.92358398437;0
1107.132;1792.52380371094;0
1109.271;1782.99389648438;0
1111.408;1676.02734375;0
1113.543;1842.07348632812;0
1115.682;1876.00988769531;0
1117.816;1741.513671875;0
1119.947;1685.27612304688;0
1122.08;1695.25805664063;0
1124.213;1869.18615722656;0
1126.343;1859.59350585938;0
1128.474;1695.685546875;0
1130.602;1479.58081054687;0
1132.728;1477.87963867188;0
1134.856;1524.84265136719;0
1136.982;1494.537109375;0
1139.109;1445.12255859375;0
1141.234;1614.01184082031;0
1143.356;1750.07653808594;0
1145.479;1789.51257324219;0
1147.599;1664.55822753906;0
1149.719;1678.7626953125;0
1151.839;1755.12658691406;0
1153.957;1784.76086425781;0
1156.076;1659.44836425781;0
1158.191;1350.52233886719;0
1160.305;1317.54382324219;0
1162.423;1364.92541503906;0
1164.536;1521.86755371094;0
1166.647;1274.19128417969;0
1168.761;1359.94714355469;0
1170.871;1409.68603515625;0
1172.983;1607.46484375;0
1175.092;1771.11059570313;0
1177.2;1777.50708007813;0
1179.306;1813.76733398438;0
1181.413;1761.98400878906;0
1183.518;1854.57543945313;0
1185.623;1783.51782226563;0
1187.725;1650.80798339844;0
1189.826;1609.33264160156;0
1191.929;1725.08642578125;0
1194.032;1845.51635742188;0
1196.13;1600.73168945312;0
1198.23;1638.92663574219;0
1200.327;1735.66870117187;0
1202.423;1873.27844238281;0
1204.52;1882.91162109375;0
1206.613;1591.45581054688;0
1208.71;1779.82153320313;0
1210.801;1886.46850585937;0
1212.892;2096.54956054687;0
1214.987;1987.951171875;0
1217.075;1997.62487792969;0
1219.166;1857.55883789063;0
1221.256;1938.19958496094;0
1223.342;1762.16491699219;0
1225.43;1909.62121582031;0
1227.515;1785.18359375;0
1229.597;1886.85034179687;0
1231.685;1923.33508300781;0
1233.767;1975.39599609375;0
1235.85;1986.02429199219;0
1237.931;1927.67297363281;0
1240.009;1847.78845214844;0
1242.09;1614.705078125;0
1244.168;1559.5419921875;0
1246.245;1509.89477539063;0
1248.321;1680.52099609375;0
1250.397;1567.19641113281;0
1252.472;1762.61242675781;0
1254.547;1477.62573242188;0
1256.618;1541.77746582031;0
1258.69;1389.56884765625;0
1260.761;1628.30944824219;0
1262.83;1674.93322753906;0
1264.901;1697.486328125;0
1266.969;1708.80908203125;0
1269.035;1562.30187988281;0
1271.102;1705.61901855469;0
1273.167;1569.10217285156;0
1275.233;1785.92956542969;0
1277.295;1741.25231933594;0
1279.359;1924.84057617188;0
1281.42;1656.14013671875;0
1283.482;1595.04309082031;0
1285.542;1402.45104980469;0
1287.6;1582.15222167969;0
1289.659;1458.22216796875;0
1291.714;1550.58166503906;0
1293.774;1634.56396484375;0
1295.828;1730.90576171875;0
1297.881;1756.83666992188;0
1299.936;1716.81518554688;0
1301.987;1778.56384277344;0
1304.041;1913.59851074219;0
1306.09;1809.44970703125;0
1308.139;1698.35998535156;0
1310.19;1658.36877441406;0
1312.238;1856.44409179688;0
1314.286;1899.02587890625;0
1316.331;1908.8388671875;0
1318.376;1992.82177734375;0
1320.422;2003.79577636719;0
1322.466;1935.03051757812;0
1324.508;1922.59838867187;0
1326.549;1979.4853515625;0
1328.59;1928.8037109375;0
1330.632;1770.1591796875;0
1332.67;1880.20300292969;0
1334.707;2026.89331054688;0
1336.746;2162.78930664062;0
1338.78;2127.77661132812;0
1340.816;2073.97314453125;0
1342.852;1598.80053710937;0
1344.885;1396.95776367188;0
1346.916;1248.52075195313;0
1348.948;1560.40026855469;0
1350.979;1596.0205078125;0
1353.011;1537.044921875;0
1355.04;1565.953125;0
1357.066;1533.96862792969;0
1359.094;1738.53674316406;0
1361.121;1593.76831054688;0
1363.145;1729.98522949219;0
1365.171;1471.84375;0
1367.192;1347.21923828125;0
1369.216;1155.21655273437;0
1371.239;1267.72644042969;0
1373.258;1396.05773925781;0
1375.28;1290.9033203125;0
1377.298;1069.90356445313;0
1379.316;881.965270996094;0
1381.335;946.240051269531;0
1383.35;1003.94879150391;0
1385.366;1068.18493652344;0
1387.38;938.936950683594;0
1389.394;919.827392578125;0
1391.409;1055.35217285156;0
1393.42;992.82861328125;0
1395.43;1161.52600097656;0
1397.44;1072.0712890625;0
1399.451;1241.91613769531;0
1401.458;1032.28234863281;0
1403.466;805.167419433594;0
1405.472;729.11767578125;0
1407.478;792.197265625;0
1409.483;992.666442871094;0
1411.486;1120.13647460937;0
1413.49;1292.49694824219;0
1415.492;1365.25561523437;0
1417.492;1364.7119140625;0
1419.495;1321.98706054687;0
1421.494;1290.91137695313;0
1423.492;1326.98840332031;0
1425.49;1340.84167480469;0
1427.487;1511.24133300781;0
1429.482;1530.97985839844;0
1431.477;1629.10522460938;0
1433.471;1581.43371582031;0
1435.466;1652.9052734375;0
1437.456;1578.25964355469;0
1439.447;1551.63562011719;0
1441.441;1581.22729492188;0
1443.427;1737.93737792969;0
1445.417;1855.39233398438;0
1447.406;1938.93420410156;0
1449.392;1889.23559570313;0
1451.381;1827.74816894531;0
1453.365;1709.4716796875;0
1455.348;1517.62780761719;0
1457.333;1447.21215820312;0
1459.314;1515.32641601563;0
1461.296;1590.85375976563;0
1463.276;1438.23937988281;0
1465.256;1159.703125;0
1467.237;1155.35986328125;0
1469.215;1356.53649902344;0
1471.19;1453.96411132813;0
1473.167;1461.80578613281;0
1475.145;1442.8310546875;0
1477.118;1517.26159667969;0
1479.092;1519.20849609375;0
1481.065;1423.00512695313;0
1483.038;1383.31665039063;0
1485.008;1307.92651367187;0
1486.979;1394.94592285156;0
1488.949;1296.04174804687;0
1490.917;1328.76965332031;0
1492.883;1331.794921875;0
1494.852;1266.33630371094;0
1496.817;1326.29577636719;0
1498.782;1297.75695800781;0
1500.748;1397.76794433594;0
1502.708;1304.14599609375;0
1504.673;1145.81945800781;0
1506.634;994.602416992188;0
1508.594;755.122192382813;0
1510.554;924.681457519531;0
1512.512;1094.37622070313;0
1514.471;1457.29223632812;0
1516.428;1325.06298828125;0
1518.384;1412.46252441406;0
1520.34;1119.27111816406;0
1522.294;1173.27978515625;0
1524.249;942.427062988281;0
1526.202;1124.28869628906;0
1528.153;962.633422851562;0
1530.103;1180.95361328125;0
1532.054;955.174499511719;0
1534.004;1086.61206054688;0
1535.951;1170.69641113281;0
1537.899;1335.68505859375;0
1539.847;1384.9228515625;0
1541.793;1025.22412109375;0
1543.738;919.595825195313;0
1545.681;773.659851074219;0
1547.625;678.182922363281;0
1549.566;651.358947753906;0
1551.509;626.305236816406;0
1553.45;856.451965332031;0
1555.389;992.974426269532;0
1557.33;829.907897949219;0
1559.266;825.110168457031;0
1561.204;848.396606445313;0
1563.141;1024.20300292969;0
1565.074;921.078857421875;0
1567.009;788.680419921875;0
1568.943;867.896545410156;0
1570.877;962.838317871093;0
1572.808;858.394653320313;0
1574.741;700.676330566406;0
1576.67;601.349975585938;0
1578.6;683.6435546875;0
1580.528;822.450439453125;0
1582.455;771.333251953125;0
1584.382;776.612426757813;0
1586.307;639.445617675781;0
1588.234;764.558837890625;0
1590.157;812.729858398438;0
1592.081;923.514282226563;0
1594.002;771.911987304688;0
1595.927;615.145324707031;0
1597.845;508.547515869141;0
1599.767;533.557373046875;0
1601.685;523.95263671875;0
1603.602;547.732971191406;0
1605.523;430.453887939453;0
1607.438;674.943664550781;0
1609.354;720.373657226563;0
1611.269;964.737060546875;0
1613.181;710.478149414063;0
1615.096;661.70703125;0
1617.008;403.201477050781;0
1618.92;591.316467285156;0
1620.83;665.372131347656;0
1622.74;925.5908203125;0
1624.649;763.451416015625;0
1626.557;473.302398681641;0
1628.464;336.280181884766;0
1630.37;480.392547607422;0
1632.275;723.342224121094;0
1634.18;802.18017578125;0
1636.085;792.323974609375;0
1637.988;894.816162109375;0
1639.888;824.086120605469;0
1641.791;807.838928222656;0
1643.691;850.128845214844;0
1645.588;906.166015625;0
1647.489;1048.02453613281;0
1649.387;983.051696777344;0
1651.284;1071.91442871094;0
1653.18;934.392150878906;0
1655.075;963.159118652344;0
1656.972;1052.103515625;0
1658.864;1261.11120605469;0
1660.754;1306.84558105469;0
1662.65;1245.30932617188;0
1664.539;1060.17126464844;0
1666.428;1077.32287597656;0
1668.32;1021.09899902344;0
1670.207;1097.50073242188;0
1672.096;869.417114257813;0
1673.982;877.959228515625;0
1675.867;882.127014160156;0
1677.754;1017.6982421875;0
1679.638;977.23193359375;0
1681.52;887.505859375;0
1683.403;833.853332519531;0
1685.285;621.274353027344;0
1687.166;573.768920898438;0
1689.048;610.559326171875;0
1690.924;815.523986816406;0
1692.804;895.882690429688;0
1694.682;791.202026367188;0
1696.558;816.150634765625;0
1698.435;686.617492675781;0
1700.308;615.602600097656;0
1702.184;520.217041015625;0
1704.057;607.460815429688;0
1705.929;541.333984375;0
1707.801;546.280883789063;0
1709.674;453.190490722656;0
1711.542;693.95166015625;0
1713.412;753.008850097656;0
1715.28;678.362060546875;0
1717.145;558.122375488281;0
1719.015;491.238952636719;0
1720.88;445.537322998047;0
1722.746;275.008972167969;0
1724.61;234.313415527344;0
1726.471;329.846771240234;0
1728.334;442.749359130859;0
1730.197;425.133514404297;0
1732.057;425.123992919922;0
1733.919;387.394805908203;0
1735.777;420.427856445313;0
1737.634;410.9189453125;0
1739.493;521.1796875;0
1741.349;466.866455078125;0
1743.205;520.198547363281;0
1745.061;489.980651855469;0
1746.915;598.632995605469;0
1748.77;770.939147949219;0
1750.621;737.070068359375;0
1752.473;644.266845703125;0
1754.323;491.247711181641;0
1756.173;515.688598632813;0
1758.022;596.959655761719;0
1759.87;516.376098632813;0
1761.718;422.713226318359;0
1763.566;438.527557373047;0
1765.411;473.424560546875;0
1767.256;467.859527587891;0
1769.101;517.687744140625;0
1770.945;587.952453613281;0
1772.787;857.721923828125;0
1774.629;758.072998046875;0
1776.469;810.449829101563;0
1778.309;708.294494628906;0
1780.15;795.047180175781;0
1781.987;713.819030761719;0
1783.826;539.387817382813;0
1785.662;667.514282226563;0
1787.498;723.554443359375;0
1789.334;815.73046875;0
1791.169;715.931274414063;0
1793.002;655.267883300781;0
1794.834;753.07373046875;0
1796.667;835.904296875;0
1798.498;1019.87451171875;0
1800.328;1099.87365722656;0
1802.157;958.89990234375;0
1803.986;995.280212402344;0
1805.813;1007.67913818359;0
1807.639;1224.09680175781;0
1809.467;1226.31079101563;0
1811.292;1198.87683105469;0
1813.117;1117.68371582031;0
1814.94;1136.28698730469;0
1816.763;1172.68664550781;0
1818.585;1108.32727050781;0
1820.407;829.208740234375;0
1822.227;724.553283691406;0
1824.048;738.583129882813;0
1825.865;812.634765625;0
1827.683;669.930358886719;0
1829.501;585.028686523438;0
1831.317;475.712219238281;0
1833.135;608.984741210938;0
1834.948;294.00537109375;0
1836.761;382.190734863281;0
1838.577;406.633087158203;0
1840.388;725.110229492188;0
1842.198;728.281555175781;0
1844.009;708.109436035156;0
1845.819;680.00927734375;0
1847.629;538.564147949219;0
1849.436;401.597137451172;0
1851.244;247.415054321289;0
1853.052;341.9404296875;0
1854.858;360.11181640625;0
1856.661;354.4365234375;0
1858.466;403.359130859375;0
1860.269;327.104095458984;0
1862.073;489.11865234375;0
1863.875;360.182556152344;0
1865.673;349.184722900391;0
1867.476;215.01399230957;0
1869.275;132.448181152344;0
1871.072;317.125701904297;0
1872.872;473.125640869141;0
1874.667;437.549682617188;0
1876.464;360.871490478516;0
1878.26;424.158843994141;0
1880.053;470.341125488281;0
1881.849;407.563690185547;0
1883.64;347.27099609375;0
1885.431;433.685241699219;0
1887.226;594.698303222656;0
1889.014;345.976898193359;0
1890.803;477.187622070313;0
1892.594;413.791900634766;0
1894.38;740.207092285156;0
1896.167;695.097351074219;0
1897.955;674.573791503906;0
1899.74;545.080871582031;0
1901.526;482.62060546875;0
1903.309;478.637512207031;0
1905.091;475.796966552734;0
1906.876;475.987609863281;0
1908.658;361.435089111328;0
1910.438;403.472869873047;0
1912.217;444.100952148438;0
1913.996;452.208251953125;0
1915.775;381.128082275391;0
1917.553;328.860443115234;0
1919.33;376.628967285156;0
1921.106;341.989227294922;0
1922.881;302.388519287109;0
1924.655;411.604644775391;0
1926.431;394.859771728516;0
1928.202;286.153930664063;0
1929.974;58.7093734741211;0
1931.746;140.568145751953;0
1933.516;266.018371582031;0
1935.286;391.409423828125;0
1937.055;420.169708251953;0
1938.823;577.531188964844;0
1940.592;495.275909423828;0
1942.356;481.180389404297;0
1944.122;460.355712890625;0
1945.888;605.135803222656;0
1947.651;594.300231933594;0
1949.416;384.071472167969;0
1951.178;306.119354248047;0
1952.939;353.536926269531;0
1954.699;541.360717773438;0
1956.459;720.110656738281;0
1958.219;626.788635253906;0
1959.979;707.83642578125;0
1961.735;751.143249511719;0
1963.491;908.819946289063;0
1965.249;732.975402832031;0
1967.003;784.835266113281;0
1968.761;773.84716796875;0
1970.512;974.237548828125;0
1972.265;979.339782714844;0
1974.018;970.043640136719;0
1975.769;841.153991699219;0
1977.522;737.978942871094;0
1979.271;654.854064941406;0
1981.018;605.448913574219;0
1982.766;320.542572021484;0
1984.516;295.579467773438;0
1986.261;273.781860351563;0
1988.009;423.565887451172;0
1989.754;529.404296875;0
1991.498;504.519256591797;0
1993.241;609.8037109375;0
1994.984;466.013427734375;0
1996.727;382.843688964844;0
1998.468;320.521270751953;0
2000.206;339.381988525391;0
2001.946;479.870330810547;0
2003.686;556.541809082031;0
2005.424;518.283264160156;0
2007.161;635.983520507813;0
2008.898;627.973510742188;0
2010.634;782.147216796875;0
2012.369;679.056762695313;0
2014.103;580.257568359375;0
2015.836;554.082946777344;0
2017.57;675.978698730469;0
2019.299;743.394653320312;0
2021.032;582.110961914063;0
2022.762;462.792877197266;0
2024.491;422.773742675781;0
2026.221;546.606262207031;0
2027.947;513.068115234375;0
2029.676;526.826110839844;0
2031.403;623.213500976563;0
2033.128;555.008056640625;0
2034.852;613.164611816406;0
2036.577;535.39501953125;0
2038.299;742.130798339844;0
2040.022;661.054626464844;0
2041.744;340.936767578125;0
2043.465;253.217330932617;0
2045.184;262.562957763672;0
2046.903;525.42333984375;0
2048.621;544.799255371094;0
2050.339;575.690490722656;0
2052.057;512.207885742188;0
2053.774;449.014923095703;0
2055.488;278.346069335938;0
2057.203;331.488647460938;0
2058.917;376.480712890625;0
2060.631;494.545074462891;0
2062.344;492.905517578125;0
2064.053;456.117401123047;0
2065.765;488.291839599609;0
2067.476;577.873291015625;0
2069.185;638.300048828125;0
2070.892;656.456481933594;0
2072.6;694.345825195313;0
2074.308;686.414672851563;0
2076.014;592.778198242188;0
2077.72;558.434692382813;0
2079.425;499.71728515625;0
2081.13;500.512725830078;0
2082.833;377.151336669922;0
2084.532;414.187408447266;0
2086.236;387.402404785156;0
2087.936;356.470581054688;0
2089.635;368.864593505859;0
2091.335;376.445129394531;0
2093.034;348.434387207031;0
2094.731;166.60612487793;0
2096.427;292.926818847656;0
2098.124;582.172912597656;0
2099.82;935.372619628906;0
2101.515;1004.97039794922;0
2103.207;867.670593261718;0
2104.902;897.768859863282;0
2106.594;961.18798828125;0
2108.286;1107.04858398438;0
2109.976;1140.77893066406;0
2111.667;1109.49816894531;0
2113.355;1139.06103515625;0
2115.044;1009.57897949219;0
2116.732;925.607238769531;0
2118.42;816.700256347656;0
2120.105;881.848815917969;0
2121.79;1103.38757324219;0
2123.476;1246.54187011719;0
2125.16;1239.53308105469;0
2126.844;1143.47229003906;0
2128.524;1136.69274902344;0
2130.207;1208.75012207031;0
2131.888;1312.42211914063;0
2133.567;1261.93408203125;0
2135.247;1261.06860351563;0
2136.927;1197.38500976562;0
2138.603;1279.86608886719;0
2140.281;1135.97033691406;0
2141.957;1232.69567871094;0
2143.633;1116.04211425781;0
2145.308;1284.04736328125;0
2146.981;1159.78857421875;0
2148.654;1328.26586914063;0
2150.328;1187.92651367188;0
2152;1189.54956054688;0
2153.669;1098.02587890625;0
2155.34;1130.80139160156;0
2157.01;1165.77795410156;0
2158.677;1162.15869140625;0
2160.347;1258.98034667969;0
2162.013;1221.09069824219;0
2163.681;1221.37866210937;0
2165.347;1217.04858398438;0
2167.011;1166.34619140625;0
2168.674;1153.3525390625;0
2170.337;1033.42468261719;0
2172.002;961.221984863281;0
2173.662;937.521484375;0
2175.324;881.318237304688;0
2176.985;919.612243652344;0
2178.645;872.959045410156;0
2180.304;849.025329589844;0
2181.961;932.033325195313;0
2183.618;982.20556640625;0
2185.275;844.10302734375;0
2186.932;832.277282714843;0
2188.586;781.617126464844;0
2190.242;1054.94934082031;0
2191.896;819.668273925781;0
2193.547;808.528076171875;0
2195.2;854.607971191406;0
2196.851;977.880554199219;0
2198.502;1007.87316894531;0
2200.153;817.585815429687;0
2201.799;896.648498535156;0
2203.447;780.654418945313;0
2205.097;791.347534179688;0
2206.742;714.19287109375;0
2208.391;726.519653320313;0
2210.035;778.430114746093;0
2211.679;811.069274902343;0
2213.324;826.846801757813;0
2214.966;863.407653808593;0
2216.608;774.017395019531;0
2218.252;811.692993164063;0
2219.89;732.208435058593;0
2221.531;883.782775878907;0
2223.172;950.972595214844;0
2224.809;994.222290039063;0
2226.449;939.976318359375;0
2228.086;989.129150390625;0
2229.72;1049.02465820313;0
2231.358;1080.55017089844;0
2232.992;904.310791015625;0
2234.625;741.471923828125;0
2236.26;774.5576171875;0
2237.893;887.821594238281;0
2239.524;982.045959472656;0
2241.156;799.779174804687;0
2242.785;834.227966308593;0
2244.416;865.310974121093;0
2246.044;1009.46002197266;0
2247.672;920.338317871094;0
2249.301;947.611999511718;0
2250.926;1004.61608886719;0
2252.554;917.652038574219;0
2254.177;968.605346679687;0
2255.803;958.870483398437;0
2257.427;1130.49731445313;0
2259.051;1140.85864257812;0
2260.671;860.287902832032;0
2262.294;737.358459472656;0
2263.914;643.212707519532;0
2265.533;927.66748046875;0
2267.153;968.270812988281;0
2268.773;1004.95782470703;0
2270.392;874.388671875;0
2272.006;852.118896484375;0
2273.624;881.262268066407;0
2275.239;1052.04248046875;0
2276.854;1210.23852539062;0
2278.468;1227.927734375;0
2280.084;1155.03637695313;0
2281.695;1053.2353515625;0
2283.305;1084.41027832031;0
2284.919;843.338745117187;0
2286.527;843.194091796875;0
2288.14;805.693115234375;0
2289.748;1033.97497558594;0
2291.354;1077.57434082031;0
2292.964;1004.26904296875;0
2294.569;1064.72570800781;0
2296.174;1098.94213867188;0
2297.782;1141.13977050781;0
2299.386;1067.20483398438;0
2300.99;861.456359863281;0
2302.594;887.097229003907;0
2304.195;938.480773925781;0
2305.798;1036.82482910156;0
2307.399;929.907165527344;0
2308.998;805.095947265625;0
2310.598;765.746215820313;0
2312.197;841.702087402344;0
2313.795;1055.01245117187;0
2315.392;1316.16809082031;0
2316.988;1488.16870117188;0
2318.585;1589.01452636719;0
2320.18;1464.03869628906;0
2321.774;1349.24145507813;0
2323.368;1180.17248535156;0
2324.961;1158.376953125;0
2326.553;912.742370605469;0
2328.145;966.436279296875;0
2329.735;919.172973632812;0
2331.324;1196.33129882812;0
2332.916;1034.67846679688;0
2334.503;756.689086914063;0
2336.092;511.657867431641;0
2337.677;570.655029296875;0
2339.263;865.328063964844;0
2340.85;980.263549804687;0
2342.434;951.786804199219;0
2344.018;968.674865722656;0
2345.602;783.368347167968;0
2347.185;732.452453613281;0
2348.768;631.806274414063;0
2350.347;910.159484863282;0
2351.928;982.644897460938;0
2353.51;1019.59582519531;0
2355.087;870.89501953125;0
2356.665;815.537231445313;0
2358.243;635.352478027344;0
2359.819;596.602905273438;0
2361.396;578.537719726563;0
2362.972;604.239807128906;0
2364.547;699.492065429688;0
2366.121;659.962097167969;0
2367.694;852.205383300782;0
2369.267;779.776672363281;0
2370.839;608.526306152344;0
2372.411;422.548065185547;0
2373.982;499.356414794922;0
2375.55;785.380310058594;0
2377.118;655.064147949219;0
2378.687;651.443420410156;0
2380.254;596.811096191406;0
2381.821;912.284057617188;0
2383.387;887.303833007813;0
2384.954;980.537841796875;0
2386.516;900.763854980469;0
2388.082;942.332824707031;0
2389.644;816.23681640625;0
2391.209;779.14404296875;0
2392.769;530.476623535156;0
2394.33;654.495056152344;0
2395.892;804.430786132813;0
2397.449;1037.81726074219;0
2399.008;936.104797363281;0
2400.568;932.293518066406;0
2402.125;723.045654296875;0
2403.68;735.803344726563;0
2405.238;664.456787109375;0
2406.792;876.832885742188;0
2408.349;1005.44323730469;0
2409.902;992.622619628906;0
2411.455;1111.70666503906;0
2413.007;1163.10559082031;0
2414.558;1307.23681640625;0
2416.11;1255.70776367188;0
2417.66;1208.1865234375;0
2419.21;1159.46630859375;0
2420.758;1149.6611328125;0
2422.307;1108.10949707031;0
2423.855;981.052734375;0
2425.402;884.997741699219;0
2426.947;793.552307128906;0
2428.492;782.31787109375;0
2430.038;694.220642089844;0
2431.58;681.689086914063;0
2433.124;876.054992675781;0
2434.667;853.659973144531;0
2436.208;822.950927734375;0
2437.75;938.589965820313;0
2439.291;1038.13256835938;0
2440.83;1168.80102539062;0
2442.369;1061.94848632813;0
2443.906;1162.02124023438;0
2445.444;1301.35412597656;0
2446.981;1127.42102050781;0
2448.517;1144.77001953125;0
2450.053;1031.80090332031;0
2451.587;980.702758789063;0
2453.12;1210.43041992188;0
2454.655;1236.42822265625;0
2456.187;1499.43737792969;0
2457.718;1463.69763183594;0
2459.25;1439.87670898437;0
2460.781;1218.77600097656;0
2462.31;991.068664550782;0
2463.84;1025.43933105469;0
2465.368;1113.60949707031;0
2466.896;1097.91589355469;0
2468.423;1010.02526855469;0
2469.949;1111.6796875;0
2471.474;1312.36413574219;0
2472.998;1408.77819824219;0
2474.522;1207.77026367187;0
2476.045;1203.00378417969;0
2477.568;1191.36767578125;0
2479.09;1281.95532226563;0
2480.612;1334.66564941406;0
2482.132;1141.27490234375;0
2483.653;1108.80139160156;0
2485.171;937.221008300781;0
2486.689;1349.51391601563;0
2488.208;1553.2578125;0
2489.725;1678.66918945312;0
2491.242;1637.97021484375;0
2492.757;1707.49841308594;0
2494.271;1639.14526367188;0
2495.785;1608.01940917969;0
2497.3;1609.01000976562;0
2498.812;1678.11511230469;0
2500.325;1438.55688476563;0
2501.837;1161.55737304688;0
2503.345;762.594787597656;0
2504.856;777.585327148438;0
2506.366;851.699279785156;0
2507.875;992.379577636718;0
2509.382;977.388732910156;0
2510.889;1001.83483886719;0
2512.397;866.833312988281;0
2513.901;709.150756835938;0
2515.406;589.685302734375;0
2516.911;786.345397949219;0
2518.415;887.129577636719;0
2519.918;830.683288574219;0
2521.421;831.36376953125;0
2522.922;644.2783203125;0
2524.423;695.314453125;0
2525.924;553.914306640625;0
2527.422;671.304565429688;0
2528.923;521.26416015625;0
2530.419;759.237487792969;0
2531.916;747.649169921875;0
2533.415;1055.94201660156;0
2534.909;770.2255859375;0
2536.404;791.14306640625;0
2537.899;306.263000488281;0
2539.394;429.633911132813;0
2540.887;427.797515869141;0
2542.38;741.314147949219;0
2543.871;438.366516113281;0
2545.363;456.190155029297;0
2546.852;504.076843261719;0
2548.345;365.882537841797;0
2549.833;256.351531982422;0
2551.321;85.5182189941406;0
2552.811;611.795227050781;0
2554.296;555.54248046875;0
2555.78;675.538024902344;0
2557.267;428.890106201172;0
2558.752;509.049530029297;0
2560.237;202.508560180664;0
2561.721;269.072937011719;0
2563.203;367.444885253906;0
2564.687;714.45654296875;0
2566.168;666.769775390625;0
2567.648;676.92919921875;0
2569.129;414.047607421875;0
2570.607;390.197326660156;0
2572.086;462.384307861328;0
2573.565;668.645324707031;0
2575.041;795.260131835938;0
2576.518;739.167785644531;0
2577.994;942.12109375;0
2579.469;1180.11352539063;0
2580.945;1352.81335449219;0
2582.418;1198.44458007813;0
2583.892;1233.65112304687;0
2585.365;1222.13256835938;0
2586.835;1404.72058105469;0
2588.307;1345.70263671875;0
2589.778;1353.54064941406;0
2591.248;1221.67028808594;0
2592.717;1272.20288085937;0
2594.186;1129.326171875;0
2595.652;1262.5556640625;0
2597.121;964.191589355468;0
2598.585;1044.90234375;0
2600.052;1045.45910644531;0
2601.518;1079.40869140625;0
2602.982;1206.86730957031;0
2604.446;1098.6171875;0
2605.907;1348.32824707031;0
2607.371;1128.22644042969;0
2608.83;1267.32202148438;0
2610.293;1276.15441894531;0
2611.752;1438.27954101562;0
2613.213;1463.03088378906;0
2614.672;1409.85327148438;0
2616.13;1532.41369628906;0
2617.587;1455.82470703125;0
2619.043;1740.7548828125;0
2620.501;1646.1708984375;0
2621.957;1746.94738769531;0
2623.409;1569.09753417969;0
2624.864;1639.44421386719;0
2626.318;1647.49633789062;0
2627.771;1698.58544921875;0
2629.222;1687.04333496094;0
2630.673;1655.22326660156;0
2632.124;1679.56408691406;0
2633.575;1770.2099609375;0
2635.023;1698.205078125;0
2636.473;1464.11181640625;0
2637.922;1367.91491699219;0
2639.368;1412.90100097656;0
2640.816;1498.22302246094;0
2642.261;1533.76831054687;0
2643.705;1297.31726074219;0
2645.151;1288.30810546875;0
2646.596;1231.9150390625;0
2648.037;1297.40478515625;0
2649.48;1178.00268554687;0
2650.923;896.3212890625;0
2652.364;1040.14318847656;0
2653.804;1101.59155273438;0
2655.243;1314.99816894531;0
2656.683;1278.73498535156;0
2658.121;1187.24853515625;0
2659.559;1016.05767822266;0
2660.997;945.215942382813;0
2662.433;1055.33996582031;0
2663.868;1303.90380859375;0
2665.305;1253.4755859375;0
2666.737;1238.95202636719;0
2668.173;1115.2216796875;0
2669.606;1105.50415039063;0
2671.038;1076.51257324219;0
2672.47;865.970275878906;0
2673.901;690.650573730469;0
2675.331;749.867492675781;0
2676.761;854.852355957031;0
2678.189;958.7158203125;0
2679.619;640.825866699219;0
2681.045;536.667663574219;0
2682.473;581.06494140625;0
2683.9;766.315551757813;0
2685.324;734.115234375;0
2686.749;771.138244628906;0
2688.176;633.273132324219;0
2689.599;556.397216796875;0
2691.021;480.679260253906;0
2692.444;491.736694335938;0
2693.865;583.679809570313;0
2695.287;323.068084716797;0
2696.707;211.913681030273;0
2698.125;147.438583374023;0
2699.545;371.201629638672;0
2700.963;514.313659667969;0
2702.381;597.661865234375;0
2703.798;713.133544921875;0
2705.214;652.98828125;0
2706.629;640.24365234375;0
2708.046;555.663879394531;0
2709.458;699.234008789063;0
2710.872;795.857788085938;0
2712.285;900.962646484375;0
2713.699;787.19580078125;0
2715.111;593.079345703125;0
2716.52;532.828735351563;0
2717.93;601.343200683594;0
2719.342;737.219116210938;0
2720.749;585.372924804688;0
2722.159;579.52490234375;0
2723.565;689.238464355469;0
2724.971;871.394165039063;0
2726.38;873.658569335938;0
2727.785;783.690307617188;0
2729.19;965.932067871094;0
2730.594;1008.93627929688;0
2731.997;1254.03625488281;0
2733.401;1139.33947753906;0
2734.803;1036.73181152344;0
2736.204;1030.32873535156;0
2737.606;1141.79736328125;0
2739.005;1413.47875976563;0
2740.405;1306.15673828125;0
2741.806;1381.49914550781;0
2743.202;1424.94873046875;0
2744.602;1496.06323242187;0
2745.998;1391.40124511719;0
2747.395;1277.73864746094;0
2748.79;1112.40283203125;0
2750.185;1154.27319335938;0
2751.58;1188.23498535156;0
2752.975;1302.87170410156;0
2754.366;1321.32739257812;0
2755.759;1437.4853515625;0
2757.151;1547.61804199219;0
2758.542;1617.17102050781;0
2759.933;1768.92504882813;0
2761.322;1886.65942382813;0
2762.71;1776.92822265625;0
2764.1;1533.39733886719;0
2765.486;1357.38732910156;0
2766.875;1464.26550292969;0
2768.26;1547.44982910156;0
2769.646;1606.044921875;0
2771.031;1491.16174316406;0
2772.418;1371.81176757812;0
2773.799;1421.38012695313;0
2775.184;1545.58203125;0
2776.565;1677.75085449219;0
2777.946;1677.66271972656;0
2779.328;1796.41625976562;0
2780.708;1835.23364257813;0
2782.09;1920.66711425781;0
2783.469;1902.27209472656;0
2784.847;1908.38208007813;0
2786.226;1975.55432128906;0
2787.603;1943.67395019531;0
2788.978;1952.73828125;0
2790.355;1863.18957519531;0
2791.731;1819.44372558594;0
2793.104;1751.31225585938;0
2794.479;1684.56958007813;0
2795.853;1568.61181640625;0
2797.225;1656.54626464844;0
2798.596;1642.15808105469;0
2799.967;1546.97058105469;0
2801.341;1208.095703125;0
2802.71;977.730895996094;0
2804.077;740.119201660156;0
2805.447;689.809997558594;0
2806.815;519.916076660156;0
2808.183;517.105773925781;0
2809.551;476.833282470703;0
2810.915;641.213012695313;0
2812.282;718.805480957031;0
2813.646;774.544677734375;0
2815.011;699.980407714844;0
2816.375;627.780456542969;0
2817.736;526.024169921875;0
2819.099;489.044769287109;0
2820.462;248.16780090332;0
2821.821;271.279205322266;0
2823.182;199.92887878418;0
2824.542;409.007598876953;0
2825.901;530.182434082031;0
2827.261;693.281066894531;0
2828.617;697.695922851563;0
2829.974;663.496765136719;0
2831.33;741.412414550781;0
2832.686;671.528503417969;0
2834.043;620.065124511719;0
2835.395;583.241821289063;0
2836.75;905.731079101563;0
2838.104;1147.53112792969;0
2839.456;1165.53002929688;0
2840.807;1049.16906738281;0
2842.16;947.202331542969;0
2843.509;892.8798828125;0
2844.858;939.556579589844;0
2846.209;836.087829589844;0
2847.556;686.827514648438;0
2848.906;636.755981445313;0
2850.253;812.874633789063;0
2851.6;827.072570800781;0
2852.946;777.234375;0
2854.29;483.694854736328;0
2855.635;522.746520996094;0
2856.98;391.806274414063;0
2858.323;523.3916015625;0
2859.665;492.667907714844;0
2861.008;599.806274414063;0
2862.349;729.029479980469;0
2863.691;818.115234375;0
2865.031;700.854553222656;0
2866.37;625.030944824219;0
2867.709;382.852722167969;0
2869.048;484.468994140625;0
2870.385;558.558288574219;0
2871.722;887.648681640625;0
2873.059;1048.04223632813;0
2874.394;1019.08813476563;0
2875.73;1064.51403808594;0
2877.064;1051.46936035156;0
2878.398;961.203918457031;0
2879.731;898.947326660156;0
2881.063;917.087585449219;0
2882.395;1096.98876953125;0
2883.727;1247.89245605469;0
2885.059;1306.68518066406;0
2886.387;1437.69689941406;0
2887.717;1424.92834472656;0
2889.046;1431.71118164063;0
2890.374;1362.37707519531;0
2891.699;1332.33312988281;0
2893.028;1368.87463378906;0
2894.354;1381.08178710938;0
2895.679;1431.32312011719;0
2897.004;1524.94213867188;0
2898.328;1473.76940917969;0
2899.653;1519.39343261719;0
2900.976;1577.43811035156;0
2902.297;1660.72180175781;0
2903.619;1531.10961914063;0
2904.941;1415.38708496094;0
2906.26;1199.14331054688;0
2907.58;1208.43151855469;0
2908.898;1170.73791503906;0
2910.217;1306.13513183594;0
2911.536;1262.47314453125;0
2912.852;1329.45825195313;0
2914.171;1406.06481933594;0
2915.485;1581.81872558594;0
2916.799;1603.14965820312;0
2918.116;1591.40222167969;0
2919.428;1514.13037109375;0
2920.743;1585.91015625;0
2922.056;1463.04870605469;0
2923.367;1584.86328125;0
2924.679;1372.166015625;0
2925.99;1579.93493652344;0
2927.299;1612.0771484375;0
2928.609;1801.81140136719;0
2929.918;1816.13928222656;0
2931.226;1699.2900390625;0
2932.535;1609.59545898437;0
2933.841;1312.4296875;0
2935.149;1397.708984375;0
2936.455;1306.47131347656;0
2937.758;1584.44018554687;0
2939.064;1502.11108398438;0
2940.368;1572.59436035156;0
2941.67;1372.1123046875;0
2942.973;1337.20715332031;0
2944.277;1386.31579589844;0
2945.577;1307.00720214844;0
2946.878;1294.46520996094;0
2948.178;1284.45812988281;0
2949.477;1488.67834472656;0
2950.776;1581.70947265625;0
2952.073;1675.66833496094;0
2953.372;1631.78173828125;0
2954.669;1703.38098144531;0
2955.965;1603.57629394531;0
2957.261;1633.59899902344;0
2958.556;1444.33581542969;0
2959.849;1505.42248535156;0
2961.145;1622.88830566406;0
2962.436;1942.62280273437;0
2963.732;1975.07189941406;0
2965.022;1922.90319824219;0
2966.313;1840.67932128906;0
2967.603;1755.84729003906;0
2968.893;1794.3935546875;0
2970.182;1680.85339355469;0
2971.471;1640.99475097656;0
2972.759;1472.22863769531;0
2974.047;1360.85681152344;0
2975.334;1309.82336425781;0
2976.62;1249.43383789063;0
2977.907;1183.50573730469;0
2979.192;1119.44567871094;0
2980.475;1079.27282714844;0
2981.76;1163.19287109375;0
2983.043;1226.22106933594;0
2984.326;1259.12951660156;0
2985.607;1186.58215332031;0
2986.888;1139.66967773438;0
2988.17;1200.90319824219;0
2989.449;1129.80017089844;0
2990.728;1096.16552734375;0
2992.007;943.362487792969;0
2993.284;850.739013671875;0
2994.562;761.251892089844;0
2995.84;694.709777832031;0
2997.115;810.116271972656;0
2998.393;864.354736328125;0
2999.666;810.30859375;0
3000.94;632.855590820313;0
3002.215;583.821105957031;0
3003.486;598.206909179688;0
3004.76;704.792358398438;0
3006.033;728.798156738281;0
3007.303;682.999206542969;0
3008.573;525.838134765625;0
3009.844;408.081451416016;0
3011.114;457.954528808594;0
3012.383;584.23193359375;0
3013.649;615.35986328125;0
3014.917;500.182525634766;0
3016.185;456.033233642578;0
3017.451;381.018798828125;0
3018.716;381.639923095703;0
3019.983;305.658203125;0
3021.246;391.624755859375;0
3022.509;492.827880859375;0
3023.774;558.154418945313;0
3025.035;517.937744140625;0
3026.299;366.984313964844;0
3027.56;287.932220458984;0
3028.819;220.448760986328;0
3030.081;158.20263671875;0
3031.339;131.121627807617;0
3032.598;216.047164916992;0
3033.856;304.804565429688;0
3035.114;443.234680175781;0
3036.372;386.367218017578;0
3037.628;554.184997558594;0
3038.883;449.840789794922;0
3040.138;499.222106933594;0
3041.394;484.946960449219;0
3042.646;671.124633789063;0
3043.9;550.694213867188;0
3045.152;521.077026367188;0
3046.405;576.207702636719;0
3047.657;682.773315429688;0
3048.906;782.980651855469;0
3050.158;748.741821289063;0
3051.407;932.427368164063;0
3052.656;965.878540039063;0
3053.904;1116.91589355469;0
3055.153;1088.4130859375;0
3056.398;1228.32641601563;0
3057.647;1120.28405761719;0
3058.892;1117.408203125;0
3060.137;1071.25646972656;0
3061.382;1160.15747070313;0
3062.625;1232.2236328125;0
3063.869;1245.89782714844;0
3065.112;1215.50939941406;0
3066.353;1172.04406738281;0
3067.595;1122.07165527344;0
3068.838;1107.17932128906;0
3070.075;1262.52062988281;0
3071.317;1246.23168945313;0
3072.557;1163.95849609375;0
3073.795;927.926452636719;0
3075.032;976.403015136719;0
3076.27;1115.34155273438;0
3077.507;1211.02819824219;0
3078.742;1180.02917480469;0
3079.978;1175.20153808594;0
3081.212;1155.98950195313;0
3082.446;1182.72814941406;0
3083.681;1148.98425292969;0
3084.913;1126.08776855469;0
3086.147;1211.70874023438;0
3087.38;1347.16796875;0
3088.61;1503.75341796875;0
3089.84;1384.45446777344;0
3091.071;1167.7197265625;0
3092.3;1063.27075195313;0
3093.529;1125.34582519531;0
3094.755;1199.50476074219;0
3095.984;1334.01489257813;0
3097.211;1319.50170898438;0
3098.438;1300.03576660156;0
3099.663;1377.74145507813;0
3100.888;1395.3125;0
3102.112;1446.59997558594;0
3103.335;1169.08850097656;0
3104.56;1097.73791503906;0
3105.782;1054.14709472656;0
3107.005;1123.4921875;0
3108.226;1158.48791503906;0
3109.447;982.104187011719;0
3110.667;922.369567871094;0
3111.887;929.344055175781;0
3113.104;1141.50610351563;0
3114.324;1223.74829101563;0
3115.541;1219.62719726563;0
3116.758;1196.91735839844;0
3117.976;1068.87805175781;0
3119.192;1035.6240234375;0
3120.408;1007.69213867188;0
3121.622;1062.18298339844;0
3122.835;1115.15270996094;0
3124.05;1102.11608886719;0
3125.262;1150.7890625;0
3126.476;1138.35339355469;0
3127.687;1012.49670410156;0
3128.897;996.047546386719;0
3130.108;1033.60864257813;0
3131.319;1165.38037109375;0
3132.528;1203.71435546875;0
3133.737;1229.724609375;0
3134.945;1178.5224609375;0
3136.152;1090.33325195313;0
3137.358;1008.49584960938;0
3138.565;1130.58142089844;0
3139.772;1121.46423339844;0
3140.976;1061.36633300781;0
3142.18;899.328674316406;0
3143.385;819.436889648438;0
3144.588;878.718933105469;0
3145.79;926.949523925781;0
3146.993;1011.64935302734;0
3148.194;885.262939453125;0
3149.395;781.170776367188;0
3150.596;741.6953125;0
3151.794;684.868469238281;0
3152.994;581.867309570313;0
3154.193;551.015686035156;0
3155.39;517.556579589844;0
3156.587;620.746215820313;0
3157.784;680.58544921875;0
3158.982;616.308776855469;0
3160.177;535.674499511719;0
3161.37;287.139251708984;0
3162.565;364.475036621094;0
3163.759;367.348541259766;0
3164.952;519.093139648438;0
3166.146;484.265991210938;0
3167.337;589.2021484375;0
3168.527;519.723937988281;0
3169.719;646.095092773438;0
3170.91;584.388000488281;0
3172.098;572.181640625;0
3173.288;439.517883300781;0
3174.475;479.458312988281;0
3175.663;504.448516845703;0
3176.849;593.044128417969;0
3178.037;601.023559570313;0
3179.223;618.943969726563;0
3180.408;509.579437255859;0
3181.592;338.361663818359;0
3182.777;292.747528076172;0
3183.96;395.702819824219;0
3185.143;417.155822753906;0
3186.325;472.439819335938;0
3187.507;482.89013671875;0
3188.688;537.280151367188;0
3189.869;477.496459960938;0
3191.049;334.869323730469;0
3192.228;413.47314453125;0
3193.406;417.119018554688;0
3194.585;432.137512207031;0
3195.763;439.860382080078;0
3196.939;481.285339355469;0
3198.116;538.520324707031;0
3199.292;509.787994384766;0
3200.466;448.090301513672;0
3201.643;616.998596191406;0
3202.816;748.829956054688;0
3203.991;841.363403320313;0
3205.161;751.819641113281;0
3206.334;672.415100097656;0
3207.504;811.032836914063;0
3208.677;834.896057128906;0
3209.846;954.230590820313;0
3211.017;912.70166015625;0
3212.187;1042.52294921875;0
3213.356;987.356811523438;0
3214.524;1043.3134765625;0
3215.69;926.281188964844;0
3216.859;976.262329101563;0
3218.024;1006.14758300781;0
3219.189;1104.04931640625;0
3220.354;1001.41339111328;0
3221.519;969.238891601563;0
3222.682;917.791687011719;0
3223.845;942.190856933594;0
3225.01;1026.85852050781;0
3226.171;1201.76538085938;0
3227.332;1336.80090332031;0
3228.494;1377.51794433594;0
3229.655;1346.35791015625;0
3230.814;1445.65075683594;0
3231.973;1476.73522949219;0
3233.13;1472.83325195313;0
3234.29;1333.27697753906;0
3235.447;1305.396484375;0
3236.605;1251.85705566406;0
3237.76;1336.32043457031;0
3238.916;1259.11901855469;0
3240.071;1283.58581542969;0
3241.224;1267.58898925781;0
3242.381;1280.45581054688;0
3243.532;1233.42114257813;0
3244.685;1210.49108886719;0
3245.839;1100.88854980469;0
3246.99;1130.94592285156;0
3248.141;1023.99530029297;0
3249.292;1110.59301757813;0
3250.439;1018.62847900391;0
3251.589;1047.43249511719;0
3252.739;1103.55895996094;0
3253.886;1010.11749267578;0
3255.034;948.773986816406;0
3256.18;870.640686035156;0
3257.326;922.833251953125;0
3258.472;992.801940917969;0
3259.617;863.990661621094;0
3260.761;789.738159179688;0
3261.905;711.711181640625;0
3263.048;842.02197265625;0
3264.19;900.781677246094;0
3265.333;961.768005371094;0
3266.475;888.095947265625;0
3267.617;927.0986328125;0
3268.757;854.664428710938;0
3269.896;978.014953613281;0
3271.036;905.595458984375;0
3272.175;972.736450195313;0
3273.313;849.66015625;0
3274.449;997.259826660156;0
3275.586;955.762512207031;0
3276.722;1030.05712890625;0
3277.859;965.478820800781;0
3278.993;995.258239746094;0
3280.13;896.627258300781;0
3281.263;896.145629882813;0
3282.395;864.701599121094;0
3283.529;914.295288085938;0
3284.66;923.924377441406;0
3285.794;915.367919921875;0
3286.924;906.626220703125;0
3288.054;861.253479003906;0
3289.185;822.69384765625;0
3290.313;733.279174804688;0
3291.443;705.79248046875;0
3292.571;722.571228027344;0
3293.698;697.278991699219;0
3294.824;757.80322265625;0
3295.952;764.367431640625;0
3297.077;812.640075683594;0
3298.203;712.734436035156;0
3299.328;779.540222167969;0
3300.45;805.724060058594;0
3301.574;870.8466796875;0
3302.698;667.131958007813;0
3303.819;667.580444335938;0
3304.942;572.972961425781;0
3306.064;606.757019042969;0
3307.182;596.160278320313;0
3308.303;433.516632080078;0
3309.423;540.609802246094;0
3310.542;516.545776367188;0
3311.66;616.430358886719;0
3312.778;440.601348876953;0
3313.895;350.370880126953;0
3315.012;313.216705322265;0
3316.128;427.380004882813;0
3317.243;485.066436767578;0
3318.357;535.836120605469;0
3319.471;502.582397460938;0
3320.586;495.866180419922;0
3321.698;603.691467285156;0
3322.813;737.484069824219;0
3323.923;733.917297363281;0
3325.034;762.654968261719;0
3326.146;719.49365234375;0
3327.255;791.092529296875;0
3328.366;727.117492675781;0
3329.474;671.796081542969;0
3330.582;611.909729003906;0
3331.691;676.454406738281;0
3332.797;744.003784179688;0
3333.905;748.163024902344;0
3335.011;680.600708007812;0
3336.116;705.769226074219;0
3337.22;717.569458007813;0
3338.327;776.780944824219;0
3339.429;683.742065429687;0
3340.534;716.578735351563;0
3341.635;751.740234375;0
3342.737;715.763977050781;0
3343.84;598.978759765625;0
3344.94;485.493713378906;0
3346.041;533.303955078125;0
3347.142;607.528747558594;0
3348.24;558.578125;0
3349.337;556.747741699219;0
3350.437;452.123474121094;0
3351.534;499.826293945313;0
3352.633;436.892150878906;0
3353.727;447.168579101563;0
3354.823;486.774993896484;0
3355.919;547.610107421875;0
3357.013;695.874328613281;0
3358.108;668.340393066406;0
3359.201;773.8837890625;0
3360.293;776.062927246094;0
3361.385;769.768676757813;0
3362.478;690.091369628906;0
3363.569;718.748718261719;0
3364.661;750.624389648438;0
3365.75;812.558837890625;0
3366.838;728.978149414063;0
3367.929;790.428771972656;0
3369.017;828.434509277344;0
3370.105;895.978088378906;0
3371.193;859.309143066406;0
3372.279;842.125854492187;0
3373.364;936.890930175781;0
3374.45;992.7626953125;0
3375.534;997.4951171875;0
3376.62;1062.05114746094;0
3377.704;1178.79443359375;0
3378.786;1135.98596191406;0
3379.871;1023.15240478516;0
3380.951;988.687316894531;0
3382.034;999.575439453125;0
3383.114;922.541564941406;0
3384.195;891.75830078125;0
3385.276;953.397399902344;0
3386.354;1137.09948730469;0
3387.433;1225.72961425781;0
3388.511;1195.84643554687;0
3389.588;1266.08996582031;0
3390.664;1284.5654296875;0
3391.742;1400.02587890625;0
3392.816;1273.58203125;0
3393.893;1221.67150878906;0
3394.968;1156.39440917969;0
3396.042;1180.06018066406;0
3397.115;1106.7890625;0
3398.189;1111.5859375;0
3399.262;1075.76501464844;0
3400.333;1143.16845703125;0
3401.404;1255.55285644531;0
3402.474;1238.6953125;0
3403.545;1170.10205078125;0
3404.615;1130.22802734375;0
3405.685;1273.35229492188;0
3406.752;1323.99792480469;0
3407.82;1293.31774902344;0
3408.888;1273.86059570312;0
3409.955;1345.16284179688;0
3411.021;1298.44018554688;0
3412.085;1205.50524902344;0
3413.151;1089.44885253906;0
3414.215;1050.01098632812;0
3415.279;1071.64379882813;0
3416.343;1114.87744140625;0
3417.406;1192.19226074219;0
3418.468;1209.18249511719;0
3419.53;1065.70385742188;0
3420.592;1022.25109863281;0
3421.652;1048.75451660156;0
3422.712;1198.40869140625;0
3423.773;1192.65686035156;0
3424.83;1143.8173828125;0
3425.889;1140.31555175781;0
3426.946;1176.43603515625;0
3428.005;1255.60510253906;0
3429.061;1365.43566894531;0
3430.117;1464.61596679688;0
3431.172;1428.93078613281;0
3432.227;1350.06909179687;0
3433.281;1291.05249023438;0
3434.335;1234.87084960938;0
3435.389;1180.75549316406;0
3436.44;1097.46765136719;0
3437.492;1131.80798339844;0
3438.546;1259.654296875;0
3439.598;1327.2734375;0
3440.646;1265.99377441406;0
3441.697;1142.64819335937;0
3442.745;1106.84631347656;0
3443.793;1193.78942871094;0
3444.842;1223.56506347656;0
3445.891;1229.40258789063;0
3446.937;1241.9990234375;0
3447.984;1292.83312988281;0
3449.031;1248.58703613281;0
3450.075;1229.06909179688;0
3451.12;1117.57775878906;0
3452.164;1219.78063964844;0
3453.207;1216.45068359375;0
3454.251;1279.10693359375;0
3455.293;1259.76440429687;0
3456.336;1228.21618652344;0
3457.378;1195.84191894531;0
3458.417;1134.06726074219;0
3459.458;1064.97424316406;0
3460.498;1036.23376464844;0
3461.539;1063.21752929688;0
3462.577;1133.58630371094;0
3463.614;1173.47436523438;0
3464.651;1131.11560058594;0
3465.689;1100.30419921875;0
3466.726;996.020202636719;0
3467.763;843.843017578125;0
3468.798;789.407531738281;0
3469.831;792.5419921875;0
3470.866;1001.87634277344;0
3471.9;1031.00134277344;0
3472.933;1015.86145019531;0
3473.966;836.423461914063;0
3474.999;832.848205566406;0
3476.029;940.481689453125;0
3477.061;1025.00012207031;0
3478.09;949.755859375;0
3479.121;870.256225585938;0
3480.15;841.2548828125;0
3481.178;819.757934570313;0
3482.205;866.921813964844;0
3483.234;873.407653808594;0
3484.26;899.639587402344;0
3485.288;913.680603027344;0
3486.313;964.170471191406;0
3487.337;986.027770996094;0
3488.364;903.924011230469;0
3489.387;934.819458007813;0
3490.411;936.097412109375;0
3491.434;961.414916992188;0
3492.456;881.026733398438;0
3493.479;700.798217773437;0
3494.5;551.725891113281;0
3495.521;374.079803466797;0
3496.543;406.684478759765;0
3497.561;404.280364990235;0
3498.579;284.686096191406;0
3499.6;213.51252746582;0
3500.618;122.57967376709;0
3501.636;118.565460205078;0
3502.653;110.997482299805;0
3503.669;28.8656940460205;0
3504.685;-8.30926322937012;0
3505.699;-61.9415512084961;0
3506.716;-88.3420257568359;0
3507.729;-157.792663574219;0
3508.743;-203.595489501953;0
3509.755;-78.2777786254883;0
