98.64605;0;0
101.2353;0;0
103.8217;0;0
106.4096;-21.4444446563721;0
108.9945;-1.86666667461395;0
111.5767;-33.6190490722656;0
114.1602;14.0493831634521;0
116.7409;20.3636360168457;0
119.3209;64.8546981811523;0
121.9002;13.2296295166016;0
124.4788;-57.2549018859863;0
127.0566;-50.3801155090332;0
129.6317;-125.285713195801;0
132.2038;-49.4637680053711;0
134.7796;-84.533332824707;0
137.3503;28.2592601776123;0
139.9204;71.4176254272461;0
142.4919;260.369171142578;0
145.0584;386.185180664063;0
147.6242;472.273010253906;0
150.1914;529.861877441406;0
152.7579;583.848999023437;0
155.3216;573.417358398438;0
157.8846;636.361755371094;0
160.4448;698.343200683594;0
163.0085;770.669006347656;0
165.5672;784.993225097656;0
168.1232;775.592590332031;0
170.6826;745.427673339844;0
173.2372;781.016174316406;0
175.7931;864.71728515625;0
178.3463;1013.31036376953;0
180.8966;1058.20690917969;0
183.4504;1040.73303222656;0
185.9993;1112.3349609375;0
188.5476;1175.35302734375;0
191.0972;1203.46508789062;0
193.644;1218.54077148437;0
196.1859;1207.60571289063;0
198.7335;1171.58618164063;0
201.2761;1033.849609375;0
203.8201;984.406555175781;0
206.3593;1070.90454101562;0
208.8998;1126.23461914062;0
211.4397;1124.38745117187;0
213.9746;1158.02709960938;0
216.5109;1310.67004394531;0
219.0487;1456.60986328125;0
221.5816;1496.01647949219;0
224.1158;1511.67846679688;0
226.6473;1525.65344238281;0
229.176;1618.00476074219;0
231.7082;1592.28161621094;0
234.2355;1646.28039550781;0
236.7643;1614.70397949219;0
239.2902;1619.43176269531;0
241.8133;1571.91833496094;0
244.3379;1477.22485351563;0
246.8618;1477.30310058594;0
249.3828;1448.87451171875;0
251.9053;1468.47265625;0
254.423;1456.041015625;0
256.942;1432.42126464844;0
259.4603;1450.59704589844;0
261.9759;1443.36157226563;0
264.4887;1443.71875;0
267.005;1452.58825683594;0
269.5164;1517.59155273438;0
272.0292;1614.43725585938;0
274.5393;1647.11291503906;0
277.0466;1693.02368164063;0
279.5574;1750.58740234375;0
282.0654;1901.21044921875;0
284.5686;1891.16955566406;0
287.0752;1892.07897949219;0
289.5791;1764.11999511719;0
292.0803;1789.20837402344;0
294.5828;1644.49670410156;0
297.0826;1552.673828125;0
299.5838;1416.61010742188;0
302.0801;1378.51550292969;0
304.5758;1312.58203125;0
307.0749;1260.79772949219;0
309.5672;1252.00012207031;0
312.0608;1321.45910644531;0
314.5558;1356.87023925781;0
317.044;1338.64733886719;0
319.5377;1303.72741699219;0
322.0266;1340.83288574219;0
324.5127;1476.30249023438;0
327.0023;1575.11560058594;0
329.4871;1569.10034179688;0
331.9691;1604.47521972656;0
334.4547;1598.22607421875;0
336.9353;1665.29174804688;0
339.4174;1577.02185058594;0
341.901;1594.00451660156;0
344.3776;1592.72241210938;0
346.8577;1696.82263183594;0
349.333;1730.90637207031;0
351.8076;1783.62231445313;0
354.2857;1723.58618164063;0
356.7569;1684.43994140625;0
359.2296;1584.49963378906;0
361.7015;1487.61596679688;0
364.1729;1514.48669433594;0
366.6414;1521.69982910156;0
369.1093;1614.47412109375;0
371.5745;1635.478515625;0
374.0432;1534.66564941406;0
376.507;1473.76904296875;0
378.9702;1265.22900390625;0
381.4348;1293.34301757812;0
383.8947;1236.42504882812;0
386.3538;1329.38793945312;0
388.8144;1493.28576660156;0
391.2722;1581.88562011719;0
393.7314;1735.76208496094;0
396.1859;1772.10083007813;0
398.6418;1911.56323242187;0
401.0949;1963.26818847656;0
403.5475;1966.36193847656;0
405.9972;1926.26440429688;0
408.4505;1943.46545410156;0
410.899;1999.56750488281;0
413.3468;1965.60046386719;0
415.796;1931.85034179688;0
418.2405;1886.16711425781;0
420.6884;1877.7744140625;0
423.1295;1779.65283203125;0
425.572;1711.56372070313;0
428.0159;1718.49926757812;0
430.455;1759.46203613281;0
432.8956;1624.78796386719;0
435.3335;1560.88635253906;0
437.7707;1409.67565917969;0
440.2093;1533.94018554688;0
442.6432;1519.43298339844;0
445.0764;1577.16015625;0
447.511;1429.01770019531;0
449.9429;1482.0068359375;0
452.3721;1456.27551269531;0
454.8048;1502.14318847656;0
457.2328;1483.60437011719;0
459.66;1549.98205566406;0
462.0847;1625.30505371094;0
464.5127;1639.50549316406;0
466.9381;1755.00024414063;0
469.3587;1784.162109375;0
471.7807;1842.89953613281;0
474.2042;1776.46203613281;0
476.6229;1829.65417480469;0
479.041;1859.78674316406;0
481.4604;1823.07006835938;0
483.8752;1729.00842285156;0
486.2934;1700.23229980469;0
488.7068;1709.44421386719;0
491.1197;1764.21716308594;0
493.5339;1710.52099609375;0
495.9435;1648.60864257812;0
498.3544;1502.03820800781;0
500.7667;1526.58215332031;0
503.1723;1551.78979492188;0
505.5793;1660.32666015625;0
507.9856;1476.97033691406;0
510.3913;1396.07653808594;0
512.7944;1227.29748535156;0
515.1968;1198.41052246094;0
517.5986;1116.41943359375;0
519.9997;1165.49951171875;0
522.3982;1236.34362792969;0
524.798;1268.1533203125;0
527.1973;1231.83764648438;0
529.5919;1206.72216796875;0
531.9899;1147.95532226563;0
534.3832;1242.93591308594;0
536.7758;1247.22827148438;0
539.1699;1356.62841796875;0
541.5593;1310.712890625;0
543.9481;1349.26843261719;0
546.3382;1345.68322753906;0
548.7257;1410.54553222656;0
551.1146;1495.39025878906;0
553.4968;1560.38110351563;0
555.8824;1537.65551757812;0
558.2675;1574.8310546875;0
560.6478;1599.93798828125;0
563.0295;1602.09252929688;0
565.4106;1519.74328613281;0
567.7911;1509.22705078125;0
570.169;1439.76538085938;0
572.5462;1296.35510253906;0
574.9229;1264.10131835938;0
577.2968;1172.32934570312;0
579.6721;1283.78173828125;0
582.0449;1139.18127441406;0
584.417;1137.00964355469;0
586.7885;1079.17358398438;0
589.1553;1161.53759765625;0
591.5255;1248.59545898438;0
593.8931;1216.90368652344;0
596.2601;1116.96313476563;0
598.6265;961.560546875;0
600.9902;925.819396972656;0
603.3554;987.224304199219;0
605.7179;1067.09997558594;0
608.0778;1158.66162109375;0
610.4391;1105.18054199219;0
612.7977;1136.17236328125;0
615.1558;1169.14367675781;0
617.5132;1273.48303222656;0
619.8701;1251.154296875;0
622.2263;1236.42163085938;0
624.5779;1295.65026855469;0
626.9308;1362.62060546875;0
629.2852;1455.80712890625;0
631.6349;1600.86804199219;0
633.9841;1792.49645996094;0
636.3326;1824.27160644531;0
638.6805;1761.52331542969;0
641.0279;1615.80529785156;0
643.3746;1626.18969726563;0
645.7187;1656.28186035156;0
648.0621;1747.7900390625;0
650.405;1645.54370117188;0
652.7453;1645.13684082031;0
655.087;1643.86193847656;0
657.426;1619.04748535156;0
659.7645;1595.63000488281;0
662.1024;1489.91662597656;0
664.4376;1451.80749511719;0
666.7742;1334.73522949219;0
669.1063;1281.46447753906;0
671.4398;1321.62951660156;0
673.7726;1313.076171875;0
676.1048;1464.68420410156;0
678.4324;1424.21276855469;0
680.7635;1407.26159667969;0
683.0919;1278.86181640625;0
685.4158;1288.87097167969;0
687.743;1256.25561523438;0
690.0696;1276.9658203125;0
692.3937;1361.74169921875;0
694.7151;1374.11560058594;0
697.038;1477.69873046875;0
699.3583;1408.47253417969;0
701.6779;1484.86267089844;0
703.995;1454.54663085938;0
706.3155;1497.88647460938;0
708.6294;1465.66711425781;0
710.9467;1417.50390625;0
713.2594;1414.3837890625;0
715.5735;1393.56628417969;0
717.887;1395.01538085938;0
720.1979;1451.77783203125;0
722.5083;1639.8466796875;0
724.818;1603.64196777344;0
727.1252;1507.33581542969;0
729.4357;1324.64135742188;0
731.7418;1365.04736328125;0
734.0452;1437.02722167969;0
736.35;1518.92431640625;0
738.6522;1475.89660644531;0
740.9539;1412.42956542969;0
743.2569;1283.91040039063;0
745.5554;1367.98559570313;0
747.8553;1423.19262695313;0
750.1545;1430.68640136719;0
752.4513;1401.37573242188;0
754.7474;1192.42395019531;0
757.043;1078.64208984375;0
759.336;1037.875;0
761.6304;1036.64526367188;0
763.9222;1067.13488769531;0
766.2114;820.796264648438;0
768.5041;838.684814453125;0
770.7922;798.838989257813;0
773.0777;913.410461425781;0
775.3647;956.224060058594;0
777.651;1033.87133789063;0
779.9368;1039.33801269531;0
782.22;1005.13537597656;0
784.5026;992.262817382813;0
786.7847;999.346618652344;0
789.0662;942.410278320313;0
791.3451;1041.01684570313;0
793.6254;1110.07946777344;0
795.9012;1281.93859863281;0
798.1784;1362.32849121094;0
800.455;1367.63562011719;0
802.7291;1396.85510253906;0
805.0026;1221.20153808594;0
807.2755;1356.68469238281;0
809.5478;1252.70678710938;0
811.8176;1308.25964355469;0
814.0869;1292.28625488281;0
816.3535;1359.73791503906;0
818.6235;1593.181640625;0
820.8911;1573.55261230469;0
823.156;1724.90747070313;0
825.4204;1654.8935546875;0
827.6823;1668.72668457031;0
829.9474;1634.7861328125;0
832.2082;1593.51342773438;0
834.4683;1598.12060546875;0
836.7279;1562.62268066406;0
838.9869;1492.33215332031;0
841.2453;1395.54711914063;0
843.5012;1430.51281738281;0
845.7565;1512.07019042969;0
848.0133;1578.40649414063;0
850.2655;1560.48278808594;0
852.5153;1558.0341796875;0
854.7703;1592.86682128906;0
857.0189;1510.33203125;0
859.2668;1386.99694824219;0
861.5182;1308.97290039063;0
863.7651;1377.1513671875;0
866.0114;1320.15307617188;0
868.2592;1170.38891601563;0
870.5024;1054.17626953125;0
872.7451;1078.32922363281;0
874.9872;1128.81176757813;0
877.2307;1092.29699707031;0
879.4717;992.781127929688;0
881.7101;977.045959472656;0
883.95;904.870239257813;0
886.1854;963.215393066406;0
888.4202;956.517395019531;0
890.6604;1043.16516113281;0
892.8941;981.935302734375;0
895.1253;1134.19482421875;0
897.3599;1326.76550292969;0
899.59;1349.69665527344;0
901.8195;1195.50500488281;0
904.0504;1077.12548828125;0
906.2789;1196.24072265625;0
908.5087;1343.75061035156;0
910.7341;1293.591796875;0
912.9589;1145.37622070313;0
915.1851;1074.32092285156;0
917.4088;1071.59692382813;0
919.63;1106.18725585938;0
921.8526;1035.80249023438;0
924.0727;1114.47229003906;0
926.2922;1260.83203125;0
928.5112;1359.53723144531;0
930.7277;1253.7373046875;0
932.9476;1025.37890625;0
935.163;934.461791992188;0
937.3739;766.988952636719;0
939.5901;810.894836425781;0
941.8019;762.236389160156;0
944.0151;784.696228027344;0
946.2258;707.003051757813;0
948.4341;539.532531738281;0
950.6456;598.602600097656;0
952.8527;576.173767089844;0
955.0593;606.819946289063;0
957.2653;413.787139892578;0
959.4689;436.749481201172;0
961.6738;454.578125;0
963.8782;507.837799072266;0
966.0782;379.644012451172;0
968.2815;458.745788574219;0
970.4803;459.480712890625;0
972.6787;608.121643066406;0
974.8784;567.068725585938;0
977.0757;740.434753417969;0
979.2704;596.815185546875;0
981.4667;585.085998535156;0
983.6603;551.38037109375;0
985.8535;689.4814453125;0
988.0461;791.904846191406;0
990.2363;852.88330078125;0
992.4297;1149.728515625;0
994.6169;1314.10729980469;0
996.8035;1496.30053710938;0
998.9933;1548.2939453125;0
1001.179;1631.35205078125;0
1003.364;1595.51281738281;0
1005.55;1538.14721679688;0
1007.732;1626.47058105469;0
1009.916;1594.39221191406;0
1012.096;1697.55932617188;0
1014.275;1573.51403808594;0
1016.459;1593.86352539063;0
1018.636;1539.59362792969;0
1020.813;1637.5859375;0
1022.991;1763.68054199219;0
1025.165;1780.39721679688;0
1027.34;1671.46826171875;0
1029.515;1627.28540039063;0
1031.687;1589.72912597656;0
1033.859;1557.69348144531;0
1036.03;1545.54284667969;0
1038.199;1574.00109863281;0
1040.369;1588.54760742188;0
1042.536;1483.73400878906;0
1044.704;1345.00268554688;0
1046.87;1298.35766601563;0
1049.034;1182.90747070313;0
1051.198;1025.43725585938;0
1053.363;1022.83819580078;0
1055.526;1073.90234375;0
1057.686;1115.18615722656;0
1059.845;985.686828613281;0
1062.005;826.625549316406;0
1064.165;853.108947753906;0
1066.323;899.363952636719;0
1068.477;867.163391113281;0
1070.634;839.512268066406;0
1072.788;649.747802734375;0
1074.942;767.321166992188;0
1077.096;738.375183105469;0
1079.247;986.432983398438;0
1081.397;1036.72607421875;0
1083.547;1171.61938476563;0
1085.695;1109.4189453125;0
1087.844;1100.44482421875;0
1089.992;1028.056640625;0
1092.138;960.689758300781;0
1094.284;1073.34167480469;0
1096.425;1094.92736816406;0
1098.571;1178.25122070313;0
1100.711;1165.09558105469;0
1102.851;1209.64892578125;0
1104.994;1337.73937988281;0
1107.132;1339.77185058594;0
1109.271;1374.26147460938;0
1111.408;1395.40734863281;0
1113.543;1429.21643066406;0
1115.682;1527.09545898438;0
1117.816;1422.89953613281;0
1119.947;1372.76232910156;0
1122.08;1283.01684570313;0
1124.213;1354.54809570313;0
1126.343;1365.09350585938;0
1128.474;1360.28247070313;0
1130.602;1219.25817871094;0
1132.728;1206.15356445313;0
1134.856;1170.60693359375;0
1136.982;1187.70495605469;0
1139.109;1179.4599609375;0
1141.234;1228.30749511719;0
1143.356;1242.7109375;0
1145.479;1284.2490234375;0
1147.599;1241.31811523438;0
1149.719;1314.9736328125;0
1151.839;1315.21997070313;0
1153.957;1197.72399902344;0
1156.076;1077.26440429688;0
1158.191;881.619506835938;0
1160.305;961.255554199219;0
1162.423;968.500366210938;0
1164.536;991.883239746094;0
1166.647;890.623168945313;0
1168.761;991.330688476563;0
1170.871;1038.34130859375;0
1172.983;1112.74792480469;0
1175.092;1139.39868164063;0
1177.2;1291.43481445313;0
1179.306;1359.11779785156;0
1181.413;1428.85485839844;0
1183.518;1410.4912109375;0
1185.623;1353.47583007813;0
1187.725;1276.14147949219;0
1189.826;1288.79968261719;0
1191.929;1427.80187988281;0
1194.032;1474.97509765625;0
1196.13;1423.59387207031;0
1198.23;1453.89953613281;0
1200.327;1507.91076660156;0
1202.423;1632.732421875;0
1204.52;1568.66015625;0
1206.613;1395.79565429688;0
1208.71;1374.37768554688;0
1210.801;1483.64538574219;0
1212.892;1651.29565429688;0
1214.987;1634.36145019531;0
1217.075;1783.3984375;0
1219.166;1744.74108886719;0
1221.256;1740.50402832031;0
1223.342;1542.66796875;0
1225.43;1462.84680175781;0
1227.515;1328.20288085938;0
1229.597;1221.22741699219;0
1231.685;1241.80847167969;0
1233.767;1290.76208496094;0
1235.85;1349.15600585938;0
1237.931;1349.21984863281;0
1240.009;1418.25952148438;0
1242.09;1296.86535644531;0
1244.168;1203.71118164063;0
1246.245;1120.69409179688;0
1248.321;1218.75061035156;0
1250.397;1228.28503417969;0
1252.472;1286.85070800781;0
1254.547;1158.78454589844;0
1256.618;1133.18078613281;0
1258.69;1029.17346191406;0
1260.761;1112.30163574219;0
1262.83;1134.30810546875;0
1264.901;1205.90112304688;0
1266.969;1233.19580078125;0
1269.035;1221.41040039063;0
1271.102;1302.07861328125;0
1273.167;1237.11853027344;0
1275.233;1339.86462402344;0
1277.295;1327.61547851563;0
1279.359;1420.86462402344;0
1281.42;1316.81359863281;0
1283.482;1253.32409667969;0
1285.542;1174.50988769531;0
1287.6;1203.08740234375;0
1289.659;1116.91943359375;0
1291.714;1124.22253417969;0
1293.774;1230.03674316406;0
1295.828;1236.34106445313;0
1297.881;1305.64453125;0
1299.936;1277.97131347656;0
1301.987;1423.80688476563;0
1304.041;1547.36474609375;0
1306.09;1535.94482421875;0
1308.139;1523.96118164063;0
1310.19;1475.46374511719;0
1312.238;1655.61645507813;0
1314.286;1574.25561523438;0
1316.331;1609.89147949219;0
1318.376;1685.91015625;0
1320.422;1750.84912109375;0
1322.466;1672.68347167969;0
1324.508;1731.73449707031;0
1326.549;1675.07702636719;0
1328.59;1672.60583496094;0
1330.632;1390.93701171875;0
1332.67;1518.6318359375;0
1334.707;1563.66015625;0
1336.746;1589.32214355469;0
1338.78;1535.17932128906;0
1340.816;1429.56408691406;0
1342.852;1164.92492675781;0
1344.885;1108.14575195313;0
1346.916;990.118713378906;0
1348.948;1200.04418945313;0
1350.979;1207.83435058594;0
1353.011;1276.7666015625;0
1355.04;1304.52880859375;0
1357.066;1249.05944824219;0
1359.094;1352.78564453125;0
1361.121;1318.92602539063;0
1363.145;1442.24658203125;0
1365.171;1166.29516601563;0
1367.192;1020.84484863281;0
1369.216;769.459838867188;0
1371.239;968.721801757813;0
1373.258;1082.80810546875;0
1375.28;1065.60827636719;0
1377.298;809.561767578125;0
1379.316;615.336853027344;0
1381.335;673.376586914063;0
1383.35;712.387817382813;0
1385.366;706.572998046875;0
1387.38;685.116760253906;0
1389.394;732.798400878906;0
1391.409;896.389343261719;0
1393.42;707.00634765625;0
1395.43;849.654235839844;0
1397.44;782.083923339844;0
1399.451;879.286560058594;0
1401.458;653.71484375;0
1403.466;453.706512451172;0
1405.472;451.926239013672;0
1407.478;410.679992675781;0
1409.483;547.5556640625;0
1411.486;631.506225585938;0
1413.49;804.381225585938;0
1415.492;814.667785644531;0
1417.492;727.465026855469;0
1419.495;623.608459472656;0
1421.494;667.687744140625;0
1423.492;839.408264160156;0
1425.49;963.072265625;0
1427.487;1054.83911132813;0
1429.482;1046.96313476563;0
1431.477;1185.49951171875;0
1433.471;1251.53955078125;0
1435.466;1388.25109863281;0
1437.456;1447.70983886719;0
1439.447;1301.80627441406;0
1441.441;1239.4296875;0
1443.427;1231.39990234375;0
1445.417;1467.16662597656;0
1447.406;1480.77526855469;0
1449.392;1438.67565917969;0
1451.381;1329.76086425781;0
1453.365;1248.58642578125;0
1455.348;1172.00415039063;0
1457.333;1024.0068359375;0
1459.314;956.075073242188;0
1461.296;819.093017578125;0
1463.276;766.837341308594;0
1465.256;801.082641601563;0
1467.237;906.514099121094;0
1469.215;1106.88830566406;0
1471.19;1185.65002441406;0
1473.167;1348.6875;0
1475.145;1374.10888671875;0
1477.118;1421.02478027344;0
1479.092;1322.87927246094;0
1481.065;1264.4501953125;0
1483.038;1173.51550292969;0
1485.008;1031.07678222656;0
1486.979;1010.91186523438;0
1488.949;1017.42279052734;0
1490.917;1115.87658691406;0
1492.883;1029.05053710938;0
1494.852;954.722351074219;0
1496.817;827.005859375;0
1498.782;719.259033203125;0
1500.748;746.374206542969;0
1502.708;753.3486328125;0
1504.673;750.0673828125;0
1506.634;636.973449707031;0
1508.594;528.207885742188;0
1510.554;703.814575195313;0
1512.512;816.639038085938;0
1514.471;954.923889160156;0
1516.428;798.742370605469;0
1518.384;853.774536132813;0
1520.34;691.015991210938;0
1522.294;731.802917480469;0
1524.249;550.134338378906;0
1526.202;732.500305175781;0
1528.153;731.296813964844;0
1530.103;896.854614257813;0
1532.054;837.508972167969;0
1534.004;894.475463867188;0
1535.951;814.756896972656;0
1537.899;820.467102050781;0
1539.847;805.273864746094;0
1541.793;728.511108398438;0
1543.738;610.940246582031;0
1545.681;498.817016601563;0
1547.625;535.596862792969;0
1549.566;587.309020996094;0
1551.509;667.436706542969;0
1553.45;677.365905761719;0
1555.389;784.238159179688;0
1557.33;689.497131347656;0
1559.266;660.97900390625;0
1561.204;718.897583007813;0
1563.141;789.646728515625;0
1565.074;791.109680175781;0
1567.009;637.393737792969;0
1568.943;636.3876953125;0
1570.877;644.461791992188;0
1572.808;554.395324707031;0
1574.741;558.149963378906;0
1576.67;464.281188964844;0
1578.6;558.917053222656;0
1580.528;553.489990234375;0
1582.455;586.222106933594;0
1584.382;565.444641113281;0
1586.307;535.710021972656;0
1588.234;630.460693359375;0
1590.157;777.696655273438;0
1592.081;802.751281738281;0
1594.002;697.291198730469;0
1595.927;487.427551269531;0
1597.845;383.826965332031;0
1599.767;401.316101074219;0
1601.685;418.786041259766;0
1603.602;477.207611083984;0
1605.523;397.669311523438;0
1607.438;547.246459960938;0
1609.354;672.197143554688;0
1611.269;803.518432617188;0
1613.181;597.54296875;0
1615.096;441.823913574219;0
1617.008;307.921020507813;0
1618.92;466.24267578125;0
1620.83;629.95654296875;0
1622.74;762.611267089844;0
1624.649;701.887756347656;0
1626.557;589.601135253906;0
1628.464;662.363647460938;0
1630.37;755.440551757813;0
1632.275;816.5234375;0
1634.18;831.757141113281;0
1636.085;755.364440917969;0
1637.988;833.408325195313;0
1639.888;776.3271484375;0
1641.791;764.895080566406;0
1643.691;769.91796875;0
1645.588;781.084533691406;0
1647.489;1024.28491210938;0
1649.387;1046.18041992188;0
1651.284;1224.65576171875;0
1653.18;1056.82238769531;0
1655.075;1111.68176269531;0
1656.972;956.787902832031;0
1658.864;1176.03271484375;0
1660.754;1178.99353027344;0
1662.65;1199.24645996094;0
1664.539;1155.36474609375;0
1666.428;1011.66687011719;0
1668.32;1007.00762939453;0
1670.207;918.054565429688;0
1672.096;972.369079589844;0
1673.982;1072.39562988281;0
1675.867;1115.24548339844;0
1677.754;1187.69616699219;0
1679.638;1153.74780273438;0
1681.52;1066.17883300781;0
1683.403;903.100952148438;0
1685.285;676.736389160156;0
1687.166;628.307434082031;0
1689.048;718.480651855469;0
1690.924;814.572509765625;0
1692.804;893.595092773438;0
1694.682;758.103881835938;0
1696.558;830.210021972656;0
1698.435;728.024719238281;0
1700.308;647.658935546875;0
1702.184;444.112731933594;0
1704.057;451.941680908203;0
1705.929;467.812408447266;0
1707.801;487.280548095703;0
1709.674;454.457122802734;0
1711.542;597.066284179688;0
1713.412;721.55029296875;0
1715.28;657.938232421875;0
1717.145;520.141662597656;0
1719.015;355.863067626953;0
1720.88;231.504211425781;0
1722.746;123.174133300781;0
1724.61;249.459030151367;0
1726.471;368.630432128906;0
1728.334;513.349731445313;0
1730.197;496.130432128906;0
1732.057;526.472961425781;0
1733.919;531.280456542969;0
1735.777;528.787963867188;0
1737.634;538.7724609375;0
1739.493;538.773864746094;0
1741.349;474.971466064453;0
1743.205;387.562408447266;0
1745.061;403.399169921875;0
1746.915;418.815490722656;0
1748.77;607.506286621094;0
1750.621;637.899780273438;0
1752.473;619.491516113281;0
1754.323;538.251770019531;0
1756.173;490.043395996094;0
1758.022;570.753784179688;0
1759.87;544.270263671875;0
1761.718;433.035705566406;0
1763.566;402.715301513672;0
1765.411;470.744964599609;0
1767.256;472.134399414063;0
1769.101;590.247253417969;0
1770.945;554.935729980469;0
1772.787;802.533020019531;0
1774.629;760.7060546875;0
1776.469;850.120544433594;0
1778.309;831.10986328125;0
1780.15;859.451049804688;0
1781.987;914.360412597656;0
1783.826;804.504516601563;0
1785.662;883.105712890625;0
1787.498;851.83056640625;0
1789.334;954.345825195313;0
1791.169;1016.42858886719;0
1793.002;1119.18933105469;0
1794.834;1200.07250976563;0
1796.667;1224.078125;0
1798.498;1213.431640625;0
1800.328;1256.02197265625;0
1802.157;1231.96020507813;0
1803.986;1227.02416992188;0
1805.813;1220.99157714844;0
1807.639;1217.41796875;0
1809.467;1202.74780273438;0
1811.292;1210.31457519531;0
1813.117;1219.5625;0
1814.94;1296.49169921875;0
1816.763;1259.43542480469;0
1818.585;1141.72827148438;0
1820.407;899.482604980469;0
1822.227;752.809875488281;0
1824.048;662.48779296875;0
1825.865;675.738830566406;0
1827.683;557.674072265625;0
1829.501;493.744720458984;0
1831.317;343.840301513672;0
1833.135;317.706390380859;0
1834.948;130.403289794922;0
1836.761;139.239593505859;0
1838.577;322.258666992188;0
1840.388;560.952453613281;0
1842.198;598.3466796875;0
1844.009;540.440979003906;0
1845.819;602.9052734375;0
1847.629;610.965942382813;0
1849.436;437.291595458984;0
1851.244;343.437866210938;0
1853.052;483.1259765625;0
1854.858;572.689270019531;0
1856.661;522.762512207031;0
1858.466;534.317687988281;0
1860.269;605.910522460938;0
1862.073;697.9853515625;0
1863.875;691.319946289063;0
1865.673;658.803344726563;0
1867.476;562.10205078125;0
1869.275;443.438354492188;0
1871.072;594.263305664063;0
1872.872;836.576904296875;0
1874.667;763.259521484375;0
1876.464;794.830871582031;0
1878.26;633.657531738281;0
1880.053;723.29150390625;0
1881.849;538.954895019531;0
1883.64;548.204162597656;0
1885.431;572.701171875;0
1887.226;670.999938964844;0
1889.014;602.429321289063;0
1890.803;605.321533203125;0
1892.594;591.4541015625;0
1894.38;811.938232421875;0
1896.167;747.773376464844;0
1897.955;786.07080078125;0
1899.74;681.831909179688;0
1901.526;629.840454101563;0
1903.309;534.541137695313;0
1905.091;568.489868164063;0
1906.876;670.2421875;0
1908.658;617.242492675781;0
1910.438;539.713012695313;0
1912.217;582.098205566406;0
1913.996;550.064758300781;0
1915.775;554.501525878906;0
1917.553;587.630737304688;0
1919.33;782.677612304688;0
1921.106;776.419799804688;0
1922.881;712.968566894531;0
1924.655;616.878234863281;0
1926.431;494.59326171875;0
1928.202;407.003509521484;0
1929.974;191.665115356445;0
1931.746;368.657043457031;0
1933.516;374.319152832031;0
1935.286;525.279602050781;0
1937.055;463.056762695313;0
1938.823;676.879028320313;0
1940.592;741.640197753906;0
1942.356;758.590942382813;0
1944.122;764.992004394531;0
1945.888;789.57373046875;0
1947.651;753.858642578125;0
1949.416;620.846801757813;0
1951.178;551.090454101563;0
1952.939;549.696716308594;0
1954.699;640.664123535156;0
1956.459;725.776000976563;0
1958.219;744.541625976563;0
1959.979;800.7412109375;0
1961.735;955.31640625;0
1963.491;1079.15588378906;0
1965.249;852.370544433594;0
1967.003;870.411376953125;0
1968.761;899.170593261719;0
1970.512;1093.20495605469;0
1972.265;1156.29223632813;0
1974.018;1036.65478515625;0
1975.769;932.288757324219;0
1977.522;693.201232910156;0
1979.271;586.284790039063;0
1981.018;445.094970703125;0
1982.766;241.742919921875;0
1984.516;292.69189453125;0
1986.261;305.811950683594;0
1988.009;461.658599853516;0
1989.754;493.903289794922;0
1991.498;611.547546386719;0
1993.241;611.157409667969;0
1994.984;618.624267578125;0
1996.727;539.729187011719;0
1998.468;474.805480957031;0
2000.206;469.297973632813;0
2001.946;521.873291015625;0
2003.686;657.422790527344;0
2005.424;602.831115722656;0
2007.161;702.210388183594;0
2008.898;658.891235351563;0
2010.634;811.21630859375;0
2012.369;747.96337890625;0
2014.103;672.688049316406;0
2015.836;619.279174804688;0
2017.57;667.741760253906;0
2019.299;800.855407714844;0
2021.032;741.732604980469;0
2022.762;635.925903320313;0
2024.491;624.213073730469;0
2026.221;756.371887207031;0
2027.947;793.402282714844;0
2029.676;621.9697265625;0
2031.403;497.850646972656;0
2033.128;472.155609130859;0
2034.852;687.249938964844;0
2036.577;691.6826171875;0
2038.299;783.718200683594;0
2040.022;604.953125;0
2041.744;439.276184082031;0
2043.465;281.905364990234;0
2045.184;257.628509521484;0
2046.903;382.228668212891;0
2048.621;375.151489257813;0
2050.339;433.509338378906;0
2052.057;330.191070556641;0
2053.774;300.752288818359;0
2055.488;155.304092407227;0
2057.203;154.845718383789;0
2058.917;195.216186523438;0
2060.631;228.911239624023;0
2062.344;263.707733154297;0
2064.053;249.161254882813;0
2065.765;387.16064453125;0
2067.476;409.817077636719;0
2069.185;506.683471679688;0
2070.892;535.870422363281;0
2072.6;628.822265625;0
2074.308;682.20703125;0
2076.014;681.583740234375;0
2077.72;629.284118652344;0
2079.425;526.308959960938;0
2081.13;376.100250244141;0
2082.833;229.214736938477;0
2084.532;212.431457519531;0
2086.236;215.066146850586;0
2087.936;345.712310791016;0
2089.635;390.429229736328;0
2091.335;515.527709960938;0
2093.034;546.140747070313;0
2094.731;571.030883789063;0
2096.427;552.580078125;0
2098.124;678.139282226563;0
2099.82;877.243347167969;0
2101.515;943.024169921875;0
2103.207;896.828186035156;0
2104.902;913.256958007813;0
2106.594;1027.27026367188;0
2108.286;1170.26586914063;0
2109.976;1262.46789550781;0
2111.667;1303.86706542969;0
2113.355;1397.90930175781;0
2115.044;1273.92785644531;0
2116.732;1237.36706542969;0
2118.42;1121.66650390625;0
2120.105;1310.6162109375;0
2121.79;1411.53601074219;0
2123.476;1534.99768066406;0
2125.16;1395.65173339844;0
2126.844;1371.66955566406;0
2128.524;1353.86206054688;0
2130.207;1446.04833984375;0
2131.888;1502.87158203125;0
2133.567;1469.22741699219;0
2135.247;1407.11645507813;0
2136.927;1407.24194335938;0
2138.603;1445.41027832031;0
2140.281;1441.11047363281;0
2141.957;1473.89733886719;0
2143.633;1436.99438476563;0
2145.308;1424.060546875;0
2146.981;1390.0947265625;0
2148.654;1448.8740234375;0
2150.328;1381.61938476563;0
2152;1282.55310058594;0
2153.669;1253.95776367188;0
2155.34;1326.91088867188;0
2157.01;1457.48071289063;0
2158.677;1435.03833007813;0
2160.347;1476.33386230469;0
2162.013;1289.58618164063;0
2163.681;1309.57299804688;0
2165.347;1281.34045410156;0
2167.011;1309.52087402344;0
2168.674;1227.60717773438;0
2170.337;1100.53247070313;0
2172.002;1134.74438476563;0
2173.662;1176.13244628906;0
2175.324;1214.47106933594;0
2176.985;1229.09216308594;0
2178.645;1082.43896484375;0
2180.304;1082.17700195313;0
2181.961;1058.63842773438;0
2183.618;1228.82641601563;0
2185.275;1189.52026367188;0
2186.932;1250.25646972656;0
2188.586;1152.64221191406;0
2190.242;1277.10083007813;0
2191.896;1088.53247070313;0
2193.547;1173.56237792969;0
2195.2;1157.43041992188;0
2196.851;1221.56042480469;0
2198.502;1131.41833496094;0
2200.153;992.007873535156;0
2201.799;1003.13671875;0
2203.447;927.316345214844;0
2205.097;993.622009277344;0
2206.742;1062.50036621094;0
2208.391;1073.56298828125;0
2210.035;1130.92236328125;0
2211.679;1091.35510253906;0
2213.324;1176.45617675781;0
2214.966;1095.42175292969;0
2216.608;1034.85815429688;0
2218.252;1087.46472167969;0
2219.89;1082.47766113281;0
2221.531;1155.2197265625;0
2223.172;1098.92932128906;0
2224.809;1086.43505859375;0
2226.449;1095.037109375;0
2228.086;1221.47595214844;0
2229.72;1223.78747558594;0
2231.358;1210.07653808594;0
2232.992;1018.23321533203;0
2234.625;1013.29754638672;0
2236.26;1120.47436523438;0
2237.893;1273.28991699219;0
2239.524;1387.10913085938;0
2241.156;1171.32153320313;0
2242.785;1189.01501464844;0
2244.416;1273.74084472656;0
2246.044;1464.76782226563;0
2247.672;1413.20715332031;0
2249.301;1283.05859375;0
2250.926;1191.26599121094;0
2252.554;1091.38391113281;0
2254.177;1083.5146484375;0
2255.803;1136.32385253906;0
2257.427;1242.33056640625;0
2259.051;1305.75708007813;0
2260.671;1022.49212646484;0
2262.294;868.602722167969;0
2263.914;780.109802246094;0
2265.533;1041.48583984375;0
2267.153;1088.24645996094;0
2268.773;1122.16589355469;0
2270.392;1182.90881347656;0
2272.006;1204.14184570313;0
2273.624;1215.53186035156;0
2275.239;1240.18981933594;0
2276.854;1374.89367675781;0
2278.468;1460.2041015625;0
2280.084;1406.34216308594;0
2281.695;1376.47094726563;0
2283.305;1377.81396484375;0
2284.919;1184.44348144531;0
2286.527;1178.9111328125;0
2288.14;1127.1767578125;0
2289.748;1314.05712890625;0
2291.354;1305.3740234375;0
2292.964;1233.68273925781;0
2294.569;1145.98107910156;0
2296.174;1129.9052734375;0
2297.782;1126.07885742188;0
2299.386;1131.04772949219;0
2300.99;906.135681152344;0
2302.594;994.558288574219;0
2304.195;1010.66668701172;0
2305.798;1051.07202148438;0
2307.399;887.107849121094;0
2308.998;855.734436035156;0
2310.598;847.533569335938;0
2312.197;985.37060546875;0
2313.795;1056.61291503906;0
2315.392;1241.71728515625;0
2316.988;1259.99731445313;0
2318.585;1329.67395019531;0
2320.18;1277.85681152344;0
2321.774;1182.21228027344;0
2323.368;1131.51403808594;0
2324.961;1157.41625976563;0
2326.553;1035.25183105469;0
2328.145;962.749389648438;0
2329.735;822.391418457031;0
2331.324;914.467041015625;0
2332.916;795.366027832031;0
2334.503;718.745178222656;0
2336.092;632.224853515625;0
2337.677;728.969970703125;0
2339.263;853.790283203125;0
2340.85;972.793273925781;0
2342.434;1011.16625976563;0
2344.018;972.649536132813;0
2345.602;833.081176757813;0
2347.185;807.117248535156;0
2348.768;742.587829589844;0
2350.347;896.167236328125;0
2351.928;935.307189941406;0
2353.51;922.4521484375;0
2355.087;749.595764160156;0
2356.665;472.843841552734;0
2358.243;376.764007568359;0
2359.819;366.195953369141;0
2361.396;402.006439208984;0
2362.972;517.739196777344;0
2364.547;563.727600097656;0
2366.121;630.751586914063;0
2367.694;616.926208496094;0
2369.267;609.029296875;0
2370.839;553.495727539063;0
2372.411;606.263000488281;0
2373.982;727.952026367188;0
2375.55;847.846252441406;0
2377.118;700.931091308594;0
2378.687;621.656982421875;0
2380.254;590.231567382813;0
2381.821;822.780578613281;0
2383.387;957.76171875;0
2384.954;1059.36328125;0
2386.516;1006.73315429688;0
2388.082;812.768249511719;0
2389.644;775.984802246094;0
2391.209;818.607299804688;0
2392.769;743.968994140625;0
2394.33;762.848937988281;0
2395.892;759.930419921875;0
2397.449;945.396484375;0
2399.008;1044.41394042969;0
2400.568;1100.97937011719;0
2402.125;1034.9794921875;0
2403.68;850.635375976563;0
2405.238;881.956604003906;0
2406.792;908.722290039063;0
2408.349;1052.24780273438;0
2409.902;1021.77404785156;0
2411.455;1119.19226074219;0
2413.007;1241.40844726563;0
2414.558;1233.99035644531;0
2416.11;1194.81530761719;0
2417.66;1193.24975585938;0
2419.21;1109.58166503906;0
2420.758;1108.96691894531;0
2422.307;993.508483886719;0
2423.855;972.916870117188;0
2425.402;950.375061035156;0
2426.947;861.1123046875;0
2428.492;884.920471191406;0
2430.038;948.433410644531;0
2431.58;945.953979492188;0
2433.124;977.995727539063;0
2434.667;897.320007324219;0
2436.208;873.129455566406;0
2437.75;985.041198730469;0
2439.291;978.936828613281;0
2440.83;1042.44006347656;0
2442.369;1010.62847900391;0
2443.906;1227.28137207031;0
2445.444;1470.8447265625;0
2446.981;1363.07177734375;0
2448.517;1245.02966308594;0
2450.053;1064.87255859375;0
2451.587;1047.82092285156;0
2453.12;1205.44580078125;0
2454.655;1168.09033203125;0
2456.187;1351.53198242188;0
2457.718;1325.9931640625;0
2459.25;1337.49853515625;0
2460.781;1163.32861328125;0
2462.31;1130.14636230469;0
2463.84;1187.07446289063;0
2465.368;1259.24365234375;0
2466.896;1113.42749023438;0
2468.423;1103.0830078125;0
2469.949;1178.01733398438;0
2471.474;1313.62390136719;0
2472.998;1327.33947753906;0
2474.522;1225.60705566406;0
2476.045;1208.90441894531;0
2477.568;1230.19506835938;0
2479.09;1230.47216796875;0
2480.612;1217.11450195313;0
2482.132;1111.89770507813;0
2483.653;1040.37866210938;0
2485.171;1024.30651855469;0
2486.689;1256.1572265625;0
2488.208;1407.44946289063;0
2489.725;1442.51452636719;0
2491.242;1319.02258300781;0
2492.757;1305.08666992188;0
2494.271;1173.70593261719;0
2495.785;1047.51135253906;0
2497.3;1122.42138671875;0
2498.812;1270.77307128906;0
2500.325;1227.67687988281;0
2501.837;1062.79797363281;0
2503.345;748.565368652344;0
2504.856;760.744995117188;0
2506.366;755.904235839844;0
2507.875;952.565185546875;0
2509.382;998.438049316406;0
2510.889;960.857116699219;0
2512.397;846.045166015625;0
2513.901;669.446899414063;0
2515.406;631.513793945313;0
2516.911;710.598937988281;0
2518.415;910.010375976563;0
2519.918;876.083435058594;0
2521.421;817.595581054688;0
2522.922;640.100952148438;0
2524.423;752.091491699219;0
2525.924;684.39990234375;0
2527.422;633.43701171875;0
2528.923;494.829681396484;0
2530.419;570.175903320313;0
2531.916;608.620178222656;0
2533.415;688.938903808594;0
2534.909;531.46484375;0
2536.404;469.450805664063;0
2537.899;251.257965087891;0
2539.394;291.637542724609;0
2540.887;366.773162841797;0
2542.38;573.347229003906;0
2543.871;476.312316894531;0
2545.363;446.979797363281;0
2546.852;389.660522460938;0
2548.345;269.651489257813;0
2549.833;189.452911376953;0
2551.321;140.708969116211;0
2552.811;428.256713867188;0
2554.296;489.340179443359;0
2555.78;546.664978027344;0
2557.267;448.504150390625;0
2558.752;476.626495361328;0
2560.237;359.346984863281;0
2561.721;404.505889892578;0
2563.203;439.787384033203;0
2564.687;590.989318847656;0
2566.168;611.246948242188;0
2567.648;629.401062011719;0
2569.129;575.677490234375;0
2570.607;562.183654785156;0
2572.086;677.586120605469;0
2573.565;812.270446777344;0
2575.041;849.447326660156;0
2576.518;773.742309570313;0
2577.994;793.272033691406;0
2579.469;1033.59338378906;0
2580.945;1189.15197753906;0
2582.418;1137.70483398438;0
2583.892;1110.03674316406;0
2585.365;1127.50012207031;0
2586.835;1218.41711425781;0
2588.307;1191.89660644531;0
2589.778;1154.26928710938;0
2591.248;1154.85681152344;0
2592.717;1225.99194335938;0
2594.186;1079.34326171875;0
2595.652;1186.91247558594;0
2597.121;1053.59167480469;0
2598.585;1149.38354492188;0
2600.052;1076.73754882813;0
2601.518;1078.85498046875;0
2602.982;1178.58044433594;0
2604.446;1182.86145019531;0
2605.907;1316.36535644531;0
2607.371;1220.20251464844;0
2608.83;1378.92858886719;0
2610.293;1326.20764160156;0
2611.752;1371.26696777344;0
2613.213;1315.77661132813;0
2614.672;1376.30944824219;0
2616.13;1540.61999511719;0
2617.587;1577.04272460938;0
2619.043;1706.02368164063;0
2620.501;1607.34167480469;0
2621.957;1564.55102539063;0
2623.409;1452.75769042969;0
2624.864;1496.76123046875;0
2626.318;1516.54650878906;0
2627.771;1555.56872558594;0
2629.222;1532.95227050781;0
2630.673;1462.23107910156;0
2632.124;1498.8994140625;0
2633.575;1559.11193847656;0
2635.023;1591.20812988281;0
2636.473;1554.88671875;0
2637.922;1478.74523925781;0
2639.368;1506.71667480469;0
2640.816;1359.13464355469;0
2642.261;1308.84936523438;0
2643.705;1049.69909667969;0
2645.151;1039.69665527344;0
2646.596;1035.19580078125;0
2648.037;1131.91174316406;0
2649.48;1019.04919433594;0
2650.923;877.365905761719;0
2652.364;880.726501464844;0
2653.804;1058.62365722656;0
2655.243;1146.60974121094;0
2656.683;1128.35656738281;0
2658.121;985.423583984375;0
2659.559;905.204711914063;0
2660.997;943.936584472656;0
2662.433;1054.32824707031;0
2663.868;1178.70874023438;0
2665.305;1057.7451171875;0
2666.737;1001.74060058594;0
2668.173;979.307983398438;0
2669.606;833.2158203125;0
2671.038;825.948364257813;0
2672.47;648.570861816406;0
2673.901;733.527770996094;0
2675.331;678.710693359375;0
2676.761;663.134155273438;0
2678.189;618.687683105469;0
2679.619;450.705108642578;0
2681.045;321.853271484375;0
2682.473;422.756591796875;0
2683.9;541.177856445313;0
2685.324;686.618225097656;0
2686.749;611.360229492188;0
2688.176;487.167602539063;0
2689.599;394.523620605469;0
2691.021;349.861968994141;0
2692.444;512.3330078125;0
2693.865;664.360900878906;0
2695.287;578.418762207031;0
2696.707;432.065887451172;0
2698.125;285.078399658203;0
2699.545;395.681365966797;0
2700.963;358.769592285156;0
2702.381;388.676544189453;0
2703.798;433.037170410156;0
2705.214;442.3271484375;0
2706.629;578.881469726563;0
2708.046;674.14501953125;0
2709.458;778.033081054688;0
2710.872;684.211547851563;0
2712.285;651.946533203125;0
2713.699;579.456481933594;0
2715.111;543.405639648438;0
2716.52;478.427368164063;0
2717.93;453.448364257813;0
2719.342;410.864288330078;0
2720.749;432.694702148438;0
2722.159;476.595886230469;0
2723.565;616.39892578125;0
2724.971;663.876159667969;0
2726.38;819.358093261719;0
2727.785;740.279418945313;0
2729.19;831.418212890625;0
2730.594;697.328552246094;0
2731.997;926.900817871094;0
2733.401;870.467895507813;0
2734.803;955.476379394531;0
2736.204;931.260192871094;0
2737.606;1012.48828125;0
2739.005;1161.49731445313;0
2740.405;1087.0634765625;0
2741.806;1097.40270996094;0
2743.202;1007.73419189453;0
2744.602;1170.61059570313;0
2745.998;1119.36828613281;0
2747.395;1099.34228515625;0
2748.79;1042.42358398438;0
2750.185;1050.74987792969;0
2751.58;1103.95190429688;0
2752.975;1022.3642578125;0
2754.366;1116.26062011719;0
2755.759;1210.251953125;0
2757.151;1276.51208496094;0
2758.542;1235.67236328125;0
2759.933;1338.83508300781;0
2761.322;1455.97900390625;0
2762.71;1440.32360839844;0
2764.1;1274.53393554688;0
2765.486;1082.31774902344;0
2766.875;1148.24426269531;0
2768.26;1120.58923339844;0
2769.646;1138.40954589844;0
2771.031;1112.38696289063;0
2772.418;1113.48107910156;0
2773.799;1172.36828613281;0
2775.184;1174.67456054688;0
2776.565;1215.86328125;0
2777.946;1335.46411132813;0
2779.328;1385.69421386719;0
2780.708;1501.99841308594;0
2782.09;1453.37536621094;0
2783.469;1474.490234375;0
2784.847;1411.67504882813;0
2786.226;1513.515625;0
2787.603;1516.64611816406;0
2788.978;1566.2880859375;0
2790.355;1457.669921875;0
2791.731;1361.76318359375;0
2793.104;1259.67956542969;0
2794.479;1284.59497070313;0
2795.853;1200.2587890625;0
2797.225;1168.43786621094;0
2798.596;1011.14166259766;0
2799.967;973.0556640625;0
2801.341;837.310241699219;0
2802.71;685.139465332031;0
2804.077;533.65869140625;0
2805.447;477.868255615234;0
2806.815;506.218109130859;0
2808.183;600.822082519531;0
2809.551;685.912231445313;0
2810.915;702.710510253906;0
2812.282;629.440490722656;0
2813.646;502.323028564453;0
2815.011;443.580688476563;0
2816.375;359.211395263672;0
2817.736;403.538604736328;0
2819.099;463.67529296875;0
2820.462;480.951080322266;0
2821.821;446.365966796875;0
2823.182;327.593200683594;0
2824.542;431.078979492188;0
2825.901;508.491302490234;0
2827.261;604.38134765625;0
2828.617;637.634887695313;0
2829.974;609.358642578125;0
2831.33;728.887268066406;0
2832.686;681.555541992188;0
2834.043;753.360107421875;0
2835.395;749.189697265625;0
2836.75;895.939758300781;0
2838.104;960.313842773438;0
2839.456;840.357482910156;0
2840.807;802.919311523438;0
2842.16;690.986633300781;0
2843.509;803.190063476563;0
2844.858;783.86181640625;0
2846.209;709.554138183594;0
2847.556;553.600463867187;0
2848.906;524.666259765625;0
2850.253;619.118774414063;0
2851.6;633.371704101562;0
2852.946;572.868347167969;0
2854.29;388.701751708985;0
2855.635;349.634399414063;0
2856.98;275.4521484375;0
2858.323;313.730255126953;0
2859.665;347.470306396485;0
2861.008;297.678192138672;0
2862.349;444.132751464844;0
2863.691;464.002288818359;0
2865.031;508.137908935547;0
2866.37;491.008544921875;0
2867.709;426.020965576172;0
2869.048;458.850799560547;0
2870.385;475.038848876953;0
2871.722;564.584838867188;0
2873.059;731.063659667969;0
2874.394;727.696472167969;0
2875.73;827.454956054688;0
2877.064;750.646179199219;0
2878.398;745.703796386719;0
2879.731;744.645385742187;0
2881.063;803.182006835938;0
2882.395;867.246887207031;0
2883.727;923.797180175781;0
2885.059;953.424865722656;0
2886.387;1122.56359863281;0
2887.717;1150.76086425781;0
2889.046;1144.15173339844;0
2890.374;1049.6162109375;0
2891.699;978.095520019531;0
2893.028;929.295715332031;0
2894.354;812.948120117188;0
2895.679;825.636108398437;0
2897.004;966.610534667969;0
2898.328;1011.55584716797;0
2899.653;1007.69909667969;0
2900.976;1044.57763671875;0
2902.297;1071.65087890625;0
2903.619;1017.95867919922;0
2904.941;990.383605957031;0
2906.26;965.8544921875;0
2907.58;1021.41168212891;0
2908.898;971.701049804687;0
2910.217;966.598876953125;0
2911.536;1034.82836914062;0
2912.852;1037.1455078125;0
2914.171;1095.76110839844;0
2915.485;1010.89666748047;0
2916.799;1113.01086425781;0
2918.116;1049.64807128906;0
2919.428;1022.63104248047;0
2920.743;872.88134765625;0
2922.056;977.547180175781;0
2923.367;1138.41052246094;0
2924.679;1134.58642578125;0
2925.99;1152.96264648438;0
2927.299;1157.98327636719;0
2928.609;1246.39099121094;0
2929.918;1269.21728515625;0
2931.226;1163.68420410156;0
2932.535;1111.68688964844;0
2933.841;999.150817871094;0
2935.149;985.05615234375;0
2936.455;984.159606933594;0
2937.758;993.131408691406;0
2939.064;971.299011230469;0
2940.368;1004.55023193359;0
2941.67;998.271118164063;0
2942.973;1002.16723632813;0
2944.277;1042.10534667969;0
2945.577;1018.12322998047;0
2946.878;1114.77197265625;0
2948.178;1137.62048339844;0
2949.477;1105.33435058594;0
2950.776;1032.23913574219;0
2952.073;961.9443359375;0
2953.372;1004.34051513672;0
2954.669;1035.68334960938;0
2955.965;1041.68286132813;0
2957.261;1087.95043945313;0
2958.556;1123.32556152344;0
2959.849;1117.69689941406;0
2961.145;1141.5537109375;0
2962.436;1153.30639648437;0
2963.732;1139.74621582031;0
2965.022;1215.10546875;0
2966.313;1172.9189453125;0
2967.603;1137.41772460938;0
2968.893;1070.54931640625;0
2970.182;1047.49670410156;0
2971.471;1020.52856445312;0
2972.759;951.283264160156;0
2974.047;987.962219238281;0
2975.334;1057.76489257813;0
2976.62;1037.2890625;0
2977.907;1085.17041015625;0
2979.192;979.502075195312;0
2980.475;928.575805664063;0
2981.76;859.285583496094;0
2983.043;919.924133300781;0
2984.326;908.671875;0
2985.607;824.548950195313;0
2986.888;792.012084960938;0
2988.17;891.114379882812;0
2989.449;782.435302734375;0
2990.728;709.986389160156;0
2992.007;556.427001953125;0
2993.284;654.975463867187;0
2994.562;612.741027832031;0
2995.84;622.945739746094;0
2997.115;586.478393554688;0
2998.393;612.780883789062;0
2999.666;523.18359375;0
3000.94;476.019012451172;0
3002.215;449.632171630859;0
3003.486;499.207702636719;0
3004.76;519.556640625;0
3006.033;614.122741699219;0
3007.303;616.570251464844;0
3008.573;467.129974365235;0
3009.844;331.442138671875;0
3011.114;325.895690917969;0
3012.383;496.137451171875;0
3013.649;478.726745605469;0
3014.917;272.730041503906;0
3016.185;210.265167236328;0
3017.451;195.109756469727;0
3018.716;371.039306640625;0
3019.983;329.606964111328;0
3021.246;510.921905517578;0
3022.509;564.610900878906;0
3023.774;646.93212890625;0
3025.035;542.888122558594;0
3026.299;493.685546875;0
3027.56;447.268920898438;0
3028.819;370.002563476563;0
3030.081;248.681030273437;0
3031.339;134.518615722656;0
3032.598;213.360900878906;0
3033.856;201.951263427734;0
3035.114;279.732879638672;0
3036.372;224.370300292969;0
3037.628;308.938568115235;0
3038.883;363.501983642578;0
3040.138;398.15576171875;0
3041.394;388.219421386719;0
3042.646;431.049255371094;0
3043.9;501.39028930664;0
3045.152;642.685913085937;0
3046.405;633.822875976563;0
3047.657;480.818817138672;0
3048.906;457.321228027344;0
3050.158;411.890472412109;0
3051.407;615.685241699219;0
3052.656;648.661987304688;0
3053.904;743.684875488281;0
3055.153;729.842834472656;0
3056.398;744.807434082031;0
3057.647;750.358215332031;0
3058.892;765.868835449219;0
3060.137;792.782104492187;0
3061.382;814.210083007813;0
3062.625;776.709716796875;0
3063.869;803.724792480469;0
3065.112;790.062072753906;0
3066.353;866.257202148438;0
3067.595;913.190185546875;0
3068.838;1018.19946289062;0
3070.075;1079.96606445313;0
3071.317;1114.35144042969;0
3072.557;1024.76501464844;0
3073.795;910.70263671875;0
3075.032;779.719360351563;0
3076.27;784.137878417969;0
3077.507;855.916564941406;0
3078.742;907.102905273438;0
3079.978;935.55810546875;0
3081.212;918.533020019531;0
3082.446;920.994689941406;0
3083.681;902.763977050781;0
3084.913;770.852294921875;0
3086.147;767.750366210938;0
3087.38;743.578857421875;0
3088.61;840.948974609375;0
3089.84;821.764099121094;0
3091.071;915.871765136719;0
3092.3;857.921997070313;0
3093.529;905.35888671875;0
3094.755;785.963195800781;0
3095.984;900.031433105469;0
3097.211;952.972595214844;0
3098.438;960.786071777344;0
3099.663;1043.58508300781;0
3100.888;929.150817871094;0
3102.112;923.92431640625;0
3103.335;759.730285644531;0
3104.56;859.3046875;0
3105.782;954.443603515625;0
3107.005;1041.98620605469;0
3108.226;999.4921875;0
3109.447;954.854675292969;0
3110.667;915.560485839844;0
3111.887;943.7138671875;0
3113.104;973.046447753906;0
3114.324;947.014526367188;0
3115.541;982.818359375;0
3116.758;1026.04736328125;0
3117.976;1050.59240722656;0
3119.192;1023.23468017578;0
3120.408;882.296936035156;0
3121.622;927.152954101563;0
3122.835;913.773803710938;0
3124.05;949.954650878906;0
3125.262;853.677490234375;0
3126.476;731.08154296875;0
3127.687;682.686767578125;0
3128.897;788.328918457031;0
3130.108;964.674499511719;0
3131.319;1110.796875;0
3132.528;1090.92236328125;0
3133.737;1070.83020019531;0
3134.945;970.632751464844;0
3136.152;834.221740722656;0
3137.358;792.458068847656;0
3138.565;832.253356933594;0
3139.772;891.841064453125;0
3140.976;797.663269042969;0
3142.18;705.045959472656;0
3143.385;621.908325195312;0
3144.588;699.6279296875;0
3145.79;752.709289550781;0
3146.993;799.97998046875;0
3148.194;702.830200195313;0
3149.395;738.229553222656;0
3150.596;725.2119140625;0
3151.794;816.474670410156;0
3152.994;748.660888671875;0
3154.193;799.140563964844;0
3155.39;616.652038574219;0
3156.587;601.911926269531;0
3157.784;584.671875;0
3158.982;608.133666992188;0
3160.177;557.508666992188;0
3161.37;407.553283691406;0
3162.565;384.088134765625;0
3163.759;339.908752441406;0
3164.952;427.01547241211;0
3166.146;476.337524414063;0
3167.337;555.859313964844;0
3168.527;539.848449707031;0
3169.719;537.870483398437;0
3170.91;456.320770263672;0
3172.098;396.971801757812;0
3173.288;390.961517333984;0
3174.475;399.461761474609;0
3175.663;464.281127929687;0
3176.849;388.577728271484;0
3178.037;343.860443115234;0
3179.223;286.112213134766;0
3180.408;253.31510925293;0
3181.592;187.124603271484;0
3182.777;212.591400146484;0
3183.96;288.775573730469;0
3185.143;411.229766845703;0
3186.325;452.622985839844;0
3187.507;429.928894042969;0
3188.688;433.865936279297;0
3189.869;313.516418457031;0
3191.049;318.535614013672;0
3192.228;356.793273925781;0
3193.406;439.538452148438;0
3194.585;406.992218017578;0
3195.763;449.595794677734;0
3196.939;407.788787841797;0
3198.116;514.406982421875;0
3199.292;482.276611328125;0
3200.466;577.063293457031;0
3201.643;599.432678222656;0
3202.816;599.357788085938;0
3203.991;694.787475585938;0
3205.161;727.551635742188;0
3206.334;777.456481933594;0
3207.504;777.247131347656;0
3208.677;864.620727539062;0
3209.846;903.326293945312;0
3211.017;938.553588867188;0
3212.187;928.465270996094;0
3213.356;853.830627441406;0
3214.524;803.97607421875;0
3215.69;680.012573242188;0
3216.859;770.448059082031;0
3218.024;828.707336425781;0
3219.189;961.063659667969;0
3220.354;902.626220703125;0
3221.519;947.278564453125;0
3222.682;943.430297851563;0
3223.845;1038.59020996094;0
3225.01;1068.53112792969;0
3226.171;1164.70361328125;0
3227.332;1182.99682617188;0
3228.494;1112.74731445313;0
3229.655;1022.95233154297;0
3230.814;1088.052734375;0
3231.973;1132.82666015625;0
3233.13;1182.16174316406;0
3234.29;1078.83654785156;0
3235.447;1060.38818359375;0
3236.605;1093.19165039063;0
3237.76;1116.28173828125;0
3238.916;1097.53186035156;0
3240.071;1053.05102539063;0
3241.224;1018.17926025391;0
3242.381;990.448303222656;0
3243.532;960.254028320313;0
3244.685;1018.912109375;0
3245.839;1009.24566650391;0
3246.99;927.86376953125;0
3248.141;772.112365722656;0
3249.292;777.897216796875;0
3250.439;785.7744140625;0
3251.589;749.189392089844;0
3252.739;794.808898925781;0
3253.886;869.968139648438;0
3255.034;984.21923828125;0
3256.18;872.366333007813;0
3257.326;736.468200683594;0
3258.472;708.220764160156;0
3259.617;761.294677734375;0
3260.761;757.244812011719;0
3261.905;785.489379882812;0
3263.048;770.303405761719;0
3264.19;831.556457519531;0
3265.333;877.695495605469;0
3266.475;842.391174316406;0
3267.617;881.0908203125;0
3268.757;863.129760742188;0
3269.896;920.510620117188;0
3271.036;919.926574707031;0
3272.175;995.064514160156;0
3273.313;931.651428222656;0
3274.449;961.329650878906;0
3275.586;878.24365234375;0
3276.722;941.91748046875;0
3277.859;884.446044921875;0
3278.993;861.66943359375;0
3280.13;797.2822265625;0
3281.263;810.167358398438;0
3282.395;785.716430664063;0
3283.529;794.255737304687;0
3284.66;878.473999023438;0
3285.794;923.752075195313;0
3286.924;1001.51348876953;0
3288.054;890.1533203125;0
3289.185;771.832092285156;0
3290.313;685.897338867187;0
3291.443;768.399963378906;0
3292.571;813.793151855469;0
3293.698;832.076904296875;0
3294.824;718.251831054688;0
3295.952;715.539001464844;0
3297.077;704.274291992188;0
3298.203;741.128967285156;0
3299.328;820.326110839844;0
3300.45;843.825439453125;0
3301.574;874.481689453125;0
3302.698;827.3447265625;0
3303.819;868.015991210938;0
3304.942;811.969909667969;0
3306.064;781.987609863281;0
3307.182;763.897216796875;0
3308.303;701.127502441406;0
3309.423;680.582214355469;0
3310.542;650.263732910156;0
3311.66;585.966003417969;0
3312.778;589.696228027344;0
3313.895;545.442077636719;0
3315.012;547.542907714844;0
3316.128;605.551391601563;0
3317.243;633.582580566406;0
3318.357;691.336853027344;0
3319.471;634.473083496094;0
3320.586;567.641540527344;0
3321.698;723.478454589844;0
3322.813;699.124877929687;0
3323.923;673.936828613281;0
3325.034;657.195556640625;0
3326.146;776.918640136719;0
3327.255;851.504150390625;0
3328.366;734.523376464844;0
3329.474;695.818908691406;0
3330.582;700.421752929687;0
3331.691;746.326293945312;0
3332.797;744.640747070312;0
3333.905;757.028259277344;0
3335.011;744.013488769531;0
3336.116;749.482177734375;0
3337.22;789.738525390625;0
3338.327;789.423645019531;0
3339.429;844.818664550781;0
3340.534;776.1611328125;0
3341.635;862.034118652344;0
3342.737;677.000122070313;0
3343.84;664.661437988281;0
3344.94;471.768981933594;0
3346.041;488.587493896484;0
3347.142;485.267517089844;0
3348.24;516.650756835938;0
3349.337;529.936157226563;0
3350.437;489.855438232422;0
3351.534;432.958526611328;0
3352.633;420.809143066406;0
3353.727;429.487915039063;0
3354.823;522.286254882813;0
3355.919;561.532836914063;0
3357.013;578.310852050781;0
3358.108;571.351257324219;0
3359.201;646.94677734375;0
3360.293;637.631225585938;0
3361.385;699.514282226563;0
3362.478;680.528015136719;0
3363.569;672.852661132813;0
3364.661;575.989013671875;0
3365.75;570.038879394531;0
3366.838;617.129699707031;0
3367.929;664.494079589844;0
3369.017;744.669921875;0
3370.105;733.7421875;0
3371.193;779.086669921875;0
3372.279;680.893798828125;0
3373.364;767.412231445313;0
3374.45;732.935974121094;0
3375.534;716.045776367188;0
3376.62;687.181213378906;0
3377.704;789.643676757813;0
3378.786;838.731323242187;0
3379.871;829.5078125;0
3380.951;825.891418457031;0
3382.034;813.872497558594;0
3383.114;746.285034179687;0
3384.195;745.90283203125;0
3385.276;762.560119628906;0
3386.354;838.496459960937;0
3387.433;774.826354980469;0
3388.511;779.685729980469;0
3389.588;728.637023925781;0
3390.664;790.008178710938;0
3391.742;756.110717773438;0
3392.816;842.138061523438;0
3393.893;809.635803222656;0
3394.968;928.617431640625;0
3396.042;888.068969726563;0
3397.115;940.736572265625;0
3398.189;913.200256347656;0
3399.262;932.25537109375;0
3400.333;888.632446289063;0
3401.404;903.780029296875;0
3402.474;833.582702636719;0
3403.545;852.289428710938;0
3404.615;775.731384277344;0
3405.685;920.6015625;0
3406.752;901.9033203125;0
3407.82;890.329528808594;0
3408.888;858.601135253906;0
3409.955;881.803588867188;0
3411.021;864.144653320313;0
3412.085;810.533020019531;0
3413.151;773.170043945313;0
3414.215;765.892456054687;0
3415.279;754.294189453125;0
3416.343;725.348754882813;0
3417.406;748.255676269531;0
3418.468;778.638488769531;0
3419.53;767.002807617187;0
3420.592;771.604370117187;0
3421.652;769.885803222656;0
3422.712;805.685180664063;0
3423.773;847.372253417969;0
3424.83;806.6142578125;0
3425.889;856.441467285156;0
3426.946;802.364685058594;0
3428.005;854.131164550781;0
3429.061;884.227416992188;0
3430.117;978.789306640625;0
3431.172;994.307983398438;0
3432.227;872.23388671875;0
3433.281;787.219543457031;0
3434.335;731.876647949219;0
3435.389;799.802795410156;0
3436.44;818.973327636719;0
3437.492;892.100830078125;0
3438.546;906.136962890625;0
3439.598;862.128601074219;0
3440.646;739.622436523438;0
3441.697;729.637817382813;0
3442.745;766.135070800781;0
3443.793;872.543823242188;0
3444.842;866.1435546875;0
3445.891;894.923156738281;0
3446.937;866.962524414063;0
3447.984;888.91259765625;0
3449.031;869.984252929688;0
3450.075;915.360656738281;0
3451.12;931.974548339844;0
3452.164;900.917297363281;0
3453.207;912.6533203125;0
3454.251;836.662292480469;0
3455.293;839.542175292969;0
3456.336;787.577392578125;0
3457.378;762.982543945313;0
3458.417;728.160888671875;0
3459.458;676.489440917969;0
3460.498;674.890686035156;0
3461.539;675.544250488281;0
3462.577;666.213623046875;0
3463.614;624.636291503906;0
3464.651;623.491149902344;0
3465.689;643.723937988281;0
3466.726;643.592041015625;0
3467.763;619.999816894531;0
3468.798;581.794616699219;0
3469.831;631.66845703125;0
3470.866;715.192199707031;0
3471.9;744.7373046875;0
3472.933;667.511901855469;0
3473.966;563.768920898438;0
3474.999;561.076416015625;0
3476.029;679.024780273438;0
3477.061;736.961303710938;0
3478.09;618.8984375;0
3479.121;516.882446289063;0
3480.15;475.652587890625;0
3481.178;532.679626464844;0
3482.205;579.207946777344;0
3483.234;601.657958984375;0
3484.26;616.661437988281;0
3485.288;535.081665039063;0
3486.313;521.731750488281;0
3487.337;519.986145019531;0
3488.364;565.345703125;0
3489.387;621.289794921875;0
3490.411;677.797180175781;0
3491.434;771.053405761719;0
3492.456;721.636047363281;0
3493.479;622.178405761719;0
3494.5;548.226013183594;0
3495.521;393.687316894531;0
3496.543;280.446533203125;0
3497.561;153.189895629883;0
3498.579;59.2180938720703;0
3499.6;76.5561447143555;0
3500.618;-38.1919403076172;0
3501.636;-12.359356880188;0
3502.653;-26.1250286102295;0
3503.669;-4.66994905471802;0
3504.685;-21.2848377227783;0
3505.699;-59.5851745605469;0
3506.716;-13.8288860321045;0
3507.729;-58.3816375732422;0
3508.743;-106.431709289551;0
3509.755;-76.5972213745117;0
