98.64605;0;0
101.2353;0;0
103.8217;0;0
106.4096;-22.4074077606201;0
108.9945;21.6666660308838;0
111.5767;35.4444427490234;0
114.1602;54.4320983886719;0
116.7409;-18.2222213745117;0
119.3209;3.16239309310913;0
121.9002;-40.896297454834;0
124.4788;3.33333325386047;0
127.0566;-10.2280702590942;0
129.6317;-13;0
132.2038;-51.9661827087402;0
134.7796;-58.5377769470215;0
137.3503;38.9176940917969;0
139.9204;25.0689659118652;0
142.4919;220.605728149414;0
145.0584;262.309753417969;0
147.6242;395.253967285156;0
150.1914;355.828826904297;0
152.7579;384.165252685547;0
155.3216;377.43359375;0
157.8846;476.16796875;0
160.4448;535.429626464844;0
163.0085;675.591003417969;0
165.5672;630.56689453125;0
168.1232;624.498901367188;0
170.6826;647.714904785156;0
173.2372;750.2646484375;0
175.7931;801.454162597656;0
178.3463;762.344299316406;0
180.8966;793.339904785156;0
183.4504;825.344665527344;0
185.9993;866.27685546875;0
188.5476;844.324279785156;0
191.0972;864.307739257813;0
193.644;896.205993652344;0
196.1859;942.0986328125;0
198.7335;958.118225097656;0
201.2761;974.161804199219;0
203.8201;1018.82781982422;0
206.3593;1028.20568847656;0
208.8998;1075.64013671875;0
211.4397;1064.06518554688;0
213.9746;1086.23583984375;0
216.5109;1137.80590820312;0
219.0487;1252.88256835937;0
221.5816;1308.24194335938;0
224.1158;1335.10095214844;0
226.6473;1297.890625;0
229.176;1365.5029296875;0
231.7082;1406.27270507812;0
234.2355;1519.68664550781;0
236.7643;1479.35217285156;0
239.2902;1481.15270996094;0
241.8133;1399.74365234375;0
244.3379;1264.84338378906;0
246.8618;1222.75329589844;0
249.3828;1213.88208007813;0
251.9053;1299.68408203125;0
254.423;1250.38977050781;0
256.942;1195.18591308594;0
259.4603;1234.49670410156;0
261.9759;1316.97814941406;0
264.4887;1302.306640625;0
267.005;1330.07006835937;0
269.5164;1349.80993652344;0
272.0292;1428.36560058594;0
274.5393;1507.75061035156;0
277.0466;1544.3291015625;0
279.5574;1575.134765625;0
282.0654;1507.99645996094;0
284.5686;1467.93579101562;0
287.0752;1500.77917480469;0
289.5791;1461.24365234375;0
292.0803;1408.2236328125;0
294.5828;1344.45532226563;0
297.0826;1319.03210449219;0
299.5838;1287.14758300781;0
302.0801;1206.02233886719;0
304.5758;1170.59521484375;0
307.0749;1132.6318359375;0
309.5672;1106.5390625;0
312.0608;1156.03381347656;0
314.5558;1185.91662597656;0
317.044;1215.04858398437;0
319.5377;1219.79772949219;0
322.0266;1222.65124511719;0
324.5127;1300.57739257812;0
327.0023;1283.45471191406;0
329.4871;1354.11462402344;0
331.9691;1358.76049804688;0
334.4547;1412.80261230469;0
336.9353;1386.45129394531;0
339.4174;1427.99755859375;0
341.901;1458.87573242188;0
344.3776;1558.51159667969;0
346.8577;1565.55261230469;0
349.333;1559.55847167969;0
351.8076;1525.91101074219;0
354.2857;1553.10534667969;0
356.7569;1490.70190429687;0
359.2296;1426.31018066406;0
361.7015;1360.24560546875;0
364.1729;1388.4677734375;0
366.6414;1368.75927734375;0
369.1093;1316.87145996094;0
371.5745;1384.90478515625;0
374.0432;1403.35095214844;0
376.507;1430.45104980469;0
378.9702;1293.40612792969;0
381.4348;1225.05017089844;0
383.8947;1195.421875;0
386.3538;1230.74157714844;0
388.8144;1306.43725585938;0
391.2722;1363.66735839844;0
393.7314;1400.94409179687;0
396.1859;1469.09619140625;0
398.6418;1553.12145996094;0
401.0949;1653.6357421875;0
403.5475;1590.99841308594;0
405.9972;1542.88720703125;0
408.4505;1513.64489746094;0
410.899;1622.60705566406;0
413.3468;1684.69458007813;0
415.796;1810.73168945313;0
418.2405;1797.69055175781;0
420.6884;1700.68090820312;0
423.1295;1510.76171875;0
425.572;1451.19750976563;0
428.0159;1497.24584960938;0
430.455;1521.95031738281;0
432.8956;1416.20031738281;0
435.3335;1424.134765625;0
437.7707;1319.89587402344;0
440.2093;1315.82653808594;0
442.6432;1315.6279296875;0
445.0764;1334.75463867187;0
447.511;1332.82934570313;0
449.9429;1274.69152832031;0
452.3721;1274.71911621094;0
454.8048;1307.41149902344;0
457.2328;1234.4052734375;0
459.66;1235.03588867188;0
462.0847;1347.466796875;0
464.5127;1462.68469238281;0
466.9381;1548.34301757813;0
469.3587;1464.46276855469;0
471.7807;1497.77661132813;0
474.2042;1524.09594726563;0
476.6229;1590.36572265625;0
479.041;1522.79431152344;0
481.4604;1521.10095214844;0
483.8752;1527.029296875;0
486.2934;1577.88720703125;0
488.7068;1548.63171386719;0
491.1197;1556.38818359375;0
493.5339;1526.27319335937;0
495.9435;1502.26965332031;0
498.3544;1355.80700683594;0
500.7667;1378.75805664063;0
503.1723;1336.89074707031;0
505.5793;1403.37731933594;0
507.9856;1320.59924316406;0
510.3913;1264.41943359375;0
512.7944;1246.22900390625;0
515.1968;1198.09826660156;0
517.5986;1159.66552734375;0
519.9997;1074.88696289062;0
522.3982;1082.76062011719;0
524.798;1123.55310058594;0
527.1973;1155.37731933594;0
529.5919;1112.95764160156;0
531.9899;1036.53369140625;0
534.3832;1079.888671875;0
536.7758;1124.39709472656;0
539.1699;1203.8095703125;0
541.5593;1071.12731933594;0
543.9481;1111.896484375;0
546.3382;1138.3173828125;0
548.7257;1177.61254882812;0
551.1146;1169.55078125;0
553.4968;1180.16613769531;0
555.8824;1379.50061035156;0
558.2675;1406.58911132813;0
560.6478;1475.11120605469;0
563.0295;1374.87353515625;0
565.4106;1349.58557128906;0
567.7911;1294.87182617188;0
570.169;1324.30493164063;0
572.5462;1353.36743164062;0
574.9229;1405.11511230469;0
577.2968;1286.32116699219;0
579.6721;1228.54638671875;0
582.0449;1112.9091796875;0
584.417;1095.89526367188;0
586.7885;1071.18896484375;0
589.1553;1144.44323730469;0
591.5255;1138.27331542969;0
593.8931;1061.84802246094;0
596.2601;1004.10504150391;0
598.6265;963.038146972656;0
600.9902;1032.6572265625;0
603.3554;1001.56304931641;0
605.7179;999.110229492187;0
608.0778;959.390808105469;0
610.4391;951.42626953125;0
612.7977;1023.115234375;0
615.1558;1049.77819824219;0
617.5132;1188.62438964844;0
619.8701;1239.15881347656;0
622.2263;1261.44250488281;0
624.5779;1321.98828125;0
626.9308;1451.81140136719;0
629.2852;1531.24584960938;0
631.6349;1480.47644042969;0
633.9841;1527.39367675781;0
636.3326;1587.98474121094;0
638.6805;1627.41857910156;0
641.0279;1612.39685058594;0
643.3746;1614.66052246094;0
645.7187;1634.666015625;0
648.0621;1592.08557128906;0
650.405;1565.04956054688;0
652.7453;1628.12341308594;0
655.087;1686.53454589844;0
657.426;1712.28149414063;0
659.7645;1672.25427246094;0
662.1024;1508.00634765625;0
664.4376;1348.82482910156;0
666.7742;1238.60461425781;0
669.1063;1230.75671386719;0
671.4398;1267.23681640625;0
673.7726;1283.62170410156;0
676.1048;1292.99438476563;0
678.4324;1309.85498046875;0
680.7635;1233.65625;0
683.0919;1281.40930175781;0
685.4158;1186.57141113281;0
687.743;1318.31079101563;0
690.0696;1293.33801269531;0
692.3937;1423.28234863281;0
694.7151;1326.2216796875;0
697.038;1382.22961425781;0
699.3583;1283.64770507813;0
701.6779;1365.38781738281;0
703.995;1337.55554199219;0
706.3155;1404.27355957031;0
708.6294;1380.26538085938;0
710.9467;1353.87390136719;0
713.2594;1467.07080078125;0
715.5735;1432.76721191406;0
717.887;1482.9052734375;0
720.1979;1513.50805664062;0
722.5083;1630.58642578125;0
724.818;1581.40209960937;0
727.1252;1460.6884765625;0
729.4357;1308.44348144531;0
731.7418;1270.05041503906;0
734.0452;1276.55969238281;0
736.35;1346.76013183594;0
738.6522;1394.67199707031;0
740.9539;1391.85693359375;0
743.2569;1388.99401855469;0
745.5554;1392.07202148438;0
747.8553;1343.75561523437;0
750.1545;1264.94250488281;0
752.4513;1283.80725097656;0
754.7474;1232.08056640625;0
757.043;1127.02587890625;0
759.336;1099.39733886719;0
761.6304;1110.521484375;0
763.9222;1183.87805175781;0
766.2114;1042.20971679688;0
768.5041;992.979370117188;0
770.7922;928.738342285156;0
773.0777;947.242736816406;0
775.3647;991.438720703125;0
777.651;1058.79467773437;0
779.9368;1018.79180908203;0
782.22;1023.21716308594;0
784.5026;973.012756347656;0
786.7847;1067.36328125;0
789.0662;1087.10705566406;0
791.3451;1153.94775390625;0
793.6254;1223.85144042969;0
795.9012;1216.36157226563;0
798.1784;1356.98193359375;0
800.455;1304.60546875;0
802.7291;1304.89599609375;0
805.0026;1204.38659667969;0
807.2755;1361.09558105469;0
809.5478;1411.85192871094;0
811.8176;1483.40588378906;0
814.0869;1540.11547851562;0
816.3535;1589.61352539062;0
818.6235;1659.99462890625;0
820.8911;1453.35327148437;0
823.156;1521.33959960938;0
825.4204;1488.14379882812;0
827.6823;1619.12316894531;0
829.9474;1578.15490722656;0
832.2082;1625.62573242187;0
834.4683;1717.67370605469;0
836.7279;1740.31140136719;0
838.9869;1685.27575683594;0
841.2453;1643.37768554688;0
843.5012;1715.62255859375;0
845.7565;1761.87145996094;0
848.0133;1745.7626953125;0
850.2655;1722.05200195313;0
852.5153;1711.35290527344;0
854.7703;1719.642578125;0
857.0189;1593.12719726563;0
859.2668;1468.69689941406;0
861.5182;1383.35314941406;0
863.7651;1432.43200683594;0
866.0114;1443.77136230469;0
868.2592;1202.75915527344;0
870.5024;1041.72924804688;0
872.7451;973.264770507813;0
874.9872;1141.16918945313;0
877.2307;1254.59655761719;0
879.4717;1215.40124511719;0
881.7101;1054.97155761719;0
883.95;1011.41845703125;0
886.1854;1148.22631835937;0
888.4202;1251.818359375;0
890.6604;1238.51379394531;0
892.8941;1160.65893554688;0
895.1253;1217.84704589844;0
897.3599;1301.09143066406;0
899.59;1242.9033203125;0
901.8195;1170.61950683594;0
904.0504;1159.62414550781;0
906.2789;1276.1982421875;0
908.5087;1387.16809082031;0
910.7341;1352.25952148438;0
912.9589;1295.03210449219;0
915.1851;1253.26293945312;0
917.4088;1287.66809082031;0
919.63;1251.98168945313;0
921.8526;1197.46069335937;0
924.0727;1249.28698730469;0
926.2922;1297.60339355469;0
928.5112;1424.63928222656;0
930.7277;1293.77697753906;0
932.9476;1255.45642089844;0
935.163;1069.90124511719;0
937.3739;951.114501953125;0
939.5901;901.122985839844;0
941.8019;973.144958496094;0
944.0151;1005.13610839844;0
946.2258;901.421936035156;0
948.4341;691.323608398438;0
950.6456;702.144592285156;0
952.8527;736.585510253906;0
955.0593;787.194519042969;0
957.2653;625.00732421875;0
959.4689;661.584716796875;0
961.6738;666.022888183594;0
963.8782;624.337646484375;0
966.0782;601.064453125;0
968.2815;757.927612304687;0
970.4803;894.434020996094;0
972.6787;815.597900390625;0
974.8784;705.976501464844;0
977.0757;810.059326171875;0
979.2704;878.805236816406;0
981.4667;965.737548828125;0
983.6603;925.456420898438;0
985.8535;998.669982910156;0
988.0461;1002.08245849609;0
990.2363;1078.29235839844;0
992.4297;1219.18310546875;0
994.6169;1354.89697265625;0
996.8035;1489.98388671875;0
998.9933;1565.06140136719;0
1001.179;1660.93969726562;0
1003.364;1636.85803222656;0
1005.55;1667.4658203125;0
1007.732;1701.64880371094;0
1009.916;1665.6328125;0
1012.096;1683.85827636719;0
1014.275;1514.43322753906;0
1016.459;1589.26635742187;0
1018.636;1482.08203125;0
1020.813;1617.580078125;0
1022.991;1640.5947265625;0
1025.165;1712.099609375;0
1027.34;1690.98193359375;0
1029.515;1638.51013183594;0
1031.687;1564.34753417969;0
1033.859;1575.77880859375;0
1036.03;1574.1142578125;0
1038.199;1612.52429199219;0
1040.369;1549.35632324219;0
1042.536;1563.27978515625;0
1044.704;1488.76440429687;0
1046.87;1370.95068359375;0
1049.034;1261.67407226562;0
1051.198;1128.82995605469;0
1053.363;1115.619140625;0
1055.526;1097.30493164062;0
1057.686;1166.53479003906;0
1059.845;1137.76049804687;0
1062.005;1072.42651367188;0
1064.165;1055.63684082031;0
1066.323;1160.13488769531;0
1068.477;1211.91333007812;0
1070.634;1282.18298339844;0
1072.788;1166.46166992188;0
1074.942;1177.1982421875;0
1077.096;1125.39172363281;0
1079.247;1280.71911621094;0
1081.397;1288.50732421875;0
1083.547;1302.51220703125;0
1085.695;1220.0859375;0
1087.844;1231.10949707031;0
1089.992;1252.49560546875;0
1092.138;1221.20935058594;0
1094.284;1223.26684570313;0
1096.425;1296.72351074219;0
1098.571;1283.69799804687;0
1100.711;1473.89978027344;0
1102.851;1520.23706054688;0
1104.994;1573.56188964844;0
1107.132;1392.80139160156;0
1109.271;1265.4326171875;0
1111.408;1361.19226074219;0
1113.543;1476.54931640625;0
1115.682;1500.51123046875;0
1117.816;1419.59228515625;0
1119.947;1321.68676757812;0
1122.08;1360.50183105469;0
1124.213;1337.90832519531;0
1126.343;1392.85864257813;0
1128.474;1413.39245605469;0
1130.602;1434.16516113281;0
1132.728;1472.05407714844;0
1134.856;1436.46301269531;0
1136.982;1360.447265625;0
1139.109;1392.59558105469;0
1141.234;1432.42016601563;0
1143.356;1494.65014648437;0
1145.479;1388.35668945313;0
1147.599;1360.18737792969;0
1149.719;1364.86352539063;0
1151.839;1386.9287109375;0
1153.957;1422.70031738281;0
1156.076;1282.51049804688;0
1158.191;1121.58251953125;0
1160.305;1038.47607421875;0
1162.423;1070.47045898438;0
1164.536;1196.86145019531;0
1166.647;1180.19079589844;0
1168.761;1318.79382324219;0
1170.871;1387.80444335937;0
1172.983;1448.29052734375;0
1175.092;1473.43701171875;0
1177.2;1492.95104980469;0
1179.306;1584.90185546875;0
1181.413;1648.27819824219;0
1183.518;1671.36145019531;0
1185.623;1613.25512695313;0
1187.725;1467.9580078125;0
1189.826;1460.47412109375;0
1191.929;1457.90795898437;0
1194.032;1625.54357910156;0
1196.13;1546.36645507812;0
1198.23;1587.89208984375;0
1200.327;1570.72583007812;0
1202.423;1677.19885253906;0
1204.52;1609.28527832031;0
1206.613;1451.72827148438;0
1208.71;1464.0302734375;0
1210.801;1514.72717285156;0
1212.892;1610.083984375;0
1214.987;1560.0146484375;0
1217.075;1653.04846191406;0
1219.166;1588.16577148438;0
1221.256;1645.97619628906;0
1223.342;1611.84436035156;0
1225.43;1627.71496582031;0
1227.515;1458.79541015625;0
1229.597;1381.75622558594;0
1231.685;1435.11389160156;0
1233.767;1553.28063964844;0
1235.85;1587.33422851562;0
1237.931;1606.98706054687;0
1240.009;1595.42504882813;0
1242.09;1406.5439453125;0
1244.168;1279.572265625;0
1246.245;1260.25671386719;0
1248.321;1315.10278320312;0
1250.397;1453.07971191406;0
1252.472;1553.07092285156;0
1254.547;1587.5205078125;0
1256.618;1414.67163085937;0
1258.69;1184.18896484375;0
1260.761;1164.3427734375;0
1262.83;1318.72619628906;0
1264.901;1396.25122070312;0
1266.969;1439.64733886719;0
1269.035;1356.4150390625;0
1271.102;1453.53247070313;0
1273.167;1396.13366699219;0
1275.233;1447.32800292969;0
1277.295;1348.77807617188;0
1279.359;1424.70654296875;0
1281.42;1321.66760253906;0
1283.482;1246.87780761719;0
1285.542;1108.72106933594;0
1287.6;1122.21252441406;0
1289.659;1184.83068847656;0
1291.714;1380.88427734375;0
1293.774;1455.93530273438;0
1295.828;1450.3857421875;0
1297.881;1500.57922363281;0
1299.936;1573.27966308594;0
1301.987;1754.1865234375;0
1304.041;1765.9365234375;0
1306.09;1720.841796875;0
1308.139;1629.23864746094;0
1310.19;1589.22265625;0
1312.238;1696.03918457031;0
1314.286;1773.62036132813;0
1316.331;1716.90954589844;0
1318.376;1799.93188476563;0
1320.422;1665.21728515625;0
1322.466;1781.04443359375;0
1324.508;1753.42578125;0
1326.549;1816.7783203125;0
1328.59;1756.66259765625;0
1330.632;1598.00793457031;0
1332.67;1539.47973632813;0
1334.707;1560.65026855469;0
1336.746;1608.2490234375;0
1338.78;1703.9658203125;0
1340.816;1516.55419921875;0
1342.852;1200.45031738281;0
1344.885;1106.56311035156;0
1346.916;1042.892578125;0
1348.948;1377.26672363281;0
1350.979;1364.40026855469;0
1353.011;1306.33508300781;0
1355.04;1213.66394042969;0
1357.066;1184.75524902344;0
1359.094;1321.27416992188;0
1361.121;1141.32775878906;0
1363.145;1153.90905761719;0
1365.171;1056.12585449219;0
1367.192;1043.16064453125;0
1369.216;842.868469238281;0
1371.239;878.269592285156;0
1373.258;986.852233886719;0
1375.28;926.948852539063;0
1377.298;769.224914550781;0
1379.316;590.454650878906;0
1381.335;679.016479492187;0
1383.35;742.286193847656;0
1385.366;819.611755371094;0
1387.38;830.311401367188;0
1389.394;767.962341308594;0
1391.409;872.587158203125;0
1393.42;773.599548339844;0
1395.43;860.935180664063;0
1397.44;850.774475097656;0
1399.451;875.896057128906;0
1401.458;820.075866699219;0
1403.466;556.199829101562;0
1405.472;695.917785644531;0
1407.478;768.066589355469;0
1409.483;983.960266113281;0
1411.486;979.726440429688;0
1413.49;977.45263671875;0
1415.492;969.66943359375;0
1417.492;919.963623046875;0
1419.495;997.638000488281;0
1421.494;985.830078125;0
1423.492;1042.07165527344;0
1425.49;1050.0888671875;0
1427.487;1146.78833007813;0
1429.482;1227.64892578125;0
1431.477;1232.63562011719;0
1433.471;1208.77221679687;0
1435.466;1271.21166992188;0
1437.456;1250.77099609375;0
1439.447;1274.95703125;0
1441.441;1293.48217773438;0
1443.427;1372.26550292969;0
1445.417;1422.21374511719;0
1447.406;1391.67175292969;0
1449.392;1488.91491699219;0
1451.381;1529.78515625;0
1453.365;1480.61328125;0
1455.348;1417.18078613281;0
1457.333;1323.93029785156;0
1459.314;1440.77111816406;0
1461.296;1466.01098632812;0
1463.276;1451.41931152344;0
1465.256;1313.44067382813;0
1467.237;1331.31982421875;0
1469.215;1400.04150390625;0
1471.19;1422.72045898438;0
1473.167;1370.01831054688;0
1475.145;1345.818359375;0
1477.118;1304.45385742188;0
1479.092;1291.14721679688;0
1481.065;1260.56506347656;0
1483.038;1291.705078125;0
1485.008;1184.34802246094;0
1486.979;1197.2705078125;0
1488.949;1140.58288574219;0
1490.917;1222.72717285156;0
1492.883;1039.14611816406;0
1494.852;925.395080566406;0
1496.817;856.367309570313;0
1498.782;946.607727050781;0
1500.748;1008.48779296875;0
1502.708;907.349060058594;0
1504.673;855.017272949219;0
1506.634;810.311401367188;0
1508.594;806.696899414062;0
1510.554;891.091430664063;0
1512.512;920.307434082031;0
1514.471;1052.26000976563;0
1516.428;940.949157714844;0
1518.384;964.710021972656;0
1520.34;775.656616210938;0
1522.294;862.597290039062;0
1524.249;819.368774414062;0
1526.202;1016.53192138672;0
1528.153;912.3203125;0
1530.103;990.400024414063;0
1532.054;824.111083984375;0
1534.004;969.011108398438;0
1535.951;978.887329101563;0
1537.899;1113.07971191406;0
1539.847;1066.61486816406;0
1541.793;799.083984375;0
1543.738;642.135437011719;0
1545.681;537.087829589844;0
1547.625;599.592224121094;0
1549.566;622.444152832031;0
1551.509;607.696472167969;0
1553.45;799.087890625;0
1555.389;829.8876953125;0
1557.33;768.494384765625;0
1559.266;690.314880371094;0
1561.204;798.329284667969;0
1563.141;889.525268554688;0
1565.074;820.293823242188;0
1567.009;548.568725585937;0
1568.943;517.794555664062;0
1570.877;588.411193847656;0
1572.808;580.86328125;0
1574.741;510.57015991211;0
1576.67;367.778625488281;0
1578.6;488.155303955078;0
1580.528;620.480651855469;0
1582.455;590.787536621094;0
1584.382;604.595092773438;0
1586.307;502.455139160156;0
1588.234;645.589965820312;0
1590.157;637.666198730469;0
1592.081;596.239379882813;0
1594.002;520.420715332031;0
1595.927;372.987854003906;0
1597.845;318.384490966797;0
1599.767;345.074157714844;0
1601.685;369.142669677734;0
1603.602;434.701141357422;0
1605.523;299.416229248047;0
1607.438;384.333679199219;0
1609.354;483.546997070312;0
1611.269;563.036315917969;0
1613.181;464.389190673828;0
1615.096;450.569519042969;0
1617.008;361.909240722656;0
1618.92;408.8876953125;0
1620.83;504.909637451172;0
1622.74;626.179382324219;0
1624.649;598.229248046875;0
1626.557;392.645263671875;0
1628.464;429.904846191406;0
1630.37;567.260375976563;0
1632.275;626.419860839844;0
1634.18;619.412231445313;0
1636.085;564.894226074219;0
1637.988;649.92529296875;0
1639.888;661.785400390625;0
1641.791;705.200134277344;0
1643.691;698.92236328125;0
1645.588;750.784851074219;0
1647.489;882.985046386719;0
1649.387;868.217712402344;0
1651.284;996.0537109375;0
1653.18;845.27197265625;0
1655.075;1003.43438720703;0
1656.972;1099.3232421875;0
1658.864;1366.82580566406;0
1660.754;1391.74926757812;0
1662.65;1229.82763671875;0
1664.539;1067.63464355469;0
1666.428;1016.06103515625;0
1668.32;990.219665527344;0
1670.207;1094.2255859375;0
1672.096;1063.19287109375;0
1673.982;1034.67700195313;0
1675.867;923.014404296875;0
1677.754;955.538513183594;0
1679.638;991.693725585938;0
1681.52;1011.59112548828;0
1683.403;954.786315917969;0
1685.285;766.061218261719;0
1687.166;608.860290527344;0
1689.048;658.18359375;0
1690.924;780.697692871094;0
1692.804;950.2900390625;0
1694.682;912.627258300781;0
1696.558;994.931640625;0
1698.435;865.536437988281;0
1700.308;695.997192382812;0
1702.184;514.091796875;0
1704.057;612.042358398438;0
1705.929;616.182250976563;0
1707.801;599.844848632812;0
1709.674;556.252319335937;0
1711.542;591.159851074219;0
1713.412;574.034484863281;0
1715.28;453.542907714844;0
1717.145;489.685089111328;0
1719.015;540.193115234375;0
1720.88;511.858245849609;0
1722.746;362.033050537109;0
1724.61;359.156188964844;0
1726.471;449.445953369141;0
1728.334;422.451629638672;0
1730.197;368.582824707031;0
1732.057;223.765563964844;0
1733.919;360.92855834961;0
1735.777;412.809722900391;0
1737.634;444.631225585938;0
1739.493;373.491027832031;0
1741.349;282.803436279297;0
1743.205;289.173553466797;0
1745.061;373.688903808594;0
1746.915;464.027465820313;0
1748.77;641.371337890625;0
1750.621;613.212158203125;0
1752.473;564.264526367188;0
1754.323;481.44091796875;0
1756.173;403.127410888672;0
1758.022;448.789031982422;0
1759.87;372.278442382813;0
1761.718;414.166046142578;0
1763.566;423.393157958985;0
1765.411;496.165252685547;0
1767.256;552.295654296875;0
1769.101;609.341735839844;0
1770.945;732.970458984375;0
1772.787;819.067321777344;0
1774.629;719.187744140625;0
1776.469;751.218627929688;0
1778.309;757.158203125;0
1780.15;818.113708496094;0
1781.987;751.304443359375;0
1783.826;638.95263671875;0
1785.662;756.055114746094;0
1787.498;783.278564453125;0
1789.334;802.956420898438;0
1791.169;826.644104003906;0
1793.002;809.786071777344;0
1794.834;887.933776855469;0
1796.667;988.1982421875;0
1798.498;1053.13891601563;0
1800.328;1132.97802734375;0
1802.157;955.936584472656;0
1803.986;931.903564453125;0
1805.813;953.323425292969;0
1807.639;916.86279296875;0
1809.467;920.299438476562;0
1811.292;863.077880859375;0
1813.117;934.753540039062;0
1814.94;953.77099609375;0
1816.763;909.685729980469;0
1818.585;957.499145507813;0
1820.407;802.766723632813;0
1822.227;826.599548339844;0
1824.048;787.564575195313;0
1825.865;801.717163085937;0
1827.683;602.440490722656;0
1829.501;496.516448974609;0
1831.317;424.94482421875;0
1833.135;420.061462402344;0
1834.948;275.977447509766;0
1836.761;205.812026977539;0
1838.577;289.344451904297;0
1840.388;289.018310546875;0
1842.198;259.789947509766;0
1844.009;239.142501831054;0
1845.819;350.855590820312;0
1847.629;393.823638916016;0
1849.436;270.603729248047;0
1851.244;234.771575927735;0
1853.052;252.988220214844;0
1854.858;271.242248535156;0
1856.661;263.527130126953;0
1858.466;363.956115722656;0
1860.269;395.640686035156;0
1862.073;458.137817382812;0
1863.875;384.897308349609;0
1865.673;399.363586425781;0
1867.476;409.870025634766;0
1869.275;439.386474609375;0
1871.072;550.525939941406;0
1872.872;577.522888183594;0
1874.667;448.00439453125;0
1876.464;411.8564453125;0
1878.26;418.078552246094;0
1880.053;435.226348876953;0
1881.849;392.410888671875;0
1883.64;337.409973144531;0
1885.431;385.779174804688;0
1887.226;478.849548339844;0
1889.014;475.842407226562;0
1890.803;466.2021484375;0
1892.594;447.706604003906;0
1894.38;584.913330078125;0
1896.167;672.268432617188;0
1897.955;650.105163574219;0
1899.74;560.425354003906;0
1901.526;526.67822265625;0
1903.309;557.530517578125;0
1905.091;442.200592041016;0
1906.876;370.577362060547;0
1908.658;107.994140625;0
1910.438;150.117599487305;0
1912.217;133.725509643554;0
1913.996;164.48454284668;0
1915.775;165.395309448242;0
1917.553;150.124481201172;0
1919.33;205.228057861328;0
1921.106;194.596221923828;0
1922.881;183.678802490235;0
1924.655;194.807800292969;0
1926.431;139.094329833984;0
1928.202;77.3161544799805;0
1929.974;-35.6491279602051;0
1931.746;75.072448730469;0
1933.516;163.502624511719;0
1935.286;239.962493896484;0
1937.055;222.907775878906;0
1938.823;382.401580810547;0
1940.592;423.491943359375;0
1942.356;388.954376220703;0
1944.122;395.787475585937;0
1945.888;521.32861328125;0
1947.651;632.244567871094;0
1949.416;476.0908203125;0
1951.178;494.865539550781;0
1952.939;355.699401855469;0
1954.699;484.462493896485;0
1956.459;462.930694580078;0
1958.219;509.997436523438;0
1959.979;540.992431640625;0
1961.735;565.914611816406;0
1963.491;656.761901855469;0
1965.249;527.64501953125;0
1967.003;677.229187011719;0
1968.761;641.068237304688;0
1970.512;753.387939453125;0
1972.265;716.301208496094;0
1974.018;700.697570800781;0
1975.769;679.579467773437;0
1977.522;515.502502441406;0
1979.271;559.581115722656;0
1981.018;509.151428222656;0
1982.766;399.991302490234;0
1984.516;350.878509521484;0
1986.261;282.81298828125;0
1988.009;449.016998291015;0
1989.754;451.04849243164;0
1991.498;514.799560546875;0
1993.241;565.163879394531;0
1994.984;543.697998046875;0
1996.727;498.958526611328;0
1998.468;473.832275390625;0
2000.206;569.874694824219;0
2001.946;675.087097167969;0
2003.686;748.689880371094;0
2005.424;670.233764648437;0
2007.161;734.611083984375;0
2008.898;687.045043945313;0
2010.634;773.647888183594;0
2012.369;811.087158203125;0
2014.103;750.586181640625;0
2015.836;727.479370117188;0
2017.57;785.323181152344;0
2019.299;799.118103027344;0
2021.032;843.420715332031;0
2022.762;708.120483398438;0
2024.491;710.883850097656;0
2026.221;714.038635253906;0
2027.947;723.251647949219;0
2029.676;719.189514160156;0
2031.403;673.073852539063;0
2033.128;611.794494628906;0
2034.852;545.86767578125;0
2036.577;516.222900390625;0
2038.299;603.095642089844;0
2040.022;628.920043945313;0
2041.744;461.856323242188;0
2043.465;376.524108886719;0
2045.184;308.702209472656;0
2046.903;445.058349609375;0
2048.621;444.367156982422;0
2050.339;482.629699707031;0
2052.057;301.402557373047;0
2053.774;242.13117980957;0
2055.488;113.569282531738;0
2057.203;251.53645324707;0
2058.917;302.45654296875;0
2060.631;349.326385498047;0
2062.344;186.369232177734;0
2064.053;134.919479370117;0
2065.765;165.404663085938;0
2067.476;315.472747802734;0
2069.185;368.273468017578;0
2070.892;420.359893798828;0
2072.6;522.618347167969;0
2074.308;516.492431640625;0
2076.014;512.204895019531;0
2077.72;520.309692382813;0
2079.425;570.252319335938;0
2081.13;518.030517578125;0
2082.833;377.752563476562;0
2084.532;326.198211669922;0
2086.236;261.257446289062;0
2087.936;202.931274414063;0
2089.635;266.480590820313;0
2091.335;368.862640380859;0
2093.034;436.085144042969;0
2094.731;300.150482177734;0
2096.427;319.096252441406;0
2098.124;505.802795410156;0
2099.82;725.461242675781;0
2101.515;868.604919433594;0
2103.207;806.927551269531;0
2104.902;828.754821777344;0
2106.594;906.753540039063;0
2108.286;1055.25341796875;0
2109.976;1214.36926269531;0
2111.667;1222.43334960938;0
2113.355;1256;0
2115.044;1144.95727539063;0
2116.732;1059.22399902344;0
2118.42;958.657043457031;0
2120.105;1025.5830078125;0
2121.79;1049.53015136719;0
2123.476;1111.56042480469;0
2125.16;1078.30847167969;0
2126.844;1124.32983398438;0
2128.524;1171.73571777344;0
2130.207;1218.52600097656;0
2131.888;1323.14562988281;0
2133.567;1301.37585449219;0
2135.247;1314.21850585938;0
2136.927;1260.34191894531;0
2138.603;1266.52258300781;0
2140.281;1241.43237304688;0
2141.957;1350.06994628906;0
2143.633;1218.76916503906;0
2145.308;1251.30786132813;0
2146.981;1160.35302734375;0
2148.654;1246.46044921875;0
2150.328;1062.29699707031;0
2152;976.895874023438;0
2153.669;1012.01843261719;0
2155.34;1083.82409667969;0
2157.01;1159.73950195313;0
2158.677;1103.26867675781;0
2160.347;1119.63415527344;0
2162.013;1121.61389160156;0
2163.681;1172.20825195313;0
2165.347;1217.87866210938;0
2167.011;1088.25427246094;0
2168.674;1101.86328125;0
2170.337;1086.41857910156;0
2172.002;1100.03393554688;0
2173.662;1138.04296875;0
2175.324;1047.2236328125;0
2176.985;1062.8974609375;0
2178.645;937.078247070313;0
2180.304;1020.42895507813;0
2181.961;999.6162109375;0
2183.618;976.083374023438;0
2185.275;790.943054199219;0
2186.932;805.86083984375;0
2188.586;858.586364746094;0
2190.242;951.265258789063;0
2191.896;848.908996582031;0
2193.547;781.623779296875;0
2195.2;755.46630859375;0
2196.851;812.226501464844;0
2198.502;739.57373046875;0
2200.153;624.443969726563;0
2201.799;665.142211914063;0
2203.447;734.689331054688;0
2205.097;866.977844238281;0
2206.742;794.122497558594;0
2208.391;774.563293457031;0
2210.035;727.07958984375;0
2211.679;819.8935546875;0
2213.324;746.338623046875;0
2214.966;848.161376953125;0
2216.608;771.392944335938;0
2218.252;754.927917480469;0
2219.89;626.125915527344;0
2221.531;675.795776367188;0
2223.172;800.747497558594;0
2224.809;911.095458984375;0
2226.449;812.845764160156;0
2228.086;897.483032226563;0
2229.72;924.261596679688;0
2231.358;1025.46484375;0
2232.992;898.312866210938;0
2234.625;821.5810546875;0
2236.26;931.047180175781;0
2237.893;1091.26086425781;0
2239.524;1193.56042480469;0
2241.156;1084.72351074219;0
2242.785;1046.08374023438;0
2244.416;1021.86309814453;0
2246.044;961.949401855469;0
2247.672;904.232727050781;0
2249.301;827.902404785156;0
2250.926;966.86376953125;0
2252.554;933.624938964844;0
2254.177;1029.29125976563;0
2255.803;1025.04931640625;0
2257.427;1159.01013183594;0
2259.051;1263.06262207031;0
2260.671;1074.87329101563;0
2262.294;989.330627441406;0
2263.914;785.717346191406;0
2265.533;1026.46752929688;0
2267.153;1054.0908203125;0
2268.773;1165.25158691406;0
2270.392;1055.28295898438;0
2272.006;947.18359375;0
2273.624;890.41162109375;0
2275.239;985.826599121094;0
2276.854;1134.68774414063;0
2278.468;1135.53771972656;0
2280.084;1054.15625;0
2281.695;952.543334960938;0
2283.305;950.701232910156;0
2284.919;726.322937011719;0
2286.527;789.577087402344;0
2288.14;802.116821289063;0
2289.748;959.827697753906;0
2291.354;884.168518066406;0
2292.964;874.579345703125;0
2294.569;953.531005859375;0
2296.174;949.103637695313;0
2297.782;791.852600097656;0
2299.386;690.542663574219;0
2300.99;593.769714355469;0
2302.594;712.152709960938;0
2304.195;726.691528320313;0
2305.798;771.606872558594;0
2307.399;659.5654296875;0
2308.998;591.233154296875;0
2310.598;571.165710449219;0
2312.197;740.695922851563;0
2313.795;834.608764648438;0
2315.392;1075.22375488281;0
2316.988;1056.66882324219;0
2318.585;1114.49853515625;0
2320.18;956.709533691406;0
2321.774;828.073547363281;0
2323.368;721.328186035156;0
2324.961;766.552368164063;0
2326.553;588.014282226563;0
2328.145;615.26806640625;0
2329.735;409.536071777344;0
2331.324;599.158142089844;0
2332.916;566.532470703125;0
2334.503;615.876281738281;0
2336.092;583.743835449219;0
2337.677;572.800476074219;0
2339.263;631.602355957031;0
2340.85;629.149475097656;0
2342.434;685.997314453125;0
2344.018;615.810302734375;0
2345.602;598.920166015625;0
2347.185;518.212341308594;0
2348.768;522.907897949219;0
2350.347;525.450012207031;0
2351.928;524.615112304688;0
2353.51;546.74951171875;0
2355.087;632.766540527344;0
2356.665;542.480895996094;0
2358.243;495.733459472656;0
2359.819;336.198364257813;0
2361.396;468.714813232422;0
2362.972;457.614868164063;0
2364.547;613.56396484375;0
2366.121;613.931884765625;0
2367.694;750.157653808594;0
2369.267;667.25634765625;0
2370.839;561.859069824219;0
2372.411;490.908111572266;0
2373.982;660.812744140625;0
2375.55;672.025207519531;0
2377.118;559.509765625;0
2378.687;413.770446777344;0
2380.254;515.200927734375;0
2381.821;733.797180175781;0
2383.387;779.896057128906;0
2384.954;774.276489257813;0
2386.516;700.199035644531;0
2388.082;687.668273925781;0
2389.644;673.023742675781;0
2391.209;669.930053710938;0
2392.769;501.895202636719;0
2394.33;530.145385742188;0
2395.892;610.42529296875;0
2397.449;774.146179199219;0
2399.008;856.308471679688;0
2400.568;881.801330566406;0
2402.125;854.625671386719;0
2403.68;778.670715332031;0
2405.238;690.270629882813;0
2406.792;792.085144042969;0
2408.349;898.838623046875;0
2409.902;971.4814453125;0
2411.455;994.653991699219;0
2413.007;978.761047363281;0
2414.558;1032.76770019531;0
2416.11;1011.40948486328;0
2417.66;992.464538574219;0
2419.21;956.417419433594;0
2420.758;1053.71276855469;0
2422.307;986.351135253906;0
2423.855;906.126159667969;0
2425.402;783.0634765625;0
2426.947;641.566833496094;0
2428.492;703.303344726563;0
2430.038;681.535217285156;0
2431.58;742.84814453125;0
2433.124;675.059875488281;0
2434.667;636.279541015625;0
2436.208;660.508361816406;0
2437.75;795.747131347656;0
2439.291;781.442260742188;0
2440.83;834.2607421875;0
2442.369;832.758483886719;0
2443.906;945.197814941406;0
2445.444;1074.00939941406;0
2446.981;948.270812988281;0
2448.517;1028.02514648438;0
2450.053;900.427673339844;0
2451.587;811.581420898437;0
2453.12;797.757263183594;0
2454.655;792.884094238281;0
2456.187;973.771728515625;0
2457.718;987.774108886719;0
2459.25;1025.85534667969;0
2460.781;987.844787597656;0
2462.31;950.151672363281;0
2463.84;1010.62408447266;0
2465.368;988.119567871094;0
2466.896;839.071166992188;0
2468.423;713.396240234375;0
2469.949;704.325622558594;0
2471.474;759.08056640625;0
2472.998;863.283630371094;0
2474.522;795.197143554688;0
2476.045;930.487915039062;0
2477.568;979.561828613281;0
2479.09;1000.19409179688;0
2480.612;1044.60546875;0
2482.132;894.464782714844;0
2483.653;985.148315429688;0
2485.171;908.607849121094;0
2486.689;1128.58740234375;0
2488.208;1162.1201171875;0
2489.725;1192.20581054688;0
2491.242;1083.73278808594;0
2492.757;1150.25646972656;0
2494.271;1098.66552734375;0
2495.785;1180.07263183594;0
2497.3;1104.701171875;0
2498.812;1042.06298828125;0
2500.325;903.096496582031;0
2501.837;859.49462890625;0
2503.345;684.519287109375;0
2504.856;659.094360351563;0
2506.366;678.150817871094;0
2507.875;858.577270507813;0
2509.382;949.778076171875;0
2510.889;816.641845703125;0
2512.397;665.612609863281;0
2513.901;426.338684082031;0
2515.406;487.728546142578;0
2516.911;580.494750976563;0
2518.415;665.296142578125;0
2519.918;507.321624755859;0
2521.421;558.694580078125;0
2522.922;465.10824584961;0
2524.423;483.338928222656;0
2525.924;373.829406738281;0
2527.422;346.244812011719;0
2528.923;367.696899414063;0
2530.419;500.850738525391;0
2531.916;523.0380859375;0
2533.415;563.551818847656;0
2534.909;385.393493652344;0
2536.404;312.791015625;0
2537.899;186.553466796875;0
2539.394;229.787796020508;0
2540.887;369.383026123047;0
2542.38;468.117492675781;0
2543.871;359.063262939453;0
2545.363;300.301025390625;0
2546.852;311.416839599609;0
2548.345;211.145141601563;0
2549.833;153.588592529297;0
2551.321;96.7183303833008;0
2552.811;402.909301757813;0
2554.296;458.559478759765;0
2555.78;513.531982421875;0
2557.267;296.317779541015;0
2558.752;285.741271972656;0
2560.237;199.716049194336;0
2561.721;281.17300415039;0
2563.203;450.532440185547;0
2564.687;548.760192871094;0
2566.168;685.208618164062;0
2567.648;633.101257324219;0
2569.129;638.217224121094;0
2570.607;540.443054199219;0
2572.086;558.691162109375;0
2573.565;570.481323242188;0
2575.041;638.499328613281;0
2576.518;624.857543945313;0
2577.994;726.66845703125;0
2579.469;954.599914550781;0
2580.945;1002.20880126953;0
2582.418;895.496337890625;0
2583.892;818.68408203125;0
2585.365;852.659545898438;0
2586.835;878.216369628906;0
2588.307;873.092102050781;0
2589.778;894.525390625;0
2591.248;1041.623046875;0
2592.717;1068.05029296875;0
2594.186;1067.14123535156;0
2595.652;1074.45129394531;0
2597.121;923.869445800781;0
2598.585;925.395568847656;0
2600.052;951.58056640625;0
2601.518;938.754638671875;0
2602.982;925.812561035156;0
2604.446;893.638000488281;0
2605.907;969.795288085938;0
2607.371;869.386169433594;0
2608.83;1000.14569091797;0
2610.293;1065.673828125;0
2611.752;1178.08288574219;0
2613.213;1156.15209960938;0
2614.672;1147.88256835938;0
2616.13;1263.05126953125;0
2617.587;1148.326171875;0
2619.043;1234.59814453125;0
2620.501;1250.98059082031;0
2621.957;1334.35778808594;0
2623.409;1393.84301757812;0
2624.864;1370.65747070312;0
2626.318;1405.02734375;0
2627.771;1362.73046875;0
2629.222;1385.98840332031;0
2630.673;1384.98852539063;0
2632.124;1393.72351074219;0
2633.575;1486.04650878906;0
2635.023;1445.25756835937;0
2636.473;1311.97644042969;0
2637.922;1174.00732421875;0
2639.368;1139.90100097656;0
2640.816;1160.54528808594;0
2642.261;1136.85595703125;0
2643.705;1015.01379394531;0
2645.151;1034.53381347656;0
2646.596;1025.72424316406;0
2648.037;1102.69580078125;0
2649.48;916.542358398438;0
2650.923;842.631164550781;0
2652.364;795.054809570313;0
2653.804;963.5908203125;0
2655.243;965.794921875;0
2656.683;1037.78051757812;0
2658.121;972.306396484375;0
2659.559;936.297119140625;0
2660.997;841.289184570312;0
2662.433;799.947998046875;0
2663.868;833.497985839844;0
2665.305;774.199279785156;0
2666.737;730.032958984375;0
2668.173;782.4287109375;0
2669.606;824.050170898437;0
2671.038;997.342651367187;0
2672.47;872.736389160156;0
2673.901;781.717163085938;0
2675.331;666.047241210938;0
2676.761;657.175598144531;0
2678.189;713.992370605469;0
2679.619;574.274780273438;0
2681.045;535.578308105469;0
2682.473;527.23974609375;0
2683.9;610.883422851562;0
2685.324;675.577575683594;0
2686.749;694.814270019531;0
2688.176;663.499450683594;0
2689.599;547.22607421875;0
2691.021;477.009918212891;0
2692.444;453.987823486328;0
2693.865;595.878845214844;0
2695.287;558.794006347656;0
2696.707;543.512268066406;0
2698.125;424.781768798828;0
2699.545;415.526824951172;0
2700.963;407.859130859375;0
2702.381;429.11474609375;0
2703.798;485.168548583984;0
2705.214;446.477844238281;0
2706.629;419.160003662109;0
2708.046;444.548217773438;0
2709.458;520.277709960937;0
2710.872;490.326690673828;0
2712.285;504.615325927735;0
2713.699;467.859283447266;0
2715.111;445.172332763672;0
2716.52;540.068664550781;0
2717.93;520.29541015625;0
2719.342;580.992797851563;0
2720.749;428.507965087891;0
2722.159;530.747924804688;0
2723.565;643.558837890625;0
2724.971;794.704162597656;0
2726.38;834.517395019531;0
2727.785;742.66162109375;0
2729.19;723.357666015625;0
2730.594;753.715637207031;0
2731.997;1052.1826171875;0
2733.401;1036.9794921875;0
2734.803;1056.32739257813;0
2736.204;878.783386230469;0
2737.606;982.458801269531;0
2739.005;1038.80517578125;0
2740.405;1002.82348632812;0
2741.806;995.623168945312;0
2743.202;970.427001953125;0
2744.602;1031.56701660156;0
2745.998;1021.04229736328;0
2747.395;981.514709472656;0
2748.79;959.611999511719;0
2750.185;942.352172851563;0
2751.58;1066.30541992187;0
2752.975;1072.02868652344;0
2754.366;1184.74340820313;0
2755.759;1185.88952636719;0
2757.151;1277.5791015625;0
2758.542;1227.06750488281;0
2759.933;1292.78332519531;0
2761.322;1369.51916503906;0
2762.71;1328.0537109375;0
2764.1;1291.27587890625;0
2765.486;1171.62658691406;0
2766.875;1203.23474121094;0
2768.26;1059.97680664063;0
2769.646;1083.41455078125;0
2771.031;1076.52612304687;0
2772.418;1054.19250488281;0
2773.799;1081.33776855469;0
2775.184;1171.63464355469;0
2776.565;1244.91821289063;0
2777.946;1214.18859863281;0
2779.328;1158.00012207031;0
2780.708;1262.60437011719;0
2782.09;1353.63269042969;0
2783.469;1328.96850585937;0
2784.847;1248.61840820312;0
2786.226;1285.19519042969;0
2787.603;1354.25341796875;0
2788.978;1420.20104980469;0
2790.355;1344.57641601562;0
2791.731;1322.23156738281;0
2793.104;1295.60778808594;0
2794.479;1288.89379882813;0
2795.853;1193.70764160156;0
2797.225;1207.74694824219;0
2798.596;1193.39367675781;0
2799.967;1201.85021972656;0
2801.341;1077.20422363281;0
2802.71;952.997192382813;0
2804.077;871.585144042969;0
2805.447;737.530944824219;0
2806.815;684.961364746094;0
2808.183;697.766357421875;0
2809.551;710.950317382813;0
2810.915;717.516479492188;0
2812.282;665.803588867188;0
2813.646;658.364562988281;0
2815.011;604.057556152344;0
2816.375;518.733276367188;0
2817.736;617.905639648438;0
2819.099;714.906677246094;0
2820.462;679.0625;0
2821.821;615.372253417969;0
2823.182;400.281799316406;0
2824.542;441.457366943359;0
2825.901;400.491638183594;0
2827.261;567.481506347656;0
2828.617;542.492004394531;0
2829.974;528.409729003906;0
2831.33;521.788391113281;0
2832.686;570.890319824219;0
2834.043;564.077575683594;0
2835.395;633.539611816406;0
2836.75;696.311950683594;0
2838.104;803.683776855469;0
2839.456;701.621215820313;0
2840.807;777.473937988281;0
2842.16;763.449401855469;0
2843.509;842.785827636719;0
2844.858;852.080322265625;0
2846.209;762.380920410156;0
2847.556;559.934326171875;0
2848.906;509.352172851562;0
2850.253;602.422485351563;0
2851.6;644.525207519531;0
2852.946;573.851013183594;0
2854.29;414.7919921875;0
2855.635;452.540985107422;0
2856.98;377.483093261719;0
2858.323;445.936004638672;0
2859.665;488.865753173828;0
2861.008;455.426177978516;0
2862.349;532.11474609375;0
2863.691;465.954986572266;0
2865.031;505.943206787109;0
2866.37;489.180511474609;0
2867.709;522.314147949219;0
2869.048;504.836608886719;0
2870.385;476.046691894531;0
2871.722;528.234436035156;0
2873.059;619.088989257813;0
2874.394;712.167541503906;0
2875.73;785.911682128906;0
2877.064;873.4873046875;0
2878.398;805.50390625;0
2879.731;812.606323242188;0
2881.063;861.143615722656;0
2882.395;915.629333496094;0
2883.727;918.989501953125;0
2885.059;820.178405761719;0
2886.387;835.348876953125;0
2887.717;847.276123046875;0
2889.046;938.293029785156;0
2890.374;963.136535644531;0
2891.699;977.518737792969;0
2893.028;934.983276367188;0
2894.354;933.804138183594;0
2895.679;924.499816894531;0
2897.004;1020.03137207031;0
2898.328;1007.50994873047;0
2899.653;1103.12609863281;0
2900.976;1153.92590332031;0
2902.297;1162.91931152344;0
2903.619;1023.44879150391;0
2904.941;987.466857910156;0
2906.26;905.928527832031;0
2907.58;970.686157226562;0
2908.898;872.480590820313;0
2910.217;978.757934570312;0
2911.536;922.994445800781;0
2912.852;970.049133300781;0
2914.171;970.594909667969;0
2915.485;1052.50109863281;0
2916.799;1099.685546875;0
2918.116;1150.48168945312;0
2919.428;1111.22265625;0
2920.743;1044.46374511719;0
2922.056;992.522583007812;0
2923.367;1102.02783203125;0
2924.679;1107.70690917969;0
2925.99;1118.10974121094;0
2927.299;1053.90588378906;0
2928.609;1138.806640625;0
2929.918;1186.76525878906;0
2931.226;1213.0087890625;0
2932.535;1227.09582519531;0
2933.841;1192.80419921875;0
2935.149;1210.30505371094;0
2936.455;1101.16809082031;0
2937.758;1117.31506347656;0
2939.064;1075.03564453125;0
2940.368;1118.60961914062;0
2941.67;1102.68713378906;0
2942.973;1040.04187011719;0
2944.277;1069.30749511719;0
2945.577;1018.37878417969;0
2946.878;1115.79467773437;0
2948.178;1156.21911621094;0
2949.477;1217.3994140625;0
2950.776;1189.96508789063;0
2952.073;1194.53161621094;0
2953.372;1110.61865234375;0
2954.669;1181.61584472656;0
2955.965;1116.13598632813;0
2957.261;1250.86645507813;0
2958.556;1163.3466796875;0
2959.849;1204.84643554687;0
2961.145;1172.5537109375;0
2962.436;1282.40173339844;0
2963.732;1249.09887695313;0
2965.022;1323.47705078125;0
2966.313;1239.91333007812;0
2967.603;1234.99401855469;0
2968.893;1279.19311523438;0
2970.182;1211.85534667969;0
2971.471;1174.51538085938;0
2972.759;935.9150390625;0
2974.047;944.4248046875;0
2975.334;943.752746582031;0
2976.62;924.262573242188;0
2977.907;962.908264160156;0
2979.192;972.346374511719;0
2980.475;1035.564453125;0
2981.76;989.238342285156;0
2983.043;971.426696777344;0
2984.326;931.990051269531;0
2985.607;931.188171386719;0
2986.888;1025.79760742188;0
2988.17;1078.521484375;0
2989.449;930.91552734375;0
2990.728;771.015808105469;0
2992.007;752.887939453125;0
2993.284;799.703857421875;0
2994.562;762.994323730469;0
2995.84;623.425415039063;0
2997.115;725.549621582031;0
2998.393;629.129028320313;0
2999.666;720.616088867188;0
3000.94;623.760803222656;0
3002.215;651.23486328125;0
3003.486;533.96142578125;0
3004.76;468.275177001953;0
3006.033;525.953979492188;0
3007.303;460.439392089844;0
3008.573;438.841644287109;0
3009.844;418.449737548828;0
3011.114;440.80224609375;0
3012.383;479.137237548828;0
3013.649;437.318817138672;0
3014.917;460.187744140625;0
3016.185;430.300323486328;0
3017.451;384.986114501953;0
3018.716;403.684417724609;0
3019.983;348.171875;0
3021.246;459.146850585938;0
3022.509;536.623962402344;0
3023.774;633.055969238281;0
3025.035;523.690063476563;0
3026.299;399.673919677734;0
3027.56;345.360534667969;0
3028.819;318.713684082031;0
3030.081;287.543273925781;0
3031.339;276.777130126953;0
3032.598;225.304214477539;0
3033.856;228.125411987305;0
3035.114;234.684875488281;0
3036.372;345.466369628906;0
3037.628;394.385009765625;0
3038.883;364.925476074219;0
3040.138;278.088592529297;0
3041.394;296.291809082031;0
3042.646;369.711730957031;0
3043.9;485.641510009766;0
3045.152;460.319274902344;0
3046.405;397.855804443359;0
3047.657;374.445251464844;0
3048.906;500.818450927734;0
3050.158;598.329650878906;0
3051.407;714.691650390625;0
3052.656;674.461120605469;0
3053.904;813.305358886719;0
3055.153;794.478332519531;0
3056.398;840.871459960938;0
3057.647;710.908996582031;0
3058.892;711.601684570313;0
3060.137;767.928894042969;0
3061.382;763.891662597656;0
3062.625;729.381164550781;0
3063.869;669.396301269531;0
3065.112;684.746398925781;0
3066.353;695.091186523438;0
3067.595;756.709533691406;0
3068.838;769.848022460938;0
3070.075;810.684204101563;0
3071.317;776.042358398438;0
3072.557;808.282836914063;0
3073.795;768.113891601563;0
3075.032;719.7275390625;0
3076.27;748.011962890625;0
3077.507;794.266174316406;0
3078.742;932.954956054687;0
3079.978;946.089111328125;0
3081.212;929.583862304688;0
3082.446;875.203552246094;0
3083.681;766.501037597656;0
3084.913;759.1611328125;0
3086.147;754.631591796875;0
3087.38;872.696166992187;0
3088.61;935.702819824219;0
3089.84;991.629516601563;0
3091.071;974.585998535156;0
3092.3;965.524536132813;0
3093.529;894.112243652344;0
3094.755;917.09375;0
3095.984;971.900268554688;0
3097.211;923.797119140625;0
3098.438;878.638427734375;0
3099.663;819.657836914063;0
3100.888;914.4775390625;0
3102.112;862.981262207031;0
3103.335;797.773742675781;0
3104.56;760.082946777344;0
3105.782;788.690246582031;0
3107.005;827.525390625;0
3108.226;928.935668945312;0
3109.447;926.4345703125;0
3110.667;912.329528808594;0
3111.887;892.101501464844;0
3113.104;937.981506347656;0
3114.324;931.612487792969;0
3115.541;897.604064941406;0
3116.758;950.139953613281;0
3117.976;1004.87634277344;0
3119.192;947.148193359375;0
3120.408;803.983642578125;0
3121.622;807.471008300781;0
3122.835;899.881530761719;0
3124.05;911.502319335938;0
3125.262;974.111022949219;0
3126.476;875.822448730469;0
3127.687;872.60888671875;0
3128.897;756.914855957031;0
3130.108;776.095336914062;0
3131.319;862.586181640625;0
3132.528;918.298706054688;0
3133.737;955.902160644531;0
3134.945;936.8408203125;0
3136.152;829.896057128906;0
3137.358;788.23388671875;0
3138.565;824.353515625;0
3139.772;867.374328613281;0
3140.976;826.407653808594;0
3142.18;758.9453125;0
3143.385;767.948181152344;0
3144.588;783.99609375;0
3145.79;881.739440917969;0
3146.993;878.583190917969;0
3148.194;860.333129882812;0
3149.395;733.101806640625;0
3150.596;647.202087402344;0
3151.794;623.120361328125;0
3152.994;600.4677734375;0
3154.193;637.89990234375;0
3155.39;660.347961425781;0
3156.587;650.809265136719;0
3157.784;698.931335449219;0
3158.982;580.289978027344;0
3160.177;528.808227539063;0
3161.37;452.841827392578;0
3162.565;520.06201171875;0
3163.759;562.299987792969;0
3164.952;558.665405273438;0
3166.146;559.62744140625;0
3167.337;473.340576171875;0
3168.527;472.722076416016;0
3169.719;378.940155029297;0
3170.91;426.017120361328;0
3172.098;374.493499755859;0
3173.288;445.984924316406;0
3174.475;381.932983398438;0
3175.663;330.287109375;0
3176.849;234.030426025391;0
3178.037;306.062835693359;0
3179.223;344.368621826172;0
3180.408;367.279541015625;0
3181.592;240.930572509766;0
3182.777;233.206130981445;0
3183.96;350.175994873047;0
3185.143;461.455078125;0
3186.325;497.787445068359;0
3187.507;505.839385986328;0
3188.688;529.18017578125;0
3189.869;522.045349121094;0
3191.049;443.360015869141;0
3192.228;537.368774414063;0
3193.406;546.644348144531;0
3194.585;551.075500488281;0
3195.763;510.593963623047;0
3196.939;535.003540039063;0
3198.116;553.263671875;0
3199.292;626.870361328125;0
3200.466;621.405029296875;0
3201.643;744.26953125;0
3202.816;705.5126953125;0
3203.991;742.245727539063;0
3205.161;675.816528320313;0
3206.334;631.827392578125;0
3207.504;733.398742675781;0
3208.677;790.008605957031;0
3209.846;881.607116699219;0
3211.017;842.546264648438;0
3212.187;885.408508300781;0
3213.356;774.255615234375;0
3214.524;765.493286132813;0
3215.69;689.19580078125;0
3216.859;815.909912109375;0
3218.024;828.832092285156;0
3219.189;836.513549804687;0
3220.354;742.888366699219;0
3221.519;752.282592773438;0
3222.682;781.37451171875;0
3223.845;891.089294433594;0
3225.01;956.21826171875;0
3226.171;1048.44116210937;0
3227.332;1051.65100097656;0
3228.494;1106.17810058594;0
3229.655;1100.06335449219;0
3230.814;1134.38806152344;0
3231.973;1073.28820800781;0
3233.13;1072.16589355469;0
3234.29;992.470581054688;0
3235.447;960.498596191406;0
3236.605;964.361755371094;0
3237.76;1056.77368164062;0
3238.916;1016.27172851563;0
3240.071;999.274841308594;0
3241.224;958.116577148437;0
3242.381;991.636108398438;0
3243.532;935.471435546875;0
3244.685;898.880981445312;0
3245.839;854.199035644531;0
3246.99;802.882446289063;0
3248.141;809.54736328125;0
3249.292;909.083862304687;0
3250.439;967.538208007812;0
3251.589;909.419372558594;0
3252.739;842.928039550781;0
3253.886;832.665649414062;0
3255.034;829.43701171875;0
3256.18;888.596618652344;0
3257.326;894.125549316406;0
3258.472;988.902526855469;0
3259.617;851.919555664063;0
3260.761;795.796569824219;0
3261.905;745.744201660156;0
3263.048;848.417846679688;0
3264.19;901.380249023437;0
3265.333;893.689819335938;0
3266.475;918.591186523437;0
3267.617;940.608581542969;0
3268.757;985.354125976563;0
3269.896;976.347839355469;0
3271.036;971.896423339844;0
3272.175;952.851257324219;0
3273.313;953.635009765625;0
3274.449;997.306396484375;0
3275.586;950.836730957031;0
3276.722;983.550170898438;0
3277.859;872.823852539063;0
3278.993;855.328186035156;0
3280.13;771.504516601562;0
3281.263;805.304931640625;0
3282.395;960.342895507813;0
3283.529;1019.49176025391;0
3284.66;1091.53881835937;0
3285.794;988.374816894531;0
3286.924;939.89306640625;0
3288.054;865.157897949219;0
3289.185;844.230773925781;0
3290.313;795.420532226563;0
3291.443;810.430419921875;0
3292.571;857.251037597656;0
3293.698;884.759643554687;0
3294.824;891.508544921875;0
3295.952;767.789123535156;0
3297.077;778.785522460938;0
3298.203;760.964111328125;0
3299.328;852.34814453125;0
3300.45;786.200866699219;0
3301.574;712.629150390625;0
3302.698;681.200317382813;0
3303.819;752.31396484375;0
3304.942;788.2314453125;0
3306.064;678.196655273438;0
3307.182;706.87939453125;0
3308.303;711.339904785156;0
3309.423;864.214721679688;0
3310.542;756.785278320313;0
3311.66;713.654296875;0
3312.778;644.101440429688;0
3313.895;644.721130371094;0
3315.012;628.789855957031;0
3316.128;686.234924316406;0
3317.243;766.695617675781;0
3318.357;761.951477050781;0
3319.471;736.052917480469;0
3320.586;618.111633300781;0
3321.698;775.250427246094;0
3322.813;725.343444824219;0
3323.923;792.560424804688;0
3325.034;713.179504394531;0
3326.146;738.863830566406;0
3327.255;736.538452148438;0
3328.366;644.898742675781;0
3329.474;651.141235351563;0
3330.582;673.590576171875;0
3331.691;709.338623046875;0
3332.797;694.738159179688;0
3333.905;707.5478515625;0
3335.011;664.2734375;0
3336.116;670.817504882813;0
3337.22;628.85400390625;0
3338.327;653.864196777344;0
3339.429;637.412658691406;0
3340.534;626.057861328125;0
3341.635;685.404174804688;0
3342.737;594.73583984375;0
3343.84;478.419677734375;0
3344.94;476.201812744141;0
3346.041;439.983581542969;0
3347.142;497.896240234375;0
3348.24;420.755737304688;0
3349.337;504.422790527344;0
3350.437;541.442565917969;0
3351.534;565.261108398438;0
3352.633;544.983581542969;0
3353.727;509.630187988281;0
3354.823;512.757385253906;0
3355.919;650.944580078125;0
3357.013;674.143188476563;0
3358.108;667.480041503906;0
3359.201;647.937866210938;0
3360.293;624.2978515625;0
3361.385;601.364929199219;0
3362.478;566.085693359375;0
3363.569;642.470520019531;0
3364.661;678.512084960938;0
3365.75;711.419372558594;0
3366.838;676.627136230469;0
3367.929;708.563842773438;0
3369.017;723.011901855469;0
3370.105;732.228759765625;0
3371.193;702.389343261719;0
3372.279;689.010986328125;0
3373.364;716.070007324219;0
3374.45;738.664672851563;0
3375.534;702.216857910156;0
3376.62;713.224182128906;0
3377.704;790.881591796875;0
3378.786;779.654296875;0
3379.871;785.222106933594;0
3380.951;710.331359863281;0
3382.034;713.287780761719;0
3383.114;710.565002441406;0
3384.195;739.840881347656;0
3385.276;770.890258789063;0
3386.354;816.348083496094;0
3387.433;781.226928710938;0
3388.511;819.50048828125;0
3389.588;750.686889648438;0
3390.664;821.009216308594;0
3391.742;732.623474121094;0
3392.816;802.61376953125;0
3393.893;713.101928710938;0
3394.968;837.986145019531;0
3396.042;818.875305175781;0
3397.115;863.5771484375;0
3398.189;787.052856445313;0
3399.262;764.841552734375;0
3400.333;813.4912109375;0
3401.404;857.520812988281;0
3402.474;855.814819335938;0
3403.545;856.597229003906;0
3404.615;868.818542480469;0
3405.685;975.987609863281;0
3406.752;919.454528808594;0
3407.82;892.650939941406;0
3408.888;821.874816894531;0
3409.955;838.130859375;0
3411.021;790.958190917969;0
3412.085;712.489318847656;0
3413.151;737.803833007813;0
3414.215;751.095764160156;0
3415.279;782.03466796875;0
3416.343;727.365844726563;0
3417.406;767.629699707031;0
3418.468;808.649963378906;0
3419.53;851.468566894531;0
3420.592;751.421691894531;0
3421.652;741.767761230469;0
3422.712;760.656188964844;0
3423.773;774.428344726563;0
3424.83;765.656066894531;0
3425.889;782.504333496094;0
3426.946;809.842834472656;0
3428.005;886.239135742188;0
3429.061;861.359619140625;0
3430.117;928.550537109375;0
3431.172;880.572631835938;0
3432.227;844.375;0
3433.281;769.445739746094;0
3434.335;746.365356445313;0
3435.389;749.194519042969;0
3436.44;717.455017089844;0
3437.492;709.691162109375;0
3438.546;674.916320800781;0
3439.598;716.070434570313;0
3440.646;718.757080078125;0
3441.697;816.392272949219;0
3442.745;849.901306152344;0
3443.793;929.849975585937;0
3444.842;877.433837890625;0
3445.891;879.882507324219;0
3446.937;870.196044921875;0
3447.984;910.303466796875;0
3449.031;857.340270996094;0
3450.075;895.746398925781;0
3451.12;842.499877929688;0
3452.164;882.584350585938;0
3453.207;831.606567382812;0
3454.251;855.898193359375;0
3455.293;860.279235839844;0
3456.336;796.580810546875;0
3457.378;796.052062988281;0
3458.417;752.798522949219;0
3459.458;713.430603027344;0
3460.498;683.723022460937;0
3461.539;746.697875976563;0
3462.577;783.116577148438;0
3463.614;810.089782714844;0
3464.651;777.659973144531;0
3465.689;710.54541015625;0
3466.726;704.669494628906;0
3467.763;593.662963867188;0
3468.798;599.712768554687;0
3469.831;559.864318847656;0
3470.866;717.305480957031;0
3471.9;728.626281738281;0
3472.933;655.496215820313;0
3473.966;570.929077148438;0
3474.999;621.970092773437;0
3476.029;639.801696777344;0
3477.061;640.169250488281;0
3478.09;555.033752441406;0
3479.121;602.08447265625;0
3480.15;638.261657714844;0
3481.178;651.85986328125;0
3482.205;678.990844726563;0
3483.234;709.130676269531;0
3484.26;743.19580078125;0
3485.288;743.569702148437;0
3486.313;763.420593261719;0
3487.337;734.011901855469;0
3488.364;714.091186523438;0
3489.387;719.880859375;0
3490.411;747.59326171875;0
3491.434;737.206604003906;0
3492.456;643.652587890625;0
3493.479;544.494750976563;0
3494.5;472.446868896484;0
3495.521;364.7080078125;0
3496.543;351.012573242188;0
3497.561;268.337738037109;0
3498.579;183.086410522461;0
3499.6;149.253082275391;0
3500.618;48.1760635375978;0
3501.636;51.9978942871094;0
3502.653;-33.8152465820313;0
3503.669;-4.1295952796936;0
3504.685;-31.6582527160645;0
3505.699;9.68621158599854;0
3506.716;-56.5084762573242;0
3507.729;-118.13109588623;0
3508.743;-144.748260498047;0
3509.755;-57.5416679382324;0
