98.64605;0;0
101.2353;0;0
103.8217;0;0
106.4096;-14.8518514633179;0
108.9945;-6.8222222328186;0
111.5767;-10.4920635223389;0
114.1602;36.6913566589355;0
116.7409;46.4141426086426;0
119.3209;80.1111145019531;0
121.9002;117.548149108887;0
124.4788;70.8169937133789;0
127.0566;42.7660827636719;0
129.6317;-61.7142868041992;0
132.2038;-84.0869598388672;0
134.7796;-102.782218933105;0
137.3503;-127.02880859375;0
139.9204;-76.0498046875;0
142.4919;113.870964050293;0
145.0584;308.171722412109;0
147.6242;381.0126953125;0
150.1914;423.669677734375;0
152.7579;495.455841064453;0
155.3216;571.959350585938;0
157.8846;625.051696777344;0
160.4448;619.353088378906;0
163.0085;714.130004882813;0
165.5672;737.190490722656;0
168.1232;687.834411621094;0
170.6826;721.167724609375;0
173.2372;785.892944335938;0
175.7931;909.321655273438;0
178.3463;897.284362792969;0
180.8966;973.966125488281;0
183.4504;1073.88879394531;0
185.9993;1204.306640625;0
188.5476;1234.45397949219;0
191.0972;1286.01110839844;0
193.644;1284.54919433594;0
196.1859;1256.66833496094;0
198.7335;1185.96057128906;0
201.2761;1058.4658203125;0
203.8201;1117.15991210938;0
206.3593;1100.73986816406;0
208.8998;1237.61303710938;0
211.4397;1245.82678222656;0
213.9746;1273.3193359375;0
216.5109;1275.15954589844;0
219.0487;1352.61462402344;0
221.5816;1446.60864257813;0
224.1158;1504.33898925781;0
226.6473;1471.73779296875;0
229.176;1536.255859375;0
231.7082;1575.42626953125;0
234.2355;1611.07897949219;0
236.7643;1597.79931640625;0
239.2902;1566.96228027344;0
241.8133;1569.08666992188;0
244.3379;1479.63305664063;0
246.8618;1467.08166503906;0
249.3828;1449.26220703125;0
251.9053;1484.42846679688;0
254.423;1546.85314941406;0
256.942;1529.64636230469;0
259.4603;1576.04809570312;0
261.9759;1485.50451660156;0
264.4887;1507.63391113281;0
267.005;1522.93994140625;0
269.5164;1556.96423339844;0
272.0292;1557.80102539063;0
274.5393;1576.75134277344;0
277.0466;1722.13208007812;0
279.5574;1794.42834472656;0
282.0654;1806.47058105469;0
284.5686;1777.72204589844;0
287.0752;1747.75109863281;0
289.5791;1744.64916992188;0
292.0803;1686.94519042969;0
294.5828;1676.82592773438;0
297.0826;1662.82019042969;0
299.5838;1580.36279296875;0
302.0801;1621.33972167969;0
304.5758;1525.68188476562;0
307.0749;1560.77453613281;0
309.5672;1406.63403320313;0
312.0608;1408.38232421875;0
314.5558;1342.48474121094;0
317.044;1414.73571777344;0
319.5377;1396.35363769531;0
322.0266;1362.849609375;0
324.5127;1380.62976074219;0
327.0023;1464.78247070312;0
329.4871;1629.20385742188;0
331.9691;1774.4619140625;0
334.4547;1929.52136230469;0
336.9353;1946.68017578125;0
339.4174;1936.37707519531;0
341.901;1846.89404296875;0
344.3776;1945.06823730469;0
346.8577;1808.98815917969;0
349.333;1842.54602050781;0
351.8076;1818.49401855469;0
354.2857;1938.39782714844;0
356.7569;1856.44873046875;0
359.2296;1781.8984375;0
361.7015;1610.57397460938;0
364.1729;1599.99487304688;0
366.6414;1537.07373046875;0
369.1093;1633.34008789063;0
371.5745;1626.61462402344;0
374.0432;1544.11071777344;0
376.507;1549.93322753906;0
378.9702;1472.29943847656;0
381.4348;1482.62963867188;0
383.8947;1397.81481933594;0
386.3538;1449.14685058594;0
388.8144;1498.11865234375;0
391.2722;1545.42114257812;0
393.7314;1550.13330078125;0
396.1859;1582.53381347656;0
398.6418;1627.5439453125;0
401.0949;1786.9365234375;0
403.5475;1753.49475097656;0
405.9972;1828.82238769531;0
408.4505;1690.7734375;0
410.899;1846.52734375;0
413.3468;1814.826171875;0
415.796;1886.23266601563;0
418.2405;1786.84155273438;0
420.6884;1712.03356933594;0
423.1295;1627.22314453125;0
425.572;1550.12438964844;0
428.0159;1579.68151855469;0
430.455;1631.33544921875;0
432.8956;1632.07287597656;0
435.3335;1697.20861816406;0
437.7707;1650.04833984375;0
440.2093;1600.68896484375;0
442.6432;1486.79089355469;0
445.0764;1436.21618652344;0
447.511;1471.71032714844;0
449.9429;1390.52954101563;0
452.3721;1381.79187011719;0
454.8048;1400.50207519531;0
457.2328;1478.86206054688;0
459.66;1434.32006835938;0
462.0847;1436.89807128906;0
464.5127;1493.03698730469;0
466.9381;1621.54187011719;0
469.3587;1660.94104003906;0
471.7807;1763.72143554687;0
474.2042;1792.65625;0
476.6229;1822.15930175781;0
479.041;1743.76647949219;0
481.4604;1746.31030273438;0
483.8752;1729.38159179688;0
486.2934;1683.54833984375;0
488.7068;1646.21826171875;0
491.1197;1655.20837402344;0
493.5339;1567.95373535156;0
495.9435;1485.41088867188;0
498.3544;1354.73596191406;0
500.7667;1458.54382324219;0
503.1723;1511.9130859375;0
505.5793;1666.05419921875;0
507.9856;1570.12756347656;0
510.3913;1525.63940429687;0
512.7944;1363.18249511719;0
515.1968;1241.71813964844;0
517.5986;1034.47021484375;0
519.9997;1017.55249023438;0
522.3982;1035.5302734375;0
524.798;1178.44140625;0
527.1973;1090.55554199219;0
529.5919;1178.16125488281;0
531.9899;1117.15014648438;0
534.3832;1311.35668945313;0
536.7758;1367.25366210938;0
539.1699;1438.61804199219;0
541.5593;1382.84985351562;0
543.9481;1332.36279296875;0
546.3382;1373.88720703125;0
548.7257;1357.21752929688;0
551.1146;1423.50830078125;0
553.4968;1516.3125;0
555.8824;1620.81408691406;0
558.2675;1644.57800292969;0
560.6478;1658.04663085938;0
563.0295;1658.56237792969;0
565.4106;1691.57458496094;0
567.7911;1622.30187988281;0
570.169;1595.62622070313;0
572.5462;1431.40991210937;0
574.9229;1386.44409179688;0
577.2968;1252.37939453125;0
579.6721;1317.40014648438;0
582.0449;1302.46557617187;0
584.417;1312.3525390625;0
586.7885;1275.72912597656;0
589.1553;1307.15441894531;0
591.5255;1327.07421875;0
593.8931;1193.38952636719;0
596.2601;1053.89208984375;0
598.6265;912.650512695313;0
600.9902;938.380432128906;0
603.3554;1008.5380859375;0
605.7179;1034.61962890625;0
608.0778;1168.2197265625;0
610.4391;1154.83923339844;0
612.7977;1250.32238769531;0
615.1558;1247.42651367187;0
617.5132;1359.71179199219;0
619.8701;1339.40368652344;0
622.2263;1383.72668457031;0
624.5779;1372.703125;0
626.9308;1475.650390625;0
629.2852;1422.74377441406;0
631.6349;1464.90783691406;0
633.9841;1586.67639160156;0
636.3326;1695.92150878906;0
638.6805;1811.51086425781;0
641.0279;1704.86743164062;0
643.3746;1785.69677734375;0
645.7187;1788.2236328125;0
648.0621;1858.453125;0
650.405;1725.82885742187;0
652.7453;1725.26293945312;0
655.087;1737.40063476563;0
657.426;1746.46130371094;0
659.7645;1688.23742675781;0
662.1024;1637.92065429688;0
664.4376;1527.78955078125;0
666.7742;1530.36889648437;0
669.1063;1365.00964355469;0
671.4398;1445.943359375;0
673.7726;1373.08728027344;0
676.1048;1531.09802246094;0
678.4324;1508.96875;0
680.7635;1605.95520019531;0
683.0919;1574.57348632813;0
685.4158;1557.90161132812;0
687.743;1401.77868652344;0
690.0696;1352.80920410156;0
692.3937;1434.35900878906;0
694.7151;1489.3193359375;0
697.038;1541.28015136719;0
699.3583;1448.18981933594;0
701.6779;1414.07080078125;0
703.995;1467.83361816406;0
706.3155;1529.84814453125;0
708.6294;1639.22595214844;0
710.9467;1610.32165527344;0
713.2594;1597.6904296875;0
715.5735;1459.77062988281;0
717.887;1331.96557617188;0
720.1979;1341.84716796875;0
722.5083;1485.48742675781;0
724.818;1578.70935058594;0
727.1252;1508.84594726563;0
729.4357;1464.31799316406;0
731.7418;1531.68432617188;0
734.0452;1635.63610839844;0
736.35;1687.0498046875;0
738.6522;1692.49353027344;0
740.9539;1641.90576171875;0
743.2569;1565.03100585937;0
745.5554;1585.89770507813;0
747.8553;1519.13720703125;0
750.1545;1382.33215332031;0
752.4513;1239.97277832031;0
754.7474;1088.2578125;0
757.043;1094.06555175781;0
759.336;1143.17150878906;0
761.6304;1195.99304199219;0
763.9222;1194.21301269531;0
766.2114;890.433898925781;0
768.5041;840.619812011719;0
770.7922;733.011474609375;0
773.0777;885.133117675781;0
775.3647;948.752014160156;0
777.651;1170.94262695312;0
779.9368;1158.69555664062;0
782.22;1241.53881835938;0
784.5026;1223.10144042969;0
786.7847;1312.86474609375;0
789.0662;1264.82653808594;0
791.3451;1243.74475097656;0
793.6254;1327.05908203125;0
795.9012;1412.96301269531;0
798.1784;1498.73693847656;0
800.455;1448.18298339844;0
802.7291;1465.07873535156;0
805.0026;1312.53161621094;0
807.2755;1424.03576660156;0
809.5478;1363.76647949219;0
811.8176;1526.05969238281;0
814.0869;1661.70483398438;0
816.3535;1817.19592285156;0
818.6235;1962.23901367188;0
820.8911;1905.16479492187;0
823.156;1976.29992675781;0
825.4204;1880.30847167969;0
827.6823;1860.71350097656;0
829.9474;1632.17614746094;0
832.2082;1536.92150878906;0
834.4683;1424.78393554687;0
836.7279;1545.93505859375;0
838.9869;1527.92114257813;0
841.2453;1536.04028320313;0
843.5012;1667.29064941406;0
845.7565;1716.09448242188;0
848.0133;1744.888671875;0
850.2655;1517.00524902344;0
852.5153;1320.88525390625;0
854.7703;1245.9921875;0
857.0189;1144.02770996094;0
859.2668;1210.91857910156;0
861.5182;1123.56982421875;0
863.7651;1172.34033203125;0
866.0114;1108.00463867187;0
868.2592;1005.3125;0
870.5024;1009.90679931641;0
872.7451;1085.41357421875;0
874.9872;1211.9443359375;0
877.2307;1336.24279785156;0
879.4717;1267.20690917969;0
881.7101;1185.06628417969;0
883.95;1060.92932128906;0
886.1854;1124.53234863281;0
888.4202;1102.14270019531;0
890.6604;1076.98559570313;0
892.8941;989.284729003906;0
895.1253;1227.87243652344;0
897.3599;1386.74780273437;0
899.59;1340.53662109375;0
901.8195;1146.80029296875;0
904.0504;1082.9892578125;0
906.2789;1321.49340820312;0
908.5087;1472.10705566406;0
910.7341;1490.41833496094;0
912.9589;1377.54309082031;0
915.1851;1342.40478515625;0
917.4088;1367.13549804687;0
919.63;1346.25231933594;0
921.8526;1136.06030273437;0
924.0727;1063.26940917969;0
926.2922;1138.21276855469;0
928.5112;1303.69506835938;0
930.7277;1139.99072265625;0
932.9476;923.964172363281;0
935.163;789.611938476563;0
937.3739;749.271179199219;0
939.5901;846.377136230469;0
941.8019;943.932250976563;0
944.0151;964.557800292969;0
946.2258;887.597412109375;0
948.4341;611.188537597656;0
950.6456;594.776428222656;0
952.8527;525.464172363281;0
955.0593;686.39697265625;0
957.2653;640.991455078125;0
959.4689;743.533752441406;0
961.6738;812.629699707031;0
963.8782;809.792724609375;0
966.0782;746.940246582031;0
968.2815;779.859436035156;0
970.4803;802.727905273438;0
972.6787;816.230895996094;0
974.8784;736.615051269531;0
977.0757;868.132690429688;0
979.2704;842.426208496094;0
981.4667;795.724975585938;0
983.6603;843.647277832031;0
985.8535;969.743347167969;0
988.0461;1218.28356933594;0
990.2363;1102.31030273438;0
992.4297;1165.7080078125;0
994.6169;1158.51867675781;0
996.8035;1468.69384765625;0
998.9933;1721.47387695313;0
1001.179;1754.90270996094;0
1003.364;1713.44116210938;0
1005.55;1635.75354003906;0
1007.732;1848.51123046875;0
1009.916;1904.50244140625;0
1012.096;1950.72192382813;0
1014.275;1696.27941894531;0
1016.459;1639.54809570313;0
1018.636;1591.59399414062;0
1020.813;1748.58715820312;0
1022.991;1801.6865234375;0
1025.165;1738.39489746094;0
1027.34;1567.712890625;0
1029.515;1519.12634277344;0
1031.687;1491.07336425781;0
1033.859;1643.11071777344;0
1036.03;1573.232421875;0
1038.199;1589.01257324219;0
1040.369;1362.11547851562;0
1042.536;1388.21301269531;0
1044.704;1342.74890136719;0
1046.87;1489.28833007813;0
1049.034;1327.04309082031;0
1051.198;1226.78601074219;0
1053.363;1043.96472167969;0
1055.526;1114.24328613281;0
1057.686;1041.19018554688;0
1059.845;1051.13146972656;0
1062.005;984.399658203125;0
1064.165;1036.08264160156;0
1066.323;1060.78063964844;0
1068.477;1029.06811523437;0
1070.634;1045.45959472656;0
1072.788;898.73828125;0
1074.942;846.351745605469;0
1077.096;859.710510253906;0
1079.247;1121.21643066406;0
1081.397;1209.18176269531;0
1083.547;1195.35681152344;0
1085.695;978.431030273438;0
1087.844;1006.77209472656;0
1089.992;920.224060058593;0
1092.138;925.645568847656;0
1094.284;930.018615722656;0
1096.425;959.163208007812;0
1098.571;884.36572265625;0
1100.711;833.719970703125;0
1102.851;949.62890625;0
1104.994;1167.63488769531;0
1107.132;1215.53295898437;0
1109.271;1266.40222167969;0
1111.408;1330.29370117188;0
1113.543;1516.94873046875;0
1115.682;1586.26770019531;0
1117.816;1511.1572265625;0
1119.947;1438.60620117188;0
1122.08;1445.14025878906;0
1124.213;1583.40112304687;0
1126.343;1711.54638671875;0
1128.474;1725.57275390625;0
1130.602;1635.85278320312;0
1132.728;1453.72021484375;0
1134.856;1319.419921875;0
1136.982;1316.85412597656;0
1139.109;1326.99145507813;0
1141.234;1449.93920898438;0
1143.356;1462.91162109375;0
1145.479;1450.24206542969;0
1147.599;1391.20153808594;0
1149.719;1377.19592285156;0
1151.839;1381.67346191406;0
1153.957;1315.18981933594;0
1156.076;1183.52270507813;0
1158.191;983.560913085937;0
1160.305;1034.66882324219;0
1162.423;1039.45471191406;0
1164.536;1214.87622070312;0
1166.647;1035.54724121094;0
1168.761;1218.01977539063;0
1170.871;1261.67687988281;0
1172.983;1351.66796875;0
1175.092;1361.6728515625;0
1177.2;1424.02709960937;0
1179.306;1609.76062011719;0
1181.413;1593.298828125;0
1183.518;1651.07336425781;0
1185.623;1442.53186035156;0
1187.725;1314.22778320313;0
1189.826;1216.95849609375;0
1191.929;1357.62841796875;0
1194.032;1427.85607910156;0
1196.13;1278.6318359375;0
1198.23;1207.05676269531;0
1200.327;1284.86975097656;0
1202.423;1499.03405761719;0
1204.52;1552.47827148438;0
1206.613;1400.90405273438;0
1208.71;1438.50354003906;0
1210.801;1478.69763183594;0
1212.892;1550.58166503906;0
1214.987;1489.22827148438;0
1217.075;1539.89343261719;0
1219.166;1526.44665527344;0
1221.256;1545.64636230469;0
1223.342;1492.38598632813;0
1225.43;1548.9990234375;0
1227.515;1363.39733886719;0
1229.597;1324.09606933594;0
1231.685;1390.98315429688;0
1233.767;1571.4482421875;0
1235.85;1572.46740722656;0
1237.931;1559.55883789062;0
1240.009;1519.794921875;0
1242.09;1453.03442382812;0
1244.168;1423.84997558594;0
1246.245;1504.7490234375;0
1248.321;1647.14331054687;0
1250.397;1590.01062011719;0
1252.472;1540.3466796875;0
1254.547;1379.70080566406;0
1256.618;1405.63647460938;0
1258.69;1294.26477050781;0
1260.761;1360.4140625;0
1262.83;1334.47351074219;0
1264.901;1346.66857910156;0
1266.969;1316.45178222656;0
1269.035;1137.16076660156;0
1271.102;1241.18933105469;0
1273.167;1188.0224609375;0
1275.233;1328.76989746094;0
1277.295;1227.53784179688;0
1279.359;1179.43591308594;0
1281.42;1067.46411132813;0
1283.482;973.140197753906;0
1285.542;940.518737792968;0
1287.6;931.299499511719;0
1289.659;811.867431640625;0
1291.714;852.782104492188;0
1293.774;1148.26208496094;0
1295.828;1396.10485839844;0
1297.881;1529.14367675781;0
1299.936;1400.44067382812;0
1301.987;1427.0693359375;0
1304.041;1537.88647460938;0
1306.09;1567.7978515625;0
1308.139;1621.48815917969;0
1310.19;1601.58630371094;0
1312.238;1675.55615234375;0
1314.286;1650.51293945313;0
1316.331;1603.97717285156;0
1318.376;1685.83996582031;0
1320.422;1616.99365234375;0
1322.466;1662.91809082031;0
1324.508;1701.58337402344;0
1326.549;1801.44177246094;0
1328.59;1684.48803710938;0
1330.632;1580.974609375;0
1332.67;1636.037109375;0
1334.707;1849.36547851563;0
1336.746;1906.77038574219;0
1338.78;1836.07080078125;0
1340.816;1630.72119140625;0
1342.852;1229.48779296875;0
1344.885;1126.7734375;0
1346.916;1013.47302246094;0
1348.948;1229.21508789063;0
1350.979;1148.06799316406;0
1353.011;1139.27111816406;0
1355.04;1175.80456542969;0
1357.066;1156.70129394531;0
1359.094;1401.15734863281;0
1361.121;1284.04455566406;0
1363.145;1471.80358886719;0
1365.171;1210.974609375;0
1367.192;1232.93127441406;0
1369.216;1049.89050292969;0
1371.239;1110.58972167969;0
1373.258;1055.91784667969;0
1375.28;925.874755859375;0
1377.298;740.34130859375;0
1379.316;612.645812988281;0
1381.335;701.912719726563;0
1383.35;921.909973144532;0
1385.366;1036.06567382812;0
1387.38;1097.935546875;0
1389.394;947.292602539062;0
1391.409;1079.41003417969;0
1393.42;970.792541503906;0
1395.43;1127.44018554688;0
1397.44;1032.580078125;0
1399.451;1104.88049316406;0
1401.458;919.233459472656;0
1403.466;648.632385253906;0
1405.472;551.960632324219;0
1407.478;574.652954101563;0
1409.483;783.346374511719;0
1411.486;822.587280273438;0
1413.49;970.645080566407;0
1415.492;992.772155761719;0
1417.492;986.348999023438;0
1419.495;909.878295898437;0
1421.494;927.094482421875;0
1423.492;1012.37036132813;0
1425.49;1061.55261230469;0
1427.487;1138.61267089844;0
1429.482;1298.65478515625;0
1431.477;1423.95971679687;0
1433.471;1453.71020507813;0
1435.466;1519.15295410156;0
1437.456;1539.48657226562;0
1439.447;1492.552734375;0
1441.441;1434.69165039063;0
1443.427;1445.099609375;0
1445.417;1600.55529785156;0
1447.406;1727.29821777344;0
1449.392;1736.88671875;0
1451.381;1699.43493652344;0
1453.365;1658.16491699219;0
1455.348;1597.52282714844;0
1457.333;1618.84155273438;0
1459.314;1549.56506347656;0
1461.296;1602.58227539063;0
1463.276;1354.115234375;0
1465.256;1256.04724121094;0
1467.237;1265.73413085938;0
1469.215;1431.13500976563;0
1471.19;1473.80261230469;0
1473.167;1381.86254882812;0
1475.145;1401.97314453125;0
1477.118;1430.02099609375;0
1479.092;1494.00646972656;0
1481.065;1541.26306152344;0
1483.038;1436.79333496094;0
1485.008;1354.70556640625;0
1486.979;1163.22192382813;0
1488.949;1130.34240722656;0
1490.917;1100.84484863281;0
1492.883;1077.17358398438;0
1494.852;1066.99523925781;0
1496.817;996.649841308593;0
1498.782;1085.08325195313;0
1500.748;1036.90173339844;0
1502.708;1044.23449707031;0
1504.673;984.6357421875;0
1506.634;964.774597167968;0
1508.594;879.762145996093;0
1510.554;986.880004882813;0
1512.512;1057.71606445313;0
1514.471;1296.50720214844;0
1516.428;1179.02856445313;0
1518.384;1328.27124023437;0
1520.34;1075.46423339844;0
1522.294;1075.5009765625;0
1524.249;915.501586914062;0
1526.202;1081.94152832031;0
1528.153;985.504211425782;0
1530.103;1120.21691894531;0
1532.054;885.32666015625;0
1534.004;1099.95202636719;0
1535.951;1113.64831542969;0
1537.899;1308.693359375;0
1539.847;1396.55212402344;0
1541.793;1181.81079101562;0
1543.738;981.592651367188;0
1545.681;730.723754882813;0
1547.625;597.79541015625;0
1549.566;683.886291503906;0
1551.509;660.415344238282;0
1553.45;829.515869140625;0
1555.389;815.901794433594;0
1557.33;621.230407714844;0
1559.266;480.961212158203;0
1561.204;595.648803710938;0
1563.141;687.053955078125;0
1565.074;723.173461914063;0
1567.009;539.003723144531;0
1568.943;678.211364746094;0
1570.877;734.903991699219;0
1572.808;665.302673339844;0
1574.741;592.40673828125;0
1576.67;507.216217041016;0
1578.6;652.175476074219;0
1580.528;683.510314941406;0
1582.455;699.563415527344;0
1584.382;605.219604492187;0
1586.307;580.367248535156;0
1588.234;634.098876953125;0
1590.157;795.747741699219;0
1592.081;774.313842773437;0
1594.002;753.4638671875;0
1595.927;517.641906738281;0
1597.845;478.398956298828;0
1599.767;413.178405761719;0
1601.685;317.980285644531;0
1603.602;285.137878417969;0
1605.523;108.984550476074;0
1607.438;264.973205566406;0
1609.354;363.251678466797;0
1611.269;643.922607421875;0
1613.181;754.889404296875;0
1615.096;868.778381347657;0
1617.008;755.367248535156;0
1618.92;883.102111816407;0
1620.83;880.869323730469;0
1622.74;1085.22253417969;0
1624.649;827.657775878907;0
1626.557;604.031494140625;0
1628.464;541.218017578125;0
1630.37;749.203979492188;0
1632.275;953.124877929688;0
1634.18;1002.33099365234;0
1636.085;1042.91650390625;0
1637.988;1136.22436523438;0
1639.888;1073.03332519531;0
1641.791;967.115661621094;0
1643.691;960.017211914063;0
1645.588;952.29052734375;0
1647.489;1062.60217285156;0
1649.387;991.841064453125;0
1651.284;1121.78356933594;0
1653.18;1024.87426757812;0
1655.075;1080.33557128906;0
1656.972;1208.17626953125;0
1658.864;1481.62231445312;0
1660.754;1543.232421875;0
1662.65;1410.45861816406;0
1664.539;1205.85766601563;0
1666.428;1227.54223632812;0
1668.32;1151.95654296875;0
1670.207;1270.43603515625;0
1672.096;1208.986328125;0
1673.982;1371.82971191406;0
1675.867;1318.63293457031;0
1677.754;1349.95141601563;0
1679.638;1228.89636230469;0
1681.52;1233.13439941406;0
1683.403;1134.66552734375;0
1685.285;894.823059082032;0
1687.166;780.940368652344;0
1689.048;841.017517089844;0
1690.924;967.721008300781;0
1692.804;1090.93786621094;0
1694.682;976.230651855469;0
1696.558;1116.822265625;0
1698.435;942.268310546875;0
1700.308;897.346435546875;0
1702.184;695.83447265625;0
1704.057;853.399108886718;0
1705.929;794.92919921875;0
1707.801;830.869201660157;0
1709.674;571.330200195313;0
1711.542;701.534484863281;0
1713.412;644.704223632813;0
1715.28;685.728271484375;0
1717.145;568.717834472656;0
1719.015;582.775512695313;0
1720.88;431.862579345703;0
1722.746;159.319427490234;0
1724.61;130.191101074219;0
1726.471;268.834381103516;0
1728.334;346.198486328125;0
1730.197;237.61669921875;0
1732.057;134.200134277344;0
1733.919;162.84358215332;0
1735.777;244.868011474609;0
1737.634;304.348724365234;0
1739.493;458.489135742188;0
1741.349;432.152679443359;0
1743.205;447.22265625;0
1745.061;459.373199462891;0
1746.915;586.280334472656;0
1748.77;760.020263671875;0
1750.621;687.479248046875;0
1752.473;568.539611816407;0
1754.323;446.422668457031;0
1756.173;532.849792480469;0
1758.022;551.32177734375;0
1759.87;488.726043701172;0
1761.718;427.280548095703;0
1763.566;497.301788330078;0
1765.411;578.683349609375;0
1767.256;587.146606445313;0
1769.101;690.651428222656;0
1770.945;703.407592773438;0
1772.787;845.275085449218;0
1774.629;719.26953125;0
1776.469;825.525756835937;0
1778.309;829.575622558594;0
1780.15;938.751037597657;0
1781.987;914.046203613281;0
1783.826;687.683349609375;0
1785.662;702.3291015625;0
1787.498;640.65283203125;0
1789.334;744.763732910156;0
1791.169;809.44140625;0
1793.002;842.463684082031;0
1794.834;981.275024414062;0
1796.667;972.208740234375;0
1798.498;1088.48706054688;0
1800.328;1082.66552734375;0
1802.157;974.187072753906;0
1803.986;896.044616699219;0
1805.813;878.904174804688;0
1807.639;905.654663085938;0
1809.467;980.962768554688;0
1811.292;1067.82849121094;0
1813.117;1140.69616699219;0
1814.94;1207.01049804688;0
1816.763;1176.88232421875;0
1818.585;1122.20068359375;0
1820.407;951.632202148438;0
1822.227;869.287963867188;0
1824.048;1005.94580078125;0
1825.865;1004.72296142578;0
1827.683;852.62353515625;0
1829.501;619.549194335938;0
1831.317;475.834777832031;0
1833.135;576.374450683594;0
1834.948;315.564727783203;0
1836.761;302.345336914063;0
1838.577;340.620178222656;0
1840.388;624.540954589844;0
1842.198;696.714599609375;0
1844.009;601.820495605469;0
1845.819;519.783264160156;0
1847.629;437.852172851563;0
1849.436;423.965637207031;0
1851.244;393.110809326172;0
1853.052;447.707702636719;0
1854.858;334.209228515625;0
1856.661;300.530395507813;0
1858.466;310.782379150391;0
1860.269;340.854034423828;0
1862.073;478.300933837891;0
1863.875;483.068450927734;0
1865.673;480.544525146484;0
1867.476;308.0625;0
1869.275;191.400177001953;0
1871.072;196.797622680664;0
1872.872;397.388580322266;0
1874.667;406.076965332031;0
1876.464;619.787475585938;0
1878.26;587.41943359375;0
1880.053;622.442565917969;0
1881.849;533.840942382813;0
1883.64;621.813232421875;0
1885.431;751.049621582031;0
1887.226;861.883483886719;0
1889.014;767.981506347656;0
1890.803;846.010314941407;0
1892.594;729.192077636719;0
1894.38;889.7431640625;0
1896.167;785.551879882813;0
1897.955;833.394226074219;0
1899.74;721.047973632813;0
1901.526;593.401916503906;0
1903.309;605.900573730469;0
1905.091;521.988342285156;0
1906.876;596.331909179688;0
1908.658;444.486877441406;0
1910.438;510.119842529297;0
1912.217;492.675506591797;0
1913.996;487.154998779297;0
1915.775;483.559509277344;0
1917.553;492.112396240234;0
1919.33;528.25927734375;0
1921.106;433.001342773438;0
1922.881;434.561950683594;0
1924.655;577.2744140625;0
1926.431;569.030029296875;0
1928.202;429.607635498047;0
1929.974;84.6751174926758;0
1931.746;134.878143310547;0
1933.516;188.293792724609;0
1935.286;328.720336914063;0
1937.055;428.50390625;0
1938.823;557.651123046875;0
1940.592;573.163146972656;0
1942.356;499.263366699219;0
1944.122;550.270080566406;0
1945.888;614.924255371094;0
1947.651;709.06298828125;0
1949.416;525.355529785156;0
1951.178;541.47412109375;0
1952.939;494.414398193359;0
1954.699;674.726440429688;0
1956.459;716.078186035156;0
1958.219;625.177612304688;0
1959.979;568.098388671875;0
1961.735;651.286193847656;0
1963.491;708.296875;0
1965.249;631.13037109375;0
1967.003;799.1240234375;0
1968.761;926.501098632812;0
1970.512;1169.818359375;0
1972.265;1171.18811035156;0
1974.018;1186.17004394531;0
1975.769;1061.98693847656;0
1977.522;860.498657226563;0
1979.271;661.189819335938;0
1981.018;641.173583984375;0
1982.766;410.562561035156;0
1984.516;401.690155029297;0
1986.261;264.889984130859;0
1988.009;415.828765869141;0
1989.754;591.062072753906;0
1991.498;702.591979980469;0
1993.241;807.646789550781;0
1994.984;760.393371582031;0
1996.727;603.667114257813;0
1998.468;394.804748535156;0
2000.206;251.253067016602;0
2001.946;281.6787109375;0
2003.686;495.303955078125;0
2005.424;465.908294677734;0
2007.161;617.716125488281;0
2008.898;608.617553710938;0
2010.634;811.616760253906;0
2012.369;776.048217773438;0
2014.103;612.9130859375;0
2015.836;497.10009765625;0
2017.57;565.277038574219;0
2019.299;631.888366699218;0
2021.032;582.711853027343;0
2022.762;500.747528076172;0
2024.491;602.32861328125;0
2026.221;756.342834472656;0
2027.947;769.901306152343;0
2029.676;602.447265625;0
2031.403;633.983215332031;0
2033.128;536.175720214844;0
2034.852;643.81787109375;0
2036.577;451.939544677734;0
2038.299;584.509460449219;0
2040.022;634.402099609375;0
2041.744;538.833068847656;0
2043.465;529.912414550781;0
2045.184;415.640747070313;0
2046.903;628.915344238281;0
2048.621;643.623229980469;0
2050.339;651.095275878906;0
2052.057;585.996765136719;0
2053.774;577.322021484375;0
2055.488;403.511688232422;0
2057.203;301.785430908203;0
2058.917;179.255569458008;0
2060.631;248.66145324707;0
2062.344;314.375030517578;0
2064.053;452.618530273438;0
2065.765;535.503845214844;0
2067.476;530.143310546875;0
2069.185;375.423034667969;0
2070.892;471.231994628906;0
2072.6;552.236755371094;0
2074.308;728.104125976562;0
2076.014;679.720397949218;0
2077.72;728.639099121093;0
2079.425;728.192810058594;0
2081.13;716.599609375;0
2082.833;669.747436523438;0
2084.532;643.080444335938;0
2086.236;534.821960449219;0
2087.936;424.083862304688;0
2089.635;359.534057617188;0
2091.335;353.173675537109;0
2093.034;273.890625;0
2094.731;193.791152954102;0
2096.427;289.154022216797;0
2098.124;633.372802734375;0
2099.82;949.442993164062;0
2101.515;1168.03173828125;0
2103.207;1032.91857910156;0
2104.902;1140.66040039062;0
2106.594;1189.03430175781;0
2108.286;1434.70581054688;0
2109.976;1394.11962890625;0
2111.667;1296.27258300781;0
2113.355;1210.65576171875;0
2115.044;1166.15808105469;0
2116.732;1203.55712890625;0
2118.42;1128.18420410156;0
2120.105;1149.70715332031;0
2121.79;1173.79602050781;0
2123.476;1241.33959960938;0
2125.16;1195.95581054688;0
2126.844;1167.18676757812;0
2128.524;1272.31713867188;0
2130.207;1441.78991699219;0
2131.888;1529.49072265625;0
2133.567;1537.75341796875;0
2135.247;1524.91333007813;0
2136.927;1564.42004394531;0
2138.603;1515.94311523438;0
2140.281;1362.48254394531;0
2141.957;1381.03845214844;0
2143.633;1310.23352050781;0
2145.308;1417.50012207031;0
2146.981;1317.58264160156;0
2148.654;1479.41333007812;0
2150.328;1388.88049316406;0
2152;1481.33618164062;0
2153.669;1484.2529296875;0
2155.34;1479.791015625;0
2157.01;1474.85424804688;0
2158.677;1282.04016113281;0
2160.347;1342.67932128906;0
2162.013;1326.57861328125;0
2163.681;1513.21337890625;0
2165.347;1468.20520019531;0
2167.011;1302.09008789062;0
2168.674;1161.08898925781;0
2170.337;1145.3134765625;0
2172.002;1158.2119140625;0
2173.662;1177.33923339844;0
2175.324;1094.02734375;0
2176.985;1102.49609375;0
2178.645;885.632995605469;0
2180.304;855.943603515625;0
2181.961;838.648986816406;0
2183.618;1053.31042480469;0
2185.275;1016.27191162109;0
2186.932;1031.64477539063;0
2188.586;946.484741210937;0
2190.242;1168.68811035156;0
2191.896;1102.24047851563;0
2193.547;1100.36169433594;0
2195.2;1111.11242675781;0
2196.851;1144.15283203125;0
2198.502;1252.59826660156;0
2200.153;1080.00415039063;0
2201.799;1051.447265625;0
2203.447;899.579284667969;0
2205.097;889.71533203125;0
2206.742;959.116882324218;0
2208.391;963.299560546875;0
2210.035;1040.04187011719;0
2211.679;1062.24694824219;0
2213.324;1004.34497070312;0
2214.966;995.398132324218;0
2216.608;909.961853027344;0
2218.252;1136.36694335937;0
2219.89;1074.81384277344;0
2221.531;1197.26977539062;0
2223.172;1024.44921875;0
2224.809;973.7412109375;0
2226.449;799.323120117188;0
2228.086;813.184509277344;0
2229.72;971.819458007813;0
2231.358;1099.70178222656;0
2232.992;989.833801269532;0
2234.625;759.099060058594;0
2236.26;852.161437988282;0
2237.893;1027.79992675781;0
2239.524;1196.24182128906;0
2241.156;1025.42492675781;0
2242.785;1089.03869628906;0
2244.416;1123.25427246094;0
2246.044;1151.91625976563;0
2247.672;1063.19848632813;0
2249.301;970.526916503906;0
2250.926;1046.20776367188;0
2252.554;919.536743164063;0
2254.177;921.279724121094;0
2255.803;916.651916503906;0
2257.427;1041.54321289062;0
2259.051;1109.59118652344;0
2260.671;849.431884765625;0
2262.294;758.775451660156;0
2263.914;621.976257324219;0
2265.533;714.702026367188;0
2267.153;690.396850585937;0
2268.773;835.501403808594;0
2270.392;906.015930175781;0
2272.006;900.051635742188;0
2273.624;919.61083984375;0
2275.239;1053.80578613281;0
2276.854;1372.90881347656;0
2278.468;1454.25439453125;0
2280.084;1406.17016601563;0
2281.695;1184.86755371094;0
2283.305;1090.67993164063;0
2284.919;864.439697265625;0
2286.527;876.582824707031;0
2288.14;872.456237792969;0
2289.748;1109.06481933594;0
2291.354;1164.68688964844;0
2292.964;1098.58410644531;0
2294.569;1089.45849609375;0
2296.174;1047.01635742188;0
2297.782;1016.95684814453;0
2299.386;1014.96221923828;0
2300.99;843.944396972656;0
2302.594;871.530456542969;0
2304.195;894.932373046875;0
2305.798;1017.81475830078;0
2307.399;900.225402832031;0
2308.998;684.287536621094;0
2310.598;594.211059570313;0
2312.197;747.186340332032;0
2313.795;909.79638671875;0
2315.392;1043.05749511719;0
2316.988;1038.50769042969;0
2318.585;968.922485351562;0
2320.18;848.591674804687;0
2321.774;783.830017089844;0
2323.368;915.980224609375;0
2324.961;980.880187988281;0
2326.553;1007.275390625;0
2328.145;1039.93786621094;0
2329.735;1093.08874511719;0
2331.324;1230.61560058594;0
2332.916;1121.26940917969;0
2334.503;899.726318359375;0
2336.092;687.667114257812;0
2337.677;692.404541015625;0
2339.263;853.71337890625;0
2340.85;998.894592285156;0
2342.434;1024.76989746094;0
2344.018;1079.00317382813;0
2345.602;914.369995117187;0
2347.185;780.524291992187;0
2348.768;627.239685058593;0
2350.347;691.254699707031;0
2351.928;661.790161132813;0
2353.51;744.733764648438;0
2355.087;636.747863769531;0
2356.665;634.054931640625;0
2358.243;449.903717041016;0
2359.819;482.868347167969;0
2361.396;561.9765625;0
2362.972;569.036987304688;0
2364.547;605.049133300782;0
2366.121;562.571899414062;0
2367.694;608.158325195313;0
2369.267;509.918518066406;0
2370.839;163.00749206543;0
2372.411;187.942565917969;0
2373.982;299.995422363281;0
2375.55;592.685913085938;0
2377.118;424.419952392578;0
2378.687;366.041900634766;0
2380.254;416.439453125;0
2381.821;623.794311523438;0
2383.387;743.773254394532;0
2384.954;817.259521484375;0
2386.516;785.770202636719;0
2388.082;755.715942382812;0
2389.644;628.278686523437;0
2391.209;703.568420410156;0
2392.769;532.138427734375;0
2394.33;770.601867675781;0
2395.892;878.528015136719;0
2397.449;1142.44152832031;0
2399.008;1038.45483398438;0
2400.568;1103.34606933594;0
2402.125;852.783142089844;0
2403.68;733.714965820313;0
2405.238;576.50634765625;0
2406.792;669.798645019531;0
2408.349;828.14990234375;0
2409.902;969.831176757812;0
2411.455;1032.06604003906;0
2413.007;1107.38500976563;0
2414.558;1129.69909667969;0
2416.11;1133.73352050781;0
2417.66;1164.70275878906;0
2419.21;1134.23522949219;0
2420.758;1195.6669921875;0
2422.307;1129.51159667969;0
2423.855;939.691772460937;0
2425.402;895.296630859375;0
2426.947;730.193176269531;0
2428.492;781.250915527343;0
2430.038;775.811157226562;0
2431.58;852.953369140625;0
2433.124;1013.15441894531;0
2434.667;943.641662597657;0
2436.208;1040.08471679688;0
2437.75;1122.59411621094;0
2439.291;1268.5029296875;0
2440.83;1220.2568359375;0
2442.369;1185.07958984375;0
2443.906;1191.52697753906;0
2445.444;1288.66149902344;0
2446.981;1156.69543457031;0
2448.517;1129.357421875;0
2450.053;1027.17431640625;0
2451.587;1038.57189941406;0
2453.12;1175.63110351563;0
2454.655;1126.82531738281;0
2456.187;1219.02905273437;0
2457.718;1282.96850585938;0
2459.25;1306.31042480469;0
2460.781;1056.833984375;0
2462.31;722.492614746094;0
2463.84;713.214111328125;0
2465.368;792.280639648438;0
2466.896;746.260070800782;0
2468.423;721.605163574219;0
2469.949;735.377502441406;0
2471.474;1005.66937255859;0
2472.998;1064.38403320313;0
2474.522;1096.59020996094;0
2476.045;1141.61962890625;0
2477.568;1197.13562011719;0
2479.09;1218.95031738281;0
2480.612;1180.22192382813;0
2482.132;1087.25427246094;0
2483.653;1033.01184082031;0
2485.171;1018.70489501953;0
2486.689;1272.31884765625;0
2488.208;1382.60034179687;0
2489.725;1463.54809570313;0
2491.242;1403.71862792969;0
2492.757;1462.88696289062;0
2494.271;1293.82763671875;0
2495.785;1328.20678710938;0
2497.3;1397.46520996094;0
2498.812;1580.15747070313;0
2500.325;1517.39465332031;0
2501.837;1383.177734375;0
2503.345;1129.310546875;0
2504.856;931.883422851563;0
2506.366;838.61669921875;0
2507.875;892.074951171875;0
2509.382;910.630737304688;0
2510.889;889.838195800781;0
2512.397;708.032958984375;0
2513.901;478.970672607422;0
2515.406;366.698486328125;0
2516.911;429.578948974609;0
2518.415;486.885406494141;0
2519.918;378.346618652344;0
2521.421;312.962493896484;0
2522.922;244.289901733398;0
2524.423;381.328948974609;0
2525.924;403.300567626953;0
2527.422;532.09521484375;0
2528.923;460.158905029297;0
2530.419;584.047119140625;0
2531.916;602.426330566407;0
2533.415;777.407470703125;0
2534.909;593.029052734375;0
2536.404;450.425598144531;0
2537.899;236.981414794922;0
2539.394;454.801574707031;0
2540.887;619.936157226563;0
2542.38;791.871765136718;0
2543.871;491.186798095703;0
2545.363;379.867034912109;0
2546.852;332.604736328125;0
2548.345;253.625259399414;0
2549.833;239.963409423828;0
2551.321;269.135650634766;0
2552.811;543.381713867188;0
2554.296;605.349731445313;0
2555.78;652.949768066406;0
2557.267;641.877990722656;0
2558.752;721.914733886719;0
2560.237;463.540802001953;0
2561.721;418.831726074219;0
2563.203;357.716827392578;0
2564.687;559.420104980469;0
2566.168;577.611755371094;0
2567.648;564.702087402344;0
2569.129;424.669372558594;0
2570.607;432.05419921875;0
2572.086;497.916778564453;0
2573.565;699.53857421875;0
2575.041;789.365600585937;0
2576.518;814.510437011718;0
2577.994;904.752319335938;0
2579.469;1018.00964355469;0
2580.945;1191.90209960937;0
2582.418;1119.56481933594;0
2583.892;1133.00549316406;0
2585.365;1068.25451660156;0
2586.835;1122.42468261719;0
2588.307;1194.65576171875;0
2589.778;1279.33813476562;0
2591.248;1272.57409667969;0
2592.717;1183.13427734375;0
2594.186;982.904846191407;0
2595.652;980.109436035156;0
2597.121;786.74951171875;0
2598.585;883.047607421875;0
2600.052;939.374084472657;0
2601.518;964.940979003906;0
2602.982;1041.97155761719;0
2604.446;1017.66613769531;0
2605.907;1253.19665527344;0
2607.371;1195.056640625;0
2608.83;1304.13525390625;0
2610.293;1297.09692382813;0
2611.752;1246.607421875;0
2613.213;1277.66687011719;0
2614.672;1297.94250488281;0
2616.13;1475.87890625;0
2617.587;1349.03198242187;0
2619.043;1406.40222167969;0
2620.501;1371.32421875;0
2621.957;1432.80725097656;0
2623.409;1367.06396484375;0
2624.864;1432.84216308594;0
2626.318;1436.09704589844;0
2627.771;1424.22094726563;0
2629.222;1336.61840820313;0
2630.673;1344.20593261719;0
2632.124;1445.42211914062;0
2633.575;1499.08483886719;0
2635.023;1345.53344726562;0
2636.473;1224.06030273438;0
2637.922;1165.61877441406;0
2639.368;1321.83361816406;0
2640.816;1271.72351074219;0
2642.261;1271.51123046875;0
2643.705;1027.97387695313;0
2645.151;938.869018554687;0
2646.596;851.175537109375;0
2648.037;873.187927246093;0
2649.48;777.446838378906;0
2650.923;761.060729980468;0
2652.364;829.535217285156;0
2653.804;962.189453125;0
2655.243;867.273742675782;0
2656.683;828.05517578125;0
2658.121;769.398376464843;0
2659.559;677.525817871094;0
2660.997;696.213806152344;0
2662.433;744.016418457031;0
2663.868;987.490051269531;0
2665.305;954.051452636719;0
2666.737;861.196044921875;0
2668.173;870.128051757813;0
2669.606;961.287109375;0
2671.038;1114.20104980469;0
2672.47;832.869934082031;0
2673.901;602.044372558594;0
2675.331;508.113372802734;0
2676.761;588.309814453125;0
2678.189;690.308349609375;0
2679.619;487.114013671875;0
2681.045;403.171356201172;0
2682.473;410.813812255859;0
2683.9;652.701599121094;0
2685.324;727.865295410156;0
2686.749;739.125427246093;0
2688.176;565.742431640625;0
2689.599;484.022064208984;0
2691.021;493.888671875;0
2692.444;629.416320800781;0
2693.865;679.296142578125;0
2695.287;499.761932373047;0
2696.707;279.488159179688;0
2698.125;248.475128173828;0
2699.545;255.282104492188;0
2700.963;288.797637939453;0
2702.381;329.247894287109;0
2703.798;520.635375976563;0
2705.214;583.958801269531;0
2706.629;641.10888671875;0
2708.046;607.294799804688;0
2709.458;653.008422851563;0
2710.872;664.28515625;0
2712.285;671.12890625;0
2713.699;645.672729492188;0
2715.111;636.982727050781;0
2716.52;600.320129394531;0
2717.93;628.904541015625;0
2719.342;577.909912109375;0
2720.749;592.053405761719;0
2722.159;637.861206054688;0
2723.565;755.022766113281;0
2724.971;829.205383300781;0
2726.38;826.520202636718;0
2727.785;774.846496582031;0
2729.19;785.847473144531;0
2730.594;808.193176269531;0
2731.997;905.430969238281;0
2733.401;908.6865234375;0
2734.803;781.187866210938;0
2736.204;637.098815917969;0
2737.606;685.658630371094;0
2739.005;888.9287109375;0
2740.405;1067.24182128906;0
2741.806;1150.59704589844;0
2743.202;1189.66137695313;0
2744.602;1176.88110351563;0
2745.998;1147.14892578125;0
2747.395;1172.6845703125;0
2748.79;1172.93017578125;0
2750.185;1239.65856933594;0
2751.58;1279.75598144531;0
2752.975;1356.44348144531;0
2754.366;1279.8369140625;0
2755.759;1359.70874023438;0
2757.151;1287.5029296875;0
2758.542;1418.44006347656;0
2759.933;1502.30017089844;0
2761.322;1649.41613769531;0
2762.71;1559.00854492188;0
2764.1;1365.85705566406;0
2765.486;1295.84826660156;0
2766.875;1279.3232421875;0
2768.26;1270.58862304688;0
2769.646;1283.49060058594;0
2771.031;1286.87976074219;0
2772.418;1347.67260742187;0
2773.799;1289.98046875;0
2775.184;1290.76806640625;0
2776.565;1359.82543945313;0
2777.946;1466.36303710938;0
2779.328;1550.03955078125;0
2780.708;1531.96594238281;0
2782.09;1615.02575683594;0
2783.469;1633.66198730469;0
2784.847;1648.8720703125;0
2786.226;1635.00732421875;0
2787.603;1683.58618164062;0
2788.978;1617.30444335937;0
2790.355;1606.23461914063;0
2791.731;1478.51696777344;0
2793.104;1524.25231933594;0
2794.479;1399.43737792969;0
2795.853;1414.49255371094;0
2797.225;1363.24084472656;0
2798.596;1362.01000976563;0
2799.967;1299.34484863281;0
2801.341;1074.84252929688;0
2802.71;933.236450195313;0
2804.077;678.199829101563;0
2805.447;666.954833984375;0
2806.815;621.612548828125;0
2808.183;641.839660644531;0
2809.551;606.090698242188;0
2810.915;676.369140625;0
2812.282;722.898498535156;0
2813.646;734.675903320313;0
2815.011;633.588989257813;0
2816.375;616.9619140625;0
2817.736;666.117309570313;0
2819.099;690.273132324219;0
2820.462;600.314819335938;0
2821.821;596.465881347656;0
2823.182;580.505065917969;0
2824.542;713.654357910156;0
2825.901;798.024536132813;0
2827.261;776.988220214844;0
2828.617;729.545349121094;0
2829.974;536.030090332031;0
2831.33;621.667785644531;0
2832.686;584.237487792969;0
2834.043;680.405151367188;0
2835.395;578.386901855469;0
2836.75;611.630737304688;0
2838.104;590.80224609375;0
2839.456;567.920043945313;0
2840.807;557.276306152344;0
2842.16;515.333374023438;0
2843.509;561.091003417969;0
2844.858;591.101013183594;0
2846.209;584.985229492188;0
2847.556;620.423156738281;0
2848.906;616.063232421875;0
2850.253;712.289672851563;0
2851.6;694.049194335938;0
2852.946;725.452575683594;0
2854.29;663.572143554688;0
2855.635;668.256286621094;0
2856.98;592.8076171875;0
2858.323;605.470520019531;0
2859.665;587.609069824219;0
2861.008;538.610900878906;0
2862.349;590.009765625;0
2863.691;561.617553710938;0
2865.031;628.798583984375;0
2866.37;607.719848632813;0
2867.709;503.857971191406;0
2869.048;470.406127929688;0
2870.385;496.193176269531;0
2871.722;633.831726074219;0
2873.059;714.902770996094;0
2874.394;708.512084960938;0
2875.73;703.437744140625;0
2877.064;738.154113769531;0
2878.398;726.653930664063;0
2879.731;840.350158691406;0
2881.063;966.455017089844;0
2882.395;1020.86187744141;0
2883.727;1015.67504882813;0
2885.059;920.00439453125;0
2886.387;964.626281738281;0
2887.717;1099.65234375;0
2889.046;1182.30712890625;0
2890.374;1257.23083496094;0
2891.699;1206.37219238281;0
2893.028;1134.30187988281;0
2894.354;1131.16357421875;0
2895.679;1100.08520507813;0
2897.004;1251.8623046875;0
2898.328;1157.16809082031;0
2899.653;1271.96411132813;0
2900.976;1304.01977539063;0
2902.297;1340.93005371094;0
2903.619;1217.05700683594;0
2904.941;1160.0439453125;0
2906.26;1106.95983886719;0
2907.58;1137.91577148438;0
2908.898;1081.91088867188;0
2910.217;1147.92114257813;0
2911.536;1064.90539550781;0
2912.852;1064.36328125;0
2914.171;1154.421875;0
2915.485;1141.71496582031;0
2916.799;1151.11022949219;0
2918.116;1075.70922851563;0
2919.428;1113.81323242188;0
2920.743;1104.59460449219;0
2922.056;1107.52014160156;0
2923.367;1252.79931640625;0
2924.679;1188.65185546875;0
2925.99;1237.84045410156;0
2927.299;1195.04833984375;0
2928.609;1341.55603027344;0
2929.918;1500.859375;0
2931.226;1445.7880859375;0
2932.535;1441.87341308594;0
2933.841;1169.5751953125;0
2935.149;1191.96057128906;0
2936.455;1119.12194824219;0
2937.758;1156.87536621094;0
2939.064;1079.388671875;0
2940.368;1036.91918945313;0
2941.67;984.131958007813;0
2942.973;1054.65637207031;0
2944.277;1139.93151855469;0
2945.577;1175.50219726563;0
2946.878;1277.6025390625;0
2948.178;1268.45629882813;0
2949.477;1318.73498535156;0
2950.776;1314.61303710938;0
2952.073;1323.14807128906;0
2953.372;1330.41857910156;0
2954.669;1301.40234375;0
2955.965;1347.30224609375;0
2957.261;1413.61401367188;0
2958.556;1423.23522949219;0
2959.849;1507.96911621094;0
2961.145;1552.48791503906;0
2962.436;1677.79272460938;0
2963.732;1646.10729980469;0
2965.022;1715.43090820312;0
2966.313;1555.54113769531;0
2967.603;1526.13098144531;0
2968.893;1402.69616699219;0
2970.182;1287.22180175781;0
2971.471;1195.23046875;0
2972.759;1074.6015625;0
2974.047;1121.87915039063;0
2975.334;1135.28100585938;0
2976.62;1122.97204589844;0
2977.907;1066.27880859375;0
2979.192;966.359436035156;0
2980.475;1026.32006835938;0
2981.76;1095.62707519531;0
2983.043;1188.05615234375;0
2984.326;1164.71667480469;0
2985.607;1106.60791015625;0
2986.888;976.085571289063;0
2988.17;994.855895996094;0
2989.449;959.084411621094;0
2990.728;952.975646972656;0
2992.007;844.672058105469;0
2993.284;812.637878417969;0
2994.562;801.417785644531;0
2995.84;666.301635742188;0
2997.115;703.096862792969;0
2998.393;639.890686035156;0
2999.666;632.695617675781;0
3000.94;455.448760986328;0
3002.215;452.468170166016;0
3003.486;488.657684326172;0
3004.76;527.907653808594;0
3006.033;559.775146484375;0
3007.303;523.763977050781;0
3008.573;493.304138183594;0
3009.844;379.526031494141;0
3011.114;417.80029296875;0
3012.383;529.5634765625;0
3013.649;539.280883789063;0
3014.917;443.914428710938;0
3016.185;352.007202148438;0
3017.451;322.876098632813;0
3018.716;382.020385742188;0
3019.983;340.060943603516;0
3021.246;453.096893310547;0
3022.509;418.353912353516;0
3023.774;417.691131591797;0
3025.035;410.890014648438;0
3026.299;380.665649414063;0
3027.56;354.188934326172;0
3028.819;260.758941650391;0
3030.081;131.388748168945;0
3031.339;103.367492675781;0
3032.598;88.3723983764648;0
3033.856;189.846527099609;0
3035.114;286.152038574219;0
3036.372;340.985137939453;0
3037.628;499.740661621094;0
3038.883;506.757446289063;0
3040.138;488.885223388672;0
3041.394;449.095062255859;0
3042.646;524.293151855469;0
3043.9;568.954467773438;0
3045.152;603.044921875;0
3046.405;511.672180175781;0
3047.657;446.432006835938;0
3048.906;415.342620849609;0
3050.158;404.116577148438;0
3051.407;455.404876708984;0
3052.656;404.863037109375;0
3053.904;479.000701904297;0
3055.153;492.779235839844;0
3056.398;569.751037597656;0
3057.647;582.939636230469;0
3058.892;626.9697265625;0
3060.137;689.954406738281;0
3061.382;766.668395996094;0
3062.625;826.933288574219;0
3063.869;832.722229003906;0
3065.112;804.16943359375;0
3066.353;780.014770507813;0
3067.595;820.484497070313;0
3068.838;821.354309082031;0
3070.075;952.063598632813;0
3071.317;989.752319335938;0
3072.557;1099.55004882813;0
3073.795;959.236755371094;0
3075.032;888.211975097656;0
3076.27;928.158081054688;0
3077.507;996.283508300781;0
3078.742;1077.33166503906;0
3079.978;1018.3369140625;0
3081.212;1032.26977539063;0
3082.446;1123.85864257813;0
3083.681;1145.97399902344;0
3084.913;1210.64514160156;0
3086.147;1151.75354003906;0
3087.38;1152.18640136719;0
3088.61;1165.09106445313;0
3089.84;1149.6875;0
3091.071;1128.95947265625;0
3092.3;1065.70690917969;0
3093.529;1044.91064453125;0
3094.755;1048.32446289063;0
3095.984;1178.68737792969;0
3097.211;1200.2509765625;0
3098.438;1228.45654296875;0
3099.663;1181.95935058594;0
3100.888;1207.76879882813;0
3102.112;1142.14270019531;0
3103.335;1048.10864257813;0
3104.56;970.135375976563;0
3105.782;1036.98840332031;0
3107.005;1127.89111328125;0
3108.226;1200.34057617188;0
3109.447;1132.53063964844;0
3110.667;1049.28991699219;0
3111.887;1050.37976074219;0
3113.104;1087.51928710938;0
3114.324;1047.18139648438;0
3115.541;959.461120605469;0
3116.758;937.440307617188;0
3117.976;969.275695800781;0
3119.192;988.07275390625;0
3120.408;931.053649902344;0
3121.622;907.750427246094;0
3122.835;904.081481933594;0
3124.05;971.825073242188;0
3125.262;927.79736328125;0
3126.476;880.321411132813;0
3127.687;827.483825683594;0
3128.897;896.066284179688;0
3130.108;935.603820800781;0
3131.319;1025.02990722656;0
3132.528;1055.67895507813;0
3133.737;988.672058105469;0
3134.945;948.967041015625;0
3136.152;814.371337890625;0
3137.358;889.307800292969;0
3138.565;812.708801269531;0
3139.772;856.350036621094;0
3140.976;758.568969726563;0
3142.18;714.594970703125;0
3143.385;676.069580078125;0
3144.588;685.979919433594;0
3145.79;792.770202636719;0
3146.993;866.265441894531;0
3148.194;815.358642578125;0
3149.395;704.496276855469;0
3150.596;674.823608398438;0
3151.794;674.308654785156;0
3152.994;658.091735839844;0
3154.193;534.931274414063;0
3155.39;464.701538085938;0
3156.587;453.4462890625;0
3157.784;530.215026855469;0
3158.982;570.696105957031;0
3160.177;532.890502929688;0
3161.37;413.798797607422;0
3162.565;398.531951904297;0
3163.759;304.236267089844;0
3164.952;305.792388916016;0
3166.146;341.139373779297;0
3167.337;369.258666992188;0
3168.527;376.841156005859;0
3169.719;316.120788574219;0
3170.91;365.489959716797;0
3172.098;279.804962158203;0
3173.288;257.314666748047;0
3174.475;240.060668945313;0
3175.663;333.311370849609;0
3176.849;413.100402832031;0
3178.037;485.65673828125;0
3179.223;466.312438964844;0
3180.408;451.286376953125;0
3181.592;308.684783935547;0
3182.777;348.406036376953;0
3183.96;408.769958496094;0
3185.143;413.439544677734;0
3186.325;451.858978271484;0
3187.507;348.029510498047;0
3188.688;382.938049316406;0
3189.869;334.148010253906;0
3191.049;351.725982666016;0
3192.228;497.45361328125;0
3193.406;397.251922607422;0
3194.585;377.454223632813;0
3195.763;342.601196289063;0
3196.939;474.216033935547;0
3198.116;551.559814453125;0
3199.292;659.186279296875;0
3200.466;672.53857421875;0
3201.643;713.282165527344;0
3202.816;611.41748046875;0
3203.991;670.9404296875;0
3205.161;591.072998046875;0
3206.334;587.476135253906;0
3207.504;598.042724609375;0
3208.677;658.215270996094;0
3209.846;730.7744140625;0
3211.017;778.605163574219;0
3212.187;937.704650878906;0
3213.356;870.624145507813;0
3214.524;880.581298828125;0
3215.69;823.796264648438;0
3216.859;936.378051757813;0
3218.024;984.100524902344;0
3219.189;1048.73767089844;0
3220.354;962.228820800781;0
3221.519;957.581298828125;0
3222.682;930.735168457031;0
3223.845;992.129638671875;0
3225.01;959.65234375;0
3226.171;1020.89721679688;0
3227.332;1046.71606445313;0
3228.494;1129.88928222656;0
3229.655;1130.75158691406;0
3230.814;1202.85729980469;0
3231.973;1231.4306640625;0
3233.13;1190.36120605469;0
3234.29;1203.65087890625;0
3235.447;1126.63610839844;0
3236.605;1145.470703125;0
3237.76;1163.01806640625;0
3238.916;1109.48596191406;0
3240.071;1097.494140625;0
3241.224;1046.28869628906;0
3242.381;1110.65185546875;0
3243.532;1027.16015625;0
3244.685;992.482788085938;0
3245.839;839.565002441406;0
3246.99;876.177673339844;0
3248.141;846.321594238281;0
3249.292;969.33349609375;0
3250.439;967.771545410156;0
3251.589;931.861328125;0
3252.739;919.159362792969;0
3253.886;859.225769042969;0
3255.034;819.283020019531;0
3256.18;798.882751464844;0
3257.326;787.58203125;0
3258.472;945.158935546875;0
3259.617;1030.2822265625;0
3260.761;1001.66522216797;0
3261.905;961.9775390625;0
3263.048;864.253295898438;0
3264.19;869.583618164063;0
3265.333;695.362182617188;0
3266.475;672.368713378906;0
3267.617;688.827331542969;0
3268.757;830.960266113281;0
3269.896;860.413024902344;0
3271.036;830.697937011719;0
3272.175;776.419921875;0
3273.313;821.086730957031;0
3274.449;860.585205078125;0
3275.586;862.119567871094;0
3276.722;874.153015136719;0
3277.859;956.136840820313;0
3278.993;958.105407714844;0
3280.13;823.953125;0
3281.263;699.018310546875;0
3282.395;718.308227539063;0
3283.529;764.450866699219;0
3284.66;904.026000976563;0
3285.794;856.562255859375;0
3286.924;970.796264648438;0
3288.054;889.722778320313;0
3289.185;861.17041015625;0
3290.313;691.139099121094;0
3291.443;680.745910644531;0
3292.571;728.213500976563;0
3293.698;780.431884765625;0
3294.824;765.733215332031;0
3295.952;753.560607910156;0
3297.077;772.246704101563;0
3298.203;793.796203613281;0
3299.328;875.988037109375;0
3300.45;869.937622070313;0
3301.574;810.089660644531;0
3302.698;654.771850585938;0
3303.819;670.427001953125;0
3304.942;671.832336425781;0
3306.064;676.767211914063;0
3307.182;707.787170410156;0
3308.303;692.133178710938;0
3309.423;781.037902832031;0
3310.542;705.475402832031;0
3311.66;645.558898925781;0
3312.778;522.066223144531;0
3313.895;502.331817626953;0
3315.012;449.247100830078;0
3316.128;464.257141113281;0
3317.243;378.143096923828;0
3318.357;380.459075927734;0
3319.471;372.710357666016;0
3320.586;425.895874023438;0
3321.698;552.071533203125;0
3322.813;578.242309570313;0
3323.923;603.4140625;0
3325.034;708.369689941406;0
3326.146;854.815551757813;0
3327.255;869.591674804688;0
3328.366;779.585510253906;0
3329.474;710.6484375;0
3330.582;690.468872070313;0
3331.691;698.659790039063;0
3332.797;715.553527832031;0
3333.905;714.258911132813;0
3335.011;589.407531738281;0
3336.116;650.37109375;0
3337.22;605.0859375;0
3338.327;680.233703613281;0
3339.429;549.961120605469;0
3340.534;551.134887695312;0
3341.635;647.604248046875;0
3342.737;588.280639648438;0
3343.84;557.045654296875;0
3344.94;473.09243774414;0
3346.041;440.309020996094;0
3347.142;393.140319824219;0
3348.24;310.58154296875;0
3349.337;289.89599609375;0
3350.437;327.17529296875;0
3351.534;273.408294677734;0
3352.633;304.196258544922;0
3353.727;283.941650390625;0
3354.823;428.587860107422;0
3355.919;498.756225585937;0
3357.013;631.338195800781;0
3358.108;577.729614257813;0
3359.201;581.174743652344;0
3360.293;574.642456054688;0
3361.385;582.08544921875;0
3362.478;596.134704589844;0
3363.569;625.459777832031;0
3364.661;682.454406738281;0
3365.75;774.988220214844;0
3366.838;719.000732421875;0
3367.929;665.957458496094;0
3369.017;701.281921386719;0
3370.105;780.049865722656;0
3371.193;794.284729003906;0
3372.279;652.197021484375;0
3373.364;674.686279296875;0
3374.45;770.989074707031;0
3375.534;788.181030273438;0
3376.62;851.478881835938;0
3377.704;842.777648925781;0
3378.786;894.861267089844;0
3379.871;917.736022949219;0
3380.951;962.338562011719;0
3382.034;995.986083984375;0
3383.114;835.150939941406;0
3384.195;752.260314941406;0
3385.276;811.684448242188;0
3386.354;949.507568359375;0
3387.433;1024.71313476563;0
3388.511;967.630798339844;0
3389.588;947.85546875;0
3390.664;936.369201660156;0
3391.742;982.684387207031;0
3392.816;978.2099609375;0
3393.893;982.201538085937;0
3394.968;1024.650390625;0
3396.042;1046.7734375;0
3397.115;1128.71313476562;0
3398.189;1056.95227050781;0
3399.262;1037.11560058594;0
3400.333;1003.37817382812;0
3401.404;1000.87255859375;0
3402.474;920.976257324219;0
3403.545;843.368591308594;0
3404.615;771.304443359375;0
3405.685;907.457641601563;0
3406.752;893.344299316406;0
3407.82;1012.43841552734;0
3408.888;1011.68041992187;0
3409.955;1038.85766601563;0
3411.021;974.202453613281;0
3412.085;795.861633300781;0
3413.151;755.032409667969;0
3414.215;772.687133789063;0
3415.279;836.804443359375;0
3416.343;858.729553222656;0
3417.406;856.387634277344;0
3418.468;930.515258789063;0
3419.53;890.229614257813;0
3420.592;919.75;0
3421.652;870.32666015625;0
3422.712;949.854858398437;0
3423.773;900.054077148438;0
3424.83;908.392456054688;0
3425.889;937.792236328125;0
3426.946;923.977294921875;0
3428.005;849.691528320313;0
3429.061;882.66015625;0
3430.117;955.158264160156;0
3431.172;998.848449707031;0
3432.227;935.609069824219;0
3433.281;868.440734863281;0
3434.335;876.690673828125;0
3435.389;840.715209960938;0
3436.44;827.011535644531;0
3437.492;825.997009277344;0
3438.546;836.617004394531;0
3439.598;847.225646972656;0
3440.646;847.481872558594;0
3441.697;852.045715332031;0
3442.745;839.548095703125;0
3443.793;844.731384277344;0
3444.842;771.598876953125;0
3445.891;779.652648925781;0
3446.937;830.306396484375;0
3447.984;919.539001464844;0
3449.031;872.141967773438;0
3450.075;900.129333496094;0
3451.12;934.479248046875;0
3452.164;905.157043457031;0
3453.207;853.297302246094;0
3454.251;730.013122558594;0
3455.293;744.02783203125;0
3456.336;673.032897949219;0
3457.378;705.851013183594;0
3458.417;759.218017578125;0
3459.458;706.262573242188;0
3460.498;703.552673339844;0
3461.539;649.483154296875;0
3462.577;693.216552734375;0
3463.614;740.175903320313;0
3464.651;751.517822265625;0
3465.689;780.078796386719;0
3466.726;664.8935546875;0
3467.763;628.056640625;0
3468.798;510.098754882813;0
3469.831;544.668518066406;0
3470.866;579.738830566406;0
3471.9;645.207458496094;0
3472.933;581.987121582031;0
3473.966;566.398803710938;0
3474.999;542.068054199219;0
3476.029;624.605102539063;0
3477.061;640.000732421875;0
3478.09;613.084289550781;0
3479.121;588.542297363281;0
3480.15;628.761474609375;0
3481.178;605.169616699219;0
3482.205;691.144897460938;0
3483.234;679.382263183594;0
3484.26;759.559936523438;0
3485.288;637.879638671875;0
3486.313;625.659729003906;0
3487.337;608.183349609375;0
3488.364;623.492309570313;0
3489.387;663.036987304688;0
3490.411;690.800170898438;0
3491.434;709.949279785156;0
3492.456;613.26513671875;0
3493.479;531.638549804688;0
3494.5;500.807067871094;0
3495.521;399.188842773437;0
3496.543;314.092376708985;0
3497.561;223.964263916016;0
3498.579;194.511932373047;0
3499.6;137.096038818359;0
3500.618;56.6293678283691;0
3501.636;27.922664642334;0
3502.653;-13.4602031707764;0
3503.669;23.8117027282715;0
3504.685;-14.9507303237915;0
3505.699;-5.77940702438354;0
3506.716;-33.028694152832;0
3507.729;-54.0152778625488;0
3508.743;-117.070602416992;0
3509.755;-119.444442749023;0
