98.64605;0;0
101.2353;0;0
103.8217;0;0
106.4096;1.33333337306976;0
108.9945;-19.0444450378418;0
111.5767;-71.0317459106445;0
114.1602;-14.3950614929199;0
116.7409;75.0606079101563;0
119.3209;117.256408691406;0
121.9002;43.6148147583008;0
124.4788;-8.49673175811768;0
127.0566;-8.94152069091797;0
129.6317;12.4920635223389;0
132.2038;-18.9468593597412;0
134.7796;-39.5022239685059;0
137.3503;43.3497924804688;0
139.9204;42.9671096801758;0
142.4919;168.840194702148;0
145.0584;158.226989746094;0
147.6242;274.582275390625;0
150.1914;289.373626708984;0
152.7579;320.998321533203;0
155.3216;330.150177001953;0
157.8846;335.6806640625;0
160.4448;334.334350585938;0
163.0085;400.873321533203;0
165.5672;438.769653320313;0
168.1232;581.122924804688;0
170.6826;545.111999511719;0
173.2372;563.782653808594;0
175.7931;517.745422363281;0
178.3463;571.848693847656;0
180.8966;630.986206054688;0
183.4504;639.801025390625;0
185.9993;693.021057128906;0
188.5476;731.376220703125;0
191.0972;771.093566894531;0
193.644;700.24853515625;0
196.1859;680.276672363281;0
198.7335;691.5498046875;0
201.2761;713.535217285157;0
203.8201;778.241027832031;0
206.3593;774.962524414063;0
208.8998;850.290588378907;0
211.4397;762.697265625;0
213.9746;819.671875;0
216.5109;922.738342285156;0
219.0487;1001.11956787109;0
221.5816;991.096008300782;0
224.1158;939.224243164063;0
226.6473;970.519958496094;0
229.176;965.247741699219;0
231.7082;1030.35888671875;0
234.2355;1078.31945800781;0
236.7643;1090.73413085937;0
239.2902;1013.45141601563;0
241.8133;972.816711425782;0
244.3379;1007.38458251953;0
246.8618;1033.54833984375;0
249.3828;959.761901855469;0
251.9053;924.285034179688;0
254.423;936.220092773438;0
256.942;990.195556640625;0
259.4603;1049.92407226562;0
261.9759;1058.78942871094;0
264.4887;1085.45458984375;0
267.005;1045.24548339844;0
269.5164;1007.00903320313;0
272.0292;1048.6923828125;0
274.5393;1130.4951171875;0
277.0466;1114.49255371094;0
279.5574;1150.93310546875;0
282.0654;1098.25219726562;0
284.5686;1255.74401855469;0
287.0752;1253.19189453125;0
289.5791;1312.73852539063;0
292.0803;1197.5341796875;0
294.5828;1069.22009277344;0
297.0826;1026.43688964844;0
299.5838;930.94921875;0
302.0801;982.931579589843;0
304.5758;859.453430175781;0
307.0749;889.751647949219;0
309.5672;827.800598144531;0
312.0608;888.44970703125;0
314.5558;845.660217285156;0
317.044;896.756286621094;0
319.5377;859.109924316407;0
322.0266;902.715087890625;0
324.5127;903.451843261718;0
327.0023;975.370727539063;0
329.4871;1004.26611328125;0
331.9691;1069.55212402344;0
334.4547;1100.1953125;0
336.9353;1081.93127441406;0
339.4174;1047.50146484375;0
341.901;1025.22766113281;0
344.3776;1148.77368164063;0
346.8577;1143.40344238281;0
349.333;1111.58349609375;0
351.8076;1072.36340332031;0
354.2857;1051.38671875;0
356.7569;1054.40783691406;0
359.2296;1015.93218994141;0
361.7015;988.477844238282;0
364.1729;971.81689453125;0
366.6414;988.999328613281;0
369.1093;1018.78924560547;0
371.5745;979.281311035157;0
374.0432;878.604614257813;0
376.507;855.099792480468;0
378.9702;800.022155761719;0
381.4348;826.996826171875;0
383.8947;867.134338378906;0
386.3538;931.116455078125;0
388.8144;988.866516113281;0
391.2722;1034.17431640625;0
393.7314;1062.14672851563;0
396.1859;1060.59643554688;0
398.6418;1032.73937988281;0
401.0949;1139.41931152344;0
403.5475;1162.193359375;0
405.9972;1200.10925292969;0
408.4505;1150.46057128906;0
410.899;1195.66857910156;0
413.3468;1183.82055664063;0
415.796;1219.25830078125;0
418.2405;1223.28845214844;0
420.6884;1173.70104980469;0
423.1295;1090.98693847656;0
425.572;1085.43884277344;0
428.0159;1070.46618652344;0
430.455;1072.02844238281;0
432.8956;969.725402832031;0
435.3335;950.731750488282;0
437.7707;923.242858886719;0
440.2093;952.797729492187;0
442.6432;970.729431152344;0
445.0764;1052.49035644531;0
447.511;968.061828613282;0
449.9429;1017.78741455078;0
452.3721;980.448120117187;0
454.8048;1004.22686767578;0
457.2328;968.367614746094;0
459.66;914.68212890625;0
462.0847;914.263854980469;0
464.5127;924.0078125;0
466.9381;1001.66955566406;0
469.3587;1052.67016601563;0
471.7807;1102.30297851563;0
474.2042;1129.38671875;0
476.6229;1195.31005859375;0
479.041;1101.67077636719;0
481.4604;1056.93823242188;0
483.8752;990.635803222656;0
486.2934;1007.45233154297;0
488.7068;994.237243652343;0
491.1197;1027.9404296875;0
493.5339;1066.95678710937;0
495.9435;1027.75231933594;0
498.3544;983.889038085938;0
500.7667;906.97998046875;0
503.1723;894.143798828125;0
505.5793;887.378540039062;0
507.9856;910.830688476563;0
510.3913;948.08642578125;0
512.7944;926.449951171875;0
515.1968;845.363403320312;0
517.5986;774.936279296875;0
519.9997;766.365295410157;0
522.3982;783.566955566407;0
524.798;733.361083984375;0
527.1973;667.970520019531;0
529.5919;735.2392578125;0
531.9899;703.814697265625;0
534.3832;774.5205078125;0
536.7758;779.657409667969;0
539.1699;836.311462402344;0
541.5593;827.741882324219;0
543.9481;839.047668457031;0
546.3382;899.984375;0
548.7257;876.807495117188;0
551.1146;881.15185546875;0
553.4968;995.406127929688;0
555.8824;1104.29284667969;0
558.2675;1096.95227050781;0
560.6478;1068.2998046875;0
563.0295;1023.55480957031;0
565.4106;1088.38342285156;0
567.7911;1036.90600585938;0
570.169;1038.89343261719;0
572.5462;946.232360839844;0
574.9229;929.700622558594;0
577.2968;855.173522949219;0
579.6721;813.805786132813;0
582.0449;783.196533203125;0
584.417;755.696350097656;0
586.7885;674.189514160156;0
589.1553;634.92724609375;0
591.5255;678.745849609375;0
593.8931;681.7392578125;0
596.2601;702.921020507812;0
598.6265;604.015319824219;0
600.9902;626.372192382813;0
603.3554;636.585815429688;0
605.7179;745.679992675782;0
608.0778;761.251220703125;0
610.4391;767.161682128906;0
612.7977;754.339111328125;0
615.1558;798.122192382813;0
617.5132;838.518920898438;0
619.8701;790.821350097657;0
622.2263;778.123046875;0
624.5779;817.533752441406;0
626.9308;964.550659179687;0
629.2852;1032.23742675781;0
631.6349;1063.96203613281;0
633.9841;1122.6259765625;0
636.3326;1208.32238769531;0
638.6805;1213.47033691406;0
641.0279;1145.50988769531;0
643.3746;1169.36999511719;0
645.7187;1235.88110351563;0
648.0621;1316.19787597656;0
650.405;1213.181640625;0
652.7453;1086.38793945313;0
655.087;943.374328613282;0
657.426;1004.68682861328;0
659.7645;1031.638671875;0
662.1024;1037.47680664063;0
664.4376;968.547119140625;0
666.7742;1039.64038085937;0
669.1063;1110.51879882813;0
671.4398;1099.9755859375;0
673.7726;1004.42059326172;0
676.1048;930.853881835937;0
678.4324;902.808959960938;0
680.7635;908.448974609375;0
683.0919;901.376892089843;0
685.4158;909.776123046875;0
687.743;923.766540527344;0
690.0696;925.466918945312;0
692.3937;998.020690917969;0
694.7151;927.507263183594;0
697.038;1031.78735351563;0
699.3583;874.875;0
701.6779;898.103454589844;0
703.995;815.803466796875;0
706.3155;852.859008789063;0
708.6294;865.800842285156;0
710.9467;897.134399414062;0
713.2594;950.224304199219;0
715.5735;1001.19299316406;0
717.887;983.62158203125;0
720.1979;1061.38732910156;0
722.5083;1105.841796875;0
724.818;1114.87280273438;0
727.1252;1002.92633056641;0
729.4357;880.496276855469;0
731.7418;898.957153320313;0
734.0452;1028.95251464844;0
736.35;1039.84362792969;0
738.6522;1087.05126953125;0
740.9539;958.470092773438;0
743.2569;994.833984375;0
745.5554;882.570678710938;0
747.8553;911.484191894532;0
750.1545;804.519714355468;0
752.4513;800.704162597656;0
754.7474;796.72900390625;0
757.043;839.854309082031;0
759.336;850.319274902344;0
761.6304;740.238220214843;0
763.9222;643.304565429688;0
766.2114;517.524536132813;0
768.5041;462.262176513672;0
770.7922;465.955963134766;0
773.0777;465.696258544922;0
775.3647;534.386413574218;0
777.651;625.760314941406;0
779.9368;671.644287109375;0
782.22;687.939514160156;0
784.5026;625.129089355469;0
786.7847;713.572875976562;0
789.0662;730.981140136718;0
791.3451;813.681457519531;0
793.6254;838.511596679687;0
795.9012;849.964904785156;0
798.1784;883.465759277344;0
800.455;874.140502929688;0
802.7291;917.316162109375;0
805.0026;963.233215332031;0
807.2755;990.225524902344;0
809.5478;1036.19763183594;0
811.8176;998.494506835937;0
814.0869;983.681884765625;0
816.3535;973.451232910157;0
818.6235;951.13134765625;0
820.8911;960.466125488281;0
823.156;976.442626953125;0
825.4204;1102.56994628906;0
827.6823;1133.89270019531;0
829.9474;1144.30065917969;0
832.2082;1164.39147949219;0
834.4683;1148.44995117188;0
836.7279;1166.46740722656;0
838.9869;1101.35485839844;0
841.2453;1185.44958496094;0
843.5012;1272.77368164062;0
845.7565;1255.48425292969;0
848.0133;1181.43786621094;0
850.2655;1052.95678710938;0
852.5153;1002.34869384766;0
854.7703;1012.62469482422;0
857.0189;994.874633789062;0
859.2668;921.987487792968;0
861.5182;846.852966308594;0
863.7651;852.027954101562;0
866.0114;850.934631347657;0
868.2592;755.188842773438;0
870.5024;690.760192871094;0
872.7451;671.580688476563;0
874.9872;687.686767578125;0
877.2307;771.054321289063;0
879.4717;778.397705078125;0
881.7101;732.167724609375;0
883.95;698.366516113282;0
886.1854;761.985900878906;0
888.4202;793.930908203125;0
890.6604;745.758850097656;0
892.8941;660.027770996094;0
895.1253;763.602966308594;0
897.3599;795.644592285157;0
899.59;768.101745605469;0
901.8195;778.8720703125;0
904.0504;799.117797851563;0
906.2789;915.25732421875;0
908.5087;910.600463867188;0
910.7341;873.156433105469;0
912.9589;885.394470214843;0
915.1851;860.064453125;0
917.4088;924.578063964843;0
919.63;843.504272460938;0
921.8526;782.354125976562;0
924.0727;794.356811523438;0
926.2922;873.23876953125;0
928.5112;924.102722167968;0
930.7277;764.03076171875;0
932.9476;667.000366210938;0
935.163;605.229736328125;0
937.3739;543.93115234375;0
939.5901;563.836059570313;0
941.8019;620.786071777344;0
944.0151;656.24072265625;0
946.2258;624.023498535156;0
948.4341;395.456085205078;0
950.6456;493.107635498047;0
952.8527;443.246734619141;0
955.0593;502.826263427734;0
957.2653;360.344116210938;0
959.4689;379.323669433594;0
961.6738;388.699768066406;0
963.8782;375.78173828125;0
966.0782;367.48974609375;0
968.2815;377.166839599609;0
970.4803;372.127777099609;0
972.6787;345.152557373047;0
974.8784;465.132293701172;0
977.0757;560.518493652343;0
979.2704;591.981628417969;0
981.4667;586.963806152344;0
983.6603;620.686462402344;0
985.8535;601.704223632813;0
988.0461;591.015563964844;0
990.2363;558.177062988281;0
992.4297;689.679809570313;0
994.6169;743.696105957032;0
996.8035;902.4365234375;0
998.9933;977.489379882813;0
1001.179;1064.85510253906;0
1003.364;1060.05053710938;0
1005.55;1038.85021972656;0
1007.732;1070.60729980469;0
1009.916;1094.99768066406;0
1012.096;1229.95397949219;0
1014.275;1197.55920410156;0
1016.459;1252.990234375;0
1018.636;1202.85571289063;0
1020.813;1206.48803710938;0
1022.991;1190.66284179688;0
1025.165;1193.17858886719;0
1027.34;1173.09594726563;0
1029.515;1119.79333496094;0
1031.687;1034.37316894531;0
1033.859;1075.02587890625;0
1036.03;1119.46459960938;0
1038.199;1134.50476074219;0
1040.369;1049.29992675781;0
1042.536;976.662719726563;0
1044.704;862.052551269531;0
1046.87;926.682067871093;0
1049.034;841.176940917969;0
1051.198;809.541687011718;0
1053.363;671.554626464844;0
1055.526;695.646728515625;0
1057.686;720.039489746094;0
1059.845;716.261779785157;0
1062.005;676.574951171875;0
1064.165;760.336120605469;0
1066.323;788.701293945312;0
1068.477;841.534973144532;0
1070.634;815.976257324218;0
1072.788;670.774536132812;0
1074.942;614.851379394531;0
1077.096;670.7060546875;0
1079.247;878.658874511718;0
1081.397;984.54833984375;0
1083.547;929.58740234375;0
1085.695;855.998168945312;0
1087.844;882.723022460938;0
1089.992;922.540771484375;0
1092.138;1025.02526855469;0
1094.284;1011.27416992188;0
1096.425;1001.98052978516;0
1098.571;960.623046875;0
1100.711;1036.81689453125;0
1102.851;1091.97155761719;0
1104.994;1066.72229003906;0
1107.132;956.95068359375;0
1109.271;935.553833007813;0
1111.408;986.030578613281;0
1113.543;1030.50280761719;0
1115.682;1112.90649414063;0
1117.816;1041.57495117188;0
1119.947;1009.57000732422;0
1122.08;848.94140625;0
1124.213;939.108520507813;0
1126.343;944.539428710937;0
1128.474;1004.50689697266;0
1130.602;953.165161132813;0
1132.728;997.620544433594;0
1134.856;1071.29077148437;0
1136.982;1060.94775390625;0
1139.109;1125.380859375;0
1141.234;1052.73010253906;0
1143.356;1073.0546875;0
1145.479;947.727722167968;0
1147.599;999.636108398437;0
1149.719;1045.89575195312;0
1151.839;1168.28759765625;0
1153.957;1054.81237792969;0
1156.076;950.474243164062;0
1158.191;763.384643554687;0
1160.305;792.380126953125;0
1162.423;827.622131347657;0
1164.536;910.393249511719;0
1166.647;862.406127929688;0
1168.761;952.624938964843;0
1170.871;939.368957519531;0
1172.983;942.390258789063;0
1175.092;962.429992675781;0
1177.2;1039.5478515625;0
1179.306;1221.06372070313;0
1181.413;1199.16650390625;0
1183.518;1198.30285644531;0
1185.623;1027.05139160156;0
1187.725;1015.39715576172;0
1189.826;1055.763671875;0
1191.929;1129.1923828125;0
1194.032;1170.19946289063;0
1196.13;1071.10363769531;0
1198.23;1092.208984375;0
1200.327;1153.4326171875;0
1202.423;1205.40063476563;0
1204.52;1265.57849121094;0
1206.613;1170.8525390625;0
1208.71;1240.67907714844;0
1210.801;1266.42602539063;0
1212.892;1251.39318847656;0
1214.987;1237.49975585937;0
1217.075;1238.42346191406;0
1219.166;1296.62365722656;0
1221.256;1306.96411132813;0
1223.342;1191.07580566406;0
1225.43;1127.89868164063;0
1227.515;1038.466796875;0
1229.597;1082.93664550781;0
1231.685;1128.74096679688;0
1233.767;1131.57104492188;0
1235.85;1264.03161621094;0
1237.931;1248.31762695313;0
1240.009;1295.38806152344;0
1242.09;1145.57739257813;0
1244.168;1093.88879394531;0
1246.245;1115.63696289063;0
1248.321;1133.24011230469;0
1250.397;1202.29406738281;0
1252.472;1163.30688476563;0
1254.547;1145.67858886719;0
1256.618;1047.6083984375;0
1258.69;941.792602539063;0
1260.761;906.739440917969;0
1262.83;956.2626953125;0
1264.901;978.045715332031;0
1266.969;954.963745117187;0
1269.035;888.685852050781;0
1271.102;883.771545410156;0
1273.167;875.796203613281;0
1275.233;942.010681152344;0
1277.295;986.308776855468;0
1279.359;992.738952636719;0
1281.42;864.853088378907;0
1283.482;880.848693847657;0
1285.542;824.0810546875;0
1287.6;914.364868164063;0
1289.659;867.884216308594;0
1291.714;1079.93994140625;0
1293.774;1122.64392089844;0
1295.828;1156.25915527344;0
1297.881;1079.78503417969;0
1299.936;1120.32397460938;0
1301.987;1111.97827148438;0
1304.041;1304.74487304688;0
1306.09;1348.53796386719;0
1308.139;1405.58337402344;0
1310.19;1194.41296386719;0
1312.238;1194.86169433594;0
1314.286;1203.703125;0
1316.331;1246.81201171875;0
1318.376;1287.06848144531;0
1320.422;1212.28161621094;0
1322.466;1219.46838378906;0
1324.508;1311.56005859375;0
1326.549;1347.54235839844;0
1328.59;1340.91430664062;0
1330.632;1069.11779785156;0
1332.67;1186.89587402344;0
1334.707;1239.67993164063;0
1336.746;1400.00085449219;0
1338.78;1302.60900878906;0
1340.816;1142.61486816406;0
1342.852;893.461791992188;0
1344.885;837.708312988281;0
1346.916;809.243041992187;0
1348.948;958.42919921875;0
1350.979;955.107604980469;0
1353.011;939.516662597656;0
1355.04;869.851501464844;0
1357.066;895.121459960938;0
1359.094;957.677673339844;0
1361.121;875.407836914062;0
1363.145;844.64404296875;0
1365.171;833.272033691406;0
1367.192;829.537048339843;0
1369.216;728.059020996094;0
1371.239;622.18359375;0
1373.258;683.611206054688;0
1375.28;673.531677246093;0
1377.298;678.723999023438;0
1379.316;586.963562011719;0
1381.335;569.518615722657;0
1383.35;553.506469726563;0
1385.366;596.403015136719;0
1387.38;629.413330078125;0
1389.394;622.211853027344;0
1391.409;584.712707519532;0
1393.42;529.606262207032;0
1395.43;525.439819335938;0
1397.44;491.875396728515;0
1399.451;482.197326660156;0
1401.458;477.519775390625;0
1403.466;420.809997558594;0
1405.472;424.77392578125;0
1407.478;461.755279541016;0
1409.483;545.3037109375;0
1411.486;614.714172363281;0
1413.49;556.33447265625;0
1415.492;593.489562988281;0
1417.492;609.555358886719;0
1419.495;686.442749023437;0
1421.494;745.228454589844;0
1423.492;822.923645019532;0
1425.49;891.356201171875;0
1427.487;958.447875976563;0
1429.482;965.369567871094;0
1431.477;918.620056152343;0
1433.471;890.821228027344;0
1435.466;872.699035644532;0
1437.456;901.435424804688;0
1439.447;880.786010742188;0
1441.441;937.204956054687;0
1443.427;1043.14514160156;0
1445.417;1121.21752929688;0
1447.406;1092.01184082031;0
1449.392;1086.70715332031;0
1451.381;1173.90283203125;0
1453.365;1265.93017578125;0
1455.348;1287.56188964844;0
1457.333;1098.68615722656;0
1459.314;1001.74676513672;0
1461.296;948.188171386719;0
1463.276;963.006408691407;0
1465.256;989.089416503906;0
1467.237;1069.40893554688;0
1469.215;1291.55456542969;0
1471.19;1283.416015625;0
1473.167;1201.43920898438;0
1475.145;1105.84533691406;0
1477.118;1010.41223144531;0
1479.092;926.584228515625;0
1481.065;883.13916015625;0
1483.038;935.967956542969;0
1485.008;1055.84423828125;0
1486.979;1001.32232666016;0
1488.949;964.959838867188;0
1490.917;818.833129882813;0
1492.883;688.085266113282;0
1494.852;570.268188476563;0
1496.817;566.902160644531;0
1498.782;748.027282714843;0
1500.748;874.547546386718;0
1502.708;940.795349121094;0
1504.673;871.357360839844;0
1506.634;847.782348632813;0
1508.594;697.377258300782;0
1510.554;673.874145507813;0
1512.512;617.91748046875;0
1514.471;677.377685546875;0
1516.428;707.683044433594;0
1518.384;705.086547851563;0
1520.34;689.919250488281;0
1522.294;612.736938476562;0
1524.249;690.88330078125;0
1526.202;730.130126953125;0
1528.153;699.146118164063;0
1530.103;733.264099121094;0
1532.054;730.037719726563;0
1534.004;763.798828125;0
1535.951;661.360595703125;0
1537.899;609.341369628906;0
1539.847;643.337219238281;0
1541.793;622.719604492188;0
1543.738;636.566833496094;0
1545.681;637.925537109375;0
1547.625;653.237731933593;0
1549.566;526.282409667968;0
1551.509;430.746887207031;0
1553.45;445.80712890625;0
1555.389;541.929443359375;0
1557.33;532.991027832031;0
1559.266;539.085815429687;0
1561.204;616.266479492188;0
1563.141;636.83251953125;0
1565.074;615.604614257812;0
1567.009;479.20361328125;0
1568.943;490.517700195312;0
1570.877;521.435852050781;0
1572.808;506.957977294921;0
1574.741;504.306365966797;0
1576.67;411.369903564453;0
1578.6;515.704162597656;0
1580.528;475.868774414063;0
1582.455;468.749908447266;0
1584.382;416.455810546875;0
1586.307;474.429595947266;0
1588.234;532.111022949218;0
1590.157;526.500061035157;0
1592.081;451.819793701172;0
1594.002;244.625732421875;0
1595.927;208.806777954102;0
1597.845;155.472030639648;0
1599.767;320.861206054688;0
1601.685;279.623077392578;0
1603.602;250.759872436523;0
1605.523;245.443908691406;0
1607.438;264.577270507813;0
1609.354;383.514007568359;0
1611.269;308.306121826172;0
1613.181;392.513153076172;0
1615.096;367.588592529296;0
1617.008;452.668243408203;0
1618.92;498.304931640625;0
1620.83;611.58251953125;0
1622.74;619.54931640625;0
1624.649;636.556213378906;0
1626.557;575.825866699218;0
1628.464;706.017272949219;0
1630.37;688.73046875;0
1632.275;769.824523925782;0
1634.18;689.411682128907;0
1636.085;725.266967773438;0
1637.988;784.603393554688;0
1639.888;775.979064941406;0
1641.791;636.614685058594;0
1643.691;546.177124023438;0
1645.588;513.889770507813;0
1647.489;708.188659667968;0
1649.387;726.305603027344;0
1651.284;842.014221191406;0
1653.18;862.31787109375;0
1655.075;962.331176757813;0
1656.972;877.165222167968;0
1658.864;990.042785644531;0
1660.754;863.851257324218;0
1662.65;915.255920410156;0
1664.539;792.814025878907;0
1666.428;917.525634765625;0
1668.32;919.615783691407;0
1670.207;932.200317382813;0
1672.096;739.5048828125;0
1673.982;764.529418945312;0
1675.867;772.052001953125;0
1677.754;871.517028808593;0
1679.638;870.702209472657;0
1681.52;789.274353027344;0
1683.403;745.788940429688;0
1685.285;705.023681640625;0
1687.166;693.312072753906;0
1689.048;676.431701660157;0
1690.924;673.8271484375;0
1692.804;647.827575683594;0
1694.682;692.877380371094;0
1696.558;644.754333496094;0
1698.435;651.014038085937;0
1700.308;522.989807128906;0
1702.184;428.014984130859;0
1704.057;319.865905761718;0
1705.929;266.764770507813;0
1707.801;280.156066894531;0
1709.674;264.928649902344;0
1711.542;269.39794921875;0
1713.412;279.693023681641;0
1715.28;277.033843994141;0
1717.145;248.025817871094;0
1719.015;243.655822753906;0
1720.88;193.903625488281;0
1722.746;178.423721313477;0
1724.61;174.784759521484;0
1726.471;255.525741577148;0
1728.334;229.238739013672;0
1730.197;150.370910644531;0
1732.057;179.452362060547;0
1733.919;172.380447387695;0
1735.777;260.118255615234;0
1737.634;293.324859619141;0
1739.493;418.831207275391;0
1741.349;399.720001220703;0
1743.205;266.212524414063;0
1745.061;339.848510742187;0
1746.915;435.090576171875;0
1748.77;523.826477050781;0
1750.621;469.832946777343;0
1752.473;360.775482177734;0
1754.323;411.988677978516;0
1756.173;351.582580566407;0
1758.022;435.229583740234;0
1759.87;221.697036743164;0
1761.718;273.988891601563;0
1763.566;225.427688598633;0
1765.411;298.615783691406;0
1767.256;262.836578369141;0
1769.101;344.144683837891;0
1770.945;455.929962158204;0
1772.787;599.192321777344;0
1774.629;585.263244628906;0
1776.469;659.809448242188;0
1778.309;648.716918945313;0
1780.15;595.869934082032;0
1781.987;641.70947265625;0
1783.826;568.791015625;0
1785.662;680.336669921875;0
1787.498;645.45751953125;0
1789.334;572.931335449219;0
1791.169;678.758178710938;0
1793.002;601.937927246094;0
1794.834;809.470703125;0
1796.667;715.911987304687;0
1798.498;828.261779785157;0
1800.328;727.853454589844;0
1802.157;702.131408691406;0
1803.986;694.095703125;0
1805.813;738.301879882813;0
1807.639;767.416564941406;0
1809.467;690.181762695313;0
1811.292;665.966613769531;0
1813.117;577.105041503906;0
1814.94;656.041564941406;0
1816.763;677.664978027344;0
1818.585;700.424499511719;0
1820.407;526.208984375;0
1822.227;450.907287597656;0
1824.048;427.186370849609;0
1825.865;421.49169921875;0
1827.683;418.714691162109;0
1829.501;369.521453857422;0
1831.317;326.02197265625;0
1833.135;257.440185546875;0
1834.948;150.000839233398;0
1836.761;274.928283691406;0
1838.577;271.338195800781;0
1840.388;362.504669189453;0
1842.198;146.147842407227;0
1844.009;136.840209960938;0
1845.819;109.03475189209;0
1847.629;231.48225402832;0
1849.436;205.73828125;0
1851.244;151.691543579102;0
1853.052;227.245666503906;0
1854.858;229.603591918945;0
1856.661;320.320861816406;0
1858.466;215.953063964844;0
1860.269;254.389053344727;0
1862.073;259.512603759766;0
1863.875;389.994689941406;0
1865.673;286.613098144531;0
1867.476;251.034469604492;0
1869.275;138.029098510742;0
1871.072;250.93782043457;0
1872.872;315.821838378906;0
1874.667;292.508880615234;0
1876.464;318.944244384766;0
1878.26;257.960418701172;0
1880.053;281.223999023438;0
1881.849;202.623901367188;0
1883.64;222.382339477539;0
1885.431;249.613311767578;0
1887.226;314.205688476563;0
1889.014;359.04833984375;0
1890.803;352.363525390625;0
1892.594;295.262329101563;0
1894.38;344.522521972656;0
1896.167;378.255249023438;0
1897.955;507.793823242188;0
1899.74;325.582672119141;0
1901.526;266.622467041016;0
1903.309;210.358428955078;0
1905.091;261.235778808594;0
1906.876;258.366455078125;0
1908.658;131.528961181641;0
1910.438;88.5018920898438;0
1912.217;100.841598510742;0
1913.996;42.1044158935547;0
1915.775;158.068908691406;0
1917.553;105.513633728027;0
1919.33;247.883834838867;0
1921.106;208.846969604492;0
1922.881;228.292694091797;0
1924.655;191.8837890625;0
1926.431;114.065475463867;0
1928.202;77.7274322509766;0
1929.974;54.4257926940918;0
1931.746;57.5745391845703;0
1933.516;147.430953979492;0
1935.286;254.091842651367;0
1937.055;360.341186523438;0
1938.823;414.291076660156;0
1940.592;313.493499755859;0
1942.356;230.493499755859;0
1944.122;181.556976318359;0
1945.888;223.200790405273;0
1947.651;224.875549316406;0
1949.416;186.80549621582;0
1951.178;245.434158325195;0
1952.939;214.359451293945;0
1954.699;237.941192626953;0
1956.459;211.444030761719;0
1958.219;261.201477050781;0
1959.979;317.880187988281;0
1961.735;388.702362060547;0
1963.491;462.659576416016;0
1965.249;444.649139404297;0
1967.003;532.562744140625;0
1968.761;481.173889160156;0
1970.512;541.040588378906;0
1972.265;436.052368164063;0
1974.018;476.544555664063;0
1975.769;453.743133544922;0
1977.522;347.206939697266;0
1979.271;351.492248535156;0
1981.018;289.821258544922;0
1982.766;333.860626220703;0
1984.516;372.388427734375;0
1986.261;424.960144042969;0
1988.009;487.353698730469;0
1989.754;426.792205810547;0
1991.498;349.167083740234;0
1993.241;416.59033203125;0
1994.984;509.951690673829;0
1996.727;497.362274169922;0
1998.468;480.047607421875;0
2000.206;476.11880493164;0
2001.946;602.798095703125;0
2003.686;625.529907226563;0
2005.424;528.760559082032;0
2007.161;548.379577636719;0
2008.898;545.275268554688;0
2010.634;599.448181152343;0
2012.369;579.787292480469;0
2014.103;544.0703125;0
2015.836;545.740905761718;0
2017.57;609.908630371094;0
2019.299;596.943786621094;0
2021.032;598.810913085938;0
2022.762;546.620910644531;0
2024.491;601.150695800781;0
2026.221;596.732849121094;0
2027.947;524.255493164063;0
2029.676;418.940063476563;0
2031.403;431.119079589844;0
2033.128;431.125091552735;0
2034.852;455.209655761719;0
2036.577;453.89208984375;0
2038.299;585.300476074219;0
2040.022;634.205139160157;0
2041.744;440.608154296875;0
2043.465;236.398315429688;0
2045.184;157.58415222168;0
2046.903;252.896286010742;0
2048.621;311.264617919922;0
2050.339;288.128204345703;0
2052.057;244.373962402344;0
2053.774;171.889633178711;0
2055.488;115.301612854004;0
2057.203;163.695617675781;0
2058.917;241.585510253906;0
2060.631;241.416397094727;0
2062.344;175.966049194336;0
2064.053;68.7900161743164;0
2065.765;169.802612304688;0
2067.476;316.425994873047;0
2069.185;475.549865722656;0
2070.892;591.952758789062;0
2072.6;566.188537597657;0
2074.308;527.924072265625;0
2076.014;365.602478027344;0
2077.72;320.332000732421;0
2079.425;277.665649414063;0
2081.13;235.158294677734;0
2082.833;203.698822021484;0
2084.532;196.50944519043;0
2086.236;190.370864868164;0
2087.936;186.95051574707;0
2089.635;239.470550537109;0
2091.335;299.371643066406;0
2093.034;335.209167480468;0
2094.731;308.316314697265;0
2096.427;354.137542724609;0
2098.124;495.561737060547;0
2099.82;631.141052246093;0
2101.515;664.875610351562;0
2103.207;573.803405761719;0
2104.902;568.514282226563;0
2106.594;615.672302246094;0
2108.286;826.0576171875;0
2109.976;948.894836425782;0
2111.667;1016.51593017578;0
2113.355;1020.80889892578;0
2115.044;862.328552246094;0
2116.732;847.852661132813;0
2118.42;764.271606445313;0
2120.105;861.805541992187;0
2121.79;821.231140136719;0
2123.476;887.550659179687;0
2125.16;854.875183105468;0
2126.844;855.871459960938;0
2128.524;850.317199707032;0
2130.207;871.767944335938;0
2131.888;918.334838867188;0
2133.567;884.684936523438;0
2135.247;957.150268554687;0
2136.927;1004.26629638672;0
2138.603;1047.53576660156;0
2140.281;1055.85095214844;0
2141.957;1076.32421875;0
2143.633;995.841674804688;0
2145.308;969.844848632812;0
2146.981;938.973999023438;0
2148.654;1035.59020996094;0
2150.328;931.5087890625;0
2152;902.915405273437;0
2153.669;864.943481445313;0
2155.34;934.343994140625;0
2157.01;934.819213867188;0
2158.677;888.109436035156;0
2160.347;824.991638183594;0
2162.013;769.354736328125;0
2163.681;779.751892089844;0
2165.347;785.389953613281;0
2167.011;798.171508789063;0
2168.674;802.122314453125;0
2170.337;847.372314453125;0
2172.002;824.003601074219;0
2173.662;840.705749511719;0
2175.324;813.424377441407;0
2176.985;890.846557617188;0
2178.645;775.749267578125;0
2180.304;867.799255371094;0
2181.961;766.274230957031;0
2183.618;845.3408203125;0
2185.275;624.235107421875;0
2186.932;801.048583984375;0
2188.586;788.364135742188;0
2190.242;848.15087890625;0
2191.896;596.272521972657;0
2193.547;534.204772949219;0
2195.2;644.499206542969;0
2196.851;745.715576171875;0
2198.502;743.188720703125;0
2200.153;628.36328125;0
2201.799;578.115966796875;0
2203.447;550.612731933594;0
2205.097;594.889709472657;0
2206.742;663.125671386719;0
2208.391;674.951416015625;0
2210.035;610.704956054687;0
2211.679;594.31396484375;0
2213.324;630.223022460937;0
2214.966;686.781005859375;0
2216.608;637.796447753906;0
2218.252;687.785522460938;0
2219.89;618.962768554687;0
2221.531;652.440307617188;0
2223.172;569.551452636719;0
2224.809;657.185119628906;0
2226.449;611.119079589843;0
2228.086;665.575561523438;0
2229.72;638.22119140625;0
2231.358;671.45654296875;0
2232.992;670.410461425781;0
2234.625;659.637512207032;0
2236.26;751.925170898438;0
2237.893;793.699401855469;0
2239.524;831.181213378907;0
2241.156;761.862243652343;0
2242.785;679.260559082031;0
2244.416;671.915222167969;0
2246.044;659.946228027343;0
2247.672;713.539123535156;0
2249.301;694.553894042969;0
2250.926;760.502563476562;0
2252.554;728.794799804687;0
2254.177;784.283569335938;0
2255.803;773.267333984375;0
2257.427;918.858154296875;0
2259.051;955.723327636719;0
2260.671;937.82470703125;0
2262.294;856.166137695312;0
2263.914;801.193542480469;0
2265.533;816.436950683594;0
2267.153;782.766296386718;0
2268.773;746.543884277343;0
2270.392;677.08154296875;0
2272.006;814.991271972656;0
2273.624;816.072204589843;0
2275.239;868.435485839844;0
2276.854;750.525573730468;0
2278.468;830.687133789062;0
2280.084;790.425537109375;0
2281.695;706.870910644531;0
2283.305;658.597595214844;0
2284.919;653.350830078125;0
2286.527;651.238952636719;0
2288.14;689.284973144531;0
2289.748;548.162109375;0
2291.354;639.095886230468;0
2292.964;657.193237304688;0
2294.569;741.119262695313;0
2296.174;611.20654296875;0
2297.782;502.872680664063;0
2299.386;606.344543457031;0
2300.99;527.197082519532;0
2302.594;555.762939453125;0
2304.195;529.630249023438;0
2305.798;646.460205078125;0
2307.399;625.879760742188;0
2308.998;590.777099609375;0
2310.598;578.580200195313;0
2312.197;583.923522949218;0
2313.795;683.602844238281;0
2315.392;784.756713867188;0
2316.988;898.714050292969;0
2318.585;936.362915039063;0
2320.18;957.480285644531;0
2321.774;875.287902832032;0
2323.368;768.296325683593;0
2324.961;710.719360351563;0
2326.553;656.318176269532;0
2328.145;629.853637695313;0
2329.735;568.455688476563;0
2331.324;649.419799804687;0
2332.916;629.393310546875;0
2334.503;596.373046875;0
2336.092;522.225280761718;0
2337.677;540.291931152343;0
2339.263;640.159423828125;0
2340.85;594.140930175781;0
2342.434;552.013732910156;0
2344.018;483.845001220703;0
2345.602;480.545104980468;0
2347.185;524.952697753906;0
2348.768;595.733703613281;0
2350.347;631.294372558593;0
2351.928;604.078369140625;0
2353.51;463.106475830078;0
2355.087;415.175476074219;0
2356.665;378.279998779296;0
2358.243;353.082641601562;0
2359.819;335.804656982422;0
2361.396;342.897735595703;0
2362.972;406.820434570313;0
2364.547;488.531951904297;0
2366.121;598.152709960938;0
2367.694;675.086547851562;0
2369.267;626.444702148437;0
2370.839;497.337951660157;0
2372.411;448.588287353516;0
2373.982;548.637268066406;0
2375.55;575.450561523437;0
2377.118;477.645263671875;0
2378.687;392.296478271485;0
2380.254;433.34033203125;0
2381.821;564.445678710937;0
2383.387;617.172119140625;0
2384.954;615.90087890625;0
2386.516;672.874084472656;0
2388.082;653.834838867188;0
2389.644;598.621276855469;0
2391.209;514.507751464843;0
2392.769;397.215942382813;0
2394.33;522.900817871094;0
2395.892;661.906127929688;0
2397.449;815.570922851562;0
2399.008;747.89697265625;0
2400.568;691.552734375;0
2402.125;618.871337890625;0
2403.68;646.741271972656;0
2405.238;546.274536132812;0
2406.792;612.470031738281;0
2408.349;651.886047363282;0
2409.902;746.746459960938;0
2411.455;774.719848632813;0
2413.007;709.699645996094;0
2414.558;659.57666015625;0
2416.11;621.131530761719;0
2417.66;738.809143066406;0
2419.21;727.607299804687;0
2420.758;708.020629882813;0
2422.307;584.438842773438;0
2423.855;620.559753417969;0
2425.402;633.388793945312;0
2426.947;621.561645507812;0
2428.492;513.277465820312;0
2430.038;510.123718261718;0
2431.58;538.5654296875;0
2433.124;658.020690917969;0
2434.667;669.465515136718;0
2436.208;726.102844238281;0
2437.75;889.26611328125;0
2439.291;948.509765625;0
2440.83;853.834777832031;0
2442.369;688.46240234375;0
2443.906;665.949645996094;0
2445.444;764.200561523438;0
2446.981;777.492553710937;0
2448.517;777.309204101563;0
2450.053;784.208740234375;0
2451.587;675.080444335938;0
2453.12;695.117126464843;0
2454.655;575.792846679688;0
2456.187;662.157653808593;0
2457.718;684.534729003906;0
2459.25;776.69970703125;0
2460.781;806.097045898437;0
2462.31;731.946350097656;0
2463.84;810.913818359375;0
2465.368;786.7783203125;0
2466.896;755.427001953125;0
2468.423;684.462707519531;0
2469.949;702.814880371094;0
2471.474;721.357849121094;0
2472.998;721.311584472657;0
2474.522;702.4111328125;0
2476.045;720.164001464844;0
2477.568;774.217102050781;0
2479.09;717.716125488281;0
2480.612;778.823669433593;0
2482.132;664.706787109375;0
2483.653;669.325500488281;0
2485.171;559.358154296875;0
2486.689;742.8349609375;0
2488.208;768.752075195313;0
2489.725;833.108459472656;0
2491.242;723.681213378906;0
2492.757;676.916259765625;0
2494.271;694.037719726562;0
2495.785;593.376098632812;0
2497.3;688.287292480468;0
2498.812;651.304382324219;0
2500.325;784.203979492187;0
2501.837;759.160278320313;0
2503.345;691.10546875;0
2504.856;605.149719238281;0
2506.366;563.335327148438;0
2507.875;599.114501953125;0
2509.382;591.882873535156;0
2510.889;491.488342285156;0
2512.397;421.977935791016;0
2513.901;368.067413330078;0
2515.406;473.234283447266;0
2516.911;484.984954833984;0
2518.415;509.264312744141;0
2519.918;415.975280761719;0
2521.421;436.139251708984;0
2522.922;313.502838134766;0
2524.423;326.443634033203;0
2525.924;279.969207763672;0
2527.422;272.29931640625;0
2528.923;217.428192138672;0
2530.419;286.360412597656;0
2531.916;330.651245117188;0
2533.415;359.297485351563;0
2534.909;216.818054199219;0
2536.404;206.623718261719;0
2537.899;200.012481689453;0
2539.394;298.123504638672;0
2540.887;253.815292358398;0
2542.38;190.656127929688;0
2543.871;99.56787109375;0
2545.363;148.953247070313;0
2546.852;354.34912109375;0
2548.345;384.4091796875;0
2549.833;363.801696777344;0
2551.321;231.222747802734;0
2552.811;303.703552246094;0
2554.296;344.967834472656;0
2555.78;321.801605224609;0
2557.267;302.193481445313;0
2558.752;261.545654296875;0
2560.237;288.351806640625;0
2561.721;286.152313232422;0
2563.203;427.739776611328;0
2564.687;479.297760009766;0
2566.168;448.958404541016;0
2567.648;382.858947753906;0
2569.129;392.555908203125;0
2570.607;470.161651611328;0
2572.086;529.234680175781;0
2573.565;524.326782226563;0
2575.041;531.882995605469;0
2576.518;496.570098876953;0
2577.994;640.611267089843;0
2579.469;705.109924316407;0
2580.945;837.196838378906;0
2582.418;721.295654296875;0
2583.892;712.631225585938;0
2585.365;587.776000976563;0
2586.835;626.622497558594;0
2588.307;613.360107421875;0
2589.778;665.620544433593;0
2591.248;698.460144042969;0
2592.717;768.985656738281;0
2594.186;703.450805664063;0
2595.652;806.010803222656;0
2597.121;745.47705078125;0
2598.585;849.394714355469;0
2600.052;797.105529785156;0
2601.518;814.720092773437;0
2602.982;807.901733398437;0
2604.446;794.064331054688;0
2605.907;819.923767089844;0
2607.371;798.36962890625;0
2608.83;735.469482421875;0
2610.293;792.629089355468;0
2611.752;770.222595214843;0
2613.213;846.058532714844;0
2614.672;785.916442871094;0
2616.13;971.653625488281;0
2617.587;959.450500488281;0
2619.043;1043.82397460938;0
2620.501;1007.55340576172;0
2621.957;917.414978027344;0
2623.409;951.519470214844;0
2624.864;915.423706054688;0
2626.318;1045.53576660156;0
2627.771;953.772583007812;0
2629.222;931.584411621094;0
2630.673;899.667724609375;0
2632.124;921.941772460938;0
2633.575;1006.53448486328;0
2635.023;982.744079589843;0
2636.473;925.59912109375;0
2637.922;799.44970703125;0
2639.368;845.239624023437;0
2640.816;792.352783203125;0
2642.261;802.336486816406;0
2643.705;705.4267578125;0
2645.151;755.777709960938;0
2646.596;731.229736328125;0
2648.037;818.131469726562;0
2649.48;739.245727539063;0
2650.923;653.055725097656;0
2652.364;546.984802246094;0
2653.804;547.118835449219;0
2655.243;571.12353515625;0
2656.683;618.445739746093;0
2658.121;647.161499023438;0
2659.559;559.979675292969;0
2660.997;575.1181640625;0
2662.433;595.535522460938;0
2663.868;712.613403320312;0
2665.305;647.194763183594;0
2666.737;668.756958007813;0
2668.173;714.209045410156;0
2669.606;676.106567382813;0
2671.038;666.321716308593;0
2672.47;581.517272949219;0
2673.901;508.39404296875;0
2675.331;490.239227294922;0
2676.761;431.008850097656;0
2678.189;538.664184570313;0
2679.619;435.507171630859;0
2681.045;401.829071044922;0
2682.473;361.726776123047;0
2683.9;383.655364990234;0
2685.324;388.010284423828;0
2686.749;442.597198486328;0
2688.176;413.741394042969;0
2689.599;493.996612548828;0
2691.021;425.814605712891;0
2692.444;466.471771240234;0
2693.865;436.133514404297;0
2695.287;355.783996582031;0
2696.707;319.014556884766;0
2698.125;343.915924072266;0
2699.545;401.486785888672;0
2700.963;364.764465332031;0
2702.381;204.673873901367;0
2703.798;172.365524291992;0
2705.214;152.172744750977;0
2706.629;273.175262451172;0
2708.046;316.739593505859;0
2709.458;385.754913330078;0
2710.872;389.657897949219;0
2712.285;410.383392333984;0
2713.699;430.089752197266;0
2715.111;439.392669677734;0
2716.52;486.526550292969;0
2717.93;437.279388427734;0
2719.342;446.131439208984;0
2720.749;371.951202392578;0
2722.159;393.916687011719;0
2723.565;420.349700927734;0
2724.971;508.471649169922;0
2726.38;600.837585449219;0
2727.785;594.776733398438;0
2729.19;645.62451171875;0
2730.594;652.046691894531;0
2731.997;775.709838867188;0
2733.401;781.612854003907;0
2734.803;798.419494628906;0
2736.204;717.799743652344;0
2737.606;701.198486328125;0
2739.005;681.174621582031;0
2740.405;672.28271484375;0
2741.806;669.445556640625;0
2743.202;693.845703125;0
2744.602;709.152526855469;0
2745.998;719.51318359375;0
2747.395;723.10546875;0
2748.79;793.429870605469;0
2750.185;823.407897949219;0
2751.58;802.015930175781;0
2752.975;845.857604980469;0
2754.366;882.709655761719;0
2755.759;923.679382324219;0
2757.151;871.736877441407;0
2758.542;839.151489257813;0
2759.933;935.309387207031;0
2761.322;913.920776367187;0
2762.71;924.983459472656;0
2764.1;817.217468261719;0
2765.486;786.288696289063;0
2766.875;787.467651367188;0
2768.26;811.87109375;0
2769.646;927.813293457031;0
2771.031;896.535095214844;0
2772.418;927.002868652344;0
2773.799;879.983459472656;0
2775.184;913.575500488282;0
2776.565;917.737182617188;0
2777.946;1014.23828125;0
2779.328;1119.56237792969;0
2780.708;1219.10705566406;0
2782.09;1227.09716796875;0
2783.469;1243.20104980469;0
2784.847;1156.86340332031;0
2786.226;1107.97229003906;0
2787.603;1031.99194335938;0
2788.978;1088.14172363281;0
2790.355;1034.07141113281;0
2791.731;957.776733398438;0
2793.104;862.274536132813;0
2794.479;838.966369628906;0
2795.853;808.363952636719;0
2797.225;775.855346679688;0
2798.596;754.873962402344;0
2799.967;774.300354003906;0
2801.341;700.702880859375;0
2802.71;613.068908691406;0
2804.077;494.400604248047;0
2805.447;506.513763427734;0
2806.815;500.410095214844;0
2808.183;515.313354492188;0
2809.551;459.338592529297;0
2810.915;455.150817871094;0
2812.282;424.417541503906;0
2813.646;448.250183105469;0
2815.011;467.094482421875;0
2816.375;446.038879394531;0
2817.736;418.550018310547;0
2819.099;384.293212890625;0
2820.462;334.820678710938;0
2821.821;374.355377197266;0
2823.182;381.304016113281;0
2824.542;533.265563964844;0
2825.901;562.650939941406;0
2827.261;635.018005371094;0
2828.617;606.689758300781;0
2829.974;514.257690429688;0
2831.33;513.858459472656;0
2832.686;551.182067871094;0
2834.043;585.403625488281;0
2835.395;577.736694335938;0
2836.75;571.084716796875;0
2838.104;648.920104980469;0
2839.456;673.766357421875;0
2840.807;692.844543457031;0
2842.16;638.822082519531;0
2843.509;600.563720703125;0
2844.858;533.256469726563;0
2846.209;484.768341064453;0
2847.556;440.962615966797;0
2848.906;448.4052734375;0
2850.253;486.424682617188;0
2851.6;425.008026123047;0
2852.946;377.634735107422;0
2854.29;337.729766845703;0
2855.635;364.447387695313;0
2856.98;371.395599365234;0
2858.323;372.663513183594;0
2859.665;353.002319335938;0
2861.008;381.903900146484;0
2862.349;435.701324462891;0
2863.691;504.439117431641;0
2865.031;444.294158935547;0
2866.37;433.7109375;0
2867.709;297.443756103516;0
2869.048;371.996307373047;0
2870.385;375.576324462891;0
2871.722;469.821258544922;0
2873.059;430.281280517578;0
2874.394;399.064788818359;0
2875.73;488.502532958984;0
2877.064;537.676208496094;0
2878.398;557.610534667969;0
2879.731;528.184509277344;0
2881.063;506.131439208984;0
2882.395;580.576171875;0
2883.727;585.470642089844;0
2885.059;669.895874023438;0
2886.387;697.074401855469;0
2887.717;682.032470703125;0
2889.046;725.631469726563;0
2890.374;758.093322753906;0
2891.699;762.973510742188;0
2893.028;692.938232421875;0
2894.354;670.750122070313;0
2895.679;742.880859375;0
2897.004;792.762573242188;0
2898.328;783.839538574219;0
2899.653;802.555969238281;0
2900.976;777.022338867188;0
2902.297;773.33837890625;0
2903.619;708.652893066406;0
2904.941;697.04345703125;0
2906.26;634.3046875;0
2907.58;716.57861328125;0
2908.898;842.380310058594;0
2910.217;902.383239746094;0
2911.536;831.24755859375;0
2912.852;714.528259277344;0
2914.171;812.568176269531;0
2915.485;900.80615234375;0
2916.799;943.044982910156;0
2918.116;869.029724121094;0
2919.428;783.768798828125;0
2920.743;785.108459472656;0
2922.056;810.672668457031;0
2923.367;875.192260742188;0
2924.679;829.025573730469;0
2925.99;801.797180175781;0
2927.299;828.342834472656;0
2928.609;906.727661132813;0
2929.918;954.205627441406;0
2931.226;827.3291015625;0
2932.535;792.048278808594;0
2933.841;684.6728515625;0
2935.149;771.033325195313;0
2936.455;793.814331054688;0
2937.758;831.904235839844;0
2939.064;825.375122070313;0
2940.368;788.425598144531;0
2941.67;829.296203613281;0
2942.973;869.699829101563;0
2944.277;895.858947753906;0
2945.577;861.105834960938;0
2946.878;831.418029785156;0
2948.178;897.350463867188;0
2949.477;1005.26550292969;0
2950.776;1015.74005126953;0
2952.073;1009.64880371094;0
2953.372;936.692504882813;0
2954.669;1012.60491943359;0
2955.965;937.962829589844;0
2957.261;904.466735839844;0
2958.556;829.888549804688;0
2959.849;825.689392089844;0
2961.145;869.028564453125;0
2962.436;885.601989746094;0
2963.732;846.519104003906;0
2965.022;875.586059570313;0
2966.313;909.107971191406;0
2967.603;939.272827148438;0
2968.893;958.115600585938;0
2970.182;856.525207519531;0
2971.471;816.849365234375;0
2972.759;722.6435546875;0
2974.047;755.89599609375;0
2975.334;785.830932617188;0
2976.62;798.559753417969;0
2977.907;806.638732910156;0
2979.192;734.227905273438;0
2980.475;616.593444824219;0
2981.76;549.386413574219;0
2983.043;577.099548339844;0
2984.326;645.929382324219;0
2985.607;611.099975585938;0
2986.888;653.658325195313;0
2988.17;664.611633300781;0
2989.449;692.906799316406;0
2990.728;590.430358886719;0
2992.007;555.319030761719;0
2993.284;523.851745605469;0
2994.562;599.396606445313;0
2995.84;541.609924316406;0
2997.115;613.309265136719;0
2998.393;543.897216796875;0
2999.666;568.067199707031;0
3000.94;531.14794921875;0
3002.215;535.926635742188;0
3003.486;506.139923095703;0
3004.76;458.939605712891;0
3006.033;437.627319335938;0
3007.303;396.870208740234;0
3008.573;378.121917724609;0
3009.844;409.148071289063;0
3011.114;510.843536376953;0
3012.383;463.046264648438;0
3013.649;375.210693359375;0
3014.917;217.954574584961;0
3016.185;194.867416381836;0
3017.451;224.218185424805;0
3018.716;296.450714111328;0
3019.983;286.644744873047;0
3021.246;296.524993896484;0
3022.509;226.178939819336;0
3023.774;263.607391357422;0
3025.035;294.365814208984;0
3026.299;324.437896728516;0
3027.56;296.395263671875;0
3028.819;243.094009399414;0
3030.081;187.021881103516;0
3031.339;239.922744750977;0
3032.598;175.215728759766;0
3033.856;197.378448486328;0
3035.114;147.992965698242;0
3036.372;185.31982421875;0
3037.628;260.611511230469;0
3038.883;209.313385009766;0
3040.138;244.258819580078;0
3041.394;231.485900878906;0
3042.646;330.064361572266;0
3043.9;339.276062011719;0
3045.152;343.895355224609;0
3046.405;382.032623291016;0
3047.657;420.127105712891;0
3048.906;487.691223144531;0
3050.158;523.226745605469;0
3051.407;525.845642089844;0
3052.656;442.210205078125;0
3053.904;394.904357910156;0
3055.153;328.417175292969;0
3056.398;396.914215087891;0
3057.647;384.148956298828;0
3058.892;414.452789306641;0
3060.137;377.893096923828;0
3061.382;375.587707519531;0
3062.625;379.203277587891;0
3063.869;418.629089355469;0
3065.112;410.648834228516;0
3066.353;429.389282226563;0
3067.595;459.990631103516;0
3068.838;594.95654296875;0
3070.075;680.965270996094;0
3071.317;667.932861328125;0
3072.557;559.082641601563;0
3073.795;484.970947265625;0
3075.032;436.356018066406;0
3076.27;489.905578613281;0
3077.507;542.078308105469;0
3078.742;577.763061523438;0
3079.978;564.736877441406;0
3081.212;525.335144042969;0
3082.446;609.739685058594;0
3083.681;602.664733886719;0
3084.913;575.999938964844;0
3086.147;560.68017578125;0
3087.38;555.375427246094;0
3088.61;639.438903808594;0
3089.84;665.388061523438;0
3091.071;662.743957519531;0
3092.3;612.505981445313;0
3093.529;590.927917480469;0
3094.755;639.40185546875;0
3095.984;741.949645996094;0
3097.211;726.347900390625;0
3098.438;725.373962402344;0
3099.663;722.250366210938;0
3100.888;704.836120605469;0
3102.112;597.224792480469;0
3103.335;517.518859863281;0
3104.56;586.587341308594;0
3105.782;719.624206542969;0
3107.005;738.521850585938;0
3108.226;678.001831054688;0
3109.447;573.569580078125;0
3110.667;599.688720703125;0
3111.887;594.137145996094;0
3113.104;690.023071289063;0
3114.324;590.3681640625;0
3115.541;563.471130371094;0
3116.758;491.682769775391;0
3117.976;556.526184082031;0
3119.192;590.012084960938;0
3120.408;670.513916015625;0
3121.622;699.177917480469;0
3122.835;717.722473144531;0
3124.05;649.257995605469;0
3125.262;671.456420898438;0
3126.476;654.95947265625;0
3127.687;667.485229492188;0
3128.897;590.729858398438;0
3130.108;569.544189453125;0
3131.319;643.931396484375;0
3132.528;698.82421875;0
3133.737;724.828979492188;0
3134.945;667.618286132813;0
3136.152;613.252319335938;0
3137.358;646.937255859375;0
3138.565;654.4052734375;0
3139.772;634.882263183594;0
3140.976;571.862854003906;0
3142.18;548.892944335938;0
3143.385;513.948486328125;0
3144.588;474.957305908203;0
3145.79;460.286285400391;0
3146.993;497.751312255859;0
3148.194;409.797393798828;0
3149.395;438.092987060547;0
3150.596;437.307312011719;0
3151.794;505.777221679688;0
3152.994;439.281127929688;0
3154.193;395.152526855469;0
3155.39;413.613311767578;0
3156.587;459.662353515625;0
3157.784;537.519897460938;0
3158.982;469.617004394531;0
3160.177;366.465911865234;0
3161.37;176.977249145508;0
3162.565;209.745880126953;0
3163.759;239.143829345703;0
3164.952;365.020416259766;0
3166.146;321.326629638672;0
3167.337;375.955108642578;0
3168.527;380.723480224609;0
3169.719;384.809539794922;0
3170.91;339.705841064453;0
3172.098;309.359130859375;0
3173.288;322.570373535156;0
3174.475;284.768249511719;0
3175.663;249.64501953125;0
3176.849;228.895431518555;0
3178.037;234.315628051758;0
3179.223;241.214462280273;0
3180.408;269.629791259766;0
3181.592;311.840545654297;0
3182.777;272.845306396484;0
3183.96;347.314086914063;0
3185.143;324.091339111328;0
3186.325;421.510650634766;0
3187.507;285.1259765625;0
3188.688;264.306121826172;0
3189.869;226.040908813477;0
3191.049;320.404266357422;0
3192.228;399.181488037109;0
3193.406;381.374114990234;0
3194.585;382.424652099609;0
3195.763;335.780120849609;0
3196.939;332.659057617188;0
3198.116;355.50830078125;0
3199.292;369.880798339844;0
3200.466;459.775665283203;0
3201.643;460.119781494141;0
3202.816;458.235198974609;0
3203.991;401.799896240234;0
3205.161;403.760650634766;0
3206.334;442.574768066406;0
3207.504;442.906005859375;0
3208.677;455.199096679688;0
3209.846;479.044677734375;0
3211.017;547.219665527344;0
3212.187;558.053344726563;0
3213.356;456.063232421875;0
3214.524;439.09716796875;0
3215.69;468.714630126953;0
3216.859;592.099914550781;0
3218.024;632.252258300781;0
3219.189;635.358276367188;0
3220.354;553.527038574219;0
3221.519;585.088806152344;0
3222.682;583.599304199219;0
3223.845;636.947143554688;0
3225.01;647.465637207031;0
3226.171;722.859497070313;0
3227.332;753.797546386719;0
3228.494;750.761596679688;0
3229.655;666.530944824219;0
3230.814;692.069641113281;0
3231.973;635.458557128906;0
3233.13;660.368347167969;0
3234.29;627.597961425781;0
3235.447;626.118408203125;0
3236.605;632.965698242188;0
3237.76;645.099792480469;0
3238.916;694.341796875;0
3240.071;667.974914550781;0
3241.224;683.747802734375;0
3242.381;627.241149902344;0
3243.532;696.184875488281;0
3244.685;707.232177734375;0
3245.839;726.447570800781;0
3246.99;669.269836425781;0
3248.141;623.058959960938;0
3249.292;672.676818847656;0
3250.439;671.128234863281;0
3251.589;645.636474609375;0
3252.739;647.53515625;0
3253.886;583.976501464844;0
3255.034;594.515380859375;0
3256.18;530.929016113281;0
3257.326;567.996887207031;0
3258.472;596.163940429688;0
3259.617;604.358032226563;0
3260.761;563.689514160156;0
3261.905;502.327362060547;0
3263.048;542.894348144531;0
3264.19;608.229675292969;0
3265.333;613.890319824219;0
3266.475;639.873229980469;0
3267.617;628.186218261719;0
3268.757;707.271606445313;0
3269.896;653.64892578125;0
3271.036;677.663818359375;0
3272.175;672.528625488281;0
3273.313;611.73583984375;0
3274.449;571.044494628906;0
3275.586;569.581115722656;0
3276.722;669.604858398438;0
3277.859;679.469665527344;0
3278.993;586.836730957031;0
3280.13;516.671325683594;0
3281.263;564.762817382813;0
3282.395;657.458435058594;0
3283.529;698.719909667969;0
3284.66;611.881591796875;0
3285.794;553.533020019531;0
3286.924;537.233337402344;0
3288.054;554.537780761719;0
3289.185;500.890777587891;0
3290.313;460.736999511719;0
3291.443;554.632080078125;0
3292.571;674.465209960938;0
3293.698;700.167297363281;0
3294.824;659.657653808594;0
3295.952;648.788208007813;0
3297.077;642.448669433594;0
3298.203;626.216369628906;0
3299.328;567.800659179688;0
3300.45;624.82568359375;0
3301.574;580.085571289063;0
3302.698;533.656433105469;0
3303.819;519.055786132813;0
3304.942;469.727325439453;0
3306.064;505.897003173828;0
3307.182;533.232177734375;0
3308.303;576.737121582031;0
3309.423;602.15771484375;0
3310.542;553.210083007813;0
3311.66;522.970520019531;0
3312.778;500.934143066406;0
3313.895;454.629699707031;0
3315.012;453.615020751953;0
3316.128;404.893890380859;0
3317.243;383.134033203125;0
3318.357;329.559478759766;0
3319.471;394.717193603516;0
3320.586;417.986572265625;0
3321.698;519.757751464844;0
3322.813;500.832092285156;0
3323.923;510.449493408203;0
3325.034;551.6669921875;0
3326.146;565.577819824219;0
3327.255;554.247009277344;0
3328.366;465.642333984375;0
3329.474;461.68798828125;0
3330.582;482.417388916016;0
3331.691;510.284637451172;0
3332.797;477.700744628906;0
3333.905;489.700378417969;0
3335.011;432.504425048828;0
3336.116;449.610656738281;0
3337.22;361.737854003906;0
3338.327;408.637420654297;0
3339.429;387.555877685547;0
3340.534;448.186676025391;0
3341.635;501.162536621094;0
3342.737;494.347442626953;0
3343.84;453.461517333984;0
3344.94;403.844421386719;0
3346.041;356.314270019531;0
3347.142;427.689270019531;0
3348.24;411.503967285156;0
3349.337;460.196502685547;0
3350.437;352.663391113281;0
3351.534;290.556640625;0
3352.633;324.514373779297;0
3353.727;341.759582519531;0
3354.823;478.514892578125;0
3355.919;458.228729248047;0
3357.013;444.679962158203;0
3358.108;380.17007446289;0
3359.201;414.082611083984;0
3360.293;432.608306884766;0
3361.385;444.188049316406;0
3362.478;399.157379150391;0
3363.569;445.695281982422;0
3364.661;481.336303710938;0
3365.75;527.297241210938;0
3366.838;512.727844238281;0
3367.929;486.560882568359;0
3369.017;530.905883789063;0
3370.105;624.512145996094;0
3371.193;619.206787109375;0
3372.279;655.590209960937;0
3373.364;598.531311035156;0
3374.45;574.232543945313;0
3375.534;445.252197265625;0
3376.62;458.835205078125;0
3377.704;508.742462158203;0
3378.786;544.024475097656;0
3379.871;552.323547363281;0
3380.951;541.864196777344;0
3382.034;561.652770996094;0
3383.114;512.640686035156;0
3384.195;526.650207519531;0
3385.276;534.148315429688;0
3386.354;580.515869140625;0
3387.433;570.216369628906;0
3388.511;568.113403320312;0
3389.588;539.087707519531;0
3390.664;532.86474609375;0
3391.742;458.313659667969;0
3392.816;484.366973876953;0
3393.893;483.773071289063;0
3394.968;527.496643066406;0
3396.042;511.520599365234;0
3397.115;490.064575195313;0
3398.189;521.222900390625;0
3399.262;521.1630859375;0
3400.333;550.711730957031;0
3401.404;550.598266601562;0
3402.474;573.615295410156;0
3403.545;561.469665527344;0
3404.615;556.031555175781;0
3405.685;613.117248535156;0
3406.752;695.120849609375;0
3407.82;722.162353515625;0
3408.888;720.5;0
3409.955;627.699829101563;0
3411.021;665.647155761719;0
3412.085;576.69482421875;0
3413.151;620.39599609375;0
3414.215;541.64453125;0
3415.279;560.192260742188;0
3416.343;550.55419921875;0
3417.406;551.849182128906;0
3418.468;548.189147949219;0
3419.53;537.589904785156;0
3420.592;511.157104492188;0
3421.652;498.995513916016;0
3422.712;491.313995361328;0
3423.773;494.083465576172;0
3424.83;521.677429199219;0
3425.889;575.655700683594;0
3426.946;630.867004394531;0
3428.005;609.873413085938;0
3429.061;581.230590820313;0
3430.117;561.613647460938;0
3431.172;600.278137207031;0
3432.227;572.436828613281;0
3433.281;569.974487304688;0
3434.335;532.792419433594;0
3435.389;534.92724609375;0
3436.44;548.710998535156;0
3437.492;594.721069335937;0
3438.546;614.822570800781;0
3439.598;600.631408691406;0
3440.646;612.186157226562;0
3441.697;630.194213867188;0
3442.745;635.91259765625;0
3443.793;641.505187988281;0
3444.842;641.12890625;0
3445.891;654.603515625;0
3446.937;670.492492675781;0
3447.984;623.83544921875;0
3449.031;608.044494628906;0
3450.075;625.349304199219;0
3451.12;674.309631347656;0
3452.164;671.038391113281;0
3453.207;587.384521484375;0
3454.251;523.523376464844;0
3455.293;547.812744140625;0
3456.336;573.257751464844;0
3457.378;610.712890625;0
3458.417;579.984802246094;0
3459.458;504.424346923828;0
3460.498;486.9345703125;0
3461.539;442.231353759766;0
3462.577;397.269317626953;0
3463.614;365.837036132812;0
3464.651;398.060363769531;0
3465.689;484.974761962891;0
3466.726;450.606018066406;0
3467.763;411.121734619141;0
3468.798;350.374420166016;0
3469.831;338.186767578125;0
3470.866;381.96826171875;0
3471.9;397.570343017578;0
3472.933;405.198913574219;0
3473.966;363.78076171875;0
3474.999;415.467102050781;0
3476.029;430.047393798828;0
3477.061;480.753112792969;0
3478.09;447.17953491211;0
3479.121;509.725982666015;0
3480.15;469.368804931641;0
3481.178;516.185974121094;0
3482.205;532.915588378906;0
3483.234;528.354309082031;0
3484.26;448.914001464844;0
3485.288;437.848876953125;0
3486.313;521.901794433594;0
3487.337;559.354370117188;0
3488.364;497.310760498047;0
3489.387;515.118469238281;0
3490.411;475.122924804687;0
3491.434;546.604370117188;0
3492.456;408.2802734375;0
3493.479;434.91162109375;0
3494.5;298.549865722656;0
3495.521;262.384643554688;0
3496.543;163.09521484375;0
3497.561;176.111846923828;0
3498.579;182.222763061523;0
3499.6;148.769866943359;0
3500.618;52.0529479980469;0
3501.636;-20.545093536377;0
3502.653;-8.53781700134277;0
3503.669;-21.4979476928711;0
3504.685;-71.1033401489258;0
3505.699;-90.8462066650391;0
3506.716;-61.3333740234375;0
3507.729;-16.1045532226563;0
3508.743;-77.2019653320313;0
3509.755;-46.4791679382324;0
