98.64605;0;0
101.2353;0;0
103.8217;0;0
106.4096;21.962963104248;0
108.9945;-5.88888883590698;0
111.5767;-16.7301578521729;0
114.1602;16.5555553436279;0
116.7409;77.797981262207;0
119.3209;64.0427322387695;0
121.9002;40.3111114501953;0
124.4788;0.699346423149109;0
127.0566;7.64912271499634;0
129.6317;-46.5291023254395;0
132.2038;-23.487922668457;0
134.7796;-55.439998626709;0
137.3503;13.3786010742188;0
139.9204;17.8467426300049;0
142.4919;123.641578674316;0
145.0584;161.265991210938;0
147.6242;195.942855834961;0
150.1914;219.573577880859;0
152.7579;222.088317871094;0
155.3216;265.943084716797;0
157.8846;289.963836669922;0
160.4448;372.069122314453;0
163.0085;411.773040771484;0
165.5672;486.081634521484;0
168.1232;457.215698242188;0
170.6826;463.727478027344;0
173.2372;405.856567382813;0
175.7931;428.060424804688;0
178.3463;478.322021484375;0
180.8966;587.403015136719;0
183.4504;644.85498046875;0
185.9993;651.385681152344;0
188.5476;682.146057128906;0
191.0972;720.228454589844;0
193.644;711.128112792969;0
196.1859;677.025451660156;0
198.7335;679.448303222656;0
201.2761;618.235046386719;0
203.8201;674.064086914063;0
206.3593;669.726196289063;0
208.8998;743.724426269531;0
211.4397;745.155822753906;0
213.9746;774.929443359375;0
216.5109;808.3134765625;0
219.0487;842.846313476562;0
221.5816;911.926635742187;0
224.1158;955.869018554688;0
226.6473;956.967468261719;0
229.176;899.938659667969;0
231.7082;914.625671386719;0
234.2355;949.656494140625;0
236.7643;1038.71752929688;0
239.2902;1030.34338378906;0
241.8133;1000.41149902344;0
244.3379;917.407836914062;0
246.8618;947.077819824219;0
249.3828;884.120727539062;0
251.9053;948.5361328125;0
254.423;910.257568359375;0
256.942;956.947509765625;0
259.4603;929.229675292969;0
261.9759;925.026611328125;0
264.4887;928.179626464844;0
267.005;908.872497558594;0
269.5164;952.923034667969;0
272.0292;1038.955078125;0
274.5393;1121.86462402344;0
277.0466;1128.10852050781;0
279.5574;1151.70581054688;0
282.0654;1147.67199707031;0
284.5686;1140.67980957031;0
287.0752;1140.96325683594;0
289.5791;1118.58435058594;0
292.0803;1105.53161621094;0
294.5828;994.917541503906;0
297.0826;956.855712890625;0
299.5838;903.598205566406;0
302.0801;900.310424804687;0
304.5758;898.277709960937;0
307.0749;855.919372558594;0
309.5672;837.075500488281;0
312.0608;820.403381347656;0
314.5558;855.404541015625;0
317.044;873.19482421875;0
319.5377;854.967895507813;0
322.0266;837.48828125;0
324.5127;822.181518554688;0
327.0023;885.091735839844;0
329.4871;953.506408691406;0
331.9691;1078.72229003906;0
334.4547;1168.41735839844;0
336.9353;1224.5810546875;0
339.4174;1207.953125;0
341.901;1176.361328125;0
344.3776;1134.5751953125;0
346.8577;1180.88122558594;0
349.333;1183.84936523437;0
351.8076;1237.783203125;0
354.2857;1155.14233398438;0
356.7569;1115.72863769531;0
359.2296;1068.04577636719;0
361.7015;984.107238769531;0
364.1729;1042.59741210938;0
366.6414;1110.94226074219;0
369.1093;1148.57446289062;0
371.5745;1078.45947265625;0
374.0432;956.8154296875;0
376.507;955.076171875;0
378.9702;862.237854003906;0
381.4348;844.999389648438;0
383.8947;854.54541015625;0
386.3538;891.356994628906;0
388.8144;955.862854003906;0
391.2722;973.237976074219;0
393.7314;1008.49932861328;0
396.1859;1061.677734375;0
398.6418;1138.62609863281;0
401.0949;1219.22985839844;0
403.5475;1188.10266113281;0
405.9972;1268.4541015625;0
408.4505;1292.31494140625;0
410.899;1375.38415527344;0
413.3468;1327.46484375;0
415.796;1402.23010253906;0
418.2405;1371.05078125;0
420.6884;1250.01062011719;0
423.1295;1062.34106445313;0
425.572;1013.30865478516;0
428.0159;1025.42980957031;0
430.455;1018.64263916016;0
432.8956;990.2861328125;0
435.3335;956.118530273437;0
437.7707;939.917602539062;0
440.2093;982.976196289063;0
442.6432;985.774597167969;0
445.0764;959.931274414063;0
447.511;904.942321777344;0
449.9429;940.29736328125;0
452.3721;1059.94763183594;0
454.8048;1040.43359375;0
457.2328;1021.54412841797;0
459.66;998.428161621094;0
462.0847;1068.49157714844;0
464.5127;1118.24938964844;0
466.9381;1072.22375488281;0
469.3587;1086.57348632813;0
471.7807;1169.28295898437;0
474.2042;1242.44567871094;0
476.6229;1200.83764648438;0
479.041;1142.94201660156;0
481.4604;1057.47912597656;0
483.8752;1060.22192382812;0
486.2934;1011.94592285156;0
488.7068;1073.7412109375;0
491.1197;1124.60168457031;0
493.5339;1127.81469726563;0
495.9435;1038.68371582031;0
498.3544;992.32470703125;0
500.7667;968.111633300781;0
503.1723;1055.12023925781;0
505.5793;999.225891113281;0
507.9856;1003.22296142578;0
510.3913;915.700866699219;0
512.7944;914.030334472656;0
515.1968;889.513549804688;0
517.5986;951.462707519531;0
519.9997;947.293029785156;0
522.3982;874.332580566406;0
524.798;782.705444335938;0
527.1973;816.295959472656;0
529.5919;907.135986328125;0
531.9899;885.341979980469;0
534.3832;871.851745605469;0
536.7758;804.152221679688;0
539.1699;866.496887207031;0
541.5593;854.202270507813;0
543.9481;877.455200195313;0
546.3382;897.544250488281;0
548.7257;905.969970703125;0
551.1146;970.371948242187;0
553.4968;966.55419921875;0
555.8824;1047.04272460937;0
558.2675;1064.76538085938;0
560.6478;1137.61560058594;0
563.0295;1124.92736816406;0
565.4106;1025.25854492188;0
567.7911;945.053894042969;0
570.169;818.902709960938;0
572.5462;896.280029296875;0
574.9229;900.046813964844;0
577.2968;869.049499511719;0
579.6721;852.300964355469;0
582.0449;832.182678222656;0
584.417;831.588806152344;0
586.7885;769.905700683594;0
589.1553;732.471557617188;0
591.5255;765.121765136719;0
593.8931;739.990051269531;0
596.2601;753.229858398438;0
598.6265;654.847839355469;0
600.9902;621.692321777344;0
603.3554;637.627502441406;0
605.7179;731.285888671875;0
608.0778;759.260009765625;0
610.4391;757.116455078125;0
612.7977;772.073547363281;0
615.1558;806.913879394531;0
617.5132;842.784973144531;0
619.8701;853.124267578125;0
622.2263;902.482055664063;0
624.5779;908.265563964844;0
626.9308;912.994201660156;0
629.2852;943.144348144531;0
631.6349;948.528137207031;0
633.9841;1017.97082519531;0
636.3326;1011.11663818359;0
638.6805;1060.03649902344;0
641.0279;1074.86181640625;0
643.3746;1198.58178710938;0
645.7187;1215.88891601562;0
648.0621;1266.53979492188;0
650.405;1201.64392089844;0
652.7453;1226.44567871094;0
655.087;1202.09899902344;0
657.426;1185.40441894531;0
659.7645;1145.9453125;0
662.1024;1131.17077636719;0
664.4376;1088.74719238281;0
666.7742;1102.57141113281;0
669.1063;987.515319824219;0
671.4398;963.261901855469;0
673.7726;915.146362304688;0
676.1048;931.653625488281;0
678.4324;956.51220703125;0
680.7635;933.605590820312;0
683.0919;999.583801269531;0
685.4158;1006.708984375;0
687.743;1010.64739990234;0
690.0696;1052.32702636719;0
692.3937;1009.39569091797;0
694.7151;1001.88256835937;0
697.038;918.410705566406;0
699.3583;839.417114257813;0
701.6779;840.197021484375;0
703.995;909.273498535156;0
706.3155;1032.73071289062;0
708.6294;1044.84716796875;0
710.9467;1054.57141113281;0
713.2594;1103.57080078125;0
715.5735;1073.49987792969;0
717.887;1019.14855957031;0
720.1979;1015.18505859375;0
722.5083;1224.87756347656;0
724.818;1245.71423339844;0
727.1252;1191.69152832031;0
729.4357;1078.11181640625;0
731.7418;1115.22412109375;0
734.0452;1134.57971191406;0
736.35;1069.1689453125;0
738.6522;1086.88098144531;0
740.9539;1063.53552246094;0
743.2569;1042.45983886719;0
745.5554;963.880187988281;0
747.8553;948.873352050781;0
750.1545;945.575927734375;0
752.4513;936.93115234375;0
754.7474;889.281005859375;0
757.043;827.850524902344;0
759.336;808.529052734375;0
761.6304;810.949462890625;0
763.9222;822.333129882813;0
766.2114;673.671630859375;0
768.5041;595.864501953125;0
770.7922;500.906036376953;0
773.0777;597.332092285156;0
775.3647;664.317077636719;0
777.651;819.381042480469;0
779.9368;808.784729003906;0
782.22;772.849548339844;0
784.5026;716.259521484375;0
786.7847;731.776611328125;0
789.0662;810.095581054688;0
791.3451;865.173889160156;0
793.6254;1016.07556152344;0
795.9012;1024.62634277344;0
798.1784;1102.40783691406;0
800.455;1025.19763183594;0
802.7291;990.330993652344;0
805.0026;890.137573242188;0
807.2755;951.955993652344;0
809.5478;970.700744628906;0
811.8176;985.813781738281;0
814.0869;993.200622558594;0
816.3535;1070.62890625;0
818.6235;1151.03344726562;0
820.8911;1096.86328125;0
823.156;1152.78369140625;0
825.4204;1103.24780273437;0
827.6823;1159.90673828125;0
829.9474;1127.333984375;0
832.2082;1094.3115234375;0
834.4683;1040.28637695313;0
836.7279;991.517822265625;0
838.9869;1064.48815917969;0
841.2453;1092.97912597656;0
843.5012;1127.83056640625;0
845.7565;1036.12683105469;0
848.0133;1045.1328125;0
850.2655;1020.67474365234;0
852.5153;1020.74798583984;0
854.7703;1011.81072998047;0
857.0189;933.228881835938;0
859.2668;960.957641601563;0
861.5182;839.000915527344;0
863.7651;835.466735839844;0
866.0114;769.028625488281;0
868.2592;819.362121582031;0
870.5024;816.69970703125;0
872.7451;859.265563964844;0
874.9872;785.721618652344;0
877.2307;798.609741210937;0
879.4717;791.238525390625;0
881.7101;775.977966308594;0
883.95;741.157958984375;0
886.1854;689.444580078125;0
888.4202;696.314819335938;0
890.6604;703.986694335938;0
892.8941;735.480346679688;0
895.1253;791.335998535156;0
897.3599;814.865051269531;0
899.59;742.289245605469;0
901.8195;678.056640625;0
904.0504;723.301940917969;0
906.2789;803.441284179688;0
908.5087;925.751770019531;0
910.7341;934.307312011719;0
912.9589;941.540710449219;0
915.1851;932.453796386719;0
917.4088;956.269287109375;0
919.63;920.558166503906;0
921.8526;784.971374511719;0
924.0727;756.539001464844;0
926.2922;935.190979003906;0
928.5112;1003.65283203125;0
930.7277;871.898193359375;0
932.9476;638.48095703125;0
935.163;632.5087890625;0
937.3739;606.425170898437;0
939.5901;673.556762695313;0
941.8019;640.099426269531;0
944.0151;684.131469726563;0
946.2258;609.255859375;0
948.4341;515.742370605469;0
950.6456;525.966430664063;0
952.8527;471.526458740234;0
955.0593;435.87255859375;0
957.2653;384.322509765625;0
959.4689;472.285003662109;0
961.6738;577.446533203125;0
963.8782;570.931335449219;0
966.0782;550.849853515625;0
968.2815;504.203735351563;0
970.4803;446.432220458984;0
972.6787;412.779998779297;0
974.8784;398.067993164063;0
977.0757;433.909759521484;0
979.2704;386.870666503906;0
981.4667;397.919097900391;0
983.6603;379.724273681641;0
985.8535;440.277740478516;0
988.0461;559.515747070312;0
990.2363;602.741027832031;0
992.4297;775.947265625;0
994.6169;856.354736328125;0
996.8035;1040.40319824219;0
998.9933;1123.6044921875;0
1001.179;1146.68542480469;0
1003.364;1151.68579101563;0
1005.55;1121.79296875;0
1007.732;1207.970703125;0
1009.916;1192.96264648437;0
1012.096;1169.95190429688;0
1014.275;1045.2724609375;0
1016.459;1077.16748046875;0
1018.636;1144.85229492188;0
1020.813;1265.67346191406;0
1022.991;1244.78198242188;0
1025.165;1200.19360351562;0
1027.34;1182.03796386719;0
1029.515;1177.20275878906;0
1031.687;1080.46203613281;0
1033.859;1018.24127197266;0
1036.03;958.502258300781;0
1038.199;949.167175292969;0
1040.369;854.247985839844;0
1042.536;876.020324707031;0
1044.704;846.441528320312;0
1046.87;929.625915527344;0
1049.034;959.903381347656;0
1051.198;984.942565917969;0
1053.363;863.191589355469;0
1055.526;794.763671875;0
1057.686;813.585021972656;0
1059.845;851.5107421875;0
1062.005;798.096374511719;0
1064.165;711.336486816406;0
1066.323;678.901672363281;0
1068.477;644.120849609375;0
1070.634;709.632263183594;0
1072.788;714.49951171875;0
1074.942;815.565307617188;0
1077.096;810.83447265625;0
1079.247;884.278137207031;0
1081.397;901.379943847656;0
1083.547;968.033447265625;0
1085.695;888.575988769531;0
1087.844;785.280700683594;0
1089.992;689.776672363281;0
1092.138;636.495178222656;0
1094.284;725.530090332031;0
1096.425;799.448486328125;0
1098.571;932.513732910156;0
1100.711;969.974731445312;0
1102.851;984.641540527344;0
1104.994;1035.37097167969;0
1107.132;1056.68725585938;0
1109.271;1014.037109375;0
1111.408;1090.00988769531;0
1113.543;1026.80163574219;0
1115.682;1108.47802734375;0
1117.816;1031.29077148438;0
1119.947;1058.68920898437;0
1122.08;976.675170898438;0
1124.213;938.25634765625;0
1126.343;874.138427734375;0
1128.474;878.148071289063;0
1130.602;768.466125488281;0
1132.728;754.689575195313;0
1134.856;802.457336425781;0
1136.982;911.078674316406;0
1139.109;1032.02160644531;0
1141.234;1020.41870117188;0
1143.356;1028.47277832031;0
1145.479;1009.71520996094;0
1147.599;1040.25280761719;0
1149.719;1008.80810546875;0
1151.839;955.2685546875;0
1153.957;878.189270019531;0
1156.076;849.790222167969;0
1158.191;715.40625;0
1160.305;774.52099609375;0
1162.423;784.770324707031;0
1164.536;900.411499023438;0
1166.647;839.06640625;0
1168.761;883.841186523437;0
1170.871;873.855407714844;0
1172.983;794.661682128906;0
1175.092;759.927551269531;0
1177.2;899.5458984375;0
1179.306;985.302185058594;0
1181.413;1057.17980957031;0
1183.518;923.255554199219;0
1185.623;969.614074707031;0
1187.725;887.867248535156;0
1189.826;876.129089355469;0
1191.929;808.169250488281;0
1194.032;802.149536132813;0
1196.13;754.933654785156;0
1198.23;741.649230957031;0
1200.327;786.960754394531;0
1202.423;874.159606933594;0
1204.52;974.7109375;0
1206.613;1007.15179443359;0
1208.71;1016.52172851562;0
1210.801;1013.98999023438;0
1212.892;919.781677246094;0
1214.987;938.359069824219;0
1217.075;958.923767089844;0
1219.166;1009.46447753906;0
1221.256;1030.45471191406;0
1223.342;973.39599609375;0
1225.43;1035.48059082031;0
1227.515;1006.07598876953;0
1229.597;1041.49853515625;0
1231.685;1015.40472412109;0
1233.767;1008.0634765625;0
1235.85;971.897644042969;0
1237.931;1034.16955566406;0
1240.009;1013.5830078125;0
1242.09;1073.22692871094;0
1244.168;1031.32373046875;0
1246.245;1135.43762207031;0
1248.321;1037.12451171875;0
1250.397;978.941040039063;0
1252.472;984.578674316406;0
1254.547;1014.71447753906;0
1256.618;1037.55102539063;0
1258.69;964.040283203125;0
1260.761;990.342163085937;0
1262.83;1015.21746826172;0
1264.901;1014.78576660156;0
1266.969;992.489990234375;0
1269.035;951.662475585938;0
1271.102;921.189880371094;0
1273.167;910.181213378906;0
1275.233;895.304382324219;0
1277.295;871.668823242188;0
1279.359;863.273864746094;0
1281.42;726.004455566406;0
1283.482;757.856689453125;0
1285.542;746.227844238281;0
1287.6;839.633178710938;0
1289.659;844.423828125;0
1291.714;879.422973632813;0
1293.774;930.413696289062;0
1295.828;926.857604980469;0
1297.881;975.970397949219;0
1299.936;1072.67919921875;0
1301.987;1061.22985839844;0
1304.041;1078.67956542969;0
1306.09;1002.70465087891;0
1308.139;1099.61669921875;0
1310.19;1079.24194335937;0
1312.238;1220.67419433594;0
1314.286;1184.80383300781;0
1316.331;1229.81787109375;0
1318.376;1270.90869140625;0
1320.422;1304.83923339844;0
1322.466;1352.55883789063;0
1324.508;1261.54809570313;0
1326.549;1240.48291015625;0
1328.59;1153.45739746094;0
1330.632;1130.76550292969;0
1332.67;1176.56982421875;0
1334.707;1161.42297363281;0
1336.746;1181.97375488281;0
1338.78;1159.69152832031;0
1340.816;1153.720703125;0
1342.852;997.358215332031;0
1344.885;928.72802734375;0
1346.916;883.167846679688;0
1348.948;900.890625;0
1350.979;931.45458984375;0
1353.011;908.11328125;0
1355.04;883.51611328125;0
1357.066;791.648498535156;0
1359.094;845.058959960937;0
1361.121;840.823181152344;0
1363.145;875.187072753906;0
1365.171;782.482543945312;0
1367.192;832.032958984375;0
1369.216;892.72265625;0
1371.239;904.65966796875;0
1373.258;867.483520507812;0
1375.28;684.182983398438;0
1377.298;654.887878417969;0
1379.316;563.840026855469;0
1381.335;678.895263671875;0
1383.35;677.305236816406;0
1385.366;740.514953613281;0
1387.38;611.189880371094;0
1389.394;593.940612792969;0
1391.409;603.5361328125;0
1393.42;594.575866699219;0
1395.43;630.782653808594;0
1397.44;642.050659179688;0
1399.451;748.781127929687;0
1401.458;680.644958496094;0
1403.466;556.269470214844;0
1405.472;436.144470214844;0
1407.478;371.381744384766;0
1409.483;363.898620605469;0
1411.486;413.064147949219;0
1413.49;527.905212402344;0
1415.492;667.656188964844;0
1417.492;668.108337402344;0
1419.495;624.1142578125;0
1421.494;632.717346191406;0
1423.492;616.573120117187;0
1425.49;711.755065917969;0
1427.487;738.856567382813;0
1429.482;858.094177246094;0
1431.477;961.7333984375;0
1433.471;965.511840820313;0
1435.466;1042.30456542969;0
1437.456;974.309509277344;0
1439.447;1114.74499511719;0
1441.441;1173.8642578125;0
1443.427;1283.12634277344;0
1445.417;1184.08911132813;0
1447.406;1112.30822753906;0
1449.392;1067.22827148438;0
1451.381;1124.51586914063;0
1453.365;1112.06176757813;0
1455.348;1090.75671386719;0
1457.333;1009.93280029297;0
1459.314;997.809143066406;0
1461.296;890.046447753906;0
1463.276;877.672729492187;0
1465.256;854.325561523437;0
1467.237;918.496704101562;0
1469.215;943.071594238281;0
1471.19;892.897094726562;0
1473.167;943.615539550781;0
1475.145;961.147399902344;0
1477.118;945.050659179688;0
1479.092;910.770751953125;0
1481.065;825.974182128906;0
1483.038;852.441589355469;0
1485.008;837.285339355469;0
1486.979;816.839965820312;0
1488.949;820.108093261719;0
1490.917;777.982177734375;0
1492.883;822.018920898438;0
1494.852;708.550231933594;0
1496.817;660.352294921875;0
1498.782;579.157165527344;0
1500.748;693.04833984375;0
1502.708;682.98779296875;0
1504.673;688.641357421875;0
1506.634;671.3984375;0
1508.594;573.934387207031;0
1510.554;614.124328613281;0
1512.512;671.320556640625;0
1514.471;830.532470703125;0
1516.428;796.575256347656;0
1518.384;736.227111816406;0
1520.34;681.377319335937;0
1522.294;668.837158203125;0
1524.249;633.720153808594;0
1526.202;665.469482421875;0
1528.153;706.531188964844;0
1530.103;830.903869628906;0
1532.054;821.00634765625;0
1534.004;782.50390625;0
1535.951;741.4990234375;0
1537.899;728.024597167969;0
1539.847;777.496887207031;0
1541.793;618.838562011719;0
1543.738;617.424011230469;0
1545.681;624.049377441406;0
1547.625;604.134643554688;0
1549.566;530.2822265625;0
1551.509;349.942016601562;0
1553.45;417.218109130859;0
1555.389;452.716979980469;0
1557.33;495.283721923828;0
1559.266;379.124450683594;0
1561.204;423.014678955078;0
1563.141;388.843017578125;0
1565.074;532.609497070313;0
1567.009;520.202941894531;0
1568.943;601.399353027344;0
1570.877;581.641296386719;0
1572.808;530.259033203125;0
1574.741;438.585021972656;0
1576.67;345.063690185547;0
1578.6;210.553283691406;0
1580.528;250.855636596679;0
1582.455;288.181182861328;0
1584.382;415.199340820313;0
1586.307;431.336120605469;0
1588.234;469.624481201172;0
1590.157;441.725402832031;0
1592.081;393.749694824219;0
1594.002;330.619171142578;0
1595.927;339.222717285156;0
1597.845;364.558898925781;0
1599.767;344.961090087891;0
1601.685;322.20703125;0
1603.602;349.739868164062;0
1605.523;369.890655517578;0
1607.438;497.992340087891;0
1609.354;551.82275390625;0
1611.269;660.309448242187;0
1613.181;553.047546386719;0
1615.096;598.064208984375;0
1617.008;521.369384765625;0
1618.92;635.965270996094;0
1620.83;615.519714355469;0
1622.74;663.032043457031;0
1624.649;528.474426269531;0
1626.557;401.661712646484;0
1628.464;348.803955078125;0
1630.37;503.576293945313;0
1632.275;627.865356445313;0
1634.18;703.560546875;0
1636.085;652.886352539063;0
1637.988;657.5771484375;0
1639.888;636.076599121094;0
1641.791;689.716552734375;0
1643.691;692.946166992187;0
1645.588;722.207397460938;0
1647.489;746.828796386719;0
1649.387;845.256774902344;0
1651.284;988.492309570313;0
1653.18;1065.4296875;0
1655.075;1083.73095703125;0
1656.972;1063.29089355469;0
1658.864;1064.21923828125;0
1660.754;1000.07238769531;0
1662.65;967.293884277344;0
1664.539;856.4365234375;0
1666.428;854.285949707031;0
1668.32;779.173645019531;0
1670.207;833.321838378906;0
1672.096;866.619323730469;0
1673.982;914.177307128906;0
1675.867;949.773559570313;0
1677.754;896.07470703125;0
1679.638;907.525268554688;0
1681.52;829.125122070313;0
1683.403;819.985473632812;0
1685.285;755.55078125;0
1687.166;689.598693847656;0
1689.048;682.129760742188;0
1690.924;760.477172851563;0
1692.804;770.091796875;0
1694.682;692.723999023437;0
1696.558;670.808776855469;0
1698.435;576.519409179688;0
1700.308;593.294860839844;0
1702.184;428.332275390625;0
1704.057;427.964965820312;0
1705.929;435.379425048828;0
1707.801;481.908966064453;0
1709.674;487.330810546875;0
1711.542;490.644195556641;0
1713.412;477.293518066406;0
1715.28;390.389923095703;0
1717.145;230.15560913086;0
1719.015;165.812835693359;0
1720.88;196.509399414063;0
1722.746;168.610488891602;0
1724.61;196.976989746094;0
1726.471;297.876312255859;0
1728.334;313.657867431641;0
1730.197;274.321472167969;0
1732.057;214.862167358398;0
1733.919;352.916046142578;0
1735.777;375.850036621094;0
1737.634;428.887481689453;0
1739.493;449.472839355469;0
1741.349;407.272766113281;0
1743.205;327.398345947266;0
1745.061;216.181854248047;0
1746.915;283.097717285156;0
1748.77;311.401885986328;0
1750.621;368.954132080078;0
1752.473;382.125427246094;0
1754.323;361.321075439453;0
1756.173;413.758575439453;0
1758.022;384.107849121094;0
1759.87;456.408233642578;0
1761.718;439.729431152344;0
1763.566;538.47265625;0
1765.411;533.344970703125;0
1767.256;584.232482910156;0
1769.101;546.908325195313;0
1770.945;651.815979003906;0
1772.787;685.17578125;0
1774.629;746.989074707031;0
1776.469;816.583374023438;0
1778.309;827.735412597656;0
1780.15;778.889587402344;0
1781.987;575.712585449219;0
1783.826;441.204437255859;0
1785.662;484.698455810547;0
1787.498;542.416870117188;0
1789.334;461.137481689453;0
1791.169;548.860229492188;0
1793.002;542.474060058594;0
1794.834;765.090026855469;0
1796.667;689.04150390625;0
1798.498;768.105895996094;0
1800.328;669.507385253906;0
1802.157;604.133483886719;0
1803.986;504.210693359375;0
1805.813;515.406799316406;0
1807.639;573.166259765625;0
1809.467;611.155700683594;0
1811.292;585.486267089844;0
1813.117;518.048095703125;0
1814.94;491.064666748047;0
1816.763;469.870635986328;0
1818.585;564.690063476563;0
1820.407;596.858276367188;0
1822.227;678.043334960937;0
1824.048;648.579711914063;0
1825.865;625.135437011719;0
1827.683;548.489562988281;0
1829.501;341.052337646484;0
1831.317;207.528915405273;0
1833.135;168.019943237305;0
1834.948;163.667984008789;0
1836.761;138.124893188477;0
1838.577;211.996475219727;0
1840.388;277.016479492188;0
1842.198;317.995239257813;0
1844.009;234.675994873047;0
1845.819;249.50212097168;0
1847.629;216.808227539063;0
1849.436;200.262237548828;0
1851.244;105.198783874512;0
1853.052;148.072021484375;0
1854.858;198.006240844727;0
1856.661;249.925354003906;0
1858.466;290.655426025391;0
1860.269;276.158813476563;0
1862.073;283.357818603515;0
1863.875;266.479400634766;0
1865.673;181.853668212891;0
1867.476;196.372283935547;0
1869.275;237.954315185547;0
1871.072;371.522552490234;0
1872.872;458.898986816406;0
1874.667;338.194732666016;0
1876.464;333.298736572266;0
1878.26;277.766510009765;0
1880.053;346.486938476563;0
1881.849;291.458587646484;0
1883.64;268.237030029297;0
1885.431;295.155578613281;0
1887.226;315.992004394531;0
1889.014;327.746307373047;0
1890.803;332.418518066406;0
1892.594;354.786407470703;0
1894.38;419.736755371094;0
1896.167;333.599639892578;0
1897.955;342.930572509766;0
1899.74;345.396270751953;0
1901.526;375.885803222656;0
1903.309;395.956726074219;0
1905.091;354.276550292969;0
1906.876;372.287719726563;0
1908.658;165.988479614258;0
1910.438;161.151473999023;0
1912.217;169.220077514648;0
1913.996;274.638610839844;0
1915.775;222.629348754883;0
1917.553;146.636688232422;0
1919.33;124.548263549805;0
1921.106;133.898574829102;0
1922.881;185.746597290039;0
1924.655;259.939483642578;0
1926.431;272.475891113281;0
1928.202;270.132415771484;0
1929.974;132.129928588867;0
1931.746;117.911613464355;0
1933.516;158.961944580078;0
1935.286;270.121368408203;0
1937.055;263.059783935547;0
1938.823;313.918243408203;0
1940.592;296.559875488281;0
1942.356;388.464996337891;0
1944.122;422.521240234375;0
1945.888;587.805847167969;0
1947.651;585.429443359375;0
1949.416;500.724700927734;0
1951.178;463.245941162109;0
1952.939;478.10302734375;0
1954.699;562.961303710937;0
1956.459;554.265686035156;0
1958.219;455.677673339844;0
1959.979;478.149383544922;0
1961.735;407.768524169922;0
1963.491;378.962371826172;0
1965.249;296.73095703125;0
1967.003;386.625610351562;0
1968.761;524.323120117187;0
1970.512;595.049194335938;0
1972.265;709.20556640625;0
1974.018;714.584655761719;0
1975.769;729.63818359375;0
1977.522;556.282165527344;0
1979.271;492.96176147461;0
1981.018;448.010986328125;0
1982.766;379.652770996094;0
1984.516;336.553833007813;0
1986.261;283.047454833984;0
1988.009;282.355895996094;0
1989.754;307.480743408203;0
1991.498;268.866394042969;0
1993.241;414.182250976563;0
1994.984;451.206848144531;0
1996.727;419.607513427735;0
1998.468;363.720397949219;0
2000.206;365.216156005859;0
2001.946;435.539978027344;0
2003.686;437.470336914063;0
2005.424;419.674438476563;0
2007.161;406.373138427734;0
2008.898;341.566436767578;0
2010.634;392.921691894531;0
2012.369;503.995147705078;0
2014.103;659.009826660156;0
2015.836;663.744079589844;0
2017.57;722.198791503906;0
2019.299;649.930114746094;0
2021.032;704.494384765625;0
2022.762;633.670043945313;0
2024.491;772.477600097656;0
2026.221;796.857543945312;0
2027.947;670.0732421875;0
2029.676;487.569183349609;0
2031.403;407.789825439453;0
2033.128;401.957336425781;0
2034.852;326.628356933594;0
2036.577;276.429992675781;0
2038.299;373.6318359375;0
2040.022;429.231384277344;0
2041.744;431.198120117188;0
2043.465;397.890655517578;0
2045.184;353.606994628906;0
2046.903;419.076721191406;0
2048.621;401.604278564453;0
2050.339;428.74526977539;0
2052.057;355.166290283203;0
2053.774;316.312561035156;0
2055.488;155.740341186523;0
2057.203;75.4503173828125;0
2058.917;151.452774047852;0
2060.631;171.111343383789;0
2062.344;287.129150390625;0
2064.053;261.981201171875;0
2065.765;407.678497314453;0
2067.476;459.321533203125;0
2069.185;512.250915527344;0
2070.892;515.457153320313;0
2072.6;484.271789550781;0
2074.308;510.918762207031;0
2076.014;600.507873535156;0
2077.72;554.705871582031;0
2079.425;496.179412841797;0
2081.13;462.261779785156;0
2082.833;455.508575439453;0
2084.532;458.919769287109;0
2086.236;413.385009765625;0
2087.936;359.238311767578;0
2089.635;403.480377197266;0
2091.335;373.665924072266;0
2093.034;383.351226806641;0
2094.731;288.534271240234;0
2096.427;343.950469970703;0
2098.124;511.768371582031;0
2099.82;707.195129394531;0
2101.515;819.452941894531;0
2103.207;731.359191894531;0
2104.902;772.358276367188;0
2106.594;749.0302734375;0
2108.286;918.866638183594;0
2109.976;923.089721679688;0
2111.667;942.699340820312;0
2113.355;858.584533691406;0
2115.044;700.411926269531;0
2116.732;716.181518554687;0
2118.42;748.561767578125;0
2120.105;882.890991210938;0
2121.79;922.395385742188;0
2123.476;1009.52307128906;0
2125.16;966.052001953125;0
2126.844;947.759094238281;0
2128.524;990.643798828125;0
2130.207;1104.59497070312;0
2131.888;1151.72351074219;0
2133.567;1133.47412109375;0
2135.247;1176.57250976563;0
2136.927;1150.07385253906;0
2138.603;1192.42114257813;0
2140.281;1041.94897460937;0
2141.957;1035.75805664062;0
2143.633;876.972045898438;0
2145.308;990.973876953125;0
2146.981;1027.43420410156;0
2148.654;1108.24133300781;0
2150.328;970.894165039063;0
2152;867.614379882813;0
2153.669;877.845581054687;0
2155.34;972.215637207031;0
2157.01;1125.74548339844;0
2158.677;1011.60632324219;0
2160.347;982.209777832031;0
2162.013;747.517211914063;0
2163.681;885.774597167969;0
2165.347;904.526611328125;0
2167.011;963.397277832031;0
2168.674;849.386779785156;0
2170.337;774.384216308594;0
2172.002;812.055786132813;0
2173.662;809.622131347656;0
2175.324;728.747924804688;0
2176.985;688.433288574219;0
2178.645;568.566528320313;0
2180.304;585.481994628906;0
2181.961;497.124328613281;0
2183.618;594.049194335938;0
2185.275;630.256958007813;0
2186.932;693.339111328125;0
2188.586;683.371215820312;0
2190.242;691.874206542969;0
2191.896;706.93896484375;0
2193.547;644.010009765625;0
2195.2;643.796691894531;0
2196.851;646.351928710937;0
2198.502;696.136413574219;0
2200.153;596.039306640625;0
2201.799;550.687927246094;0
2203.447;541.526916503906;0
2205.097;699.753295898438;0
2206.742;822.321044921875;0
2208.391;843.674987792969;0
2210.035;897.370422363281;0
2211.679;797.184509277344;0
2213.324;815.116394042969;0
2214.966;811.16552734375;0
2216.608;839.106994628906;0
2218.252;861.824096679688;0
2219.89;768.650024414063;0
2221.531;854.580261230469;0
2223.172;841.169555664062;0
2224.809;843.473388671875;0
2226.449;799.936096191406;0
2228.086;756.337280273438;0
2229.72;796.822143554688;0
2231.358;733.974853515625;0
2232.992;878.483703613281;0
2234.625;779.764770507813;0
2236.26;855.374450683594;0
2237.893;731.091796875;0
2239.524;760.149353027344;0
2241.156;647.312744140625;0
2242.785;653.086853027344;0
2244.416;636.134582519531;0
2246.044;770.234741210937;0
2247.672;811.44384765625;0
2249.301;820.207397460938;0
2250.926;765.192993164063;0
2252.554;686.439697265625;0
2254.177;642.596374511719;0
2255.803;712.14794921875;0
2257.427;705.208251953125;0
2259.051;815.778076171875;0
2260.671;621.470275878906;0
2262.294;571.173217773438;0
2263.914;496.830200195313;0
2265.533;605.996704101563;0
2267.153;653.1171875;0
2268.773;683.413879394531;0
2270.392;671.220092773437;0
2272.006;613.868896484375;0
2273.624;556.805053710938;0
2275.239;686.473876953125;0
2276.854;792.874450683594;0
2278.468;819.618103027344;0
2280.084;749.926940917969;0
2281.695;713.801086425781;0
2283.305;754.426879882813;0
2284.919;607.617919921875;0
2286.527;582.07568359375;0
2288.14;551.487487792969;0
2289.748;564.52197265625;0
2291.354;590.071350097656;0
2292.964;558.247680664063;0
2294.569;605.719360351563;0
2296.174;551.263671875;0
2297.782;559.546936035156;0
2299.386;575.234130859375;0
2300.99;530.658569335938;0
2302.594;549.040710449219;0
2304.195;585.379455566406;0
2305.798;554.007690429688;0
2307.399;442.258697509765;0
2308.998;359.88558959961;0
2310.598;255.52587890625;0
2312.197;327.360321044922;0
2313.795;320.125305175781;0
2315.392;590.119506835938;0
2316.988;614.009521484375;0
2318.585;709.239929199219;0
2320.18;706.199645996094;0
2321.774;737.333251953125;0
2323.368;714.083312988281;0
2324.961;689.638061523437;0
2326.553;650.300903320312;0
2328.145;658.545715332031;0
2329.735;627.010498046875;0
2331.324;511.365173339844;0
2332.916;416.82666015625;0
2334.503;236.949569702149;0
2336.092;270.621612548828;0
2337.677;223.287826538086;0
2339.263;287.502746582031;0
2340.85;249.709854125977;0
2342.434;293.352661132813;0
2344.018;243.654403686523;0
2345.602;216.612426757812;0
2347.185;232.890594482422;0
2348.768;283.574371337891;0
2350.347;408.904693603516;0
2351.928;453.982849121094;0
2353.51;406.699157714844;0
2355.087;344.493316650391;0
2356.665;178.030364990235;0
2358.243;253.753051757813;0
2359.819;297.326416015625;0
2361.396;356.082092285156;0
2362.972;318.574005126953;0
2364.547;383.57827758789;0
2366.121;432.984741210938;0
2367.694;485.343078613281;0
2369.267;291.098480224609;0
2370.839;125.916633605957;0
2372.411;125.130416870117;0
2373.982;311.520080566406;0
2375.55;522.863098144531;0
2377.118;550.051391601563;0
2378.687;439.974761962891;0
2380.254;429.743865966797;0
2381.821;426.139526367188;0
2383.387;528.605163574219;0
2384.954;548.020202636719;0
2386.516;524.1630859375;0
2388.082;565.81005859375;0
2389.644;514.627502441406;0
2391.209;532.839599609375;0
2392.769;311.181182861328;0
2394.33;412.843231201172;0
2395.892;512.574462890625;0
2397.449;647.699401855469;0
2399.008;714.442565917969;0
2400.568;666.470886230469;0
2402.125;529.585998535156;0
2403.68;422.483093261719;0
2405.238;333.364807128906;0
2406.792;492.998809814453;0
2408.349;528.860961914063;0
2409.902;658.839538574219;0
2411.455;610.938232421875;0
2413.007;676.794677734375;0
2414.558;716.824462890625;0
2416.11;771.38134765625;0
2417.66;729.725891113281;0
2419.21;729.636352539063;0
2420.758;778.116638183594;0
2422.307;774.964416503906;0
2423.855;802.927490234375;0
2425.402;775.786193847656;0
2426.947;737.318420410156;0
2428.492;609.857727050781;0
2430.038;629.625183105469;0
2431.58;696.842163085938;0
2433.124;728.176452636719;0
2434.667;738.628112792969;0
2436.208;634.973205566406;0
2437.75;800.657897949219;0
2439.291;738.906494140625;0
2440.83;774.741027832031;0
2442.369;663.474487304688;0
2443.906;711.445678710938;0
2445.444;720.541442871094;0
2446.981;632.763244628906;0
2448.517;682.000793457031;0
2450.053;700.587890625;0
2451.587;657.414733886719;0
2453.12;702.704711914062;0
2454.655;685.291198730469;0
2456.187;781.619873046875;0
2457.718;707.521057128906;0
2459.25;626.223022460937;0
2460.781;599.279052734375;0
2462.31;486.246856689453;0
2463.84;635.794738769531;0
2465.368;669.475646972656;0
2466.896;654.510437011719;0
2468.423;535.449890136719;0
2469.949;588.180358886719;0
2471.474;691.256286621094;0
2472.998;741.783996582031;0
2474.522;653.316223144531;0
2476.045;614.816772460938;0
2477.568;652.476196289062;0
2479.09;682.307678222656;0
2480.612;787.033508300781;0
2482.132;697.984191894531;0
2483.653;670.313842773438;0
2485.171;701.719604492188;0
2486.689;925.563171386719;0
2488.208;1051.85266113281;0
2489.725;1047.58508300781;0
2491.242;905.979736328125;0
2492.757;843.142944335938;0
2494.271;721.404113769531;0
2495.785;773.820190429687;0
2497.3;872.6650390625;0
2498.812;1048.60400390625;0
2500.325;939.527648925781;0
2501.837;786.655151367188;0
2503.345;563.238220214844;0
2504.856;658.196411132813;0
2506.366;714.509094238281;0
2507.875;818.027038574219;0
2509.382;694.084167480469;0
2510.889;564.104675292969;0
2512.397;394.641845703125;0
2513.901;286.280456542969;0
2515.406;271.909240722656;0
2516.911;359.383605957031;0
2518.415;375.443572998047;0
2519.918;372.495727539063;0
2521.421;332.20751953125;0
2522.922;311.149475097656;0
2524.423;337.972106933594;0
2525.924;238.008666992188;0
2527.422;234.814514160156;0
2528.923;170.387710571289;0
2530.419;196.728118896484;0
2531.916;257.724273681641;0
2533.415;333.819519042969;0
2534.909;366.791229248047;0
2536.404;387.197570800781;0
2537.899;268.707061767578;0
2539.394;349.987335205078;0
2540.887;363.481262207031;0
2542.38;504.078369140625;0
2543.871;433.278289794922;0
2545.363;364.153289794922;0
2546.852;358.912200927734;0
2548.345;261.779022216797;0
2549.833;265.531860351562;0
2551.321;186.297729492188;0
2552.811;344.129516601563;0
2554.296;312.463287353515;0
2555.78;345.727325439453;0
2557.267;243.514846801758;0
2558.752;371.607727050781;0
2560.237;326.706481933594;0
2561.721;394.269134521484;0
2563.203;313.837951660156;0
2564.687;315.347564697266;0
2566.168;262.578735351563;0
2567.648;283.071838378906;0
2569.129;381.438903808594;0
2570.607;430.258331298828;0
2572.086;495.530792236328;0
2573.565;555.203552246094;0
2575.041;614.738342285156;0
2576.518;651.930114746094;0
2577.994;640.914978027344;0
2579.469;726.252075195312;0
2580.945;786.281616210938;0
2582.418;839.560241699219;0
2583.892;785.010681152344;0
2585.365;739.160827636719;0
2586.835;760.359191894531;0
2588.307;824.141296386719;0
2589.778;826.933044433594;0
2591.248;787.6181640625;0
2592.717;872.638488769531;0
2594.186;824.549560546875;0
2595.652;802.7958984375;0
2597.121;583.154235839844;0
2598.585;633.082946777344;0
2600.052;655.121398925781;0
2601.518;680.71240234375;0
2602.982;613.077270507812;0
2604.446;618.359436035156;0
2605.907;674.841003417969;0
2607.371;671.069580078125;0
2608.83;633.183654785156;0
2610.293;696.055908203125;0
2611.752;788.59033203125;0
2613.213;887.900512695313;0
2614.672;956.208984375;0
2616.13;1041.18432617187;0
2617.587;1058.15991210938;0
2619.043;1102.91345214844;0
2620.501;1107.89099121094;0
2621.957;1125.64855957031;0
2623.409;1083.96447753906;0
2624.864;1129.27392578125;0
2626.318;1149.20227050781;0
2627.771;1077.95861816406;0
2629.222;992.097839355469;0
2630.673;980.808776855469;0
2632.124;1064.69494628906;0
2633.575;1058.07421875;0
2635.023;1046.79370117187;0
2636.473;980.298156738281;0
2637.922;946.686340332031;0
2639.368;861.562255859375;0
2640.816;764.377075195313;0
2642.261;753.591186523438;0
2643.705;631.277770996094;0
2645.151;660.099243164062;0
2646.596;681.465942382813;0
2648.037;716.697387695312;0
2649.48;597.803955078125;0
2650.923;518.1142578125;0
2652.364;530.208190917969;0
2653.804;610.506469726563;0
2655.243;679.254272460938;0
2656.683;701.762390136719;0
2658.121;701.809997558594;0
2659.559;586.895080566406;0
2660.997;632.112182617188;0
2662.433;702.6669921875;0
2663.868;849.201904296875;0
2665.305;713.161315917969;0
2666.737;719.881103515625;0
2668.173;680.1435546875;0
2669.606;744.919860839844;0
2671.038;613.82080078125;0
2672.47;585.300231933594;0
2673.901;477.404479980469;0
2675.331;452.831634521484;0
2676.761;414.720855712891;0
2678.189;537.406311035156;0
2679.619;577.665771484375;0
2681.045;509.282623291016;0
2682.473;493.218170166016;0
2683.9;569.178894042969;0
2685.324;527.158752441406;0
2686.749;540.070922851562;0
2688.176;552.55810546875;0
2689.599;624.287353515625;0
2691.021;498.236358642578;0
2692.444;321.339721679688;0
2693.865;280.456909179688;0
2695.287;238.254837036133;0
2696.707;248.179244995117;0
2698.125;204.451187133789;0
2699.545;245.848678588867;0
2700.963;257.872253417969;0
2702.381;267.247863769531;0
2703.798;357.239562988281;0
2705.214;439.235168457031;0
2706.629;506.488830566406;0
2708.046;489.34555053711;0
2709.458;476.561676025391;0
2710.872;478.648193359375;0
2712.285;493.597137451172;0
2713.699;517.204956054688;0
2715.111;479.045562744141;0
2716.52;495.023895263672;0
2717.93;436.933013916016;0
2719.342;378.330810546875;0
2720.749;358.825866699219;0
2722.159;399.057525634765;0
2723.565;579.333435058594;0
2724.971;570.429321289062;0
2726.38;571.566955566406;0
2727.785;480.409362792969;0
2729.19;624.95703125;0
2730.594;726.433044433594;0
2731.997;762.950378417969;0
2733.401;672.956909179687;0
2734.803;589.675109863281;0
2736.204;600.218444824219;0
2737.606;681.056457519531;0
2739.005;754.611755371094;0
2740.405;774.439758300781;0
2741.806;794.427795410156;0
2743.202;751.018981933594;0
2744.602;858.770568847656;0
2745.998;785.127563476563;0
2747.395;872.42333984375;0
2748.79;867.545776367187;0
2750.185;917.602966308594;0
2751.58;890.149963378906;0
2752.975;881.520202636719;0
2754.366;889.905029296875;0
2755.759;908.391723632813;0
2757.151;886.193786621094;0
2758.542;943.920959472656;0
2759.933;996.994750976563;0
2761.322;1028.0830078125;0
2762.71;981.184875488281;0
2764.1;985.847229003906;0
2765.486;921.125915527344;0
2766.875;964.834228515625;0
2768.26;907.894104003906;0
2769.646;963.501953125;0
2771.031;985.79296875;0
2772.418;1038.69714355469;0
2773.799;1028.93774414063;0
2775.184;1080.47436523438;0
2776.565;1110.47119140625;0
2777.946;1230.982421875;0
2779.328;1183.54431152344;0
2780.708;1179.15637207031;0
2782.09;1149.70629882813;0
2783.469;1188.35388183594;0
2784.847;1192.83056640625;0
2786.226;1120.75573730469;0
2787.603;1070.51916503906;0
2788.978;1057.16845703125;0
2790.355;1101.24279785156;0
2791.731;1059.88110351562;0
2793.104;1093.056640625;0
2794.479;1062.45849609375;0
2795.853;1024.73803710938;0
2797.225;944.134948730469;0
2798.596;950.181701660156;0
2799.967;947.169250488281;0
2801.341;832.464965820313;0
2802.71;659.458984375;0
2804.077;503.728759765625;0
2805.447;476.196441650391;0
2806.815;491.309478759765;0
2808.183;478.624725341797;0
2809.551;489.035705566406;0
2810.915;464.431823730469;0
2812.282;495.257507324219;0
2813.646;376.178588867188;0
2815.011;326.639678955078;0
2816.375;287.307739257813;0
2817.736;254.404159545898;0
2819.099;269.594757080078;0
2820.462;260.647857666016;0
2821.821;407.570983886719;0
2823.182;387.031066894531;0
2824.542;354.696075439453;0
2825.901;309.565307617188;0
2827.261;347.544952392578;0
2828.617;467.227416992188;0
2829.974;462.926361083984;0
2831.33;461.085632324219;0
2832.686;395.482421875;0
2834.043;447.558898925781;0
2835.395;481.984344482422;0
2836.75;512.202270507812;0
2838.104;597.889831542969;0
2839.456;610.913391113281;0
2840.807;665.605651855469;0
2842.16;644.410095214844;0
2843.509;605.615905761719;0
2844.858;560.282836914063;0
2846.209;506.107147216797;0
2847.556;541.183471679688;0
2848.906;651.253723144531;0
2850.253;602.207702636719;0
2851.6;547.157287597656;0
2852.946;425.284240722656;0
2854.29;424.865234375;0
2855.635;478.940673828125;0
2856.98;358.98876953125;0
2858.323;320.985290527344;0
2859.665;261.588684082031;0
2861.008;307.424041748047;0
2862.349;337.233520507813;0
2863.691;240.786972045898;0
2865.031;297.317260742188;0
2866.37;292.915191650391;0
2867.709;386.691436767578;0
2869.048;361.761413574219;0
2870.385;403.740264892578;0
2871.722;429.830505371094;0
2873.059;531.352905273438;0
2874.394;641.109436035156;0
2875.73;722.401672363281;0
2877.064;684.48681640625;0
2878.398;528.544860839844;0
2879.731;568.661865234375;0
2881.063;638.752075195313;0
2882.395;700.978210449219;0
2883.727;769.725036621094;0
2885.059;788.441772460938;0
2886.387;833.238342285156;0
2887.717;768.004638671875;0
2889.046;739.074096679688;0
2890.374;727.101013183594;0
2891.699;732.397094726563;0
2893.028;748.442443847656;0
2894.354;777.782348632813;0
2895.679;759.925170898438;0
2897.004;798.725280761719;0
2898.328;770.6064453125;0
2899.653;820.0205078125;0
2900.976;822.064147949219;0
2902.297;924.443359375;0
2903.619;885.04443359375;0
2904.941;866.724304199219;0
2906.26;788.353149414063;0
2907.58;778.366455078125;0
2908.898;744.360046386719;0
2910.217;731.123779296875;0
2911.536;704.946533203125;0
2912.852;752.736145019531;0
2914.171;747.844360351563;0
2915.485;763.372619628906;0
2916.799;816.7822265625;0
2918.116;856.285217285156;0
2919.428;860.693237304687;0
2920.743;834.525390625;0
2922.056;820.153625488281;0
2923.367;839.700866699219;0
2924.679;774.086181640625;0
2925.99;909.367370605469;0
2927.299;1057.40551757812;0
2928.609;1150.64392089844;0
2929.918;1118.63793945312;0
2931.226;1032.16186523438;0
2932.535;990.773559570313;0
2933.841;950.0693359375;0
2935.149;937.922302246094;0
2936.455;955.297607421875;0
2937.758;911.782470703125;0
2939.064;885.110229492187;0
2940.368;833.691528320312;0
2941.67;844.533203125;0
2942.973;874.34130859375;0
2944.277;947.575012207031;0
2945.577;914.926208496094;0
2946.878;924.731628417969;0
2948.178;857.934448242188;0
2949.477;935.130249023437;0
2950.776;881.123046875;0
2952.073;913.942932128906;0
2953.372;800.456848144531;0
2954.669;837.849914550781;0
2955.965;831.518188476562;0
2957.261;881.576782226562;0
2958.556;774.136413574219;0
2959.849;761.425598144531;0
2961.145;842.281555175781;0
2962.436;999.477294921875;0
2963.732;1028.90283203125;0
2965.022;991.335021972656;0
2966.313;865.441040039063;0
2967.603;816.345581054688;0
2968.893;827.959899902344;0
2970.182;840.692687988281;0
2971.471;793.332092285156;0
2972.759;762.702575683594;0
2974.047;810.414733886719;0
2975.334;842.804321289063;0
2976.62;782.205444335937;0
2977.907;735.958557128906;0
2979.192;742.147399902344;0
2980.475;812.873718261719;0
2981.76;810.945007324219;0
2983.043;794.358642578125;0
2984.326;745.752197265625;0
2985.607;734.437377929687;0
2986.888;741.067626953125;0
2988.17;719.130737304688;0
2989.449;629.05224609375;0
2990.728;539.257690429688;0
2992.007;521.978576660156;0
2993.284;487.724029541016;0
2994.562;501.459594726563;0
2995.84;453.930541992188;0
2997.115;474.396087646484;0
2998.393;391.527587890625;0
2999.666;363.145233154297;0
3000.94;306.243225097656;0
3002.215;433.989898681641;0
3003.486;441.286590576172;0
3004.76;564.688903808594;0
3006.033;519.419372558594;0
3007.303;504.036865234375;0
3008.573;374.761474609375;0
3009.844;339.107574462891;0
3011.114;303.560943603516;0
3012.383;354.348175048828;0
3013.649;305.906799316406;0
3014.917;287.208648681641;0
3016.185;268.98779296875;0
3017.451;243.028778076172;0
3018.716;273.780426025391;0
3019.983;271.009094238281;0
3021.246;329.314056396484;0
3022.509;315.940856933594;0
3023.774;302.328948974609;0
3025.035;222.29443359375;0
3026.299;135.109329223633;0
3027.56;59.0698471069336;0
3028.819;62.6429443359375;0
3030.081;56.519905090332;0
3031.339;66.3715438842773;0
3032.598;73.8634185791016;0
3033.856;98.4153137207031;0
3035.114;177.080413818359;0
3036.372;211.724166870117;0
3037.628;302.951538085938;0
3038.883;305.295318603516;0
3040.138;280.977722167969;0
3041.394;370.886047363281;0
3042.646;420.241088867188;0
3043.9;444.708740234375;0
3045.152;353.179382324219;0
3046.405;315.317077636719;0
3047.657;255.676849365234;0
3048.906;352.12890625;0
3050.158;350.72998046875;0
3051.407;448.304840087891;0
3052.656;295.81201171875;0
3053.904;381.0107421875;0
3055.153;391.349884033203;0
3056.398;526.066589355469;0
3057.647;468.318695068359;0
3058.892;576.645263671875;0
3060.137;580.061218261719;0
3061.382;627.473999023438;0
3062.625;559.309509277344;0
3063.869;577.479248046875;0
3065.112;574.438781738281;0
3066.353;575.400146484375;0
3067.595;558.110900878906;0
3068.838;611.627868652344;0
3070.075;686.781433105469;0
3071.317;698.285766601562;0
3072.557;615.92138671875;0
3073.795;536.902404785156;0
3075.032;528.117736816406;0
3076.27;633.840515136719;0
3077.507;653.93505859375;0
3078.742;687.674499511719;0
3079.978;654.048461914063;0
3081.212;725.017028808594;0
3082.446;739.650573730469;0
3083.681;724.616943359375;0
3084.913;740.276184082031;0
3086.147;728.69140625;0
3087.38;804.197509765625;0
3088.61;781.430786132812;0
3089.84;812.823181152344;0
3091.071;721.813659667969;0
3092.3;726.191589355469;0
3093.529;763.529174804688;0
3094.755;816.880615234375;0
3095.984;852.277587890625;0
3097.211;811.661682128906;0
3098.438;820.974304199219;0
3099.663;800.704406738281;0
3100.888;824.720825195313;0
3102.112;805.629028320313;0
3103.335;737.527587890625;0
3104.56;628.8828125;0
3105.782;649.413391113281;0
3107.005;762.012939453125;0
3108.226;817.462951660156;0
3109.447;753.789916992187;0
3110.667;583.056518554688;0
3111.887;602.441650390625;0
3113.104;632.968872070313;0
3114.324;647.945983886719;0
3115.541;660.334594726563;0
3116.758;684.024597167969;0
3117.976;689.126403808594;0
3119.192;630.652038574219;0
3120.408;631.216491699219;0
3121.622;690.854797363281;0
3122.835;728.646362304688;0
3124.05;697.432250976563;0
3125.262;683.808471679688;0
3126.476;697.114624023438;0
3127.687;669.582641601563;0
3128.897;744.75439453125;0
3130.108;684.142578125;0
3131.319;720.653747558594;0
3132.528;720.607421875;0
3133.737;782.097290039063;0
3134.945;729.923950195313;0
3136.152;691.845947265625;0
3137.358;589.075378417969;0
3138.565;674.845520019531;0
3139.772;618.069763183594;0
3140.976;705.675964355469;0
3142.18;583.414489746094;0
3143.385;581.905822753906;0
3144.588;516.040283203125;0
3145.79;562.602661132813;0
3146.993;554.523681640625;0
3148.194;533.0283203125;0
3149.395;496.831512451172;0
3150.596;435.216827392578;0
3151.794;394.416809082031;0
3152.994;358.249267578125;0
3154.193;322.023132324219;0
3155.39;385.691589355469;0
3156.587;420.006439208984;0
3157.784;511.349334716797;0
3158.982;408.165802001953;0
3160.177;389.043701171875;0
3161.37;276.386352539063;0
3162.565;316.822875976563;0
3163.759;289.901428222656;0
3164.952;261.208404541016;0
3166.146;241.62043762207;0
3167.337;261.106475830078;0
3168.527;296.711456298828;0
3169.719;304.121612548828;0
3170.91;300.472961425781;0
3172.098;272.301452636719;0
3173.288;270.307281494141;0
3174.475;249.704467773438;0
3175.663;266.705627441406;0
3176.849;296.513336181641;0
3178.037;386.274169921875;0
3179.223;404.114868164063;0
3180.408;412.175231933594;0
3181.592;327.806427001953;0
3182.777;310.073364257813;0
3183.96;308.966552734375;0
3185.143;351.151672363281;0
3186.325;415.015045166016;0
3187.507;369.108062744141;0
3188.688;336.665100097656;0
3189.869;306.487396240234;0
3191.049;298.349670410156;0
3192.228;327.468200683594;0
3193.406;374.279907226563;0
3194.585;384.432312011719;0
3195.763;409.299957275391;0
3196.939;399.209350585938;0
3198.116;441.914123535156;0
3199.292;467.958374023438;0
3200.466;491.452545166016;0
3201.643;501.063323974609;0
3202.816;568.34619140625;0
3203.991;560.190063476563;0
3205.161;673.146179199219;0
3206.334;624.478759765625;0
3207.504;671.58154296875;0
3208.677;531.333435058594;0
3209.846;500.530456542969;0
3211.017;532.854675292969;0
3212.187;674.656127929688;0
3213.356;684.594177246094;0
3214.524;706.103881835938;0
3215.69;649.040588378906;0
3216.859;686.847961425781;0
3218.024;668.856872558594;0
3219.189;735.731872558594;0
3220.354;710.827697753906;0
3221.519;712.767333984375;0
3222.682;697.500915527344;0
3223.845;731.333190917969;0
3225.01;797.701354980469;0
3226.171;836.15283203125;0
3227.332;857.799865722656;0
3228.494;809.977416992188;0
3229.655;780.993103027344;0
3230.814;788.478515625;0
3231.973;787.300415039063;0
3233.13;862.900695800781;0
3234.29;844.808837890625;0
3235.447;879.358642578125;0
3236.605;772.645812988281;0
3237.76;796.703063964844;0
3238.916;760.623046875;0
3240.071;794.8046875;0
3241.224;743.738708496094;0
3242.381;731.185607910156;0
3243.532;687.325439453125;0
3244.685;757.271728515625;0
3245.839;711.501831054688;0
3246.99;700.287475585938;0
3248.141;684.985168457031;0
3249.292;767.120361328125;0
3250.439;803.784729003906;0
3251.589;682.979797363281;0
3252.739;692.802917480469;0
3253.886;642.282348632813;0
3255.034;754.738037109375;0
3256.18;676.967163085938;0
3257.326;679.622802734375;0
3258.472;644.893432617188;0
3259.617;667.279296875;0
3260.761;646.417846679688;0
3261.905;688.197998046875;0
3263.048;668.860961914063;0
3264.19;645.908081054688;0
3265.333;595.633056640625;0
3266.475;675.54443359375;0
3267.617;763.230712890625;0
3268.757;868.472290039063;0
3269.896;862.159545898437;0
3271.036;821.609252929688;0
3272.175;806.347595214844;0
3273.313;722.981079101563;0
3274.449;758.798950195313;0
3275.586;700.29638671875;0
3276.722;750.408874511719;0
3277.859;792.236145019531;0
3278.993;746.425231933594;0
3280.13;659.309814453125;0
3281.263;663.903076171875;0
3282.395;700.166015625;0
3283.529;797.094055175781;0
3284.66;786.73876953125;0
3285.794;777.440734863281;0
3286.924;750.160522460938;0
3288.054;696.875549316406;0
3289.185;648.740539550781;0
3290.313;650.473999023438;0
3291.443;592.724914550781;0
3292.571;678.658081054688;0
3293.698;664.9482421875;0
3294.824;689.038940429688;0
3295.952;602.153991699219;0
3297.077;557.650756835938;0
3298.203;572.954345703125;0
3299.328;643.24072265625;0
3300.45;684.443664550781;0
3301.574;660.120727539063;0
3302.698;590.473876953125;0
3303.819;650.327453613281;0
3304.942;649.560974121094;0
3306.064;628.372985839844;0
3307.182;656.676879882813;0
3308.303;638.491882324219;0
3309.423;706.406066894531;0
3310.542;595.568298339844;0
3311.66;553.158935546875;0
3312.778;474.024963378906;0
3313.895;428.2998046875;0
3315.012;437.504089355469;0
3316.128;464.751098632813;0
3317.243;456.822326660156;0
3318.357;417.714874267578;0
3319.471;390.715393066406;0
3320.586;379.026245117188;0
3321.698;470.945465087891;0
3322.813;508.79296875;0
3323.923;577.572326660156;0
3325.034;628.729431152344;0
3326.146;640.257873535156;0
3327.255;673.330444335938;0
3328.366;587.061584472656;0
3329.474;540.005554199219;0
3330.582;552.918212890625;0
3331.691;561.615600585938;0
3332.797;653.140014648438;0
3333.905;638.987182617188;0
3335.011;631.263610839844;0
3336.116;549.079040527344;0
3337.22;507.783020019531;0
3338.327;611.961669921875;0
3339.429;617.008972167969;0
3340.534;593.233276367188;0
3341.635;510.246063232422;0
3342.737;444.985534667969;0
3343.84;407.832489013672;0
3344.94;352.129180908203;0
3346.041;334.546356201172;0
3347.142;296.083038330078;0
3348.24;235.62419128418;0
3349.337;221.208465576172;0
3350.437;205.840805053711;0
3351.534;241.961898803711;0
3352.633;290.859008789062;0
3353.727;350.205932617187;0
3354.823;436.75341796875;0
3355.919;488.304779052734;0
3357.013;517.046875;0
3358.108;488.005096435547;0
3359.201;500.322784423828;0
3360.293;521.62353515625;0
3361.385;550.777648925781;0
3362.478;481.328399658203;0
3363.569;530.766784667969;0
3364.661;510.964691162109;0
3365.75;558.435668945312;0
3366.838;419.651672363281;0
3367.929;409.408386230469;0
3369.017;411.219604492188;0
3370.105;467.494506835937;0
3371.193;468.759246826172;0
3372.279;445.508361816406;0
3373.364;511.275115966797;0
3374.45;542.725219726563;0
3375.534;602.401916503906;0
3376.62;644.152587890625;0
3377.704;730.628601074219;0
3378.786;742.522155761719;0
3379.871;689.821838378906;0
3380.951;655.171325683594;0
3382.034;666.921020507813;0
3383.114;600.532043457031;0
3384.195;603.000366210938;0
3385.276;570.982055664063;0
3386.354;719.215637207031;0
3387.433;674.418029785156;0
3388.511;652.317504882813;0
3389.588;538.759826660156;0
3390.664;593.74169921875;0
3391.742;651.2578125;0
3392.816;677.024047851562;0
3393.893;609.552307128906;0
3394.968;556.157836914063;0
3396.042;558.101684570313;0
3397.115;611.992919921875;0
3398.189;626.402893066406;0
3399.262;626.493469238281;0
3400.333;647.795776367188;0
3401.404;697.578552246094;0
3402.474;693.872375488281;0
3403.545;692.747985839844;0
3404.615;644.881408691406;0
3405.685;719.968933105469;0
3406.752;667.491638183594;0
3407.82;683.893615722656;0
3408.888;661.975952148437;0
3409.955;675.559692382813;0
3411.021;695.130798339844;0
3412.085;627.853332519531;0
3413.151;650.287780761719;0
3414.215;664.049377441406;0
3415.279;691.383544921875;0
3416.343;704.843872070313;0
3417.406;675.778015136719;0
3418.468;763.455200195313;0
3419.53;707.09130859375;0
3420.592;697.899597167969;0
3421.652;647.73193359375;0
3422.712;694.738525390625;0
3423.773;650.642822265625;0
3424.83;634.039306640625;0
3425.889;617.809020996094;0
3426.946;672.729125976562;0
3428.005;616.548278808594;0
3429.061;624.766052246094;0
3430.117;678.028991699219;0
3431.172;764.359069824219;0
3432.227;723.329223632812;0
3433.281;669.841857910156;0
3434.335;645.473022460937;0
3435.389;670.571411132813;0
3436.44;650.690490722656;0
3437.492;648.573974609375;0
3438.546;580.681030273437;0
3439.598;603.326904296875;0
3440.646;579.527282714844;0
3441.697;625.410949707031;0
3442.745;545.186645507813;0
3443.793;467.175537109375;0
3444.842;443.824554443359;0
3445.891;517.804992675781;0
3446.937;530.904296875;0
3447.984;541.819641113281;0
3449.031;471.700561523438;0
3450.075;546.382141113281;0
3451.12;593.306518554687;0
3452.164;675.457763671875;0
3453.207;697.713928222656;0
3454.251;594.520874023438;0
3455.293;631.206176757813;0
3456.336;592.005859375;0
3457.378;644.970397949219;0
3458.417;555.638732910156;0
3459.458;530.863403320313;0
3460.498;510.473724365234;0
3461.539;479.038177490234;0
3462.577;466.537017822266;0
3463.614;475.104919433594;0
3464.651;524.260437011719;0
3465.689;495.536437988281;0
3466.726;454.368774414062;0
3467.763;437.809997558594;0
3468.798;416.552398681641;0
3469.831;394.779174804687;0
3470.866;402.256927490234;0
3471.9;473.704254150391;0
3472.933;549.451965332031;0
3473.966;536.910888671875;0
3474.999;531.765808105469;0
3476.029;502.871765136719;0
3477.061;520.740844726563;0
3478.09;459.986694335938;0
3479.121;477.258483886719;0
3480.15;492.114318847656;0
3481.178;516.738464355469;0
3482.205;513.939147949219;0
3483.234;438.526641845703;0
3484.26;466.824371337891;0
3485.288;450.627197265625;0
3486.313;463.183715820313;0
3487.337;394.877655029297;0
3488.364;400.012542724609;0
3489.387;469.006011962891;0
3490.411;481.006958007813;0
3491.434;505.076171875;0
3492.456;475.408355712891;0
3493.479;447.559783935547;0
3494.5;372.785278320313;0
3495.521;227.472061157226;0
3496.543;197.889129638672;0
3497.561;231.894760131836;0
3498.579;249.104568481445;0
3499.6;268.090667724609;0
3500.618;92.3362197875977;0
3501.636;26.2900867462158;0
3502.653;-10.9569272994995;0
3503.669;65.0608139038086;0
3504.685;27.6213836669922;0
3505.699;-12.3275728225708;0
3506.716;-70.5199966430664;0
3507.729;-108.589660644531;0
3508.743;-96.9155120849609;0
3509.755;-58.125;0
