98.64605;0;0
101.2353;0;0
103.8217;0;0
106.4096;29.037036895752;0
108.9945;5.08888912200928;0
111.5767;-7.98412704467773;0
114.1602;-37.5679016113281;0
116.7409;21.9595966339111;0
119.3209;111.692306518555;0
121.9002;109.955558776855;0
124.4788;16.9281044006348;0
127.0566;-53.2514610290527;0
129.6317;-104.476188659668;0
132.2038;25.4106273651123;0
134.7796;40.2266654968262;0
137.3503;96.8355178833008;0
139.9204;117.272148132324;0
142.4919;287.487548828125;0
145.0584;394.161712646484;0
147.6242;523.796936035156;0
150.1914;606.699768066406;0
152.7579;725.792114257813;0
155.3216;587.249389648438;0
157.8846;639.103454589844;0
160.4448;678.138366699219;0
163.0085;916.274291992188;0
165.5672;973.015930175781;0
168.1232;968.446716308594;0
170.6826;1012.85333251953;0
173.2372;1159.20617675781;0
175.7931;1262.86364746094;0
178.3463;1330.70251464844;0
180.8966;1397.48791503906;0
183.4504;1526.71765136719;0
185.9993;1577.67993164063;0
188.5476;1651.92102050781;0
191.0972;1623.51794433594;0
193.644;1615.33532714844;0
196.1859;1583.61779785156;0
198.7335;1643.69885253906;0
201.2761;1545.0546875;0
203.8201;1555.001953125;0
206.3593;1637.41625976563;0
208.8998;1948.23547363281;0
211.4397;2003.8701171875;0
213.9746;2064.89453125;0
216.5109;2052.1904296875;0
219.0487;2184.99072265625;0
221.5816;2265.68188476563;0
224.1158;2407.77612304688;0
226.6473;2445.91528320312;0
229.176;2484.1376953125;0
231.7082;2552.07739257813;0
234.2355;2629.71948242188;0
236.7643;2688.96801757812;0
239.2902;2555.83056640625;0
241.8133;2514.36352539063;0
244.3379;2313.12255859375;0
246.8618;2447.14697265625;0
249.3828;2417.9248046875;0
251.9053;2554.3671875;0
254.423;2407.65551757812;0
256.942;2333.96240234375;0
259.4603;2354.42944335937;0
261.9759;2430.26928710937;0
264.4887;2526.42749023437;0
267.005;2549.00390625;0
269.5164;2537.0771484375;0
272.0292;2523.4765625;0
274.5393;2578.5009765625;0
277.0466;2572.58374023437;0
279.5574;2650.83422851562;0
282.0654;2716.5537109375;0
284.5686;2712.35034179688;0
287.0752;2774.43896484375;0
289.5791;2639.78344726563;0
292.0803;2732.22802734375;0
294.5828;2515.62329101562;0
297.0826;2537.88525390625;0
299.5838;2321.46704101562;0
302.0801;2344.82690429688;0
304.5758;2141.40869140625;0
307.0749;2148.7626953125;0
309.5672;2121.85131835938;0
312.0608;2283.38037109375;0
314.5558;2296.11303710937;0
317.044;2270.84936523437;0
319.5377;2118.3671875;0
322.0266;2208.19409179687;0
324.5127;2316.05834960937;0
327.0023;2497.9453125;0
329.4871;2423.91137695312;0
331.9691;2396.37670898438;0
334.4547;2363.02270507813;0
336.9353;2371.98486328125;0
339.4174;2356.13549804688;0
341.901;2438.20336914063;0
344.3776;2508.45385742188;0
346.8577;2559.423828125;0
349.333;2494.54052734375;0
351.8076;2493.80786132813;0
354.2857;2481.68920898437;0
356.7569;2399.72119140625;0
359.2296;2402.82495117188;0
361.7015;2283.29565429687;0
364.1729;2319.20727539062;0
366.6414;2313.2353515625;0
369.1093;2374.82299804687;0
371.5745;2377.87377929687;0
374.0432;2186.75268554688;0
376.507;2208.861328125;0
378.9702;2077.49169921875;0
381.4348;2003.10205078125;0
383.8947;1850.52990722656;0
386.3538;1944.25415039063;0
388.8144;2111.4169921875;0
391.2722;2304.3466796875;0
393.7314;2297.052734375;0
396.1859;2366.9306640625;0
398.6418;2458.52197265625;0
401.0949;2644.26586914063;0
403.5475;2522.15551757813;0
405.9972;2488.11767578125;0
408.4505;2527.765625;0
410.899;2768.72802734375;0
413.3468;2812.40185546875;0
415.796;2724.544921875;0
418.2405;2670.96704101563;0
420.6884;2586.65161132813;0
423.1295;2506.17846679688;0
425.572;2447.89306640625;0
428.0159;2429.38696289063;0
430.455;2484.75146484375;0
432.8956;2364.59692382813;0
435.3335;2388.11206054688;0
437.7707;2219.55737304688;0
440.2093;2327.69189453125;0
442.6432;2146.8427734375;0
445.0764;2163.75756835938;0
447.511;2005.37451171875;0
449.9429;2068.22314453125;0
452.3721;2117.88330078125;0
454.8048;2076.40698242188;0
457.2328;2127.279296875;0
459.66;2084.8203125;0
462.0847;2252.8369140625;0
464.5127;2179.61499023437;0
466.9381;2252.8349609375;0
469.3587;2311.02880859375;0
471.7807;2549.76391601562;0
474.2042;2569.70434570313;0
476.6229;2678.20092773438;0
479.041;2580.4931640625;0
481.4604;2582.74780273438;0
483.8752;2492.40185546875;0
486.2934;2564.08032226563;0
488.7068;2521.47973632812;0
491.1197;2469.2421875;0
493.5339;2313.17504882812;0
495.9435;2252.61962890625;0
498.3544;2051.259765625;0
500.7667;2111.43432617187;0
503.1723;2233.42309570312;0
505.5793;2362.42211914062;0
507.9856;2282.49975585937;0
510.3913;2105.62719726562;0
512.7944;2011.6015625;0
515.1968;1916.55419921875;0
517.5986;1870.26635742188;0
519.9997;1851.72741699219;0
522.3982;1908.68383789063;0
524.798;1723.93896484375;0
527.1973;1685.62377929688;0
529.5919;1651.56311035156;0
531.9899;1797.65283203125;0
534.3832;1874.72863769531;0
536.7758;1873.51831054688;0
539.1699;2003.33459472656;0
541.5593;1818.83471679687;0
543.9481;1896.87475585938;0
546.3382;1850.09240722656;0
548.7257;1952.79760742187;0
551.1146;1954.36450195313;0
553.4968;2164.95922851563;0
555.8824;2431.7666015625;0
558.2675;2455.58154296875;0
560.6478;2512.48999023438;0
563.0295;2458.76513671875;0
565.4106;2571.1875;0
567.7911;2368.6669921875;0
570.169;2275.861328125;0
572.5462;2014.63330078125;0
574.9229;2012.99072265625;0
577.2968;1815.15307617187;0
579.6721;1899.47888183594;0
582.0449;1844.98449707031;0
584.417;1845.05871582031;0
586.7885;1707.31872558594;0
589.1553;1750.10266113281;0
591.5255;1857.25073242188;0
593.8931;1800.61059570313;0
596.2601;1704.85302734375;0
598.6265;1560.09045410156;0
600.9902;1654.15466308594;0
603.3554;1662.47741699219;0
605.7179;1716.28930664063;0
608.0778;1738.10961914063;0
610.4391;1630.88879394531;0
612.7977;1682.1748046875;0
615.1558;1640.24462890625;0
617.5132;2002.90161132812;0
619.8701;1938.57043457031;0
622.2263;2045.73107910156;0
624.5779;1944.36877441406;0
626.9308;2254.93139648438;0
629.2852;2378.20849609375;0
631.6349;2605.73828125;0
633.9841;2638.38793945313;0
636.3326;2619.58813476563;0
638.6805;2548.54443359375;0
641.0279;2514.40307617187;0
643.3746;2651.24365234375;0
645.7187;2789.42431640625;0
648.0621;2776.51220703125;0
650.405;2590.72900390625;0
652.7453;2520.79663085937;0
655.087;2654.9677734375;0
657.426;2635.25854492188;0
659.7645;2517.01831054688;0
662.1024;2284.16528320312;0
664.4376;2160.1162109375;0
666.7742;2262.42333984375;0
669.1063;2150.76953125;0
671.4398;2300.01782226562;0
673.7726;2121.68774414062;0
676.1048;2270.564453125;0
678.4324;2265.74877929688;0
680.7635;2216.8017578125;0
683.0919;2231.17553710938;0
685.4158;2070.0400390625;0
687.743;2066.97021484375;0
690.0696;1970.47241210938;0
692.3937;2157.60961914063;0
694.7151;2073.35864257813;0
697.038;2270.72509765625;0
699.3583;2150.06298828125;0
701.6779;2450.4462890625;0
703.995;2363.57104492187;0
706.3155;2409.87744140625;0
708.6294;2236.81201171875;0
710.9467;2123.5927734375;0
713.2594;2246.22924804688;0
715.5735;2147.37524414063;0
717.887;2228.1552734375;0
720.1979;2160.638671875;0
722.5083;2554.59912109375;0
724.818;2556.93774414062;0
727.1252;2459.955078125;0
729.4357;2131.42236328125;0
731.7418;2162.263671875;0
734.0452;2328.41333007813;0
736.35;2423.7666015625;0
738.6522;2376.96264648438;0
740.9539;2320.70678710937;0
743.2569;2269.61376953125;0
745.5554;2127.515625;0
747.8553;2035.88549804687;0
750.1545;1941.0419921875;0
752.4513;2043.19372558594;0
754.7474;1777.12036132813;0
757.043;1760.45434570312;0
759.336;1789.99499511719;0
761.6304;1974.87890625;0
763.9222;2040.435546875;0
766.2114;1667.54016113281;0
768.5041;1630.98828125;0
770.7922;1364.35510253906;0
773.0777;1502.19396972656;0
775.3647;1620.00415039063;0
777.651;1920.53588867188;0
779.9368;1898.99096679688;0
782.22;1878.47619628906;0
784.5026;1785.43530273438;0
786.7847;2002.01525878906;0
789.0662;1864.2255859375;0
791.3451;1911.10180664063;0
793.6254;1950.45690917969;0
795.9012;2188.9130859375;0
798.1784;2418.90478515625;0
800.455;2443.47119140625;0
802.7291;2388.80834960937;0
805.0026;2167.37963867188;0
807.2755;2313.69262695313;0
809.5478;2251.72680664062;0
811.8176;2267.06591796875;0
814.0869;2291.322265625;0
816.3535;2401.59521484375;0
818.6235;2576.56005859375;0
820.8911;2362.63793945313;0
823.156;2426.88061523438;0
825.4204;2322.55615234375;0
827.6823;2500.59790039062;0
829.9474;2444.61303710938;0
832.2082;2482.6337890625;0
834.4683;2486.68017578125;0
836.7279;2539.61303710938;0
838.9869;2650.22607421875;0
841.2453;2527.93920898437;0
843.5012;2743.82446289062;0
845.7565;2653.35522460938;0
848.0133;2874.7431640625;0
850.2655;2834.4501953125;0
852.5153;2797.10864257813;0
854.7703;2619.35791015625;0
857.0189;2448.75219726563;0
859.2668;2366.14990234375;0
861.5182;2337.99560546875;0
863.7651;2344.17333984375;0
866.0114;2377.24584960938;0
868.2592;2039.38098144531;0
870.5024;1858.68212890625;0
872.7451;1655.56115722656;0
874.9872;1988.53833007813;0
877.2307;2010.02355957031;0
879.4717;2006.96948242188;0
881.7101;1840.04333496094;0
883.95;1802.66564941406;0
886.1854;1985.07458496094;0
888.4202;1976.2236328125;0
890.6604;2000.587890625;0
892.8941;1839.42114257813;0
895.1253;2026.56958007813;0
897.3599;2212.68969726562;0
899.59;2150.76635742188;0
901.8195;1890.69226074219;0
904.0504;1866.29907226562;0
906.2789;2079.79858398438;0
908.5087;2326.22631835938;0
910.7341;2244.48095703125;0
912.9589;2113.93115234375;0
915.1851;2135.97290039063;0
917.4088;2247.51831054688;0
919.63;2273.63745117188;0
921.8526;1831.81018066406;0
924.0727;1882.52514648438;0
926.2922;2142.60791015625;0
928.5112;2540.76196289062;0
930.7277;2383.1083984375;0
932.9476;1880.61328125;0
935.163;1670.16577148438;0
937.3739;1398.20642089844;0
939.5901;1589.62097167969;0
941.8019;1504.1396484375;0
944.0151;1555.29577636719;0
946.2258;1430.61193847656;0
948.4341;1248.26745605469;0
950.6456;1334.94885253906;0
952.8527;1368.47473144531;0
955.0593;1520.90197753906;0
957.2653;1259.26440429688;0
959.4689;1177.32727050781;0
961.6738;1226.02429199219;0
963.8782;1240.31750488281;0
966.0782;1283.24829101563;0
968.2815;1359.70971679688;0
970.4803;1417.1416015625;0
972.6787;1392.73474121094;0
974.8784;1273.86145019531;0
977.0757;1360.42248535156;0
979.2704;1318.28845214844;0
981.4667;1484.34533691406;0
983.6603;1572.24536132813;0
985.8535;1760.79479980469;0
988.0461;1787.29748535156;0
990.2363;1684.65612792969;0
992.4297;1899.86083984375;0
994.6169;2080.41479492187;0
996.8035;2506.09399414062;0
998.9933;2631.52807617188;0
1001.179;2618.38159179688;0
1003.364;2459.20751953125;0
1005.55;2180.70751953125;0
1007.732;2347.89697265625;0
1009.916;2305.16528320313;0
1012.096;2534.95361328125;0
1014.275;2149.38916015625;0
1016.459;2318.69140625;0
1018.636;2324.95629882813;0
1020.813;2640.71337890625;0
1022.991;2696.4150390625;0
1025.165;2659.32934570312;0
1027.34;2496.57690429687;0
1029.515;2412.83911132812;0
1031.687;2286.22338867188;0
1033.859;2468.90502929688;0
1036.03;2546.0234375;0
1038.199;2630.169921875;0
1040.369;2406.67553710938;0
1042.536;2239.64868164062;0
1044.704;2068.75341796875;0
1046.87;1995.00317382813;0
1049.034;1770.17456054688;0
1051.198;1734.63623046875;0
1053.363;1751.16979980469;0
1055.526;1855.69934082031;0
1057.686;1853.6962890625;0
1059.845;1888.25354003906;0
1062.005;1766.5478515625;0
1064.165;1772.56408691406;0
1066.323;1760.42346191406;0
1068.477;1762.29333496094;0
1070.634;1824.34741210938;0
1072.788;1570.47534179688;0
1074.942;1595.12353515625;0
1077.096;1489.41064453125;0
1079.247;1745.29626464844;0
1081.397;1849.8193359375;0
1083.547;2023.79528808594;0
1085.695;1940.30346679688;0
1087.844;1896.78601074219;0
1089.992;1814.00634765625;0
1092.138;1761.70666503906;0
1094.284;1886.83605957031;0
1096.425;1944.14868164063;0
1098.571;2124.32543945313;0
1100.711;2103.13110351562;0
1102.851;2104.59228515625;0
1104.994;2126.34326171875;0
1107.132;2040.84301757813;0
1109.271;1953.64575195312;0
1111.408;2015.93566894531;0
1113.543;2138.8564453125;0
1115.682;2318.21069335937;0
1117.816;2057.98217773438;0
1119.947;1903.62194824219;0
1122.08;1775.84936523438;0
1124.213;1952.32702636719;0
1126.343;1980.5419921875;0
1128.474;1987.93884277344;0
1130.602;1673.08630371094;0
1132.728;1672.8779296875;0
1134.856;1632.57263183594;0
1136.982;1701.4453125;0
1139.109;1698.76745605469;0
1141.234;1822.24694824219;0
1143.356;1882.63159179687;0
1145.479;1888.49267578125;0
1147.599;1754.24658203125;0
1149.719;1853.228515625;0
1151.839;1888.11584472656;0
1153.957;1893.01977539063;0
1156.076;1756.830078125;0
1158.191;1444.21508789063;0
1160.305;1404.22961425781;0
1162.423;1420.61645507813;0
1164.536;1649.40698242188;0
1166.647;1474.20837402344;0
1168.761;1644.59118652344;0
1170.871;1638.92712402344;0
1172.983;1721.78552246094;0
1175.092;1793.69799804687;0
1177.2;1899.22888183594;0
1179.306;2082.83422851563;0
1181.413;2097.7099609375;0
1183.518;2121.39208984375;0
1185.623;2012.33825683594;0
1187.725;1845.36059570313;0
1189.826;1828.39697265625;0
1191.929;1999.62805175781;0
1194.032;2027.25598144531;0
1196.13;1830.94421386719;0
1198.23;1698.57836914062;0
1200.327;1810.99096679688;0
1202.423;1893.56665039062;0
1204.52;1984.55529785156;0
1206.613;1557.23303222656;0
1208.71;1688.08740234375;0
1210.801;1691.77136230469;0
1212.892;2129.47192382812;0
1214.987;1982.43774414063;0
1217.075;1998.42395019531;0
1219.166;1786.82934570313;0
1221.256;1975.81555175781;0
1223.342;1802.25073242187;0
1225.43;1900.74682617188;0
1227.515;1752.29760742188;0
1229.597;1793.22924804688;0
1231.685;1787.54931640625;0
1233.767;1787.92590332031;0
1235.85;1851.30859375;0
1237.931;1910.97106933594;0
1240.009;1914.14501953125;0
1242.09;1657.95141601563;0
1244.168;1463.2880859375;0
1246.245;1510.744140625;0
1248.321;1666.41845703125;0
1250.397;1677.30517578125;0
1252.472;1694.29333496094;0
1254.547;1568.81408691406;0
1256.618;1427.64868164063;0
1258.69;1252.66345214844;0
1260.761;1316.01086425781;0
1262.83;1497.84826660156;0
1264.901;1520.86853027344;0
1266.969;1551.27087402344;0
1269.035;1381.77905273438;0
1271.102;1591.71313476563;0
1273.167;1519.74377441406;0
1275.233;1680.56481933594;0
1277.295;1527.03527832031;0
1279.359;1651.82153320312;0
1281.42;1331.25549316406;0
1283.482;1284.49523925781;0
1285.542;1031.23608398438;0
1287.6;1277.435546875;0
1289.659;1033.48767089844;0
1291.714;1228.71264648438;0
1293.774;1308.74072265625;0
1295.828;1501.33081054688;0
1297.881;1509.28784179687;0
1299.936;1490.57507324219;0
1301.987;1556.50830078125;0
1304.041;1718.10095214844;0
1306.09;1668.90979003906;0
1308.139;1589.49560546875;0
1310.19;1493.42224121094;0
1312.238;1576.87951660156;0
1314.286;1494.78344726563;0
1316.331;1401.92333984375;0
1318.376;1499.52136230469;0
1320.422;1472.57897949219;0
1322.466;1448.59411621094;0
1324.508;1353.18640136719;0
1326.549;1478.69299316406;0
1328.59;1452.12158203125;0
1330.632;1355.53649902344;0
1332.67;1426.30773925781;0
1334.707;1561.14624023437;0
1336.746;1660.23449707031;0
1338.78;1633.9091796875;0
1340.816;1522.17004394531;0
1342.852;1068.50524902344;0
1344.885;972.101196289063;0
1346.916;821.197448730469;0
1348.948;1232.13415527344;0
1350.979;1234.88256835938;0
1353.011;1250.99731445313;0
1355.04;1146.25939941406;0
1357.066;1111.21716308594;0
1359.094;1258.98022460938;0
1361.121;1169.65979003906;0
1363.145;1251.02355957031;0
1365.171;1028.6181640625;0
1367.192;1002.74731445313;0
1369.216;719.095642089844;0
1371.239;830.294921875;0
1373.258;908.602233886719;0
1375.28;981.575012207031;0
1377.298;787.538818359375;0
1379.316;615.941040039063;0
1381.335;651.640380859375;0
1383.35;719.249572753906;0
1385.366;822.927185058594;0
1387.38;739.59619140625;0
1389.394;738.579040527344;0
1391.409;795.659057617188;0
1393.42;596.822998046875;0
1395.43;648.929809570313;0
1397.44;537.787231445313;0
1399.451;677.617553710938;0
1401.458;567.532104492188;0
1403.466;391.979522705078;0
1405.472;455.477569580078;0
1407.478;620.381164550781;0
1409.483;869.692749023438;0
1411.486;1024.10791015625;0
1413.49;1088.07629394531;0
1415.492;1074.49145507813;0
1417.492;955.3583984375;0
1419.495;768.904113769531;0
1421.494;727.468200683594;0
1423.492;848.504333496094;0
1425.49;992.803100585938;0
1427.487;1118.73266601563;0
1429.482;1216.25048828125;0
1431.477;1243.2138671875;0
1433.471;1252.84484863281;0
1435.466;1231.69909667969;0
1437.456;1265.77673339844;0
1439.447;1207.96716308594;0
1441.441;1151.49255371094;0
1443.427;1150.67492675781;0
1445.417;1237.73022460938;0
1447.406;1292.76818847656;0
1449.392;1349.45727539062;0
1451.381;1318.14147949219;0
1453.365;1343.37622070312;0
1455.348;1161.38354492188;0
1457.333;1093.60083007813;0
1459.314;1043.13903808594;0
1461.296;1069.21130371094;0
1463.276;959.817565917969;0
1465.256;804.841491699219;0
1467.237;953.595092773438;0
1469.215;1166.09350585938;0
1471.19;1302.90063476563;0
1473.167;1269.34533691406;0
1475.145;1273.75915527344;0
1477.118;1231.36437988281;0
1479.092;1203.93859863281;0
1481.065;1116.37072753906;0
1483.038;1048.10864257813;0
1485.008;942.037170410156;0
1486.979;958.489807128906;0
1488.949;968.16796875;0
1490.917;919.036865234375;0
1492.883;878.872375488281;0
1494.852;786.451904296875;0
1496.817;791.331848144531;0
1498.782;813.997924804688;0
1500.748;862.075805664063;0
1502.708;859.231811523438;0
1504.673;803.349304199219;0
1506.634;760.995910644531;0
1508.594;633.62353515625;0
1510.554;681.010864257813;0
1512.512;725.935607910156;0
1514.471;911.953430175781;0
1516.428;723.619812011719;0
1518.384;704.714660644531;0
1520.34;508.793609619141;0
1522.294;575.452453613281;0
1524.249;466.117492675781;0
1526.202;636.130493164063;0
1528.153;537.012023925781;0
1530.103;693.981811523438;0
1532.054;451.593292236328;0
1534.004;551.620849609375;0
1535.951;626.16845703125;0
1537.899;746.013916015625;0
1539.847;807.687316894531;0
1541.793;541.730224609375;0
1543.738;544.774291992188;0
1545.681;423.08203125;0
1547.625;403.239074707031;0
1549.566;366.68994140625;0
1551.509;370.990112304688;0
1553.45;565.806274414063;0
1555.389;662.469665527344;0
1557.33;508.869110107422;0
1559.266;502.449066162109;0
1561.204;558.431823730469;0
1563.141;771.69970703125;0
1565.074;653.6953125;0
1567.009;495.852508544922;0
1568.943;488.171234130859;0
1570.877;551.095947265625;0
1572.808;436.404418945313;0
1574.741;306.425994873047;0
1576.67;198.716232299805;0
1578.6;252.623001098633;0
1580.528;373.029541015625;0
1582.455;367.374664306641;0
1584.382;378.892822265625;0
1586.307;240.908874511719;0
1588.234;357.756164550781;0
1590.157;464.879119873047;0
1592.081;597.388854980469;0
1594.002;484.952087402344;0
1595.927;335.235412597656;0
1597.845;268.124481201172;0
1599.767;372.619293212891;0
1601.685;298.943634033203;0
1603.602;313.653015136719;0
1605.523;157.969665527344;0
1607.438;443.122772216797;0
1609.354;531.226623535156;0
1611.269;740.056823730469;0
1613.181;468.827270507813;0
1615.096;384.759979248047;0
1617.008;163.743957519531;0
1618.92;383.572784423828;0
1620.83;444.001892089844;0
1622.74;652.253540039063;0
1624.649;581.215759277344;0
1626.557;409.777435302734;0
1628.464;367.271942138672;0
1630.37;429.143676757813;0
1632.275;543.056945800781;0
1634.18;549.456848144531;0
1636.085;508.347717285156;0
1637.988;569.513122558594;0
1639.888;506.275421142578;0
1641.791;507.863006591797;0
1643.691;579.717895507813;0
1645.588;650.7265625;0
1647.489;847.997802734375;0
1649.387;811.975402832031;0
1651.284;902.775756835938;0
1653.18;749.849182128906;0
1655.075;804.201232910156;0
1656.972;799.058166503906;0
1658.864;958.9755859375;0
1660.754;956.509094238281;0
1662.65;916.214111328125;0
1664.539;717.868530273438;0
1666.428;650.583435058594;0
1668.32;616.5810546875;0
1670.207;795.528076171875;0
1672.096;745.091064453125;0
1673.982;764.047912597656;0
1675.867;759.287475585938;0
1677.754;850.476379394531;0
1679.638;875.947998046875;0
1681.52;827.369018554688;0
1683.403;688.961547851563;0
1685.285;364.836853027344;0
1687.166;146.217071533203;0
1689.048;219.103149414063;0
1690.924;493.026184082031;0
1692.804;685.119445800781;0
1694.682;611.275756835938;0
1696.558;681.161682128906;0
1698.435;566.999572753906;0
1700.308;587.455993652344;0
1702.184;379.197601318359;0
1704.057;427.113372802734;0
1705.929;322.647674560547;0
1707.801;334.133880615234;0
1709.674;248.349746704102;0
1711.542;394.073059082031;0
1713.412;495.635650634766;0
1715.28;418.481903076172;0
1717.145;354.722961425781;0
1719.015;339.796356201172;0
1720.88;314.920013427734;0
1722.746;148.198760986328;0
1724.61;148.81623840332;0
1726.471;307.103912353516;0
1728.334;480.319732666016;0
1730.197;402.235870361328;0
1732.057;356.862701416016;0
1733.919;311.312194824219;0
1735.777;333.028869628906;0
1737.634;284.901580810547;0
1739.493;373.485900878906;0
1741.349;332.670684814453;0
1743.205;391.233764648438;0
1745.061;411.423431396484;0
1746.915;417.314910888672;0
1748.77;578.343872070313;0
1750.621;497.732543945313;0
1752.473;535.925354003906;0
1754.323;351.589019775391;0
1756.173;401.167938232422;0
1758.022;425.328765869141;0
1759.87;470.849334716797;0
1761.718;286.057800292969;0
1763.566;386.503692626953;0
1765.411;420.292755126953;0
1767.256;482.309661865234;0
1769.101;471.776672363281;0
1770.945;466.804931640625;0
1772.787;642.949951171875;0
1774.629;614.211730957031;0
1776.469;711.590270996094;0
1778.309;687.974426269531;0
1780.15;646.586975097656;0
1781.987;709.20556640625;0
1783.826;501.719116210938;0
1785.662;676.23876953125;0
1787.498;560.100036621094;0
1789.334;676.414001464844;0
1791.169;602.1806640625;0
1793.002;607.955627441406;0
1794.834;693.183288574219;0
1796.667;794.197021484375;0
1798.498;894.997680664063;0
1800.328;1018.26043701172;0
1802.157;837.749328613281;0
1803.986;823.682739257813;0
1805.813;694.727294921875;0
1807.639;737.883056640625;0
1809.467;706.816711425781;0
1811.292;792.417053222656;0
1813.117;795.795288085938;0
1814.94;858.395751953125;0
1816.763;793.774108886719;0
1818.585;850.474609375;0
1820.407;623.619567871094;0
1822.227;685.542419433594;0
1824.048;647.545349121094;0
1825.865;809.833190917969;0
1827.683;547.678100585938;0
1829.501;445.858825683594;0
1831.317;223.713470458984;0
1833.135;373.836181640625;0
1834.948;124.451034545898;0
1836.761;234.085418701172;0
1838.577;298.179077148438;0
1840.388;533.398620605469;0
1842.198;542.854309082031;0
1844.009;486.546112060547;0
1845.819;528.585083007813;0
1847.629;431.860198974609;0
1849.436;286.260314941406;0
1851.244;116.007614135742;0
1853.052;145.406280517578;0
1854.858;194.485504150391;0
1856.661;236.355941772461;0
1858.466;427.239807128906;0
1860.269;395.359344482422;0
1862.073;505.936798095703;0
1863.875;342.416534423828;0
1865.673;380.243072509766;0
1867.476;375.083038330078;0
1869.275;337.15869140625;0
1871.072;508.914428710938;0
1872.872;654.239196777344;0
1874.667;615.577331542969;0
1876.464;508.706756591797;0
1878.26;418.739349365234;0
1880.053;403.786407470703;0
1881.849;328.959045410156;0
1883.64;278.146118164063;0
1885.431;375.903259277344;0
1887.226;548.899353027344;0
1889.014;322.358856201172;0
1890.803;343.726226806641;0
1892.594;208.671798706055;0
1894.38;562.418579101563;0
1896.167;541.191101074219;0
1897.955;577.989440917969;0
1899.74;433.924713134766;0
1901.526;406.219085693359;0
1903.309;384.09765625;0
1905.091;377.448364257813;0
1906.876;374.050201416016;0
1908.658;229.126174926758;0
1910.438;297.455780029297;0
1912.217;387.705718994141;0
1913.996;415.876037597656;0
1915.775;349.300048828125;0
1917.553;291.866668701172;0
1919.33;413.24462890625;0
1921.106;365.438201904297;0
1922.881;204.55924987793;0
1924.655;227.619049072266;0
1926.431;244.272994995117;0
1928.202;177.854385375977;0
1929.974;-62.6056632995605;0
1931.746;-33.223461151123;0
1933.516;112.323028564453;0
1935.286;233.240020751953;0
1937.055;236.638809204102;0
1938.823;363.302764892578;0
1940.592;381.339263916016;0
1942.356;362.074005126953;0
1944.122;426.94677734375;0
1945.888;512.517761230469;0
1947.651;575.231506347656;0
1949.416;271.312347412109;0
1951.178;259.204772949219;0
1952.939;183.686553955078;0
1954.699;374.202789306641;0
1956.459;406.863555908203;0
1958.219;379.115875244141;0
1959.979;440.515319824219;0
1961.735;489.061889648438;0
1963.491;628.200012207031;0
1965.249;501.040863037109;0
1967.003;562.806579589844;0
1968.761;569.279113769531;0
1970.512;611.242248535156;0
1972.265;601.585021972656;0
1974.018;559.973937988281;0
1975.769;612.742431640625;0
1977.522;550.223815917969;0
1979.271;477.529174804688;0
1981.018;359.328033447266;0
1982.766;103.397315979004;0
1984.516;123.292404174805;0
1986.261;101.013305664063;0
1988.009;285.659820556641;0
1989.754;337.465484619141;0
1991.498;422.094207763672;0
1993.241;529.214904785156;0
1994.984;493.447692871094;0
1996.727;343.840484619141;0
1998.468;232.723648071289;0
2000.206;319.316986083984;0
2001.946;521.176086425781;0
2003.686;606.523132324219;0
2005.424;510.135955810547;0
2007.161;589.678344726563;0
2008.898;610.149353027344;0
2010.634;741.218811035156;0
2012.369;621.219177246094;0
2014.103;477.259857177734;0
2015.836;335.007476806641;0
2017.57;453.021850585938;0
2019.299;540.532531738281;0
2021.032;571.654174804688;0
2022.762;437.940216064453;0
2024.491;484.275329589844;0
2026.221;521.2138671875;0
2027.947;548.200256347656;0
2029.676;474.234558105469;0
2031.403;543.982055664063;0
2033.128;461.878448486328;0
2034.852;478.724029541016;0
2036.577;346.702453613281;0
2038.299;491.834625244141;0
2040.022;475.675933837891;0
2041.744;240.109786987305;0
2043.465;179.806640625;0
2045.184;157.54426574707;0
2046.903;367.882934570313;0
2048.621;381.71142578125;0
2050.339;372.585296630859;0
2052.057;364.391235351563;0
2053.774;325.573669433594;0
2055.488;220.799301147461;0
2057.203;293.067443847656;0
2058.917;360.601379394531;0
2060.631;430.842987060547;0
2062.344;339.458862304688;0
2064.053;285.560150146484;0
2065.765;305.702392578125;0
2067.476;464.218933105469;0
2069.185;498.332000732422;0
2070.892;578.151672363281;0
2072.6;558.791687011719;0
2074.308;570.922241210938;0
2076.014;524.543273925781;0
2077.72;483.321502685547;0
2079.425;426.701324462891;0
2081.13;393.328674316406;0
2082.833;290.701690673828;0
2084.532;346.340179443359;0
2086.236;313.132965087891;0
2087.936;262.757781982422;0
2089.635;316.180725097656;0
2091.335;331.837768554688;0
2093.034;412.321228027344;0
2094.731;229.370086669922;0
2096.427;285.205718994141;0
2098.124;427.637329101563;0
2099.82;696.556640625;0
2101.515;817.296875;0
2103.207;764.302612304688;0
2104.902;750.684936523438;0
2106.594;741.31103515625;0
2108.286;854.145080566406;0
2109.976;936.319946289063;0
2111.667;980.829467773438;0
2113.355;994.711303710938;0
2115.044;929.421203613281;0
2116.732;855.947814941406;0
2118.42;753.398071289063;0
2120.105;717.811828613281;0
2121.79;843.56982421875;0
2123.476;1021.86389160156;0
2125.16;1072.29479980469;0
2126.844;1002.64080810547;0
2128.524;930.235168457031;0
2130.207;881.633483886719;0
2131.888;969.503662109375;0
2133.567;1018.96673583984;0
2135.247;1104.36083984375;0
2136.927;1071.68579101563;0
2138.603;1102.98767089844;0
2140.281;1091.43811035156;0
2141.957;1160.15051269531;0
2143.633;1098.57312011719;0
2145.308;1102.70654296875;0
2146.981;1023.77569580078;0
2148.654;1083.18225097656;0
2150.328;996.080871582031;0
2152;1011.36090087891;0
2153.669;1019.62121582031;0
2155.34;1046.15185546875;0
2157.01;1142.79418945312;0
2158.677;1080.04614257813;0
2160.347;1146.35229492188;0
2162.013;1053.490234375;0
2163.681;1126.46032714844;0
2165.347;1169.92883300781;0
2167.011;1163.85180664063;0
2168.674;1081.80529785156;0
2170.337;1041.25439453125;0
2172.002;977.306274414063;0
2173.662;1002.40997314453;0
2175.324;884.787780761719;0
2176.985;881.550720214844;0
2178.645;806.693176269531;0
2180.304;819.68603515625;0
2181.961;919.917114257813;0
2183.618;978.422241210938;0
2185.275;870.868103027344;0
2186.932;814.243225097656;0
2188.586;769.815063476563;0
2190.242;966.044921875;0
2191.896;704.141906738281;0
2193.547;640.23046875;0
2195.2;592.111145019531;0
2196.851;737.145568847656;0
2198.502;756.441955566406;0
2200.153;671.667114257813;0
2201.799;713.043395996094;0
2203.447;664.904113769531;0
2205.097;649.048706054688;0
2206.742;644.510192871094;0
2208.391;613.834411621094;0
2210.035;707.913757324219;0
2211.679;646.488342285156;0
2213.324;755.648498535156;0
2214.966;706.13818359375;0
2216.608;647.16162109375;0
2218.252;551.077453613281;0
2219.89;549.50146484375;0
2221.531;762.797302246094;0
2223.172;940.475341796875;0
2224.809;959.868957519531;0
2226.449;902.866943359375;0
2228.086;914.921875;0
2229.72;955.155822753906;0
2231.358;961.124938964844;0
2232.992;804.749755859375;0
2234.625;720.43994140625;0
2236.26;831.175720214844;0
2237.893;1009.97644042969;0
2239.524;1134.17834472656;0
2241.156;898.446899414063;0
2242.785;837.413208007813;0
2244.416;788.000061035156;0
2246.044;901.801147460938;0
2247.672;848.88427734375;0
2249.301;835.35986328125;0
2250.926;913.07568359375;0
2252.554;806.742126464844;0
2254.177;903.857482910156;0
2255.803;876.923583984375;0
2257.427;1066.27368164063;0
2259.051;1120.01916503906;0
2260.671;923.159729003906;0
2262.294;822.917724609375;0
2263.914;676.720703125;0
2265.533;962.764709472656;0
2267.153;978.465759277344;0
2268.773;1039.0166015625;0
2270.392;858.186889648438;0
2272.006;832.31005859375;0
2273.624;736.719482421875;0
2275.239;850.975402832031;0
2276.854;962.072021484375;0
2278.468;1056.34423828125;0
2280.084;1087.94250488281;0
2281.695;1013.72833251953;0
2283.305;1097.25524902344;0
2284.919;781.743103027344;0
2286.527;787.499938964844;0
2288.14;690.899597167969;0
2289.748;879.342407226563;0
2291.354;868.630493164063;0
2292.964;817.874816894531;0
2294.569;890.631103515625;0
2296.174;893.343566894531;0
2297.782;938.456604003906;0
2299.386;922.858703613281;0
2300.99;762.659790039063;0
2302.594;807.083984375;0
2304.195;842.339904785156;0
2305.798;933.092590332031;0
2307.399;737.564208984375;0
2308.998;556.319702148438;0
2310.598;480.677459716797;0
2312.197;636.602294921875;0
2313.795;873.41015625;0
2315.392;1072.70764160156;0
2316.988;1114.49475097656;0
2318.585;1093.10485839844;0
2320.18;1039.09350585938;0
2321.774;958.682800292969;0
2323.368;848.642639160156;0
2324.961;793.295227050781;0
2326.553;548.194580078125;0
2328.145;596.526489257813;0
2329.735;583.299194335938;0
2331.324;849.271667480469;0
2332.916;804.395812988281;0
2334.503;671.655334472656;0
2336.092;540.577514648438;0
2337.677;631.75390625;0
2339.263;848.736022949219;0
2340.85;945.311950683594;0
2342.434;916.232238769531;0
2344.018;878.27392578125;0
2345.602;826.842651367188;0
2347.185;783.860961914063;0
2348.768;774.100402832031;0
2350.347;883.783264160156;0
2351.928;882.909545898438;0
2353.51;912.8125;0
2355.087;818.4921875;0
2356.665;755.944458007813;0
2358.243;537.780090332031;0
2359.819;465.160797119141;0
2361.396;542.24609375;0
2362.972;669.0830078125;0
2364.547;808.893859863281;0
2366.121;715.345275878906;0
2367.694;850.101013183594;0
2369.267;789.6064453125;0
2370.839;654.083923339844;0
2372.411;500.865325927734;0
2373.982;560.807067871094;0
2375.55;778.718872070313;0
2377.118;584.381225585938;0
2378.687;522.236450195313;0
2380.254;496.511749267578;0
2381.821;826.038635253906;0
2383.387;828.772094726563;0
2384.954;904.49267578125;0
2386.516;850.773742675781;0
2388.082;913.076721191406;0
2389.644;871.259826660156;0
2391.209;808.8798828125;0
2392.769;699.261474609375;0
2394.33;815.336303710938;0
2395.892;955.549621582031;0
2397.449;963.091247558594;0
2399.008;838.969116210938;0
2400.568;804.402893066406;0
2402.125;767.719970703125;0
2403.68;812.310485839844;0
2405.238;793.005065917969;0
2406.792;947.304321289063;0
2408.349;1013.93579101563;0
2409.902;1063.56604003906;0
2411.455;1107.53259277344;0
2413.007;1138.49145507813;0
2414.558;1167.69555664063;0
2416.11;1116.9482421875;0
2417.66;1077.58422851563;0
2419.21;1033.78588867188;0
2420.758;1035.10998535156;0
2422.307;998.918029785156;0
2423.855;920.274963378906;0
2425.402;908.293701171875;0
2426.947;860.026916503906;0
2428.492;797.904663085938;0
2430.038;770.260925292969;0
2431.58;780.286743164063;0
2433.124;1003.63995361328;0
2434.667;835.296020507813;0
2436.208;694.0732421875;0
2437.75;761.243469238281;0
2439.291;899.222229003906;0
2440.83;954.233337402344;0
2442.369;845.832275390625;0
2443.906;987.464111328125;0
2445.444;1174.5771484375;0
2446.981;1096.72705078125;0
2448.517;1009.87805175781;0
2450.053;805.168762207031;0
2451.587;614.558715820313;0
2453.12;794.894226074219;0
2454.655;926.263732910156;0
2456.187;1244.33386230469;0
2457.718;1244.6630859375;0
2459.25;1193.92785644531;0
2460.781;926.707641601563;0
2462.31;725.111022949219;0
2463.84;831.931396484375;0
2465.368;996.125793457031;0
2466.896;940.356018066406;0
2468.423;839.177612304688;0
2469.949;914.703674316406;0
2471.474;1059.37768554688;0
2472.998;1210.24548339844;0
2474.522;1011.36456298828;0
2476.045;1093.84362792969;0
2477.568;1121.77575683594;0
2479.09;1271.25512695313;0
2480.612;1238.31237792969;0
2482.132;998.27978515625;0
2483.653;926.388488769531;0
2485.171;783.930297851563;0
2486.689;1159.90515136719;0
2488.208;1221.79174804688;0
2489.725;1289.58203125;0
2491.242;1145.27868652344;0
2492.757;1273.77526855469;0
2494.271;1248.96545410156;0
2495.785;1286.30053710938;0
2497.3;1343.11389160156;0
2498.812;1494.18225097656;0
2500.325;1334.06127929688;0
2501.837;1088.63598632813;0
2503.345;721.138916015625;0
2504.856;723.095031738281;0
2506.366;752.478820800781;0
2507.875;990.399841308594;0
2509.382;991.898376464844;0
2510.889;973.863891601563;0
2512.397;736.298706054688;0
2513.901;536.242614746094;0
2515.406;529.215881347656;0
2516.911;823.9521484375;0
2518.415;1003.82135009766;0
2519.918;1019.59765625;0
2521.421;927.167907714844;0
2522.922;715.752990722656;0
2524.423;726.738159179688;0
2525.924;578.96630859375;0
2527.422;709.869140625;0
2528.923;632.774658203125;0
2530.419;791.681335449219;0
2531.916;756.144653320313;0
2533.415;880.608703613281;0
2534.909;736.958312988281;0
2536.404;689.52685546875;0
2537.899;330.630584716797;0
2539.394;475.862457275391;0
2540.887;485.767608642578;0
2542.38;757.904724121094;0
2543.871;466.0546875;0
2545.363;532.001403808594;0
2546.852;586.635070800781;0
2548.345;410.5068359375;0
2549.833;281.260437011719;0
2551.321;110.814788818359;0
2552.811;608.614929199219;0
2554.296;621.229797363281;0
2555.78;670.442077636719;0
2557.267;472.031066894531;0
2558.752;454.051513671875;0
2560.237;160.343673706055;0
2561.721;242.105926513672;0
2563.203;423.255035400391;0
2564.687;740.792419433594;0
2566.168;638.469970703125;0
2567.648;675.0537109375;0
2569.129;602.141357421875;0
2570.607;594.504455566406;0
2572.086;684.365295410156;0
2573.565;827.770812988281;0
2575.041;940.985473632813;0
2576.518;816.390747070313;0
2577.994;993.988098144531;0
2579.469;1168.97802734375;0
2580.945;1387.91882324219;0
2582.418;1173.69958496094;0
2583.892;1168.40209960938;0
2585.365;1060.82971191406;0
2586.835;1257.7900390625;0
2588.307;1292.08166503906;0
2589.778;1390.67370605469;0
2591.248;1356.888671875;0
2592.717;1409.83581542969;0
2594.186;1179.51391601563;0
2595.652;1224.03479003906;0
2597.121;941.516174316406;0
2598.585;1068.28918457031;0
2600.052;1053.78955078125;0
2601.518;1242.45275878906;0
2602.982;1380.06274414063;0
2604.446;1370.95703125;0
2605.907;1448.69604492188;0
2607.371;1265.05932617188;0
2608.83;1442.38415527344;0
2610.293;1418.33605957031;0
2611.752;1425.24963378906;0
2613.213;1326.01513671875;0
2614.672;1280.85620117188;0
2616.13;1436.8623046875;0
2617.587;1370.58679199219;0
2619.043;1639.86169433594;0
2620.501;1558.41723632812;0
2621.957;1567.92175292969;0
2623.409;1396.93090820313;0
2624.864;1594.57495117187;0
2626.318;1669.54235839844;0
2627.771;1795.564453125;0
2629.222;1698.52758789063;0
2630.673;1709.17553710938;0
2632.124;1716.52819824219;0
2633.575;1834.85498046875;0
2635.023;1752.55505371094;0
2636.473;1560.86645507812;0
2637.922;1466.10656738281;0
2639.368;1582.11145019531;0
2640.816;1592.68151855469;0
2642.261;1619.92321777344;0
2643.705;1313.7236328125;0
2645.151;1323.80847167969;0
2646.596;1291.11450195313;0
2648.037;1452.83520507813;0
2649.48;1388.44360351563;0
2650.923;1282.49621582031;0
2652.364;1282.35485839844;0
2653.804;1332.58825683594;0
2655.243;1411.93225097656;0
2656.683;1455.39294433594;0
2658.121;1347.748046875;0
2659.559;1102.61730957031;0
2660.997;982.514099121094;0
2662.433;1136.83471679688;0
2663.868;1404.35534667969;0
2665.305;1301.50952148438;0
2666.737;1302.41613769531;0
2668.173;1244.88696289063;0
2669.606;1356.16821289063;0
2671.038;1202.34558105469;0
2672.47;1040.94470214844;0
2673.901;779.833618164063;0
2675.331;818.598815917969;0
2676.761;864.037475585938;0
2678.189;931.47607421875;0
2679.619;720.805053710938;0
2681.045;514.524230957031;0
2682.473;604.522277832031;0
2683.9;744.482360839844;0
2685.324;754.672302246094;0
2686.749;672.105102539063;0
2688.176;573.442993164063;0
2689.599;597.128784179688;0
2691.021;736.494323730469;0
2692.444;763.483154296875;0
2693.865;877.815368652344;0
2695.287;647.158264160156;0
2696.707;729.742004394531;0
2698.125;645.015808105469;0
2699.545;937.098449707031;0
2700.963;909.345031738281;0
2702.381;827.761962890625;0
2703.798;893.517211914063;0
2705.214;944.884033203125;0
2706.629;1059.5576171875;0
2708.046;894.304931640625;0
2709.458;905.06396484375;0
2710.872;1037.07995605469;0
2712.285;1110.97192382813;0
2713.699;926.139404296875;0
2715.111;763.9091796875;0
2716.52;712.708984375;0
2717.93;731.605041503906;0
2719.342;709.439331054688;0
2720.749;726.951110839844;0
2722.159;850.799438476563;0
2723.565;1023.74114990234;0
2724.971;985.891418457031;0
2726.38;947.361328125;0
2727.785;923.584228515625;0
2729.19;1186.22570800781;0
2730.594;1350.17443847656;0
2731.997;1542.87475585938;0
2733.401;1417.65625;0
2734.803;1239.29272460938;0
2736.204;1171.67590332031;0
2737.606;1250.255859375;0
2739.005;1413.36743164063;0
2740.405;1308.90124511719;0
2741.806;1464.85583496094;0
2743.202;1475.11389160156;0
2744.602;1655.78637695313;0
2745.998;1466.87353515625;0
2747.395;1473.48779296875;0
2748.79;1312.77453613281;0
2750.185;1382.05932617188;0
2751.58;1430.08520507813;0
2752.975;1678.85192871094;0
2754.366;1760.13513183594;0
2755.759;1773.81921386719;0
2757.151;1593.32727050781;0
2758.542;1625.32604980469;0
2759.933;1732.82446289063;0
2761.322;1919.05383300781;0
2762.71;1691.7333984375;0
2764.1;1574.40283203125;0
2765.486;1349.27795410156;0
2766.875;1500.78674316406;0
2768.26;1470.75134277344;0
2769.646;1699.208984375;0
2771.031;1692.38208007813;0
2772.418;1736.47131347656;0
2773.799;1612.63049316406;0
2775.184;1767.11694335937;0
2776.565;1840.65209960937;0
2777.946;1996.90246582031;0
2779.328;1919.85900878906;0
2780.708;1938.74389648437;0
2782.09;2004.99389648438;0
2783.469;2140.943359375;0
2784.847;2202.47436523438;0
2786.226;2115.81079101563;0
2787.603;1946.50622558594;0
2788.978;1953.75427246094;0
2790.355;1933.56506347656;0
2791.731;1874.7060546875;0
2793.104;1840.18603515625;0
2794.479;1718.30749511719;0
2795.853;1652.28210449219;0
2797.225;1623.59948730469;0
2798.596;1647.27307128906;0
2799.967;1629.59130859375;0
2801.341;1365.17810058594;0
2802.71;1202.0205078125;0
2804.077;1021.00476074219;0
2805.447;1053.41223144531;0
2806.815;825.018371582031;0
2808.183;918.602172851563;0
2809.551;857.509887695313;0
2810.915;1014.96612548828;0
2812.282;977.177368164063;0
2813.646;966.379638671875;0
2815.011;984.845581054688;0
2816.375;916.243225097656;0
2817.736;777.862487792969;0
2819.099;779.586486816406;0
2820.462;485.192993164063;0
2821.821;652.570861816406;0
2823.182;534.167297363281;0
2824.542;804.212341308594;0
2825.901;789.485412597656;0
2827.261;842.485107421875;0
2828.617;806.437072753906;0
2829.974;765.42529296875;0
2831.33;814.991027832031;0
2832.686;761.667236328125;0
2834.043;808.676147460938;0
2835.395;832.688293457031;0
2836.75;1100.26525878906;0
2838.104;1255.87414550781;0
2839.456;1159.5166015625;0
2840.807;1169.39868164063;0
2842.16;1000.96612548828;0
2843.509;1212.72131347656;0
2844.858;1192.51977539063;0
2846.209;1163.00756835938;0
2847.556;823.882202148438;0
2848.906;720.141967773438;0
2850.253;813.407775878906;0
2851.6;1053.458984375;0
2852.946;997.429382324219;0
2854.29;743.055603027344;0
2855.635;670.249267578125;0
2856.98;534.685241699219;0
2858.323;611.358459472656;0
2859.665;591.103698730469;0
2861.008;671.53369140625;0
2862.349;841.838562011719;0
2863.691;842.623352050781;0
2865.031;730.45703125;0
2866.37;731.535461425781;0
2867.709;541.631103515625;0
2869.048;663.87890625;0
2870.385;667.474914550781;0
2871.722;980.638244628906;0
2873.059;1105.69775390625;0
2874.394;1022.66973876953;0
2875.73;1054.04968261719;0
2877.064;1058.19104003906;0
2878.398;1014.26538085938;0
2879.731;986.275756835938;0
2881.063;1047.18078613281;0
2882.395;1231.49633789063;0
2883.727;1256.61462402344;0
2885.059;1309.18225097656;0
2886.387;1393.08508300781;0
2887.717;1371.43420410156;0
2889.046;1302.67236328125;0
2890.374;1225.68701171875;0
2891.699;1203.1630859375;0
2893.028;1174.87390136719;0
2894.354;1173.9970703125;0
2895.679;1230.76623535156;0
2897.004;1405.10327148438;0
2898.328;1398.78454589844;0
2899.653;1494.66564941406;0
2900.976;1543.03063964844;0
2902.297;1597.73510742188;0
2903.619;1514.11108398438;0
2904.941;1506.60144042969;0
2906.26;1297.59631347656;0
2907.58;1298.86840820313;0
2908.898;1301.77697753906;0
2910.217;1535.33459472656;0
2911.536;1512.78552246094;0
2912.852;1453.35034179688;0
2914.171;1491.69421386719;0
2915.485;1555.48400878906;0
2916.799;1724.16381835938;0
2918.116;1723.51171875;0
2919.428;1686.74877929688;0
2920.743;1574.53515625;0
2922.056;1528.0947265625;0
2923.367;1597.19995117188;0
2924.679;1342.3173828125;0
2925.99;1512.63391113281;0
2927.299;1577.62170410156;0
2928.609;1847.83483886719;0
2929.918;1800.38427734375;0
2931.226;1672.71154785156;0
2932.535;1653.70422363281;0
2933.841;1412.02746582031;0
2935.149;1469.45080566406;0
2936.455;1246.42395019531;0
2937.758;1344.77868652344;0
2939.064;1219.23559570313;0
2940.368;1260.26965332031;0
2941.67;1208.71936035156;0
2942.973;1269.01806640625;0
2944.277;1400.96850585938;0
2945.577;1309.01892089844;0
2946.878;1369.36608886719;0
2948.178;1441.36987304688;0
2949.477;1663.81030273438;0
2950.776;1573.80310058594;0
2952.073;1555.46240234375;0
2953.372;1349.12561035156;0
2954.669;1443.76538085938;0
2955.965;1309.74108886719;0
2957.261;1337.08728027344;0
2958.556;1241.64562988281;0
2959.849;1229.60375976563;0
2961.145;1361.3466796875;0
2962.436;1430.67272949219;0
2963.732;1397.80688476562;0
2965.022;1461.52697753906;0
2966.313;1491.16809082031;0
2967.603;1582.9501953125;0
2968.893;1468.20568847656;0
2970.182;1327.36853027344;0
2971.471;1144.76647949219;0
2972.759;1087.61193847656;0
2974.047;1114.68933105469;0
2975.334;1175;0
2976.62;1134.46630859375;0
2977.907;1069.35961914063;0
2979.192;1029.2685546875;0
2980.475;928.083801269531;0
2981.76;989.361022949219;0
2983.043;916.203674316406;0
2984.326;911.167236328125;0
2985.607;689.696044921875;0
2986.888;722.013977050781;0
2988.17;753.122436523438;0
2989.449;694.245239257812;0
2990.728;614.937927246094;0
2992.007;517.091247558594;0
2993.284;492.710998535156;0
2994.562;555.573486328125;0
2995.84;485.011627197266;0
2997.115;516.691711425781;0
2998.393;391.386657714844;0
2999.666;329.761627197266;0
3000.94;386.027130126953;0
3002.215;353.743347167969;0
3003.486;416.132904052734;0
3004.76;424.863983154297;0
3006.033;563.714416503906;0
3007.303;552.575073242187;0
3008.573;305.004028320313;0
3009.844;187.993743896485;0
3011.114;218.879043579102;0
3012.383;469.207733154297;0
3013.649;443.313110351563;0
3014.917;252.746612548828;0
3016.185;103.730361938477;0
3017.451;-15.739089012146;0
3018.716;27.0049343109131;0
3019.983;19.0736770629883;0
3021.246;185.248687744141;0
3022.509;261.752197265625;0
3023.774;286.808654785156;0
3025.035;258.935485839844;0
3026.299;190.584243774414;0
3027.56;135.868637084961;0
3028.819;76.1469650268555;0
3030.081;-57.5784454345703;0
3031.339;-72.9760589599609;0
3032.598;-121.266258239746;0
3033.856;-61.1209449768066;0
3035.114;61.4595947265625;0
3036.372;100.723030090332;0
3037.628;265.624450683594;0
3038.883;205.741943359375;0
3040.138;240.629577636719;0
3041.394;314.953918457031;0
3042.646;391.609161376953;0
3043.9;409.928588867188;0
3045.152;483.130187988281;0
3046.405;501.206756591797;0
3047.657;582.378173828125;0
3048.906;635.867614746094;0
3050.158;687.229125976563;0
3051.407;793.238830566406;0
3052.656;744.117553710937;0
3053.904;917.752502441406;0
3055.153;809.808898925781;0
3056.398;864.286376953125;0
3057.647;793.192749023438;0
3058.892;807.750244140625;0
3060.137;825.957641601562;0
3061.382;796.589538574219;0
3062.625;927.531921386719;0
3063.869;909.450927734375;0
3065.112;950.680541992188;0
3066.353;923.773132324219;0
3067.595;885.719909667969;0
3068.838;890.185913085938;0
3070.075;1031.50305175781;0
3071.317;1097.23059082031;0
3072.557;1058.60070800781;0
3073.795;842.059875488281;0
3075.032;786.729125976563;0
3076.27;918.607299804687;0
3077.507;1027.47009277344;0
3078.742;1058.75891113281;0
3079.978;938.359619140625;0
3081.212;911.492492675781;0
3082.446;923.265502929688;0
3083.681;915.911315917969;0
3084.913;921.766784667969;0
3086.147;942.617553710937;0
3087.38;1021.57470703125;0
3088.61;1054.53125;0
3089.84;978.598449707031;0
3091.071;911.335205078125;0
3092.3;940.519348144531;0
3093.529;1093.48400878906;0
3094.755;1127.00329589844;0
3095.984;1228.63269042969;0
3097.211;1194.25891113281;0
3098.438;1198.03100585937;0
3099.663;1106.71838378906;0
3100.888;1076.09619140625;0
3102.112;982.249389648438;0
3103.335;866.619995117188;0
3104.56;785.211364746094;0
3105.782;981.467041015625;0
3107.005;1082.61303710938;0
3108.226;1222.75927734375;0
3109.447;899.878723144531;0
3110.667;830.5703125;0
3111.887;746.698791503906;0
3113.104;923.59765625;0
3114.324;900.376403808594;0
3115.541;892.809814453125;0
3116.758;992.009826660156;0
3117.976;1012.6484375;0
3119.192;1109.28845214844;0
3120.408;1018.81951904297;0
3121.622;987.794860839844;0
3122.835;959.325378417969;0
3124.05;1016.96685791016;0
3125.262;946.719299316406;0
3126.476;732.582641601563;0
3127.687;597.556884765625;0
3128.897;569.086486816406;0
3130.108;735.949279785156;0
3131.319;832.25634765625;0
3132.528;1015.89782714844;0
3133.737;1031.5419921875;0
3134.945;948.946899414063;0
3136.152;715.792175292969;0
3137.358;733.652526855469;0
3138.565;830.049499511719;0
3139.772;977.5400390625;0
3140.976;974.903503417969;0
3142.18;793.697021484375;0
3143.385;705.921997070312;0
3144.588;611.571960449219;0
3145.79;782.311584472656;0
3146.993;854.466247558594;0
3148.194;729.732543945312;0
3149.395;611.556274414063;0
3150.596;647.263977050781;0
3151.794;747.8740234375;0
3152.994;659.823852539063;0
3154.193;587.225158691406;0
3155.39;473.519592285156;0
3156.587;560.236999511719;0
3157.784;624.488525390625;0
3158.982;626.718566894531;0
3160.177;491.927215576172;0
3161.37;355.669982910156;0
3162.565;425.423217773437;0
3163.759;535.170043945312;0
3164.952;533.784362792969;0
3166.146;453.308502197266;0
3167.337;473.1845703125;0
3168.527;464.297393798828;0
3169.719;488.166900634765;0
3170.91;358.353363037109;0
3172.098;241.091461181641;0
3173.288;208.319412231445;0
3174.475;144.411041259766;0
3175.663;249.123428344727;0
3176.849;256.455627441406;0
3178.037;424.015899658203;0
3179.223;375.069244384765;0
3180.408;438.343872070312;0
3181.592;373.039978027344;0
3182.777;402.268249511719;0
3183.96;381.647552490235;0
3185.143;352.690734863281;0
3186.325;441.384826660156;0
3187.507;568.501892089844;0
3188.688;694.548217773437;0
3189.869;703.031799316406;0
3191.049;556.514404296875;0
3192.228;642.77392578125;0
3193.406;543.253173828125;0
3194.585;529.839599609375;0
3195.763;548.087646484375;0
3196.939;621.776977539062;0
3198.116;689.794982910156;0
3199.292;741.584594726562;0
3200.466;754.390747070313;0
3201.643;936.9482421875;0
3202.816;1069.47924804687;0
3203.991;1138.26330566406;0
3205.161;1055.20532226563;0
3206.334;893.974609375;0
3207.504;1014.15069580078;0
3208.677;998.989440917969;0
3209.846;1074.49157714844;0
3211.017;1156.54431152344;0
3212.187;1311.81384277344;0
3213.356;1196.21215820313;0
3214.524;1178.62524414062;0
3215.69;1131.29028320312;0
3216.859;1181.39904785156;0
3218.024;1180.59057617188;0
3219.189;1217.09191894531;0
3220.354;1171.2451171875;0
3221.519;1103.7216796875;0
3222.682;1064.06872558594;0
3223.845;1160.93713378906;0
3225.01;1311.68981933594;0
3226.171;1427.34899902344;0
3227.332;1558.470703125;0
3228.494;1537.390625;0
3229.655;1453.99743652344;0
3230.814;1432.95642089844;0
3231.973;1343.45629882813;0
3233.13;1399.62353515625;0
3234.29;1332.24975585937;0
3235.447;1304.62561035156;0
3236.605;1316.4189453125;0
3237.76;1319.40991210937;0
3238.916;1334.74377441406;0
3240.071;1309.30688476563;0
3241.224;1317.42211914063;0
3242.381;1320.8193359375;0
3243.532;1326.68212890625;0
3244.685;1280.25500488281;0
3245.839;1200.98364257812;0
3246.99;1137.36938476563;0
3248.141;1145.25708007813;0
3249.292;1246.91931152344;0
3250.439;1237.93371582031;0
3251.589;1143.63256835938;0
3252.739;1134.28430175781;0
3253.886;1194.04138183594;0
3255.034;1272.13732910156;0
3256.18;1256.35766601562;0
3257.326;1116.97253417969;0
3258.472;1114.36560058594;0
3259.617;1085.419921875;0
3260.761;1019.91595458984;0
3261.905;1069.85363769531;0
3263.048;1072.125;0
3264.19;1168.95373535156;0
3265.333;1125.67077636719;0
3266.475;1173.05407714844;0
3267.617;1222.65905761719;0
3268.757;1303.90893554687;0
3269.896;1314.73986816406;0
3271.036;1276.04064941406;0
3272.175;1259.42211914063;0
3273.313;1253.66381835937;0
3274.449;1328.29833984375;0
3275.586;1390.61511230469;0
3276.722;1421.28271484375;0
3277.859;1450.74670410156;0
3278.993;1242.90112304688;0
3280.13;1081.63781738281;0
3281.263;1095.71337890625;0
3282.395;1226.24169921875;0
3283.529;1462.09936523438;0
3284.66;1462.21228027344;0
3285.794;1461.47375488281;0
3286.924;1443.65686035156;0
3288.054;1408.86926269531;0
3289.185;1333.31066894531;0
3290.313;1163.77478027344;0
3291.443;1093.6123046875;0
3292.571;1172.46313476562;0
3293.698;1158.99548339844;0
3294.824;1168.76428222656;0
3295.952;1074.87829589844;0
3297.077;1083.55993652344;0
3298.203;1022.25500488281;0
3299.328;1110.84912109375;0
3300.45;1128.01037597656;0
3301.574;1078.40515136719;0
3302.698;880.809387207031;0
3303.819;742.667907714844;0
3304.942;731.627868652344;0
3306.064;660.650512695313;0
3307.182;866.552062988281;0
3308.303;772.024963378906;0
3309.423;945.18310546875;0
3310.542;780.913635253906;0
3311.66;769.993103027344;0
3312.778;641.644104003906;0
3313.895;697.649169921875;0
3315.012;769.664001464844;0
3316.128;880.328369140625;0
3317.243;960.570068359375;0
3318.357;1035.85571289063;0
3319.471;1023.15838623047;0
3320.586;777.863037109375;0
3321.698;805.886047363281;0
3322.813;801.2685546875;0
3323.923;1002.05615234375;0
3325.034;1112.02685546875;0
3326.146;1106.39184570313;0
3327.255;1040.69958496094;0
3328.366;872.49853515625;0
3329.474;908.915100097656;0
3330.582;978.047302246094;0
3331.691;994.117004394531;0
3332.797;1003.01458740234;0
3333.905;978.403686523437;0
3335.011;931.953002929687;0
3336.116;970.55712890625;0
3337.22;958.541748046875;0
3338.327;1071.79577636719;0
3339.429;939.205139160156;0
3340.534;912.520385742188;0
3341.635;1004.19970703125;0
3342.737;945.0595703125;0
3343.84;845.657165527344;0
3344.94;708.248718261719;0
3346.041;782.725891113281;0
3347.142;821.162109375;0
3348.24;695.231994628906;0
3349.337;773.09912109375;0
3350.437;730.9091796875;0
3351.534;797.3935546875;0
3352.633;743.820495605469;0
3353.727;826.23095703125;0
3354.823;727.028564453125;0
3355.919;815.931091308594;0
3357.013;823.823913574219;0
3358.108;938.808837890625;0
3359.201;978.263000488281;0
3360.293;954.909118652344;0
3361.385;1000.40356445313;0
3362.478;865.304321289063;0
3363.569;1029.05712890625;0
3364.661;973.379028320312;0
3365.75;1044.09692382812;0
3366.838;989.223937988281;0
3367.929;1106.271484375;0
3369.017;1193.87072753906;0
3370.105;1193.15319824219;0
3371.193;1112.26000976563;0
3372.279;1052.13220214844;0
3373.364;1008.06030273437;0
3374.45;1090.49670410156;0
3375.534;1006.74658203125;0
3376.62;1098.73803710938;0
3377.704;1091.11340332031;0
3378.786;1156.6806640625;0
3379.871;1120.82983398438;0
3380.951;1178.32446289063;0
3382.034;1159.14489746094;0
3383.114;1108.76062011719;0
3384.195;1104.56579589844;0
3385.276;1111.51489257813;0
3386.354;1091.05017089844;0
3387.433;1014.75610351562;0
3388.511;1100.05395507813;0
3389.588;1200.41137695313;0
3390.664;1307.962890625;0
3391.742;1200.81188964844;0
3392.816;1149.40576171875;0
3393.893;1196.58288574219;0
3394.968;1320.07629394531;0
3396.042;1378.43884277344;0
3397.115;1224.63745117188;0
3398.189;1228.30480957031;0
3399.262;1178.18359375;0
3400.333;1269.51025390625;0
3401.404;1249.26733398437;0
3402.474;1187.87780761719;0
3403.545;1195.34729003906;0
3404.615;1175.64233398437;0
3405.685;1390.06457519531;0
3406.752;1273.7255859375;0
3407.82;1244.19311523438;0
3408.888;1242.13928222656;0
3409.955;1350.140625;0
3411.021;1392.39514160156;0
3412.085;1298.53356933594;0
3413.151;1175.95593261719;0
3414.215;1162.17712402344;0
3415.279;1142.79711914063;0
3416.343;1222.77685546875;0
3417.406;1178.80444335938;0
3418.468;1291.56030273438;0
3419.53;1172.35754394531;0
3420.592;1155.55749511719;0
3421.652;1010.24682617188;0
3422.712;1097.42138671875;0
3423.773;1196.1416015625;0
3424.83;1239.65649414063;0
3425.889;1332.18115234375;0
3426.946;1255.27185058594;0
3428.005;1256.63049316406;0
3429.061;1294.169921875;0
3430.117;1394.80786132812;0
3431.172;1401.79699707031;0
3432.227;1320.74255371094;0
3433.281;1262.25317382813;0
3434.335;1228.25817871094;0
3435.389;1174.53369140625;0
3436.44;1135.03869628906;0
3437.492;1126.32263183594;0
3438.546;1227.33544921875;0
3439.598;1207.19750976563;0
3440.646;1193.33129882812;0
3441.697;1195.76452636719;0
3442.745;1253.93676757813;0
3443.793;1459.04333496094;0
3444.842;1382.48608398437;0
3445.891;1439.48559570313;0
3446.937;1354.32653808594;0
3447.984;1419.025390625;0
3449.031;1346.05883789062;0
3450.075;1346.8720703125;0
3451.12;1267.66748046875;0
3452.164;1328.45983886719;0
3453.207;1242.74060058594;0
3454.251;1224.85314941406;0
3455.293;1223.54333496094;0
3456.336;1277.21264648438;0
3457.378;1335.71362304688;0
3458.417;1227.94592285156;0
3459.458;1100.70788574219;0
3460.498;1060.88220214844;0
3461.539;1039.00854492187;0
3462.577;1149.61791992188;0
3463.614;1117.93762207031;0
3464.651;1158.54858398438;0
3465.689;1138.22827148438;0
3466.726;1119.37365722656;0
3467.763;1056.81713867188;0
3468.798;1019.35723876953;0
3469.831;934.535217285156;0
3470.866;1085.65026855469;0
3471.9;991.689025878906;0
3472.933;1034.21130371094;0
3473.966;869.591369628906;0
3474.999;975.107543945313;0
3476.029;1007.69921875;0
3477.061;1079.10473632813;0
3478.09;990.072448730469;0
3479.121;949.085083007813;0
3480.15;917.643127441406;0
3481.178;852.09228515625;0
3482.205;954.860290527344;0
3483.234;1005.34259033203;0
3484.26;1072.87243652344;0
3485.288;1053.78942871094;0
3486.313;1066.17272949219;0
3487.337;1063.30627441406;0
3488.364;1029.99975585937;0
3489.387;1037.41796875;0
3490.411;1107.83349609375;0
3491.434;1054.65881347656;0
3492.456;964.266479492187;0
3493.479;770.243530273438;0
3494.5;702.645751953125;0
3495.521;524.589416503906;0
3496.543;479.127716064453;0
3497.561;436.049865722656;0
3498.579;358.465148925781;0
3499.6;285.709899902344;0
3500.618;83.7813110351563;0
3501.636;-53.664924621582;0
3502.653;-127.76847076416;0
3503.669;-147.669464111328;0
3504.685;-123.337928771973;0
3505.699;-31.4423580169678;0
3506.716;21.4925384521484;0
3507.729;-27.8179016113281;0
3508.743;-201.956024169922;0
3509.755;-147.826385498047;0
