98.64605;0;0
101.2353;0;0
103.8217;0;0
106.4096;34.8888893127441;0
108.9945;-12.5111112594604;0
111.5767;28.4761905670166;0
114.1602;79.7283935546875;0
116.7409;17.6969699859619;0
119.3209;26.7435894012451;0
121.9002;-25.0296287536621;0
124.4788;24.6405220031738;0
127.0566;25.9181289672852;0
129.6317;-31.4761905670166;0
132.2038;-76.2222213745117;0
134.7796;-96.4355545043945;0
137.3503;-36.7695465087891;0
139.9204;0.348659008741379;0
142.4919;126.551971435547;0
145.0584;210.767669677734;0
147.6242;249.755554199219;0
150.1914;235.90690612793;0
152.7579;233.803421020508;0
155.3216;252.035232543945;0
157.8846;358.888885498047;0
160.4448;397.377777099609;0
163.0085;431.219848632813;0
165.5672;369.873016357422;0
168.1232;380.854034423828;0
170.6826;387.534576416016;0
173.2372;483.688903808594;0
175.7931;490.853790283203;0
178.3463;569.242919921875;0
180.8966;592.2109375;0
183.4504;669.839904785156;0
185.9993;629.438354492188;0
188.5476;639.676330566406;0
191.0972;637.013061523438;0
193.644;666.108825683594;0
196.1859;645.902709960938;0
198.7335;669.998291015625;0
201.2761;625.292602539063;0
203.8201;694.634399414063;0
206.3593;666.646057128906;0
208.8998;768.726928710938;0
211.4397;738.307556152344;0
213.9746;825.892944335938;0
216.5109;776.436889648438;0
219.0487;833.873107910156;0
221.5816;826.013122558594;0
224.1158;858.531555175781;0
226.6473;873.825012207031;0
229.176;895.647521972656;0
231.7082;960.926147460938;0
234.2355;1012.79571533203;0
236.7643;1048.21643066406;0
239.2902;969.862670898438;0
241.8133;923.479309082031;0
244.3379;889.386901855469;0
246.8618;947.434326171875;0
249.3828;940.875793457031;0
251.9053;917.772216796875;0
254.423;897.9755859375;0
256.942;878.390991210938;0
259.4603;902.876220703125;0
261.9759;885.056823730469;0
264.4887;898.371337890625;0
267.005;884.191223144531;0
269.5164;899.155212402344;0
272.0292;926.947937011719;0
274.5393;993.12939453125;0
277.0466;1017.19226074219;0
279.5574;1054.28649902344;0
282.0654;1035.98474121094;0
284.5686;1031.29809570313;0
287.0752;1045.88806152344;0
289.5791;1047.80310058594;0
292.0803;1038.10864257813;0
294.5828;944.303161621094;0
297.0826;925.83251953125;0
299.5838;857.357788085938;0
302.0801;850.00537109375;0
304.5758;803.677856445313;0
307.0749;835.390747070313;0
309.5672;869.226501464844;0
312.0608;879.513671875;0
314.5558;897.600158691406;0
317.044;884.020141601563;0
319.5377;810.870971679688;0
322.0266;779.132568359375;0
324.5127;661.416198730469;0
327.0023;747.791259765625;0
329.4871;767.061767578125;0
331.9691;922.318542480469;0
334.4547;986.568664550781;0
336.9353;1052.09887695313;0
339.4174;1034.13061523438;0
341.901;994.83251953125;0
344.3776;912.016662597656;0
346.8577;944.545166015625;0
349.333;917.507019042969;0
351.8076;964.661193847656;0
354.2857;944.091125488281;0
356.7569;994.046691894531;0
359.2296;999.147277832031;0
361.7015;969.785888671875;0
364.1729;881.915588378906;0
366.6414;826.792724609375;0
369.1093;848.847900390625;0
371.5745;860.274047851563;0
374.0432;865.294738769531;0
376.507;890.228576660156;0
378.9702;912.681335449219;0
381.4348;881.556579589844;0
383.8947;803.51220703125;0
386.3538;833.161499023438;0
388.8144;949.205322265625;0
391.2722;1030.54321289063;0
393.7314;980.004699707031;0
396.1859;970.426513671875;0
398.6418;1048.578125;0
401.0949;1151.4013671875;0
403.5475;1151.26770019531;0
405.9972;1146.63427734375;0
408.4505;1201.65405273438;0
410.899;1256.62744140625;0
413.3468;1228.07348632813;0
415.796;1213.93579101563;0
418.2405;1179.12976074219;0
420.6884;1099.8583984375;0
423.1295;990.861511230469;0
425.572;932.935668945313;0
428.0159;955.634155273438;0
430.455;949.369873046875;0
432.8956;896.67041015625;0
435.3335;909.483093261719;0
437.7707;941.663818359375;0
440.2093;967.076721191406;0
442.6432;939.399597167969;0
445.0764;892.200561523438;0
447.511;916.453674316406;0
449.9429;936.870300292969;0
452.3721;956.681945800781;0
454.8048;985.268798828125;0
457.2328;913.918029785156;0
459.66;892.00146484375;0
462.0847;900.818420410156;0
464.5127;922.699035644531;0
466.9381;957.093200683594;0
469.3587;970.185485839844;0
471.7807;1023.41656494141;0
474.2042;1065.4208984375;0
476.6229;1085.86450195313;0
479.041;1075.66027832031;0
481.4604;1027.669921875;0
483.8752;971.108154296875;0
486.2934;986.366577148438;0
488.7068;1044.81140136719;0
491.1197;1039.68469238281;0
493.5339;931.818237304688;0
495.9435;901.400085449219;0
498.3544;852.750305175781;0
500.7667;910.438598632813;0
503.1723;843.351806640625;0
505.5793;834.859191894531;0
507.9856;845.131469726563;0
510.3913;852.651428222656;0
512.7944;858.386901855469;0
515.1968;805.471130371094;0
517.5986;749.184753417969;0
519.9997;764.0029296875;0
522.3982;743.260864257813;0
524.798;721.729370117188;0
527.1973;637.847106933594;0
529.5919;662.221130371094;0
531.9899;682.083374023438;0
534.3832;737.899291992188;0
536.7758;715.757507324219;0
539.1699;798.27490234375;0
541.5593;807.860229492188;0
543.9481;900.831665039063;0
546.3382;798.865234375;0
548.7257;784.580749511719;0
551.1146;726.112487792969;0
553.4968;781.286437988281;0
555.8824;844.362915039063;0
558.2675;873.8486328125;0
560.6478;916.075500488281;0
563.0295;899.161071777344;0
565.4106;889.26318359375;0
567.7911;840.826782226563;0
570.169;875.714050292969;0
572.5462;800.171997070313;0
574.9229;812.757019042969;0
577.2968;721.928894042969;0
579.6721;758.971008300781;0
582.0449;767.830505371094;0
584.417;791.705688476563;0
586.7885;833.075256347656;0
589.1553;800.591430664063;0
591.5255;794.891052246094;0
593.8931;689.969055175781;0
596.2601;674.346130371094;0
598.6265;699.849243164063;0
600.9902;724.227844238281;0
603.3554;719.878601074219;0
605.7179;716.462219238281;0
608.0778;752.309509277344;0
610.4391;739.214538574219;0
612.7977;700.300354003906;0
615.1558;681.309387207031;0
617.5132;754.946228027344;0
619.8701;778.728820800781;0
622.2263;825.456848144531;0
624.5779;838.409729003906;0
626.9308;974.366516113281;0
629.2852;998.681762695313;0
631.6349;1055.27087402344;0
633.9841;1031.48107910156;0
636.3326;1132.40588378906;0
638.6805;1148.10815429688;0
641.0279;1066.78601074219;0
643.3746;1023.01641845703;0
645.7187;1068.44885253906;0
648.0621;1194.53112792969;0
650.405;1130.02368164063;0
652.7453;1072.40344238281;0
655.087;1013.55908203125;0
657.426;1032.81677246094;0
659.7645;1001.8779296875;0
662.1024;935.38427734375;0
664.4376;919.1611328125;0
666.7742;905.060546875;0
669.1063;867.982849121094;0
671.4398;841.330749511719;0
673.7726;792.516418457031;0
676.1048;805.191955566406;0
678.4324;796.114624023438;0
680.7635;872.272705078125;0
683.0919;889.995666503906;0
685.4158;846.752685546875;0
687.743;787.214050292969;0
690.0696;764.326293945313;0
692.3937;785.085327148438;0
694.7151;815.593994140625;0
697.038;903.852844238281;0
699.3583;957.5927734375;0
701.6779;956.403381347656;0
703.995;879.571899414063;0
706.3155;833.987365722656;0
708.6294;905.296447753906;0
710.9467;870.848571777344;0
713.2594;931.866394042969;0
715.5735;811.462280273438;0
717.887;871.872009277344;0
720.1979;894.286682128906;0
722.5083;951.684997558594;0
724.818;895.511535644531;0
727.1252;843.688110351563;0
729.4357;807.992065429688;0
731.7418;862.042602539063;0
734.0452;906.698547363281;0
736.35;912.698547363281;0
738.6522;863.92236328125;0
740.9539;790.678283691406;0
743.2569;777.496948242188;0
745.5554;787.526062011719;0
747.8553;839.567138671875;0
750.1545;799.724731445313;0
752.4513;799.044494628906;0
754.7474;658.646240234375;0
757.043;679.108947753906;0
759.336;756.410095214844;0
761.6304;834.601989746094;0
763.9222;769.290649414063;0
766.2114;582.200866699219;0
768.5041;475.281524658203;0
770.7922;451.515686035156;0
773.0777;503.176971435547;0
775.3647;529.521423339844;0
777.651;637.845947265625;0
779.9368;620.110900878906;0
782.22;751.303833007813;0
784.5026;703.854675292969;0
786.7847;692.96484375;0
789.0662;607.743957519531;0
791.3451;670.008117675781;0
793.6254;762.609436035156;0
795.9012;853.876586914063;0
798.1784;944.583618164063;0
800.455;999.03076171875;0
802.7291;995.032409667969;0
805.0026;899.140258789063;0
807.2755;933.926330566406;0
809.5478;958.029357910156;0
811.8176;973.658325195313;0
814.0869;1034.22961425781;0
816.3535;1011.84124755859;0
818.6235;1096.03210449219;0
820.8911;1067.30017089844;0
823.156;1102.21215820313;0
825.4204;1110.76904296875;0
827.6823;1073.50402832031;0
829.9474;1099.798828125;0
832.2082;1134.63732910156;0
834.4683;1149.06408691406;0
836.7279;1128.47827148438;0
838.9869;1071.21264648438;0
841.2453;1128.87341308594;0
843.5012;1177.98046875;0
845.7565;1172.40405273438;0
848.0133;1052.58435058594;0
850.2655;1026.40686035156;0
852.5153;1027.29858398438;0
854.7703;1141.60913085938;0
857.0189;1041.37939453125;0
859.2668;981.130920410156;0
861.5182;870.75244140625;0
863.7651;876.01904296875;0
866.0114;835.754028320313;0
868.2592;772.529846191406;0
870.5024;704.850708007813;0
872.7451;657.831176757813;0
874.9872;707.158203125;0
877.2307;693.949279785156;0
879.4717;709.6962890625;0
881.7101;742.780334472656;0
883.95;724.849304199219;0
886.1854;749.241455078125;0
888.4202;622.402954101563;0
890.6604;654.819580078125;0
892.8941;692.11328125;0
895.1253;794.947143554688;0
897.3599;871.909790039063;0
899.59;810.326477050781;0
901.8195;782.393188476563;0
904.0504;780.778015136719;0
906.2789;783.96484375;0
908.5087;831.694030761719;0
910.7341;836.702209472656;0
912.9589;924.545959472656;0
915.1851;890.672668457031;0
917.4088;977.80712890625;0
919.63;890.835632324219;0
921.8526;905.197082519531;0
924.0727;865.070922851563;0
926.2922;981.274963378906;0
928.5112;1005.36145019531;0
930.7277;926.112243652344;0
932.9476;791.293762207031;0
935.163;734.355224609375;0
937.3739;653.295043945313;0
939.5901;612.4267578125;0
941.8019;536.664306640625;0
944.0151;536.27783203125;0
946.2258;518.479614257813;0
948.4341;468.098052978516;0
950.6456;453.203399658203;0
952.8527;460.503112792969;0
955.0593;432.652770996094;0
957.2653;399.482971191406;0
959.4689;345.938995361328;0
961.6738;394.390289306641;0
963.8782;367.679779052734;0
966.0782;366.365631103516;0
968.2815;323.345367431641;0
970.4803;314.509490966797;0
972.6787;277.254486083984;0
974.8784;272.079406738281;0
977.0757;393.097290039063;0
979.2704;521.422790527344;0
981.4667;611.187438964844;0
983.6603;678.712219238281;0
985.8535;690.132751464844;0
988.0461;779.773864746094;0
990.2363;713.967468261719;0
992.4297;792.1328125;0
994.6169;739.855651855469;0
996.8035;859.432678222656;0
998.9933;942.935119628906;0
1001.179;1041.0908203125;0
1003.364;1015.79467773438;0
1005.55;968.806518554688;0
1007.732;1065.39819335938;0
1009.916;1052.96887207031;0
1012.096;1194.79663085938;0
1014.275;1130.39404296875;0
1016.459;1145.646484375;0
1018.636;1061.21887207031;0
1020.813;1068.1806640625;0
1022.991;1129.33740234375;0
1025.165;1129.83044433594;0
1027.34;1145.39489746094;0
1029.515;1125.81567382813;0
1031.687;1029.89611816406;0
1033.859;1040.46435546875;0
1036.03;1034.28881835938;0
1038.199;1136.53308105469;0
1040.369;1053.2763671875;0
1042.536;1085.22302246094;0
1044.704;1003.24920654297;0
1046.87;1001.24053955078;0
1049.034;925.976684570313;0
1051.198;895.909790039063;0
1053.363;807.26806640625;0
1055.526;755.055541992188;0
1057.686;700.606811523438;0
1059.845;667.70068359375;0
1062.005;644.839904785156;0
1064.165;671.710144042969;0
1066.323;740.396362304688;0
1068.477;723.51025390625;0
1070.634;797.388122558594;0
1072.788;832.347900390625;0
1074.942;921.771423339844;0
1077.096;882.265441894531;0
1079.247;830.005981445313;0
1081.397;833.912658691406;0
1083.547;855.687133789063;0
1085.695;839.378356933594;0
1087.844;811.322631835938;0
1089.992;712.963317871094;0
1092.138;787.400329589844;0
1094.284;801.256958007813;0
1096.425;871.395751953125;0
1098.571;824.677673339844;0
1100.711;844.763977050781;0
1102.851;909.493713378906;0
1104.994;1007.24633789063;0
1107.132;980.632934570313;0
1109.271;950.116821289063;0
1111.408;923.680786132813;0
1113.543;932.554809570313;0
1115.682;930.510070800781;0
1117.816;921.936340332031;0
1119.947;964.485290527344;0
1122.08;931.926818847656;0
1124.213;925.63134765625;0
1126.343;826.525512695313;0
1128.474;833.212890625;0
1130.602;756.245178222656;0
1132.728;804.631286621094;0
1134.856;797.712707519531;0
1136.982;922.77001953125;0
1139.109;994.122680664063;0
1141.234;1058.60607910156;0
1143.356;961.552001953125;0
1145.479;896.184875488281;0
1147.599;856.838317871094;0
1149.719;858.357849121094;0
1151.839;822.003967285156;0
1153.957;857.475219726563;0
1156.076;796.976257324219;0
1158.191;762.397583007813;0
1160.305;779.087829589844;0
1162.423;873.790222167969;0
1164.536;911.297729492188;0
1166.647;786.9443359375;0
1168.761;792.772338867188;0
1170.871;837.114990234375;0
1172.983;956.329467773438;0
1175.092;1030.12646484375;0
1177.2;1055.4658203125;0
1179.306;1058.47497558594;0
1181.413;1006.95330810547;0
1183.518;1160.02038574219;0
1185.623;1054.43298339844;0
1187.725;1042.24438476563;0
1189.826;902.769104003906;0
1191.929;992.996948242188;0
1194.032;1011.033203125;0
1196.13;989.658874511719;0
1198.23;1104.27319335938;0
1200.327;1129.76306152344;0
1202.423;1186.87170410156;0
1204.52;1150.42431640625;0
1206.613;1103.5048828125;0
1208.71;1152.49426269531;0
1210.801;1143.27722167969;0
1212.892;1279.66784667969;0
1214.987;1249.05114746094;0
1217.075;1268.77368164063;0
1219.166;1175.10205078125;0
1221.256;1164.06359863281;0
1223.342;1131.90966796875;0
1225.43;1102.53210449219;0
1227.515;993.537414550781;0
1229.597;928.880432128906;0
1231.685;1010.22540283203;0
1233.767;1166.76159667969;0
1235.85;1260.79260253906;0
1237.931;1217.73181152344;0
1240.009;1138.37219238281;0
1242.09;976.996337890625;0
1244.168;913.201232910156;0
1246.245;940.482788085938;0
1248.321;1054.47326660156;0
1250.397;1074.03662109375;0
1252.472;1015.39526367188;0
1254.547;942.879516601563;0
1256.618;913.034118652344;0
1258.69;996.966430664063;0
1260.761;1029.9140625;0
1262.83;1098.82080078125;0
1264.901;1041.75085449219;0
1266.969;1088.87121582031;0
1269.035;1039.24060058594;0
1271.102;1041.41137695313;0
1273.167;991.228881835938;0
1275.233;1017.36376953125;0
1277.295;1055.96105957031;0
1279.359;1087.35681152344;0
1281.42;976.770324707031;0
1283.482;944.023315429688;0
1285.542;874.975402832031;0
1287.6;1026.27978515625;0
1289.659;1017.84161376953;0
1291.714;1114.06213378906;0
1293.774;1104.06823730469;0
1295.828;1094.62329101563;0
1297.881;1113.44885253906;0
1299.936;1145.02966308594;0
1301.987;1217.23034667969;0
1304.041;1233.3359375;0
1306.09;1250.44873046875;0
1308.139;1135.69958496094;0
1310.19;1092.20190429688;0
1312.238;1153.28503417969;0
1314.286;1256.85693359375;0
1316.331;1211.00769042969;0
1318.376;1157.18054199219;0
1320.422;1100.42736816406;0
1322.466;1125.08801269531;0
1324.508;1172.953125;0
1326.549;1192.75659179688;0
1328.59;1188.16418457031;0
1330.632;1113.3154296875;0
1332.67;1154.16381835938;0
1334.707;1171.55944824219;0
1336.746;1194.00805664063;0
1338.78;1199.51025390625;0
1340.816;1165.62365722656;0
1342.852;1005.45849609375;0
1344.885;880.126647949219;0
1346.916;876.741760253906;0
1348.948;993.749633789063;0
1350.979;998.149475097656;0
1353.011;919.221740722656;0
1355.04;861.740478515625;0
1357.066;850.209716796875;0
1359.094;892.849914550781;0
1361.121;858.217407226563;0
1363.145;808.643188476563;0
1365.171;723.349487304688;0
1367.192;636.040832519531;0
1369.216;622.862854003906;0
1371.239;590.062622070313;0
1373.258;566.639282226563;0
1375.28;526.479858398438;0
1377.298;449.475769042969;0
1379.316;459.776092529297;0
1381.335;443.943603515625;0
1383.35;567.337829589844;0
1385.366;517.214965820313;0
1387.38;570.606018066406;0
1389.394;543.144958496094;0
1391.409;690.711730957031;0
1393.42;655.420043945313;0
1395.43;641.42431640625;0
1397.44;658.004211425781;0
1399.451;598.28759765625;0
1401.458;602.722534179688;0
1403.466;452.312438964844;0
1405.472;535.824768066406;0
1407.478;497.594665527344;0
1409.483;552.851928710938;0
1411.486;599.454956054688;0
1413.49;722.023071289063;0
1415.492;692.046020507813;0
1417.492;580.427734375;0
1419.495;553.38818359375;0
1421.494;647.091186523438;0
1423.492;803.022583007813;0
1425.49;811.0458984375;0
1427.487;771.345397949219;0
1429.482;765.464172363281;0
1431.477;837.197937011719;0
1433.471;958.584594726563;0
1435.466;1024.98510742188;0
1437.456;1039.21728515625;0
1439.447;965.168334960938;0
1441.441;946.742614746094;0
1443.427;898.595397949219;0
1445.417;959.36669921875;0
1447.406;991.5751953125;0
1449.392;1015.50897216797;0
1451.381;1052.72631835938;0
1453.365;1026.78259277344;0
1455.348;1107.45178222656;0
1457.333;1050.62109375;0
1459.314;994.509643554688;0
1461.296;880.006225585938;0
1463.276;817.331115722656;0
1465.256;797.803771972656;0
1467.237;897.293762207031;0
1469.215;978.601379394531;0
1471.19;1078.07153320313;0
1473.167;1060.92614746094;0
1475.145;1095.4970703125;0
1477.118;1079.89428710938;0
1479.092;1057.56140136719;0
1481.065;1042.60900878906;0
1483.038;1003.15020751953;0
1485.008;945.30078125;0
1486.979;844.282958984375;0
1488.949;814.096801757813;0
1490.917;785.076416015625;0
1492.883;766.334838867188;0
1494.852;718.875610351563;0
1496.817;671.188842773438;0
1498.782;656.04833984375;0
1500.748;649.6181640625;0
1502.708;651.35986328125;0
1504.673;653.190002441406;0
1506.634;584.191284179688;0
1508.594;542.820434570313;0
1510.554;519.958190917969;0
1512.512;649.558959960938;0
1514.471;758.464965820313;0
1516.428;751.210083007813;0
1518.384;703.792724609375;0
1520.34;643.876098632813;0
1522.294;729.897827148438;0
1524.249;729.207275390625;0
1526.202;740.895263671875;0
1528.153;653.109008789063;0
1530.103;761.770385742188;0
1532.054;710.720092773438;0
1534.004;721.069641113281;0
1535.951;700.488830566406;0
1537.899;665.819458007813;0
1539.847;741.933471679688;0
1541.793;598.411987304688;0
1543.738;603.403625488281;0
1545.681;515.922180175781;0
1547.625;442.067352294922;0
1549.566;496.437194824219;0
1551.509;422.022827148438;0
1553.45;515.681457519531;0
1555.389;451.291442871094;0
1557.33;460.184051513672;0
1559.266;408.914825439453;0
1561.204;505.172088623047;0
1563.141;523.440673828125;0
1565.074;534.765747070313;0
1567.009;466.700347900391;0
1568.943;522.9111328125;0
1570.877;549.842529296875;0
1572.808;471.050048828125;0
1574.741;405.533752441406;0
1576.67;306.849182128906;0
1578.6;380.328735351563;0
1580.528;447.428131103516;0
1582.455;503.942108154297;0
1584.382;494.070007324219;0
1586.307;459.355834960938;0
1588.234;434.132904052734;0
1590.157;449.512329101563;0
1592.081;455.938568115234;0
1594.002;448.078308105469;0
1595.927;354.709259033203;0
1597.845;281.607147216797;0
1599.767;253.656234741211;0
1601.685;267.657806396484;0
1603.602;386.822814941406;0
1605.523;382.334838867188;0
1607.438;420.442474365234;0
1609.354;358.587097167969;0
1611.269;431.3994140625;0
1613.181;403.248199462891;0
1615.096;382.577880859375;0
1617.008;376.460357666016;0
1618.92;436.993408203125;0
1620.83;516.194885253906;0
1622.74;535.77001953125;0
1624.649;465.161224365234;0
1626.557;485.968841552734;0
1628.464;417.683898925781;0
1630.37;511.883178710938;0
1632.275;369.899963378906;0
1634.18;414.058776855469;0
1636.085;426.866363525391;0
1637.988;555.321838378906;0
1639.888;559.70166015625;0
1641.791;533.117309570313;0
1643.691;629.070495605469;0
1645.588;684.389892578125;0
1647.489;768.962219238281;0
1649.387;644.454467773438;0
1651.284;659.761962890625;0
1653.18;652.773864746094;0
1655.075;759.156860351563;0
1656.972;863.911499023438;0
1658.864;946.593322753906;0
1660.754;924.204895019531;0
1662.65;865.129272460938;0
1664.539;792.540588378906;0
1666.428;818.206298828125;0
1668.32;781.134826660156;0
1670.207;783.5478515625;0
1672.096;765.559509277344;0
1673.982;823.286376953125;0
1675.867;842.724731445313;0
1677.754;859.318908691406;0
1679.638;764.513366699219;0
1681.52;712.197082519531;0
1683.403;687.59228515625;0
1685.285;681.25439453125;0
1687.166;673.961303710938;0
1689.048;635.379638671875;0
1690.924;612.399353027344;0
1692.804;628.134887695313;0
1694.682;651.478576660156;0
1696.558;741.097106933594;0
1698.435;711.546020507813;0
1700.308;615.158630371094;0
1702.184;511.046051025391;0
1704.057;472.319396972656;0
1705.929;482.423126220703;0
1707.801;468.246124267578;0
1709.674;389.010620117188;0
1711.542;407.272155761719;0
1713.412;451.673828125;0
1715.28;449.893646240234;0
1717.145;293.081329345703;0
1719.015;200.543838500977;0
1720.88;192.279983520508;0
1722.746;169.543411254883;0
1724.61;149.407089233398;0
1726.471;163.258972167969;0
1728.334;259.3564453125;0
1730.197;248.216445922852;0
1732.057;216.376861572266;0
1733.919;161.354629516602;0
1735.777;249.820922851563;0
1737.634;273.557220458984;0
1739.493;315.007995605469;0
1741.349;204.284790039063;0
1743.205;217.102340698242;0
1745.061;249.426467895508;0
1746.915;303.211944580078;0
1748.77;370.990905761719;0
1750.621;341.926605224609;0
1752.473;422.906829833984;0
1754.323;363.762359619141;0
1756.173;386.662719726563;0
1758.022;360.830108642578;0
1759.87;302.038238525391;0
1761.718;253.947341918945;0
1763.566;200.446014404297;0
1765.411;292.200927734375;0
1767.256;316.322631835938;0
1769.101;445.585632324219;0
1770.945;475.096008300781;0
1772.787;601.518859863281;0
1774.629;475.522277832031;0
1776.469;531.439514160156;0
1778.309;477.159545898438;0
1780.15;551.79345703125;0
1781.987;477.116027832031;0
1783.826;524.792236328125;0
1785.662;575.599914550781;0
1787.498;678.76123046875;0
1789.334;609.165100097656;0
1791.169;644.367004394531;0
1793.002;599.700378417969;0
1794.834;707.609619140625;0
1796.667;693.316955566406;0
1798.498;683.824768066406;0
1800.328;597.355224609375;0
1802.157;600.459533691406;0
1803.986;601.578674316406;0
1805.813;687.6015625;0
1807.639;754.639404296875;0
1809.467;764.247619628906;0
1811.292;696.204040527344;0
1813.117;563.842041015625;0
1814.94;516.161560058594;0
1816.763;538.384826660156;0
1818.585;653.734069824219;0
1820.407;626.432434082031;0
1822.227;522.373413085938;0
1824.048;425.557220458984;0
1825.865;435.872650146484;0
1827.683;425.875335693359;0
1829.501;335.233947753906;0
1831.317;222.728607177734;0
1833.135;133.359298706055;0
1834.948;54.8493499755859;0
1836.761;95.4688034057617;0
1838.577;163.449462890625;0
1840.388;147.4580078125;0
1842.198;71.4944076538086;0
1844.009;52.8875274658203;0
1845.819;184.965087890625;0
1847.629;177.840103149414;0
1849.436;241.068099975586;0
1851.244;140.714157104492;0
1853.052;140.599472045898;0
1854.858;125.503845214844;0
1856.661;55.7599754333496;0
1858.466;205.624328613281;0
1860.269;136.615570068359;0
1862.073;215.622573852539;0
1863.875;155.867568969727;0
1865.673;227.906097412109;0
1867.476;318.182647705078;0
1869.275;317.252716064453;0
1871.072;328.671905517578;0
1872.872;361.995727539063;0
1874.667;277.77978515625;0
1876.464;313.357391357422;0
1878.26;288.506103515625;0
1880.053;361.225952148438;0
1881.849;277.848480224609;0
1883.64;259.040344238281;0
1885.431;296.134918212891;0
1887.226;391.576599121094;0
1889.014;371.032043457031;0
1890.803;338.723449707031;0
1892.594;394.539672851563;0
1894.38;393.483276367188;0
1896.167;379.889831542969;0
1897.955;277.982269287109;0
1899.74;265.094635009766;0
1901.526;323.338714599609;0
1903.309;309.825775146484;0
1905.091;315.665252685547;0
1906.876;262.636169433594;0
1908.658;184.739181518555;0
1910.438;191.863891601563;0
1912.217;183.344329833984;0
1913.996;163.402725219727;0
1915.775;92.2612915039063;0
1917.553;144.364471435547;0
1919.33;196.935455322266;0
1921.106;299.641479492188;0
1922.881;180.483306884766;0
1924.655;228.127639770508;0
1926.431;187.795837402344;0
1928.202;222.038726806641;0
1929.974;49.9703063964844;0
1931.746;17.2575435638428;0
1933.516;86.6951675415039;0
1935.286;196.041961669922;0
1937.055;213.186798095703;0
1938.823;251.353881835938;0
1940.592;274.988220214844;0
1942.356;265.488342285156;0
1944.122;204.786239624023;0
1945.888;260.993041992188;0
1947.651;304.111175537109;0
1949.416;287.807250976563;0
1951.178;279.749877929688;0
1952.939;214.048782348633;0
1954.699;332.065521240234;0
1956.459;290.774078369141;0
1958.219;348.287719726563;0
1959.979;361.383270263672;0
1961.735;466.950256347656;0
1963.491;518.732177734375;0
1965.249;438.210357666016;0
1967.003;476.830444335938;0
1968.761;494.370452880859;0
1970.512;461.719757080078;0
1972.265;436.100524902344;0
1974.018;355.181274414063;0
1975.769;366.520050048828;0
1977.522;198.228744506836;0
1979.271;227.974151611328;0
1981.018;205.645156860352;0
1982.766;172.90901184082;0
1984.516;152.099044799805;0
1986.261;122.548980712891;0
1988.009;120.147911071777;0
1989.754;76.1180801391602;0
1991.498;170.903915405273;0
1993.241;346.062713623047;0
1994.984;430.707397460938;0
1996.727;425.39599609375;0
1998.468;328.34814453125;0
2000.206;365.783874511719;0
2001.946;382.813537597656;0
2003.686;457.103210449219;0
2005.424;435.208282470703;0
2007.161;499.021636962891;0
2008.898;499.655914306641;0
2010.634;552.224243164063;0
2012.369;515.503784179688;0
2014.103;476.827056884766;0
2015.836;410.860107421875;0
2017.57;502.936706542969;0
2019.299;596.059692382813;0
2021.032;599.118774414063;0
2022.762;553.669372558594;0
2024.491;511.155975341797;0
2026.221;593.133361816406;0
2027.947;524.490417480469;0
2029.676;505.004913330078;0
2031.403;448.787963867188;0
2033.128;371.725494384766;0
2034.852;354.817199707031;0
2036.577;291.936218261719;0
2038.299;425.881652832031;0
2040.022;381.209716796875;0
2041.744;302.030242919922;0
2043.465;208.453948974609;0
2045.184;187.703018188477;0
2046.903;274.333038330078;0
2048.621;259.123901367188;0
2050.339;338.073791503906;0
2052.057;268.739288330078;0
2053.774;202.898178100586;0
2055.488;47.9957809448242;0
2057.203;61.0229339599609;0
2058.917;145.285415649414;0
2060.631;163.782287597656;0
2062.344;232.968048095703;0
2064.053;300.440002441406;0
2065.765;437.180236816406;0
2067.476;508.410980224609;0
2069.185;458.689147949219;0
2070.892;442.793212890625;0
2072.6;450.390106201172;0
2074.308;406.036071777344;0
2076.014;432.951507568359;0
2077.72;397.356170654297;0
2079.425;400.249725341797;0
2081.13;316.188903808594;0
2082.833;256.730102539063;0
2084.532;296.230255126953;0
2086.236;275.8896484375;0
2087.936;302.042327880859;0
2089.635;272.576934814453;0
2091.335;315.150787353516;0
2093.034;292.551025390625;0
2094.731;278.223205566406;0
2096.427;401.637908935547;0
2098.124;486.628936767578;0
2099.82;661.828308105469;0
2101.515;642.569396972656;0
2103.207;632.629943847656;0
2104.902;646.444396972656;0
2106.594;691.799194335938;0
2108.286;704.036254882813;0
2109.976;681.698974609375;0
2111.667;798.561950683594;0
2113.355;909.514038085938;0
2115.044;976.059692382813;0
2116.732;857.976684570313;0
2118.42;776.820190429688;0
2120.105;755.0341796875;0
2121.79;764.412048339844;0
2123.476;848.90087890625;0
2125.16;866.869384765625;0
2126.844;813.984313964844;0
2128.524;822.801208496094;0
2130.207;820.901977539063;0
2131.888;940.779052734375;0
2133.567;811.802551269531;0
2135.247;741.085876464844;0
2136.927;715.739929199219;0
2138.603;910.718994140625;0
2140.281;946.288452148438;0
2141.957;1034.2255859375;0
2143.633;818.421203613281;0
2145.308;864.986450195313;0
2146.981;710.478820800781;0
2148.654;871.675476074219;0
2150.328;775.354125976563;0
2152;814.864868164063;0
2153.669;759.995971679688;0
2155.34;820.258850097656;0
2157.01;933.686767578125;0
2158.677;907.974548339844;0
2160.347;1009.10357666016;0
2162.013;872.951599121094;0
2163.681;892.365844726563;0
2165.347;757.963989257813;0
2167.011;843.213073730469;0
2168.674;805.593078613281;0
2170.337;809.888854980469;0
2172.002;619.630187988281;0
2173.662;634.329956054688;0
2175.324;605.466491699219;0
2176.985;736.777954101563;0
2178.645;716.012573242188;0
2180.304;677.860107421875;0
2181.961;664.406372070313;0
2183.618;699.85107421875;0
2185.275;790.605041503906;0
2186.932;862.3935546875;0
2188.586;862.772155761719;0
2190.242;882.474365234375;0
2191.896;782.534118652344;0
2193.547;681.295166015625;0
2195.2;632.837646484375;0
2196.851;516.658935546875;0
2198.502;516.460144042969;0
2200.153;492.378997802734;0
2201.799;624.384765625;0
2203.447;619.705017089844;0
2205.097;595.410522460938;0
2206.742;516.063842773438;0
2208.391;522.918762207031;0
2210.035;559.423767089844;0
2211.679;633.245544433594;0
2213.324;657.650756835938;0
2214.966;644.530212402344;0
2216.608;623.428833007813;0
2218.252;623.966064453125;0
2219.89;617.903686523438;0
2221.531;698.244201660156;0
2223.172;700.507080078125;0
2224.809;666.358947753906;0
2226.449;599.466796875;0
2228.086;605.91796875;0
2229.72;693.893249511719;0
2231.358;645.538146972656;0
2232.992;694.904663085938;0
2234.625;635.590759277344;0
2236.26;733.526611328125;0
2237.893;774.617309570313;0
2239.524;797.530944824219;0
2241.156;780.487487792969;0
2242.785;755.216003417969;0
2244.416;739.21240234375;0
2246.044;762.718078613281;0
2247.672;757.929809570313;0
2249.301;733.275146484375;0
2250.926;686.794006347656;0
2252.554;634.192810058594;0
2254.177;623.320434570313;0
2255.803;661.534240722656;0
2257.427;689.469360351563;0
2259.051;749.015014648438;0
2260.671;661.504638671875;0
2262.294;671.477233886719;0
2263.914;677.341125488281;0
2265.533;737.76904296875;0
2267.153;664.975646972656;0
2268.773;613.380187988281;0
2270.392;609.692077636719;0
2272.006;623.7607421875;0
2273.624;642.168029785156;0
2275.239;643.701049804688;0
2276.854;703.521118164063;0
2278.468;737.449401855469;0
2280.084;693.376770019531;0
2281.695;724.200134277344;0
2283.305;735.3046875;0
2284.919;703.912658691406;0
2286.527;671.94873046875;0
2288.14;625.105224609375;0
2289.748;701.981994628906;0
2291.354;682.912963867188;0
2292.964;722.119689941406;0
2294.569;696.601379394531;0
2296.174;702.987976074219;0
2297.782;604.986145019531;0
2299.386;562.155517578125;0
2300.99;460.805603027344;0
2302.594;551.747314453125;0
2304.195;565.513916015625;0
2305.798;696.433898925781;0
2307.399;546.840759277344;0
2308.998;485.852142333984;0
2310.598;328.021667480469;0
2312.197;397.379852294922;0
2313.795;463.058258056641;0
2315.392;638.701782226563;0
2316.988;691.939086914063;0
2318.585;709.103576660156;0
2320.18;685.528564453125;0
2321.774;650.210754394531;0
2323.368;591.147216796875;0
2324.961;556.664733886719;0
2326.553;422.385162353516;0
2328.145;418.227844238281;0
2329.735;375.502166748047;0
2331.324;587.546203613281;0
2332.916;607.589050292969;0
2334.503;563.203491210938;0
2336.092;456.174743652344;0
2337.677;459.691925048828;0
2339.263;460.746734619141;0
2340.85;511.014312744141;0
2342.434;455.779022216797;0
2344.018;467.278472900391;0
2345.602;303.323181152344;0
2347.185;284.998352050781;0
2348.768;274.84619140625;0
2350.347;462.310546875;0
2351.928;527.106689453125;0
2353.51;523.456420898438;0
2355.087;417.247467041016;0
2356.665;358.523284912109;0
2358.243;299.367706298828;0
2359.819;394.993896484375;0
2361.396;454.068389892578;0
2362.972;538.238830566406;0
2364.547;439.949096679688;0
2366.121;420.204498291016;0
2367.694;415.573944091797;0
2369.267;367.744964599609;0
2370.839;299.913635253906;0
2372.411;324.675964355469;0
2373.982;540.365173339844;0
2375.55;627.5849609375;0
2377.118;453.004699707031;0
2378.687;343.180389404297;0
2380.254;329.130798339844;0
2381.821;468.784515380859;0
2383.387;509.084106445313;0
2384.954;465.143920898438;0
2386.516;451.118835449219;0
2388.082;445.726928710938;0
2389.644;534.999633789063;0
2391.209;602.257568359375;0
2392.769;449.388946533203;0
2394.33;541.335266113281;0
2395.892;619.767578125;0
2397.449;841.1865234375;0
2399.008;796.149291992188;0
2400.568;763.767456054688;0
2402.125;667.705749511719;0
2403.68;565.519714355469;0
2405.238;517.367736816406;0
2406.792;523.883361816406;0
2408.349;663.524108886719;0
2409.902;739.378356933594;0
2411.455;785.192810058594;0
2413.007;756.151062011719;0
2414.558;690.633605957031;0
2416.11;673.606811523438;0
2417.66;621.414978027344;0
2419.21;650.969055175781;0
2420.758;593.85107421875;0
2422.307;610.486267089844;0
2423.855;567.132629394531;0
2425.402;602.906799316406;0
2426.947;552.687377929688;0
2428.492;528.013427734375;0
2430.038;536.967407226563;0
2431.58;577.476135253906;0
2433.124;570.761779785156;0
2434.667;584.566467285156;0
2436.208;588.317077636719;0
2437.75;691.373718261719;0
2439.291;644.654296875;0
2440.83;733.604614257813;0
2442.369;686.114379882813;0
2443.906;758.851196289063;0
2445.444;713.367736816406;0
2446.981;694.622802734375;0
2448.517;699.084167480469;0
2450.053;607.792053222656;0
2451.587;489.26904296875;0
2453.12;565.29248046875;0
2454.655;617.661560058594;0
2456.187;793.375671386719;0
2457.718;736.322509765625;0
2459.25;641.390197753906;0
2460.781;562.053771972656;0
2462.31;478.416534423828;0
2463.84;670.849182128906;0
2465.368;675.291320800781;0
2466.896;711.409301757813;0
2468.423;621.311462402344;0
2469.949;712.550109863281;0
2471.474;716.012512207031;0
2472.998;771.478820800781;0
2474.522;665.282531738281;0
2476.045;634.533569335938;0
2477.568;644.4111328125;0
2479.09;738.419677734375;0
2480.612;816.204711914063;0
2482.132;736.658386230469;0
2483.653;746.558166503906;0
2485.171;635.128662109375;0
2486.689;767.423461914063;0
2488.208;692.276062011719;0
2489.725;778.463317871094;0
2491.242;720.095825195313;0
2492.757;748.842224121094;0
2494.271;744.369079589844;0
2495.785;723.384765625;0
2497.3;753.835021972656;0
2498.812;803.062194824219;0
2500.325;771.399780273438;0
2501.837;720.213195800781;0
2503.345;558.430541992188;0
2504.856;477.896453857422;0
2506.366;408.312408447266;0
2507.875;500.333831787109;0
2509.382;509.135345458984;0
2510.889;521.93701171875;0
2512.397;425.738525390625;0
2513.901;458.386291503906;0
2515.406;454.811431884766;0
2516.911;551.339172363281;0
2518.415;547.643676757813;0
2519.918;489.946716308594;0
2521.421;426.811370849609;0
2522.922;349.684906005859;0
2524.423;370.959320068359;0
2525.924;378.568389892578;0
2527.422;406.957733154297;0
2528.923;505.904907226563;0
2530.419;511.298614501953;0
2531.916;475.804626464844;0
2533.415;384.533172607422;0
2534.909;210.375961303711;0
2536.404;153.151901245117;0
2537.899;101.923431396484;0
2539.394;188.062957763672;0
2540.887;214.595825195313;0
2542.38;280.048248291016;0
2543.871;301.714172363281;0
2545.363;371.595458984375;0
2546.852;336.070922851563;0
2548.345;228.445281982422;0
2549.833;140.230758666992;0
2551.321;52.8313827514648;0
2552.811;222.536880493164;0
2554.296;237.185562133789;0
2555.78;312.582305908203;0
2557.267;219.169021606445;0
2558.752;253.65071105957;0
2560.237;241.14013671875;0
2561.721;239.538208007813;0
2563.203;281.996673583984;0
2564.687;225.230072021484;0
2566.168;299.016754150391;0
2567.648;322.913696289063;0
2569.129;422.921844482422;0
2570.607;415.708801269531;0
2572.086;388.277221679688;0
2573.565;407.290679931641;0
2575.041;373.527923583984;0
2576.518;345.656555175781;0
2577.994;365.455322265625;0
2579.469;477.480743408203;0
2580.945;552.622680664063;0
2582.418;573.104064941406;0
2583.892;532.371215820313;0
2585.365;552.536682128906;0
2586.835;571.267395019531;0
2588.307;638.785217285156;0
2589.778;633.309936523438;0
2591.248;686.5009765625;0
2592.717;734.688110351563;0
2594.186;642.089660644531;0
2595.652;666.37255859375;0
2597.121;566.202697753906;0
2598.585;680.804260253906;0
2600.052;686.064636230469;0
2601.518;628.652526855469;0
2602.982;675.680480957031;0
2604.446;654.595581054688;0
2605.907;710.955932617188;0
2607.371;582.873962402344;0
2608.83;601.591064453125;0
2610.293;600.406188964844;0
2611.752;709.149169921875;0
2613.213;695.777282714844;0
2614.672;777.846984863281;0
2616.13;837.3583984375;0
2617.587;739.978149414063;0
2619.043;823.820007324219;0
2620.501;722.338684082031;0
2621.957;778.956237792969;0
2623.409;729.691589355469;0
2624.864;766.581420898438;0
2626.318;786.976806640625;0
2627.771;785.660461425781;0
2629.222;866.049560546875;0
2630.673;881.120361328125;0
2632.124;807.760375976563;0
2633.575;814.925476074219;0
2635.023;849.256469726563;0
2636.473;864.909118652344;0
2637.922;862.156494140625;0
2639.368;812.8427734375;0
2640.816;772.916259765625;0
2642.261;703.127258300781;0
2643.705;743.922912597656;0
2645.151;781.156494140625;0
2646.596;754.604858398438;0
2648.037;694.922607421875;0
2649.48;644.069091796875;0
2650.923;660.107543945313;0
2652.364;612.704162597656;0
2653.804;610.968933105469;0
2655.243;570.123291015625;0
2656.683;649.499450683594;0
2658.121;633.429931640625;0
2659.559;590.584350585938;0
2660.997;497.850769042969;0
2662.433;536.229064941406;0
2663.868;565.052551269531;0
2665.305;547.987854003906;0
2666.737;556.590576171875;0
2668.173;578.193359375;0
2669.606;524.266357421875;0
2671.038;507.340576171875;0
2672.47;362.527526855469;0
2673.901;345.302825927734;0
2675.331;310.412689208984;0
2676.761;389.936218261719;0
2678.189;413.669250488281;0
2679.619;334.143524169922;0
2681.045;238.872177124023;0
2682.473;289.396667480469;0
2683.9;364.343170166016;0
2685.324;347.692565917969;0
2686.749;275.5859375;0
2688.176;246.359405517578;0
2689.599;333.874298095703;0
2691.021;445.586975097656;0
2692.444;407.66259765625;0
2693.865;428.756469726563;0
2695.287;285.536987304688;0
2696.707;365.225677490234;0
2698.125;320.821655273438;0
2699.545;301.435028076172;0
2700.963;280.954620361328;0
2702.381;330.271301269531;0
2703.798;450.496887207031;0
2705.214;432.066986083984;0
2706.629;474.5595703125;0
2708.046;388.733703613281;0
2709.458;401.061889648438;0
2710.872;331.576141357422;0
2712.285;415.756744384766;0
2713.699;407.831634521484;0
2715.111;401.651031494141;0
2716.52;431.545745849609;0
2717.93;405.741577148438;0
2719.342;412.399536132813;0
2720.749;334.393524169922;0
2722.159;346.596160888672;0
2723.565;416.774139404297;0
2724.971;545.973205566406;0
2726.38;599.638122558594;0
2727.785;553.435485839844;0
2729.19;581.254272460938;0
2730.594;582.64892578125;0
2731.997;686.729248046875;0
2733.401;622.939636230469;0
2734.803;686.392211914063;0
2736.204;652.976318359375;0
2737.606;752.026550292969;0
2739.005;812.099914550781;0
2740.405;838.0849609375;0
2741.806;790.314147949219;0
2743.202;667.009704589844;0
2744.602;630.283752441406;0
2745.998;575.5830078125;0
2747.395;630.686218261719;0
2748.79;617.813842773438;0
2750.185;712.297302246094;0
2751.58;659.35791015625;0
2752.975;670.192443847656;0
2754.366;685.268493652344;0
2755.759;760.473571777344;0
2757.151;785.22021484375;0
2758.542;784.765747070313;0
2759.933;784.481079101563;0
2761.322;787.350830078125;0
2762.71;795.068603515625;0
2764.1;823.900939941406;0
2765.486;831.52880859375;0
2766.875;756.214111328125;0
2768.26;702.9208984375;0
2769.646;730.487854003906;0
2771.031;746.842407226563;0
2772.418;709.5283203125;0
2773.799;662.854614257813;0
2775.184;681.068603515625;0
2776.565;692.184509277344;0
2777.946;732.203063964844;0
2779.328;776.568420410156;0
2780.708;842.96630859375;0
2782.09;887.265197753906;0
2783.469;976.726867675781;0
2784.847;1036.95532226563;0
2786.226;1028.52502441406;0
2787.603;961.434387207031;0
2788.978;929.676879882813;0
2790.355;952.6826171875;0
2791.731;890.253234863281;0
2793.104;857.408081054688;0
2794.479;843.191101074219;0
2795.853;846.320617675781;0
2797.225;849.391845703125;0
2798.596;786.519348144531;0
2799.967;697.699401855469;0
2801.341;639.383178710938;0
2802.71;569.549987792969;0
2804.077;486.721496582031;0
2805.447;450.234466552734;0
2806.815;413.980133056641;0
2808.183;424.515655517578;0
2809.551;379.17431640625;0
2810.915;453.400634765625;0
2812.282;475.973358154297;0
2813.646;508.116027832031;0
2815.011;458.273254394531;0
2816.375;438.554962158203;0
2817.736;415.627563476563;0
2819.099;378.823852539063;0
2820.462;329.143035888672;0
2821.821;258.918792724609;0
2823.182;296.596466064453;0
2824.542;358.941589355469;0
2825.901;462.629333496094;0
2827.261;415.3232421875;0
2828.617;496.687957763672;0
2829.974;438.06039428711;0
2831.33;468.797821044922;0
2832.686;344.546051025391;0
2834.043;401.762084960938;0
2835.395;402.319213867187;0
2836.75;516.550109863281;0
2838.104;553.472839355469;0
2839.456;672.705200195313;0
2840.807;699.575012207031;0
2842.16;684.671875;0
2843.509;649.217712402344;0
2844.858;653.988464355469;0
2846.209;652.094543457031;0
2847.556;513.574768066406;0
2848.906;449.42593383789;0
2850.253;431.982543945313;0
2851.6;405.349029541016;0
2852.946;357.544769287109;0
2854.29;244.330444335938;0
2855.635;279.450164794922;0
2856.98;228.76383972168;0
2858.323;339.406036376953;0
2859.665;359.600372314453;0
2861.008;391.438812255859;0
2862.349;324.294677734375;0
2863.691;331.530456542969;0
2865.031;390.821685791016;0
2866.37;393.445465087891;0
2867.709;295.179992675781;0
2869.048;247.03190612793;0
2870.385;266.461090087891;0
2871.722;340.552398681641;0
2873.059;431.419708251953;0
2874.394;474.728179931641;0
2875.73;578.476867675781;0
2877.064;554.297729492187;0
2878.398;567.836120605469;0
2879.731;488.647369384765;0
2881.063;477.555480957031;0
2882.395;439.451721191406;0
2883.727;524.335205078125;0
2885.059;568.229309082031;0
2886.387;732.997436523438;0
2887.717;720.636840820313;0
2889.046;680.813171386719;0
2890.374;617.375671386719;0
2891.699;631.9970703125;0
2893.028;685.295776367188;0
2894.354;702.075805664062;0
2895.679;703.271667480469;0
2897.004;796.092651367188;0
2898.328;706.574462890625;0
2899.653;748.037475585938;0
2900.976;704.165222167969;0
2902.297;670.147583007812;0
2903.619;548.059326171875;0
2904.941;523.29296875;0
2906.26;623.508117675781;0
2907.58;741.370849609375;0
2908.898;733.100952148438;0
2910.217;755.490783691406;0
2911.536;737.06494140625;0
2912.852;796.929748535156;0
2914.171;798.181213378906;0
2915.485;804.172790527344;0
2916.799;765.57470703125;0
2918.116;753.323852539062;0
2919.428;792.636657714844;0
2920.743;821.574951171875;0
2922.056;858.900329589844;0
2923.367;854.216674804687;0
2924.679;801.286865234375;0
2925.99;761.612121582031;0
2927.299;763.935363769531;0
2928.609;803.718078613281;0
2929.918;800.153137207031;0
2931.226;737.250244140625;0
2932.535;760.383728027344;0
2933.841;734.608764648438;0
2935.149;803.063781738281;0
2936.455;814.836242675781;0
2937.758;836.036560058594;0
2939.064;775.668273925781;0
2940.368;710.609375;0
2941.67;690.525085449219;0
2942.973;743.291320800781;0
2944.277;769.262084960938;0
2945.577;802.212036132813;0
2946.878;821.807373046875;0
2948.178;868.047485351563;0
2949.477;926.047485351563;0
2950.776;944.809631347656;0
2952.073;897.668334960937;0
2953.372;846.179077148438;0
2954.669;784.968811035156;0
2955.965;775.524230957031;0
2957.261;827.360168457031;0
2958.556;832.972839355469;0
2959.849;870.14013671875;0
2961.145;791.309448242187;0
2962.436;893.784301757813;0
2963.732;850.817810058594;0
2965.022;935.634155273437;0
2966.313;853.902648925781;0
2967.603;855.885437011719;0
2968.893;824.02099609375;0
2970.182;814.802001953125;0
2971.471;773.646667480469;0
2972.759;733.721130371094;0
2974.047;741.400085449219;0
2975.334;813.295532226562;0
2976.62;757.531127929687;0
2977.907;728.756591796875;0
2979.192;639.669982910156;0
2980.475;580.875366210937;0
2981.76;646.861083984375;0
2983.043;690.85546875;0
2984.326;752.859802246094;0
2985.607;643.2080078125;0
2986.888;651.529174804688;0
2988.17;645.652282714844;0
2989.449;604.014343261719;0
2990.728;546.535278320313;0
2992.007;604.306701660156;0
2993.284;604.527099609375;0
2994.562;577.100952148437;0
2995.84;520.057434082031;0
2997.115;503.822082519531;0
2998.393;577.189392089844;0
2999.666;514.22216796875;0
3000.94;495.781311035156;0
3002.215;405.496887207031;0
3003.486;441.71890258789;0
3004.76;459.170745849609;0
3006.033;450.957580566406;0
3007.303;340.2529296875;0
3008.573;317.383972167969;0
3009.844;292.293090820313;0
3011.114;348.970977783203;0
3012.383;345.316101074219;0
3013.649;382.931243896485;0
3014.917;358.874084472656;0
3016.185;339.910491943359;0
3017.451;236.230606079102;0
3018.716;232.105255126953;0
3019.983;214.41716003418;0
3021.246;225.614273071289;0
3022.509;210.252868652344;0
3023.774;237.634582519531;0
3025.035;263.760131835938;0
3026.299;215.18376159668;0
3027.56;221.016159057617;0
3028.819;259.477325439453;0
3030.081;229.304351806641;0
3031.339;121.696273803711;0
3032.598;117.361946105957;0
3033.856;175.092178344727;0
3035.114;241.443832397461;0
3036.372;175.000198364258;0
3037.628;263.990539550781;0
3038.883;267.747009277344;0
3040.138;289.143768310547;0
3041.394;311.482391357422;0
3042.646;372.881896972656;0
3043.9;407.785583496094;0
3045.152;334.6630859375;0
3046.405;275.796722412109;0
3047.657;276.809539794922;0
3048.906;345.2724609375;0
3050.158;409.49301147461;0
3051.407;484.512390136719;0
3052.656;509.508636474609;0
3053.904;549.245056152344;0
3055.153;545.058776855469;0
3056.398;519.922912597656;0
3057.647;552.926879882812;0
3058.892;535.79248046875;0
3060.137;611.51806640625;0
3061.382;551.663635253906;0
3062.625;585.416015625;0
3063.869;560.091003417969;0
3065.112;584.877197265625;0
3066.353;569.555114746094;0
3067.595;551.318298339844;0
3068.838;565.816467285156;0
3070.075;639.989562988281;0
3071.317;694.316833496094;0
3072.557;672.251770019531;0
3073.795;595.460083007812;0
3075.032;533.852661132812;0
3076.27;546.634155273438;0
3077.507;553.042846679688;0
3078.742;576.994140625;0
3079.978;571.142456054688;0
3081.212;543.349487304688;0
3082.446;565.557434082031;0
3083.681;543.262878417969;0
3084.913;590.364929199219;0
3086.147;562.6357421875;0
3087.38;624.618713378906;0
3088.61;654.406494140625;0
3089.84;576.755187988281;0
3091.071;580.63232421875;0
3092.3;631.664978027344;0
3093.529;735.539306640625;0
3094.755;659.823486328125;0
3095.984;607.821166992188;0
3097.211;592.067443847656;0
3098.438;615.85888671875;0
3099.663;574.550354003906;0
3100.888;530.697387695312;0
3102.112;566.936767578125;0
3103.335;544.194519042969;0
3104.56;537.36865234375;0
3105.782;551.4501953125;0
3107.005;595.563171386719;0
3108.226;720.248352050781;0
3109.447;685.696350097656;0
3110.667;662.264099121094;0
3111.887;603.969482421875;0
3113.104;587.1953125;0
3114.324;573.780395507812;0
3115.541;514.939453125;0
3116.758;590.229919433594;0
3117.976;561.627075195313;0
3119.192;615.292114257812;0
3120.408;518.056335449219;0
3121.622;615.098266601563;0
3122.835;587.350708007813;0
3124.05;592.329956054688;0
3125.262;585.62255859375;0
3126.476;591.6015625;0
3127.687;600.47607421875;0
3128.897;585.95703125;0
3130.108;614.181457519531;0
3131.319;627.853271484375;0
3132.528;640.418640136719;0
3133.737;609.985229492187;0
3134.945;607.256286621094;0
3136.152;529.58349609375;0
3137.358;516.667053222656;0
3138.565;582.615417480469;0
3139.772;554.348571777344;0
3140.976;532.423706054688;0
3142.18;461.775177001953;0
3143.385;472.848663330078;0
3144.588;471.635864257813;0
3145.79;471.358337402344;0
3146.993;426.599609375;0
3148.194;460.756530761719;0
3149.395;443.446624755859;0
3150.596;480.367584228516;0
3151.794;437.083984375;0
3152.994;358.566680908203;0
3154.193;332.867492675781;0
3155.39;310.444091796875;0
3156.587;355.406768798828;0
3157.784;425.084381103516;0
3158.982;377.329986572266;0
3160.177;388.10092163086;0
3161.37;293.410217285156;0
3162.565;327.487091064453;0
3163.759;311.289398193359;0
3164.952;359.291900634766;0
3166.146;340.062896728516;0
3167.337;313.560913085938;0
3168.527;316.980651855469;0
3169.719;348.550018310547;0
3170.91;364.136474609375;0
3172.098;322.850311279297;0
3173.288;283.833923339844;0
3174.475;204.541259765625;0
3175.663;227.84684753418;0
3176.849;228.908248901367;0
3178.037;307.74560546875;0
3179.223;295.422210693359;0
3180.408;241.084197998047;0
3181.592;210.620712280273;0
3182.777;214.895645141602;0
3183.96;332.318603515625;0
3185.143;311.061920166016;0
3186.325;357.172058105469;0
3187.507;304.3974609375;0
3188.688;378.658874511719;0
3189.869;321.268951416016;0
3191.049;358.759490966797;0
3192.228;433.234161376953;0
3193.406;377.371887207031;0
3194.585;337.843627929688;0
3195.763;286.218200683594;0
3196.939;319.917816162109;0
3198.116;300.064758300781;0
3199.292;286.21435546875;0
3200.466;352.009185791016;0
3201.643;426.245300292969;0
3202.816;432.256774902344;0
3203.991;463.178741455078;0
3205.161;493.4892578125;0
3206.334;532.419616699219;0
3207.504;541.453552246094;0
3208.677;583.528930664063;0
3209.846;605.390075683594;0
3211.017;614.550537109375;0
3212.187;615.030029296875;0
3213.356;512.715698242187;0
3214.524;507.061431884766;0
3215.69;454.303253173828;0
3216.859;548.300476074219;0
3218.024;539.615783691406;0
3219.189;572.582214355469;0
3220.354;546.643798828125;0
3221.519;555.46533203125;0
3222.682;559.4921875;0
3223.845;608.237731933594;0
3225.01;669.190490722656;0
3226.171;692.443237304688;0
3227.332;656.568420410156;0
3228.494;659.675537109375;0
3229.655;639.788024902344;0
3230.814;692.443908691406;0
3231.973;650.367248535156;0
3233.13;664.262512207031;0
3234.29;596.454345703125;0
3235.447;636.337707519531;0
3236.605;629.537963867188;0
3237.76;745.358093261719;0
3238.916;685.284851074219;0
3240.071;700.419555664063;0
3241.224;707.3876953125;0
3242.381;691.996337890625;0
3243.532;680.715026855469;0
3244.685;664.662048339844;0
3245.839;683.688232421875;0
3246.99;657.649108886719;0
3248.141;561.828430175781;0
3249.292;591.468139648438;0
3250.439;623.20654296875;0
3251.589;620.778442382812;0
3252.739;611.955993652344;0
3253.886;574.980285644531;0
3255.034;599.198120117187;0
3256.18;568.740173339844;0
3257.326;585.574035644531;0
3258.472;591.944580078125;0
3259.617;599.145629882812;0
3260.761;605.140441894531;0
3261.905;649.028015136719;0
3263.048;727.779602050781;0
3264.19;700.192199707031;0
3265.333;652.931030273438;0
3266.475;642.9921875;0
3267.617;678.616638183594;0
3268.757;739.283386230469;0
3269.896;738.895446777344;0
3271.036;704.171264648438;0
3272.175;664.226013183594;0
3273.313;609.10986328125;0
3274.449;669.368713378906;0
3275.586;626.997741699219;0
3276.722;617.597778320312;0
3277.859;573.862365722656;0
3278.993;626.96044921875;0
3280.13;619.486511230469;0
3281.263;602.827941894531;0
3282.395;579.575500488281;0
3283.529;626.790710449219;0
3284.66;676.3662109375;0
3285.794;692.969909667969;0
3286.924;694.662475585938;0
3288.054;708.296203613281;0
3289.185;697.7373046875;0
3290.313;669.525390625;0
3291.443;557.925170898438;0
3292.571;499.451110839844;0
3293.698;576.01171875;0
3294.824;601.701782226563;0
3295.952;551.411865234375;0
3297.077;485.673156738281;0
3298.203;412.181884765625;0
3299.328;529.091918945313;0
3300.45;521.241149902344;0
3301.574;644.716735839844;0
3302.698;570.778259277344;0
3303.819;629.510498046875;0
3304.942;564.941345214844;0
3306.064;596.932006835938;0
3307.182;527.384643554688;0
3308.303;460.675537109375;0
3309.423;473.111145019531;0
3310.542;414.179534912109;0
3311.66;447.770690917969;0
3312.778;399.886535644531;0
3313.895;457.858062744141;0
3315.012;466.460266113281;0
3316.128;490.864959716797;0
3317.243;444.3544921875;0
3318.357;448.421569824219;0
3319.471;421.772552490234;0
3320.586;447.466583251953;0
3321.698;531.213073730469;0
3322.813;565.774597167969;0
3323.923;522.045227050781;0
3325.034;509.35888671875;0
3326.146;473.734832763672;0
3327.255;502.001708984375;0
3328.366;456.831451416016;0
3329.474;490.395568847656;0
3330.582;499.669403076172;0
3331.691;468.937286376953;0
3332.797;416.201354980469;0
3333.905;382.870635986328;0
3335.011;396.275024414063;0
3336.116;424.979705810547;0
3337.22;413.003753662109;0
3338.327;449.8759765625;0
3339.429;453.019409179688;0
3340.534;458.70703125;0
3341.635;434.167266845703;0
3342.737;383.935150146484;0
3343.84;370.462432861328;0
3344.94;362.628112792969;0
3346.041;374.879180908203;0
3347.142;381.923797607422;0
3348.24;327.829132080078;0
3349.337;328.079650878906;0
3350.437;315.364532470703;0
3351.534;282.350921630859;0
3352.633;279.536895751953;0
3353.727;279.515411376953;0
3354.823;399.090637207031;0
3355.919;424.359405517578;0
3357.013;500.228881835938;0
3358.108;471.958618164063;0
3359.201;524.006591796875;0
3360.293;417.420074462891;0
3361.385;456.805755615234;0
3362.478;414.120635986328;0
3363.569;558.981140136719;0
3364.661;480.05712890625;0
3365.75;523.339599609375;0
3366.838;427.027923583984;0
3367.929;392.18408203125;0
3369.017;380.187377929688;0
3370.105;480.652984619141;0
3371.193;581.643432617188;0
3372.279;548.245483398438;0
3373.364;535.979797363281;0
3374.45;505.907073974609;0
3375.534;563.238159179688;0
3376.62;569.99462890625;0
3377.704;661.762268066406;0
3378.786;625.297973632813;0
3379.871;572.615783691406;0
3380.951;504.966613769531;0
3382.034;502.964447021484;0
3383.114;496.88720703125;0
3384.195;510.041625976563;0
3385.276;485.057830810547;0
3386.354;507.492279052734;0
3387.433;529.592346191406;0
3388.511;564.287963867188;0
3389.588;590.237976074219;0
3390.664;568.156066894531;0
3391.742;558.151550292969;0
3392.816;503.881591796875;0
3393.893;489.142242431641;0
3394.968;534.256164550781;0
3396.042;569.486999511719;0
3397.115;560.29345703125;0
3398.189;506.45068359375;0
3399.262;520.285400390625;0
3400.333;499.438446044922;0
3401.404;531.172485351563;0
3402.474;488.521179199219;0
3403.545;545.316772460938;0
3404.615;505.738464355469;0
3405.685;569.87255859375;0
3406.752;548.803955078125;0
3407.82;557.597717285156;0
3408.888;554.132934570313;0
3409.955;542.462951660156;0
3411.021;546.452697753906;0
3412.085;495.852264404297;0
3413.151;470.836730957031;0
3414.215;457.989105224609;0
3415.279;436.761138916016;0
3416.343;503.16015625;0
3417.406;533.234130859375;0
3418.468;558.742797851563;0
3419.53;559.011413574219;0
3420.592;609.10888671875;0
3421.652;627.883361816406;0
3422.712;608.337951660156;0
3423.773;532.973876953125;0
3424.83;512.638793945313;0
3425.889;588.608764648438;0
3426.946;625.154296875;0
3428.005;643.440612792969;0
3429.061;593.540222167969;0
3430.117;589.243041992188;0
3431.172;555.72021484375;0
3432.227;482.571746826172;0
3433.281;428.173248291016;0
3434.335;461.762359619141;0
3435.389;491.433471679688;0
3436.44;499.537506103516;0
3437.492;481.027587890625;0
3438.546;483.559295654297;0
3439.598;529.632995605469;0
3440.646;530.953369140625;0
3441.697;480.688629150391;0
3442.745;467.037689208984;0
3443.793;519.836547851563;0
3444.842;616.698059082031;0
3445.891;681.011352539063;0
3446.937;699.586547851563;0
3447.984;669.055297851563;0
3449.031;616.96337890625;0
3450.075;580.119201660156;0
3451.12;571.198486328125;0
3452.164;572.167297363281;0
3453.207;602.598571777344;0
3454.251;603.754028320313;0
3455.293;591.859802246094;0
3456.336;485.382080078125;0
3457.378;484.520324707031;0
3458.417;481.916900634766;0
3459.458;501.388031005859;0
3460.498;454.720611572266;0
3461.539;446.963134765625;0
3462.577;438.5478515625;0
3463.614;461.595397949219;0
3464.651;449.584838867188;0
3465.689;460.150756835938;0
3466.726;446.06201171875;0
3467.763;454.600372314453;0
3468.798;476.853759765625;0
3469.831;446.900817871094;0
3470.866;449.939697265625;0
3471.9;430.704467773438;0
3472.933;427.755584716797;0
3473.966;380.065521240234;0
3474.999;399.378265380859;0
3476.029;446.63916015625;0
3477.061;468.518310546875;0
3478.09;427.911804199219;0
3479.121;415.881286621094;0
3480.15;395.243072509766;0
3481.178;368.771301269531;0
3482.205;397.430511474609;0
3483.234;434.562164306641;0
3484.26;495.592559814453;0
3485.288;502.645690917969;0
3486.313;498.633636474609;0
3487.337;485.201385498047;0
3488.364;448.018859863281;0
3489.387;457.475769042969;0
3490.411;488.352722167969;0
3491.434;470.860229492188;0
3492.456;463.018005371094;0
3493.479;355.010711669922;0
3494.5;324.667694091797;0
3495.521;236.321975708008;0
3496.543;172.729690551758;0
3497.561;111.924736022949;0
3498.579;68.5466690063477;0
3499.6;105.878982543945;0
3500.618;82.7288818359375;0
3501.636;31.5377311706543;0
3502.653;3.19471406936646;0
3503.669;-39.8494682312012;0
3504.685;-31.0452919006348;0
3505.699;-45.2568969726563;0
3506.716;-17.2353954315186;0
3507.729;-25.9415893554688;0
3508.743;-92.9484939575195;0
3509.755;-51.9652786254883;0
