98.64605;0;0
101.2353;0;0
103.8217;0;0
106.4096;-44.3333320617676;0
108.9945;24.4222221374512;0
111.5767;3.2380952835083;0
114.1602;61.3703689575195;0
116.7409;88.5353546142578;0
119.3209;140.606842041016;0
121.9002;76.9037017822266;0
124.4788;42.1176452636719;0
127.0566;12.3918132781982;0
129.6317;-11.4074077606201;0
132.2038;-21.6038646697998;0
134.7796;-108.279998779297;0
137.3503;-110.683128356934;0
139.9204;-12.9584245681763;0
142.4919;284.020965576172;0
145.0584;412.070190429688;0
147.6242;452.755096435547;0
150.1914;538.795349121094;0
152.7579;668.318664550781;0
155.3216;653.484680175781;0
157.8846;602.232177734375;0
160.4448;647.002075195313;0
163.0085;744.95947265625;0
165.5672;864.221862792969;0
168.1232;835.411437988281;0
170.6826;914.507019042969;0
173.2372;875.898681640625;0
175.7931;1058.29760742188;0
178.3463;1053.98999023438;0
180.8966;1201.79418945313;0
183.4504;1251.55688476563;0
185.9993;1441.91845703125;0
188.5476;1500.42687988281;0
191.0972;1586.46459960937;0
193.644;1483.24426269531;0
196.1859;1496.2724609375;0
198.7335;1435.3271484375;0
201.2761;1389.7734375;0
203.8201;1345.86389160156;0
206.3593;1328.48718261719;0
208.8998;1526.22546386719;0
211.4397;1567.20288085937;0
213.9746;1817.86389160156;0
216.5109;1820.17456054688;0
219.0487;1935.62280273438;0
221.5816;1914.46081542969;0
224.1158;2072.12377929688;0
226.6473;2234.248046875;0
229.176;2288.28564453125;0
231.7082;2289.20849609375;0
234.2355;2260.9033203125;0
236.7643;2192.90161132813;0
239.2902;2142.34033203125;0
241.8133;2120.84692382813;0
244.3379;2097.25927734375;0
246.8618;2143.05981445313;0
249.3828;2131.01489257813;0
251.9053;2252.57983398438;0
254.423;2287.95629882813;0
256.942;2335.10522460938;0
259.4603;2362.203125;0
261.9759;2321.61743164063;0
264.4887;2276.9658203125;0
267.005;2220.29150390625;0
269.5164;2239.85668945313;0
272.0292;2341.728515625;0
274.5393;2486.93383789063;0
277.0466;2563.74169921875;0
279.5574;2583.07495117188;0
282.0654;2510.71337890625;0
284.5686;2428.88110351563;0
287.0752;2470.62109375;0
289.5791;2454.52880859375;0
292.0803;2442.21264648438;0
294.5828;2337.36889648438;0
297.0826;2296.96215820313;0
299.5838;2215.85473632813;0
302.0801;1997.88671875;0
304.5758;1881.91870117188;0
307.0749;1822.16357421875;0
309.5672;1829.88488769531;0
312.0608;1809.60241699219;0
314.5558;1774.97717285156;0
317.044;1746.06945800781;0
319.5377;1735.11645507813;0
322.0266;1802.54431152344;0
324.5127;1903.93786621094;0
327.0023;1958.79284667969;0
329.4871;2104.33715820313;0
331.9691;2254.0283203125;0
334.4547;2329.10180664063;0
336.9353;2354.27880859375;0
339.4174;2401.5234375;0
341.901;2491.4443359375;0
344.3776;2502.94360351563;0
346.8577;2482.95849609375;0
349.333;2383.529296875;0
351.8076;2242.07543945313;0
354.2857;2174.21044921875;0
356.7569;2149.32397460938;0
359.2296;2115.43237304688;0
361.7015;1996.90930175781;0
364.1729;1984.73376464844;0
366.6414;1915.39489746094;0
369.1093;1998.62133789062;0
371.5745;2021.88012695313;0
374.0432;2099.07348632813;0
376.507;2070.20141601563;0
378.9702;1993.13464355469;0
381.4348;1870.3701171875;0
383.8947;1822.64953613281;0
386.3538;1801.41491699219;0
388.8144;1837.24389648438;0
391.2722;1839.02893066406;0
393.7314;1758.68566894531;0
396.1859;1870.01489257812;0
398.6418;2007.08227539063;0
401.0949;2277.28271484375;0
403.5475;2174.39794921875;0
405.9972;2197.70483398438;0
408.4505;2163.80834960938;0
410.899;2327.28295898438;0
413.3468;2327.263671875;0
415.796;2339.54272460938;0
418.2405;2338.10205078125;0
420.6884;2249.97119140625;0
423.1295;2124.69262695313;0
425.572;2051.29907226563;0
428.0159;2027.38439941406;0
430.455;2103.66381835938;0
432.8956;2117.97387695313;0
435.3335;2127.33325195313;0
437.7707;2044.78625488281;0
440.2093;2030.73937988281;0
442.6432;2007.40771484375;0
445.0764;2018.86828613281;0
447.511;1886.40014648438;0
449.9429;1824.4375;0
452.3721;1817.40026855469;0
454.8048;1834.17712402344;0
457.2328;1745.85998535156;0
459.66;1618.31140136719;0
462.0847;1613.76062011719;0
464.5127;1795.11206054688;0
466.9381;2065.732421875;0
469.3587;2221.88793945313;0
471.7807;2410.40869140625;0
474.2042;2344.31689453125;0
476.6229;2446.22436523438;0
479.041;2311.93383789063;0
481.4604;2219.03002929688;0
483.8752;2090.59936523438;0
486.2934;2040.47058105469;0
488.7068;2026.7724609375;0
491.1197;1961.85485839844;0
493.5339;1865.25354003906;0
495.9435;1809.63842773437;0
498.3544;1685.16760253906;0
500.7667;1793.07800292969;0
503.1723;1798.55358886719;0
505.5793;1851.798828125;0
507.9856;1694.46069335938;0
510.3913;1631.45068359375;0
512.7944;1578.21447753906;0
515.1968;1560.70935058594;0
517.5986;1531.92248535156;0
519.9997;1561.27160644531;0
522.3982;1667.7578125;0
524.798;1728.19812011719;0
527.1973;1715.38806152344;0
529.5919;1686.79431152344;0
531.9899;1562.12939453125;0
534.3832;1692.85803222656;0
536.7758;1623.11071777344;0
539.1699;1777.95129394531;0
541.5593;1567.88549804688;0
543.9481;1604.27282714844;0
546.3382;1636.27490234375;0
548.7257;1772.95849609375;0
551.1146;1875.33984375;0
553.4968;1947.58813476563;0
555.8824;2153.673828125;0
558.2675;2192.66357421875;0
560.6478;2204.921875;0
563.0295;2145.6826171875;0
565.4106;2075.83569335938;0
567.7911;2053.05151367188;0
570.169;1931.08276367188;0
572.5462;1823.57495117188;0
574.9229;1738.66735839844;0
577.2968;1558.69958496094;0
579.6721;1598.5283203125;0
582.0449;1592.91809082031;0
584.417;1587.37072753906;0
586.7885;1506.59838867188;0
589.1553;1475.33459472656;0
591.5255;1507.37377929688;0
593.8931;1408.22033691406;0
596.2601;1297.34741210937;0
598.6265;1168.08337402344;0
600.9902;1202.33190917969;0
603.3554;1320.20373535156;0
605.7179;1411.60021972656;0
608.0778;1476.34423828125;0
610.4391;1285.4716796875;0
612.7977;1238.10144042969;0
615.1558;1268.10681152344;0
617.5132;1499.42517089844;0
619.8701;1601.91259765625;0
622.2263;1592.73352050781;0
624.5779;1645.69140625;0
626.9308;1815.44995117188;0
629.2852;1803.97985839844;0
631.6349;1878.53796386719;0
633.9841;2020.869140625;0
636.3326;2228.0595703125;0
638.6805;2229.169921875;0
641.0279;2043.16857910156;0
643.3746;2147.22973632813;0
645.7187;2262.3388671875;0
648.0621;2324.47094726563;0
650.405;2134.74462890625;0
652.7453;2074.98120117188;0
655.087;2152.59594726563;0
657.426;2140.26416015625;0
659.7645;2146.48876953125;0
662.1024;1995.15954589844;0
664.4376;1879.34680175781;0
666.7742;1760.82653808594;0
669.1063;1628.24755859375;0
671.4398;1652.80114746094;0
673.7726;1544.51257324219;0
676.1048;1643.83996582031;0
678.4324;1686.24890136719;0
680.7635;1756.96374511719;0
683.0919;1744.48474121094;0
685.4158;1756.5869140625;0
687.743;1727.41857910156;0
690.0696;1745.12255859375;0
692.3937;1674.4736328125;0
694.7151;1669.0498046875;0
697.038;1812.91528320313;0
699.3583;1806.00207519531;0
701.6779;1926.43127441406;0
703.995;1922.69482421875;0
706.3155;2110.48168945313;0
708.6294;2149.21850585938;0
710.9467;2083.23608398438;0
713.2594;2187.25561523438;0
715.5735;1992.44677734375;0
717.887;1949.18579101563;0
720.1979;1855.01196289062;0
722.5083;2104.0244140625;0
724.818;2130.64770507813;0
727.1252;1994.98864746094;0
729.4357;1921.59875488281;0
731.7418;1996.90930175781;0
734.0452;2130.13159179688;0
736.35;2119.47900390625;0
738.6522;2040.81945800781;0
740.9539;1894.32141113281;0
743.2569;1809.45642089844;0
745.5554;1751.0625;0
747.8553;1690.80944824219;0
750.1545;1659.2607421875;0
752.4513;1762.62475585938;0
754.7474;1634.84411621094;0
757.043;1514.83447265625;0
759.336;1405.86950683594;0
761.6304;1478.59033203125;0
763.9222;1366.33251953125;0
766.2114;1107.90380859375;0
768.5041;975.602294921875;0
770.7922;873.683410644531;0
773.0777;936.812622070313;0
775.3647;1005.41967773438;0
777.651;1324.36767578125;0
779.9368;1340.18884277344;0
782.22;1399.216796875;0
784.5026;1325.37121582031;0
786.7847;1526.85339355469;0
789.0662;1521.85241699219;0
791.3451;1612.87536621094;0
793.6254;1605.97424316406;0
795.9012;1742.26159667969;0
798.1784;1841.50842285156;0
800.455;1866.66015625;0
802.7291;1802.93737792969;0
805.0026;1663.33642578125;0
807.2755;1696.81433105469;0
809.5478;1717.44250488281;0
811.8176;1745.05065917969;0
814.0869;1905.24145507813;0
816.3535;2201.86181640625;0
818.6235;2442.33154296875;0
820.8911;2382.736328125;0
823.156;2283.48706054688;0
825.4204;2263.93237304688;0
827.6823;2177.36376953125;0
829.9474;1998.7373046875;0
832.2082;1896.00366210938;0
834.4683;1908.54162597656;0
836.7279;2013.6962890625;0
838.9869;2052.73559570313;0
841.2453;2003.08142089844;0
843.5012;2205.18920898438;0
845.7565;2196.61303710938;0
848.0133;2267.40283203125;0
850.2655;2079.82739257813;0
852.5153;1942.77001953125;0
854.7703;1864.7822265625;0
857.0189;1611.29528808594;0
859.2668;1445.54748535156;0
861.5182;1341.98681640625;0
863.7651;1429.67468261719;0
866.0114;1521.61889648438;0
868.2592;1362.55541992188;0
870.5024;1386.20092773438;0
872.7451;1433.03076171875;0
874.9872;1568.17016601563;0
877.2307;1610.20031738281;0
879.4717;1527.00891113281;0
881.7101;1463.92004394531;0
883.95;1395.04357910156;0
886.1854;1421.15539550781;0
888.4202;1459.04370117188;0
890.6604;1480.82202148438;0
892.8941;1415.06323242188;0
895.1253;1580.66528320313;0
897.3599;1747.53576660156;0
899.59;1710.21704101562;0
901.8195;1535.04992675781;0
904.0504;1514.93933105469;0
906.2789;1711.17785644531;0
908.5087;1852.16833496094;0
910.7341;1824.54528808594;0
912.9589;1680.95373535156;0
915.1851;1655.9755859375;0
917.4088;1676.259765625;0
919.63;1759.37780761719;0
921.8526;1561.24401855469;0
924.0727;1528.34387207031;0
926.2922;1593.72546386719;0
928.5112;1774.16516113281;0
930.7277;1542.22521972656;0
932.9476;1219.95983886719;0
935.163;1144.14660644531;0
937.3739;1078.78674316406;0
939.5901;1268.75952148438;0
941.8019;1131.48559570312;0
944.0151;1148.46362304687;0
946.2258;1008.94116210937;0
948.4341;963.531860351563;0
950.6456;1035.88806152344;0
952.8527;976.340087890625;0
955.0593;1019.44750976563;0
957.2653;810.548095703125;0
959.4689;916.600463867188;0
961.6738;912.212158203125;0
963.8782;1002.19812011719;0
966.0782;937.7568359375;0
968.2815;1066.94665527344;0
970.4803;1127.18859863281;0
972.6787;1147.11877441406;0
974.8784;1056.52209472656;0
977.0757;1066.84460449219;0
979.2704;960.315063476562;0
981.4667;883.825439453125;0
983.6603;840.80029296875;0
985.8535;1023.42724609375;0
988.0461;1103.34399414063;0
990.2363;1191.8056640625;0
992.4297;1426.55334472656;0
994.6169;1752.29614257813;0
996.8035;1947.90222167969;0
998.9933;2105.73193359375;0
1001.179;2114.77978515625;0
1003.364;2226.80981445313;0
1005.55;2173.98974609375;0
1007.732;2322.98608398438;0
1009.916;2207.67578125;0
1012.096;2114.39477539063;0
1014.275;1976.58178710937;0
1016.459;1993.94848632812;0
1018.636;2148.50732421875;0
1020.813;2288.7392578125;0
1022.991;2435.63159179688;0
1025.165;2356.61669921875;0
1027.34;2028.34289550781;0
1029.515;1936.37890625;0
1031.687;1726.71716308594;0
1033.859;1895.23852539062;0
1036.03;1891.18994140625;0
1038.199;1971.94677734375;0
1040.369;1836.24536132813;0
1042.536;1792.97766113281;0
1044.704;1727.47717285156;0
1046.87;1776.86584472656;0
1049.034;1629.02392578125;0
1051.198;1546.396484375;0
1053.363;1451.98229980469;0
1055.526;1577.06335449219;0
1057.686;1613.15209960938;0
1059.845;1664.35803222656;0
1062.005;1543.79235839844;0
1064.165;1507.12170410156;0
1066.323;1508.90393066406;0
1068.477;1417.55249023438;0
1070.634;1410.21215820313;0
1072.788;1132.666015625;0
1074.942;1094.80895996094;0
1077.096;984.866149902344;0
1079.247;1171.58129882812;0
1081.397;1372.49279785156;0
1083.547;1588.01184082031;0
1085.695;1548.41052246094;0
1087.844;1496.73889160156;0
1089.992;1458.42395019531;0
1092.138;1385.76428222656;0
1094.284;1419.26745605469;0
1096.425;1395.67504882812;0
1098.571;1533.76086425781;0
1100.711;1526.12133789063;0
1102.851;1642.36083984375;0
1104.994;1851.45031738281;0
1107.132;1910.85888671875;0
1109.271;1924.6357421875;0
1111.408;1908.71838378906;0
1113.543;1947.68884277344;0
1115.682;2096.93896484375;0
1117.816;1964.80676269531;0
1119.947;1997.77941894531;0
1122.08;1843.31311035156;0
1124.213;2057.54223632813;0
1126.343;2013.0537109375;0
1128.474;1971.81567382813;0
1130.602;1580.60119628906;0
1132.728;1512.77905273437;0
1134.856;1547.51501464844;0
1136.982;1645.23364257813;0
1139.109;1793.54052734375;0
1141.234;1849.22351074219;0
1143.356;1933.79626464844;0
1145.479;1835.45739746094;0
1147.599;1792.50341796875;0
1149.719;1836.607421875;0
1151.839;1883.32995605469;0
1153.957;1779.89147949219;0
1156.076;1511.51196289062;0
1158.191;1147.41320800781;0
1160.305;1163.41577148437;0
1162.423;1244.56042480469;0
1164.536;1436.140625;0
1166.647;1302.42712402344;0
1168.761;1461.36975097656;0
1170.871;1382.78955078125;0
1172.983;1446.72607421875;0
1175.092;1505.55517578125;0
1177.2;1854.74255371094;0
1179.306;2040.52282714844;0
1181.413;2004.40112304688;0
1183.518;1784.97399902344;0
1185.623;1633.90771484375;0
1187.725;1499.86682128906;0
1189.826;1582.37475585938;0
1191.929;1634.8994140625;0
1194.032;1738.55261230469;0
1196.13;1555.00109863281;0
1198.23;1541.78430175781;0
1200.327;1626.05517578125;0
1202.423;1696.14428710938;0
1204.52;1893.28991699219;0
1206.613;1613.04467773437;0
1208.71;1809.91247558594;0
1210.801;1743.04357910156;0
1212.892;1893.40942382813;0
1214.987;1779.89343261719;0
1217.075;1807.38208007813;0
1219.166;1702.85681152344;0
1221.256;1750.71533203125;0
1223.342;1504.89086914062;0
1225.43;1586.32019042969;0
1227.515;1415.11926269531;0
1229.597;1453.4931640625;0
1231.685;1588.92297363281;0
1233.767;1719.28063964844;0
1235.85;1957.86193847656;0
1237.931;1980.98510742188;0
1240.009;2010.29345703125;0
1242.09;1709.87475585938;0
1244.168;1574.84887695312;0
1246.245;1539.57592773438;0
1248.321;1612.69445800781;0
1250.397;1633.11010742188;0
1252.472;1761.38110351562;0
1254.547;1628.72290039062;0
1256.618;1586.80163574219;0
1258.69;1366.30834960938;0
1260.761;1517.15087890625;0
1262.83;1598.52587890625;0
1264.901;1750.31652832031;0
1266.969;1746.40185546875;0
1269.035;1556.89416503906;0
1271.102;1622.36291503906;0
1273.167;1554.12109375;0
1275.233;1685.27709960937;0
1277.295;1518.71765136719;0
1279.359;1565.21752929687;0
1281.42;1397.4521484375;0
1283.482;1373.26049804688;0
1285.542;1260.75378417969;0
1287.6;1297.69494628906;0
1289.659;1143.92211914063;0
1291.714;1223.42883300781;0
1293.774;1465.55053710938;0
1295.828;1645.98034667969;0
1297.881;1789.10559082031;0
1299.936;1756.52990722656;0
1301.987;1869.45007324219;0
1304.041;2076.34643554688;0
1306.09;2017.21350097656;0
1308.139;1882.60876464844;0
1310.19;1717.31188964844;0
1312.238;1819.30993652344;0
1314.286;1791.39538574219;0
1316.331;1739.79638671875;0
1318.376;1903.57043457031;0
1320.422;1857.66564941406;0
1322.466;1849.13623046875;0
1324.508;1701.21228027344;0
1326.549;1767.47265625;0
1328.59;1715.51318359375;0
1330.632;1628.9736328125;0
1332.67;1817.20959472656;0
1334.707;2011.68835449219;0
1336.746;2090.93725585937;0
1338.78;1948.95910644531;0
1340.816;1684.41552734375;0
1342.852;1271.64392089844;0
1344.885;1203.97900390625;0
1346.916;1188.27392578125;0
1348.948;1503.65393066406;0
1350.979;1511.99743652344;0
1353.011;1514.2958984375;0
1355.04;1554.79272460938;0
1357.066;1513.61499023438;0
1359.094;1714.90161132813;0
1361.121;1498.20288085938;0
1363.145;1633.61950683594;0
1365.171;1413.80444335938;0
1367.192;1395.84094238281;0
1369.216;1210.53454589844;0
1371.239;1313.31042480469;0
1373.258;1469.71801757813;0
1375.28;1449.423828125;0
1377.298;1280.87438964844;0
1379.316;1017.61767578125;0
1381.335;976.32470703125;0
1383.35;992.653198242188;0
1385.366;1115.53454589844;0
1387.38;1022.81036376953;0
1389.394;852.982055664063;0
1391.409;923.289978027344;0
1393.42;780.859252929688;0
1395.43;1022.91223144531;0
1397.44;921.7861328125;0
1399.451;1193.46765136719;0
1401.458;1044.09875488281;0
1403.466;813.433410644531;0
1405.472;593.69384765625;0
1407.478;557.880004882813;0
1409.483;708.220520019531;0
1411.486;760.768981933594;0
1413.49;860.595397949219;0
1415.492;910.855163574219;0
1417.492;945.804931640625;0
1419.495;958.712097167969;0
1421.494;1043.15026855469;0
1423.492;1218.08557128906;0
1425.49;1191.63659667969;0
1427.487;1245.80334472656;0
1429.482;1408.14624023438;0
1431.477;1547.24694824219;0
1433.471;1582.21752929688;0
1435.466;1517.49865722656;0
1437.456;1462.03149414063;0
1439.447;1438.10363769531;0
1441.441;1440.16833496094;0
1443.427;1591.66247558594;0
1445.417;1658.57678222656;0
1447.406;1713.2431640625;0
1449.392;1722.10546875;0
1451.381;1699.6103515625;0
1453.365;1622.20239257813;0
1455.348;1439.77038574219;0
1457.333;1434.31115722656;0
1459.314;1483.04577636719;0
1461.296;1543.96728515625;0
1463.276;1257.74072265625;0
1465.256;1004.56665039063;0
1467.237;1002.93841552734;0
1469.215;1236.15014648438;0
1471.19;1260.5888671875;0
1473.167;1163.54040527344;0
1475.145;1079.22338867188;0
1477.118;1108.97021484375;0
1479.092;1117.11401367188;0
1481.065;1185.21057128906;0
1483.038;1156.48217773438;0
1485.008;1195.93298339844;0
1486.979;1204.34069824219;0
1488.949;1193.3720703125;0
1490.917;1078.02685546875;0
1492.883;919.527465820313;0
1494.852;835.204284667969;0
1496.817;833.62744140625;0
1498.782;846.026184082031;0
1500.748;1031.72216796875;0
1502.708;1068.1201171875;0
1504.673;1067.60522460938;0
1506.634;857.454650878906;0
1508.594;611.858581542969;0
1510.554;696.663513183594;0
1512.512;866.171752929688;0
1514.471;1245.90112304688;0
1516.428;1213.31079101563;0
1518.384;1310.46740722656;0
1520.34;1069.060546875;0
1522.294;1010.97918701172;0
1524.249;668.445617675781;0
1526.202;730.71240234375;0
1528.153;646.863037109375;0
1530.103;941.94873046875;0
1532.054;743.481079101563;0
1534.004;801.671752929688;0
1535.951;832.52587890625;0
1537.899;955.265563964844;0
1539.847;1056.11303710938;0
1541.793;739.734985351563;0
1543.738;624.575866699219;0
1545.681;510.191711425781;0
1547.625;534.380065917969;0
1549.566;495.098388671875;0
1551.509;451.015594482422;0
1553.45;550.483215332031;0
1555.389;708.266540527344;0
1557.33;545.793151855469;0
1559.266;576.840026855469;0
1561.204;605.184875488281;0
1563.141;765.04150390625;0
1565.074;625.076538085938;0
1567.009;622.949096679688;0
1568.943;741.325073242188;0
1570.877;898.981994628906;0
1572.808;825.364318847656;0
1574.741;683.027526855469;0
1576.67;594.860595703125;0
1578.6;487.197448730469;0
1580.528;519.051452636719;0
1582.455;412.196441650391;0
1584.382;549.285034179688;0
1586.307;497.322174072266;0
1588.234;769.860168457031;0
1590.157;853.121276855469;0
1592.081;969.994323730469;0
1594.002;751.590515136719;0
1595.927;618.354187011719;0
1597.845;500.396087646484;0
1599.767;503.712371826172;0
1601.685;281.191925048828;0
1603.602;306.279144287109;0
1605.523;168.307403564453;0
1607.438;469.041259765625;0
1609.354;517.393188476563;0
1611.269;834.903991699219;0
1613.181;722.679138183594;0
1615.096;701.829528808594;0
1617.008;466.244079589844;0
1618.92;600.998046875;0
1620.83;724.022277832031;0
1622.74;911.096496582031;0
1624.649;726.931701660156;0
1626.557;483.005523681641;0
1628.464;474.311492919922;0
1630.37;707.453063964844;0
1632.275;879.453979492188;0
1634.18;901.526245117188;0
1636.085;909.89404296875;0
1637.988;1021.22607421875;0
1639.888;956.931945800781;0
1641.791;869.485717773438;0
1643.691;798.834106445313;0
1645.588;808.796936035156;0
1647.489;1023.82012939453;0
1649.387;1102.56713867188;0
1651.284;1265.26245117188;0
1653.18;1145.24133300781;0
1655.075;1189.72790527344;0
1656.972;1217.05114746094;0
1658.864;1334.87365722656;0
1660.754;1367.63928222656;0
1662.65;1312.68127441406;0
1664.539;1157.44213867188;0
1666.428;1059.90197753906;0
1668.32;1015.068359375;0
1670.207;1109.95349121094;0
1672.096;1071.00183105469;0
1673.982;1079.21350097656;0
1675.867;1102.03271484375;0
1677.754;1159.68188476563;0
1679.638;1151.49951171875;0
1681.52;1122.15270996094;0
1683.403;903.419799804688;0
1685.285;623.522888183594;0
1687.166;382.350860595703;0
1689.048;536.050659179688;0
1690.924;710.029968261719;0
1692.804;1026.72131347656;0
1694.682;938.351501464844;0
1696.558;1063.91943359375;0
1698.435;847.758483886719;0
1700.308;748.86865234375;0
1702.184;512.472106933594;0
1704.057;418.902191162109;0
1705.929;378.158935546875;0
1707.801;380.353424072266;0
1709.674;342.263458251953;0
1711.542;491.777893066406;0
1713.412;610.78564453125;0
1715.28;560.84228515625;0
1717.145;540.947814941406;0
1719.015;512.893127441406;0
1720.88;479.54248046875;0
1722.746;193.900512695313;0
1724.61;122.741493225098;0
1726.471;220.472381591797;0
1728.334;432.728607177734;0
1730.197;399.502838134766;0
1732.057;338.863220214844;0
1733.919;236.033920288086;0
1735.777;200.795867919922;0
1737.634;289.962493896484;0
1739.493;453.423431396484;0
1741.349;499.584503173828;0
1743.205;464.094390869141;0
1745.061;406.963348388672;0
1746.915;494.80615234375;0
1748.77;730.111267089844;0
1750.621;739.214721679688;0
1752.473;664.448669433594;0
1754.323;519.5888671875;0
1756.173;529.681274414063;0
1758.022;631.444396972656;0
1759.87;579.552185058594;0
1761.718;537.891662597656;0
1763.566;538.016296386719;0
1765.411;575.035278320313;0
1767.256;547.730712890625;0
1769.101;551.212463378906;0
1770.945;643.25830078125;0
1772.787;832.979370117188;0
1774.629;697.713195800781;0
1776.469;753.015747070313;0
1778.309;785.442626953125;0
1780.15;862.104919433594;0
1781.987;730.002624511719;0
1783.826;409.246826171875;0
1785.662;539.632263183594;0
1787.498;544.887390136719;0
1789.334;610.414245605469;0
1791.169;592.956665039063;0
1793.002;613.625854492188;0
1794.834;766.199523925781;0
1796.667;788.122131347656;0
1798.498;902.691223144531;0
1800.328;907.0537109375;0
1802.157;817.430847167969;0
1803.986;776.482727050781;0
1805.813;801.875915527344;0
1807.639;894.499389648438;0
1809.467;939.464294433594;0
1811.292;1047.43713378906;0
1813.117;1116.30700683594;0
1814.94;1166.07373046875;0
1816.763;1081.18188476562;0
1818.585;1003.29803466797;0
1820.407;745.755554199219;0
1822.227;759.109985351563;0
1824.048;728.250305175781;0
1825.865;906.854553222656;0
1827.683;772.591796875;0
1829.501;733.3525390625;0
1831.317;554.1396484375;0
1833.135;534.290954589844;0
1834.948;247.840377807617;0
1836.761;318.172027587891;0
1838.577;479.205841064453;0
1840.388;785.719604492187;0
1842.198;783.153747558594;0
1844.009;710.947692871094;0
1845.819;694.841674804688;0
1847.629;616.665893554688;0
1849.436;466.864868164063;0
1851.244;224.88298034668;0
1853.052;267.275817871094;0
1854.858;213.982131958008;0
1856.661;214.733749389648;0
1858.466;306.081512451172;0
1860.269;344.246856689453;0
1862.073;541.118713378906;0
1863.875;461.426818847656;0
1865.673;373.673034667969;0
1867.476;276.181335449219;0
1869.275;109.729438781738;0
1871.072;275.959564208984;0
1872.872;406.68994140625;0
1874.667;509.5712890625;0
1876.464;579.048034667969;0
1878.26;577.897888183594;0
1880.053;542.454284667969;0
1881.849;498.268463134766;0
1883.64;543.117858886719;0
1885.431;680.446899414063;0
1887.226;817.700073242188;0
1889.014;580.5439453125;0
1890.803;546.200805664063;0
1892.594;467.764801025391;0
1894.38;719.507080078125;0
1896.167;728.575622558594;0
1897.955;709.448852539063;0
1899.74;594.348876953125;0
1901.526;541.168151855469;0
1903.309;492.240356445313;0
1905.091;509.676605224609;0
1906.876;555.588012695313;0
1908.658;403.085632324219;0
1910.438;465.391784667969;0
1912.217;493.950836181641;0
1913.996;556.096130371094;0
1915.775;536.716613769531;0
1917.553;539.591064453125;0
1919.33;674.723449707031;0
1921.106;607.224792480469;0
1922.881;427.206329345703;0
1924.655;448.223541259766;0
1926.431;481.054229736328;0
1928.202;461.809478759766;0
1929.974;166.267105102539;0
1931.746;192.148147583008;0
1933.516;265.156494140625;0
1935.286;396.029296875;0
1937.055;374.040679931641;0
1938.823;499.160614013672;0
1940.592;544.984497070313;0
1942.356;565.159423828125;0
1944.122;592.145874023438;0
1945.888;700.832763671875;0
1947.651;635.997802734375;0
1949.416;410.533599853516;0
1951.178;396.223449707031;0
1952.939;379.947143554688;0
1954.699;581.144165039063;0
1956.459;548.148620605469;0
1958.219;495.187652587891;0
1959.979;468.264831542969;0
1961.735;585.937072753906;0
1963.491;697.315368652344;0
1965.249;595.401245117188;0
1967.003;777.9755859375;0
1968.761;891.930053710938;0
1970.512;1184.48815917969;0
1972.265;1137.87329101563;0
1974.018;1045.642578125;0
1975.769;910.598571777344;0
1977.522;785.814086914063;0
1979.271;725.527526855469;0
1981.018;690.407897949219;0
1982.766;415.232849121094;0
1984.516;455.335754394531;0
1986.261;371.494415283203;0
1988.009;538.486572265625;0
1989.754;545.201171875;0
1991.498;479.082580566406;0
1993.241;495.805816650391;0
1994.984;442.49755859375;0
1996.727;296.151214599609;0
1998.468;222.212707519531;0
2000.206;198.911193847656;0
2001.946;412.246948242188;0
2003.686;555.886596679688;0
2005.424;512.604431152344;0
2007.161;631.288940429688;0
2008.898;676.162475585938;0
2010.634;840.566040039063;0
2012.369;774.5009765625;0
2014.103;617.413024902344;0
2015.836;577.858215332031;0
2017.57;695.616394042969;0
2019.299;758.022155761719;0
2021.032;756.631286621094;0
2022.762;681.218872070313;0
2024.491;729.896057128906;0
2026.221;741.107299804688;0
2027.947;695.074829101563;0
2029.676;584.020812988281;0
2031.403;641.723022460938;0
2033.128;639.181579589844;0
2034.852;738.108215332031;0
2036.577;726.242004394531;0
2038.299;871.408264160156;0
2040.022;839.667053222656;0
2041.744;521.494506835938;0
2043.465;434.962341308594;0
2045.184;436.070526123047;0
2046.903;671.3818359375;0
2048.621;709.897521972656;0
2050.339;667.396667480469;0
2052.057;607.097839355469;0
2053.774;452.439666748047;0
2055.488;280.088928222656;0
2057.203;271.711517333984;0
2058.917;370.751129150391;0
2060.631;528.536254882813;0
2062.344;603.400024414063;0
2064.053;647.785583496094;0
2065.765;679.248596191406;0
2067.476;738.120910644531;0
2069.185;763.510498046875;0
2070.892;810.419250488281;0
2072.6;787.632019042969;0
2074.308;761.371154785156;0
2076.014;676.754028320313;0
2077.72;683.673889160156;0
2079.425;671.684326171875;0
2081.13;712.340637207031;0
2082.833;567.640563964844;0
2084.532;467.917510986328;0
2086.236;363.6240234375;0
2087.936;338.9873046875;0
2089.635;393.562835693359;0
2091.335;394.239562988281;0
2093.034;327.906341552734;0
2094.731;185.665985107422;0
2096.427;201.290130615234;0
2098.124;502.384246826172;0
2099.82;872.227844238281;0
2101.515;1122.93054199219;0
2103.207;1168.64953613281;0
2104.902;1187.671875;0
2106.594;1240.88647460938;0
2108.286;1314.84887695313;0
2109.976;1350.89245605469;0
2111.667;1360.34265136719;0
2113.355;1365.30932617188;0
2115.044;1248.68017578125;0
2116.732;1112.232421875;0
2118.42;986.882385253906;0
2120.105;999.851440429688;0
2121.79;1098.56005859375;0
2123.476;1260.78625488281;0
2125.16;1305.64111328125;0
2126.844;1359.23583984375;0
2128.524;1377.79248046875;0
2130.207;1416.86669921875;0
2131.888;1429.12512207031;0
2133.567;1315.68188476563;0
2135.247;1336.37902832031;0
2136.927;1288.74060058594;0
2138.603;1388.35095214844;0
2140.281;1353.70166015625;0
2141.957;1384.12451171875;0
2143.633;1258.84204101563;0
2145.308;1304.63354492188;0
2146.981;1287.93786621094;0
2148.654;1437.19958496094;0
2150.328;1337.53015136719;0
2152;1371.15319824219;0
2153.669;1370.67236328125;0
2155.34;1398.67541503906;0
2157.01;1393.6064453125;0
2158.677;1332.02233886719;0
2160.347;1372.59143066406;0
2162.013;1282.23474121094;0
2163.681;1336.15905761719;0
2165.347;1322.84985351563;0
2167.011;1335.58203125;0
2168.674;1236.46960449219;0
2170.337;1230.61987304688;0
2172.002;1100.69494628906;0
2173.662;1110.55358886719;0
2175.324;957.250671386719;0
2176.985;918.879272460938;0
2178.645;861.404479980469;0
2180.304;871.435119628906;0
2181.961;1041.0849609375;0
2183.618;1071.02551269531;0
2185.275;880.027954101563;0
2186.932;868.422241210938;0
2188.586;856.874938964844;0
2190.242;1211.32849121094;0
2191.896;1002.39678955078;0
2193.547;977.158142089844;0
2195.2;902.58740234375;0
2196.851;1032.13488769531;0
2198.502;1035.80700683594;0
2200.153;866.320434570313;0
2201.799;961.518493652344;0
2203.447;981.224975585938;0
2205.097;1137.99548339844;0
2206.742;1111.21569824219;0
2208.391;1044.92004394531;0
2210.035;1082.99914550781;0
2211.679;1068.27917480469;0
2213.324;1110.66320800781;0
2214.966;1031.31079101563;0
2216.608;947.414733886719;0
2218.252;1001.30792236328;0
2219.89;1002.71539306641;0
2221.531;1209.52478027344;0
2223.172;1319.06921386719;0
2224.809;1389.79321289063;0
2226.449;1226.91906738281;0
2228.086;1166.89770507813;0
2229.72;1134.07409667969;0
2231.358;1124.30786132813;0
2232.992;1015.25244140625;0
2234.625;914.258361816406;0
2236.26;1087.32275390625;0
2237.893;1152.1337890625;0
2239.524;1271.03088378906;0
2241.156;1023.91363525391;0
2242.785;1060.06945800781;0
2244.416;1069.1650390625;0
2246.044;1253.12512207031;0
2247.672;1177.171875;0
2249.301;1126.86096191406;0
2250.926;1131.47900390625;0
2252.554;997.217651367188;0
2254.177;1113.63439941406;0
2255.803;1036.65698242188;0
2257.427;1199.46875;0
2259.051;1123.36865234375;0
2260.671;717.3740234375;0
2262.294;607.445251464844;0
2263.914;456.272857666016;0
2265.533;897.978332519531;0
2267.153;911.106262207031;0
2268.773;1063.654296875;0
2270.392;985.986206054688;0
2272.006;1059.18627929688;0
2273.624;1005.04846191406;0
2275.239;1157.16479492188;0
2276.854;1243.15014648438;0
2278.468;1307.01916503906;0
2280.084;1390.00708007813;0
2281.695;1341.63708496094;0
2283.305;1401.13159179688;0
2284.919;1015.93658447266;0
2286.527;933.331787109375;0
2288.14;782.928527832031;0
2289.748;998.761474609375;0
2291.354;989.520080566406;0
2292.964;1011.71246337891;0
2294.569;1041.38623046875;0
2296.174;1094.37829589844;0
2297.782;1128.916015625;0
2299.386;1131.11047363281;0
2300.99;937.073669433594;0
2302.594;925.864379882813;0
2304.195;885.225646972656;0
2305.798;944.155944824219;0
2307.399;778.940185546875;0
2308.998;613.858947753906;0
2310.598;560.637573242188;0
2312.197;763.313598632813;0
2313.795;980.886108398438;0
2315.392;1132.87573242188;0
2316.988;1231.50476074219;0
2318.585;1320.1064453125;0
2320.18;1418.12524414063;0
2321.774;1262.78344726563;0
2323.368;1174.29675292969;0
2324.961;1104.6533203125;0
2326.553;934.545104980469;0
2328.145;934.805053710938;0
2329.735;917.88623046875;0
2331.324;1199.31140136719;0
2332.916;1047.87109375;0
2334.503;799.384216308594;0
2336.092;564.283508300781;0
2337.677;663.50244140625;0
2339.263;915.152099609375;0
2340.85;1046.64111328125;0
2342.434;1065.95092773438;0
2344.018;1077.89562988281;0
2345.602;976.676818847656;0
2347.185;985.402587890625;0
2348.768;881.736877441406;0
2350.347;1001.84167480469;0
2351.928;996.458190917969;0
2353.51;1084.87976074219;0
2355.087;1017.65789794922;0
2356.665;899.0615234375;0
2358.243;628.528991699219;0
2359.819;519.739624023438;0
2361.396;534.354309082031;0
2362.972;672.48193359375;0
2364.547;755.656127929688;0
2366.121;734.28515625;0
2367.694;845.808227539063;0
2369.267;801.300598144531;0
2370.839;587.700134277344;0
2372.411;480.552856445313;0
2373.982;511.739013671875;0
2375.55;787.493957519531;0
2377.118;643.297729492188;0
2378.687;669.903930664063;0
2380.254;759.647766113281;0
2381.821;1072.17993164063;0
2383.387;1136.72326660156;0
2384.954;1103.1591796875;0
2386.516;1019.61114501953;0
2388.082;1082.73327636719;0
2389.644;1058.30712890625;0
2391.209;1107.21728515625;0
2392.769;878.936218261719;0
2394.33;999.671325683594;0
2395.892;1041.42272949219;0
2397.449;1225.94982910156;0
2399.008;994.36474609375;0
2400.568;976.444763183594;0
2402.125;842.562072753906;0
2403.68;965.054016113281;0
2405.238;863.883422851563;0
2406.792;954.608215332031;0
2408.349;1039.78454589844;0
2409.902;1165.08068847656;0
2411.455;1293.05346679688;0
2413.007;1378.12573242188;0
2414.558;1395.67944335938;0
2416.11;1274.93310546875;0
2417.66;1207.22045898438;0
2419.21;1088.40759277344;0
2420.758;1204.94421386719;0
2422.307;1088.72375488281;0
2423.855;1154.93298339844;0
2425.402;1115.76843261719;0
2426.947;1152.5107421875;0
2428.492;1105.04907226563;0
2430.038;1091.82788085938;0
2431.58;1085.84729003906;0
2433.124;1310.66271972656;0
2434.667;1183.29284667969;0
2436.208;1086.25671386719;0
2437.75;1118.68640136719;0
2439.291;1151.80676269531;0
2440.83;1312.6171875;0
2442.369;1142.02795410156;0
2443.906;1273.78112792969;0
2445.444;1340.80554199219;0
2446.981;1220.88305664063;0
2448.517;1230.85119628906;0
2450.053;1076.74340820313;0
2451.587;1016.31207275391;0
2453.12;1144.35095214844;0
2454.655;1199.17578125;0
2456.187;1375.06628417969;0
2457.718;1282.78637695313;0
2459.25;1226.23291015625;0
2460.781;1003.21966552734;0
2462.31;881.57666015625;0
2463.84;981.071350097656;0
2465.368;1192.140625;0
2466.896;1075.91796875;0
2468.423;905.125427246094;0
2469.949;912.156127929688;0
2471.474;1104.04895019531;0
2472.998;1287.03210449219;0
2474.522;1194.71862792969;0
2476.045;1215.99694824219;0
2477.568;1241.40942382813;0
2479.09;1329.26623535156;0
2480.612;1333.35888671875;0
2482.132;1038.62670898438;0
2483.653;953.324035644531;0
2485.171;828.131896972656;0
2486.689;1283.60571289063;0
2488.208;1390.87475585938;0
2489.725;1515.38256835938;0
2491.242;1454.23962402344;0
2492.757;1557.9951171875;0
2494.271;1472.53771972656;0
2495.785;1546.86828613281;0
2497.3;1653.8740234375;0
2498.812;1825.998046875;0
2500.325;1577.0166015625;0
2501.837;1300.150390625;0
2503.345;929.421142578125;0
2504.856;845.448608398438;0
2506.366;960.903198242188;0
2507.875;1162.67321777344;0
2509.382;1212.33850097656;0
2510.889;1101.89855957031;0
2512.397;800.132873535156;0
2513.901;601.753051757813;0
2515.406;375.814971923828;0
2516.911;603.900695800781;0
2518.415;575.558898925781;0
2519.918;621.010009765625;0
2521.421;585.585327148438;0
2522.922;468.063781738281;0
2524.423;553.09033203125;0
2525.924;445.773010253906;0
2527.422;615.442199707031;0
2528.923;583.761535644531;0
2530.419;763.066345214844;0
2531.916;702.574340820313;0
2533.415;764.839538574219;0
2534.909;405.082733154297;0
2536.404;332.633087158203;0
2537.899;-7.97131395339966;0
2539.394;258.737335205078;0
2540.887;475.210113525391;0
2542.38;867.339782714844;0
2543.871;660.700805664063;0
2545.363;540.928588867188;0
2546.852;393.038848876953;0
2548.345;81.2487258911133;0
2549.833;-40.3680191040039;0
2551.321;-117.279190063477;0
2552.811;465.660552978516;0
2554.296;568.834045410156;0
2555.78;708.975952148438;0
2557.267;522.699096679688;0
2558.752;557.459777832031;0
2560.237;263.072692871094;0
2561.721;320.546051025391;0
2563.203;311.155578613281;0
2564.687;506.791595458984;0
2566.168;381.677490234375;0
2567.648;450.403961181641;0
2569.129;421.957550048828;0
2570.607;473.166564941406;0
2572.086;488.081939697266;0
2573.565;584.481506347656;0
2575.041;717.366821289063;0
2576.518;797.961730957031;0
2577.994;1005.93432617188;0
2579.469;1153.62097167969;0
2580.945;1244.91784667969;0
2582.418;1188.71569824219;0
2583.892;1331.45947265625;0
2585.365;1388.03955078125;0
2586.835;1397.90185546875;0
2588.307;1372.60363769531;0
2589.778;1266.02880859375;0
2591.248;1304.16735839844;0
2592.717;1324.23901367188;0
2594.186;1237.24365234375;0
2595.652;1354.85046386719;0
2597.121;1107.28332519531;0
2598.585;1217.87548828125;0
2600.052;1123.17712402344;0
2601.518;1109.84631347656;0
2602.982;1139.77026367188;0
2604.446;1043.26147460938;0
2605.907;1119.21557617188;0
2607.371;1006.07708740234;0
2608.83;1168.06726074219;0
2610.293;1263.29760742188;0
2611.752;1393.01086425781;0
2613.213;1453.20837402344;0
2614.672;1508.00305175781;0
2616.13;1678.39624023438;0
2617.587;1568.49914550781;0
2619.043;1699.09265136719;0
2620.501;1520.62133789063;0
2621.957;1563.640625;0
2623.409;1488.26452636719;0
2624.864;1649.62463378906;0
2626.318;1762.482421875;0
2627.771;1878.71984863281;0
2629.222;1877.873046875;0
2630.673;1878.40112304688;0
2632.124;1890.85388183594;0
2633.575;1831.54162597656;0
2635.023;1682.24194335937;0
2636.473;1485.36730957031;0
2637.922;1493.98181152344;0
2639.368;1549.89697265625;0
2640.816;1467.69311523438;0
2642.261;1405.29724121094;0
2643.705;1149.66772460938;0
2645.151;1118.36560058594;0
2646.596;1063.92224121094;0
2648.037;1171.11267089844;0
2649.48;1004.48919677734;0
2650.923;932.049133300781;0
2652.364;915.012084960938;0
2653.804;991.644592285156;0
2655.243;1119.2392578125;0
2656.683;1096.8046875;0
2658.121;1041.11865234375;0
2659.559;687.514282226563;0
2660.997;633.101257324219;0
2662.433;775.322387695313;0
2663.868;1066.95397949219;0
2665.305;1011.44140625;0
2666.737;1090.24560546875;0
2668.173;1081.46435546875;0
2669.606;1099.87731933594;0
2671.038;979.483215332031;0
2672.47;786.619934082031;0
2673.901;618.063903808594;0
2675.331;659.884216308594;0
2676.761;702.471252441406;0
2678.189;847.603454589844;0
2679.619;602.281066894531;0
2681.045;447.057098388672;0
2682.473;534.990539550781;0
2683.9;812.325134277344;0
2685.324;857.063598632813;0
2686.749;725.573913574219;0
2688.176;414.078186035156;0
2689.599;387.574798583984;0
2691.021;404.275970458984;0
2692.444;460.923706054688;0
2693.865;419.563995361328;0
2695.287;196.530380249023;0
2696.707;101.050231933594;0
2698.125;41.9012603759766;0
2699.545;200.091674804688;0
2700.963;243.850402832031;0
2702.381;345.850006103516;0
2703.798;506.425598144531;0
2705.214;592.690734863281;0
2706.629;703.87109375;0
2708.046;667.46337890625;0
2709.458;812.489868164063;0
2710.872;896.948547363281;0
2712.285;942.344116210938;0
2713.699;844.257141113281;0
2715.111;718.560119628906;0
2716.52;712.679626464844;0
2717.93;754.401611328125;0
2719.342;708.7314453125;0
2720.749;709.343017578125;0
2722.159;611.764587402344;0
2723.565;775.218444824219;0
2724.971;757.182250976563;0
2726.38;827.540954589844;0
2727.785;741.622741699219;0
2729.19;908.927307128906;0
2730.594;1031.84375;0
2731.997;1215.15417480469;0
2733.401;1081.64013671875;0
2734.803;952.194152832031;0
2736.204;945.710083007813;0
2737.606;1025.14758300781;0
2739.005;1272.2158203125;0
2740.405;1272.58349609375;0
2741.806;1497.91552734375;0
2743.202;1609.32165527344;0
2744.602;1781.80029296875;0
2745.998;1605.01965332031;0
2747.395;1404.54064941406;0
2748.79;1256.35913085938;0
2750.185;1365.56848144531;0
2751.58;1481.62365722656;0
2752.975;1559.40844726563;0
2754.366;1528.5888671875;0
2755.759;1552.15747070313;0
2757.151;1476.00927734375;0
2758.542;1528.36572265625;0
2759.933;1582.59094238281;0
2761.322;1820.01806640625;0
2762.71;1793.39916992188;0
2764.1;1659.92492675781;0
2765.486;1422.19775390625;0
2766.875;1379.40942382813;0
2768.26;1449.49401855469;0
2769.646;1544.63854980469;0
2771.031;1558.95422363281;0
2772.418;1534.74450683594;0
2773.799;1506.57482910156;0
2775.184;1613.13256835938;0
2776.565;1660.75415039063;0
2777.946;1724.5478515625;0
2779.328;1824.61987304688;0
2780.708;1827.19250488281;0
2782.09;1930.25756835938;0
2783.469;1910.03039550781;0
2784.847;2026.50524902344;0
2786.226;2122.23608398438;0
2787.603;2071.99780273438;0
2788.978;2011.56506347656;0
2790.355;1829.55212402344;0
2791.731;1724.82568359375;0
2793.104;1756.27661132813;0
2794.479;1642.6240234375;0
2795.853;1645.82141113281;0
2797.225;1598.31262207031;0
2798.596;1711.00476074219;0
2799.967;1582.240234375;0
2801.341;1303.55456542969;0
2802.71;1079.02758789063;0
2804.077;947.872680664063;0
2805.447;1033.13708496094;0
2806.815;879.491394042969;0
2808.183;770.607482910156;0
2809.551;583.493103027344;0
2810.915;652.374572753906;0
2812.282;741.699951171875;0
2813.646;667.641235351563;0
2815.011;558.431457519531;0
2816.375;419.588134765625;0
2817.736;418.654693603516;0
2819.099;508.038787841797;0
2820.462;338.849945068359;0
2821.821;473.866058349609;0
2823.182;440.649139404297;0
2824.542;704.647766113281;0
2825.901;843.758483886719;0
2827.261;942.151245117188;0
2828.617;1018.09552001953;0
2829.974;800.573486328125;0
2831.33;861.008544921875;0
2832.686;682.104614257813;0
2834.043;856.333801269531;0
2835.395;751.050903320313;0
2836.75;1023.76556396484;0
2838.104;1039.46948242188;0
2839.456;1044.76647949219;0
2840.807;992.46728515625;0
2842.16;951.461059570313;0
2843.509;1080.30554199219;0
2844.858;1015.21691894531;0
2846.209;818.025756835938;0
2847.556;535.330017089844;0
2848.906;493.381958007813;0
2850.253;882.070495605469;0
2851.6;1027.17333984375;0
2852.946;1116.83215332031;0
2854.29;752.443237304688;0
2855.635;696.648803710938;0
2856.98;506.581420898438;0
2858.323;516.039184570313;0
2859.665;467.504089355469;0
2861.008;467.734100341797;0
2862.349;609.657592773438;0
2863.691;570.189758300781;0
2865.031;481.835205078125;0
2866.37;458.833099365234;0
2867.709;437.689514160156;0
2869.048;380.430908203125;0
2870.385;318.025573730469;0
2871.722;512.470092773438;0
2873.059;803.54150390625;0
2874.394;930.788024902344;0
2875.73;1003.80078125;0
2877.064;1078.69201660156;0
2878.398;1037.68432617188;0
2879.731;1066.447265625;0
2881.063;1150.98889160156;0
2882.395;1410.3154296875;0
2883.727;1424.84790039063;0
2885.059;1438.35607910156;0
2886.387;1473.05944824219;0
2887.717;1568.51599121094;0
2889.046;1611.7265625;0
2890.374;1493.45043945313;0
2891.699;1420.39965820313;0
2893.028;1349.11572265625;0
2894.354;1242.89086914063;0
2895.679;1229.70007324219;0
2897.004;1367.4990234375;0
2898.328;1431.24597167969;0
2899.653;1516.62915039063;0
2900.976;1526.53588867188;0
2902.297;1564.63928222656;0
2903.619;1509.60534667969;0
2904.941;1469.69384765625;0
2906.26;1358.01013183594;0
2907.58;1391.59497070313;0
2908.898;1335.7080078125;0
2910.217;1388.77429199219;0
2911.536;1250.15844726563;0
2912.852;1287.23278808594;0
2914.171;1418.08605957031;0
2915.485;1645.66955566406;0
2916.799;1750.01831054687;0
2918.116;1727.46484375;0
2919.428;1634.00659179688;0
2920.743;1526.20031738281;0
2922.056;1501.40747070313;0
2923.367;1601.00219726563;0
2924.679;1551.26647949219;0
2925.99;1644.60974121094;0
2927.299;1691.9560546875;0
2928.609;1866.85913085938;0
2929.918;1927.65368652344;0
2931.226;1742.01110839844;0
2932.535;1695.34643554688;0
2933.841;1601.19372558594;0
2935.149;1681.29345703125;0
2936.455;1467.95788574219;0
2937.758;1327.92614746094;0
2939.064;1208.21923828125;0
2940.368;1202.35278320313;0
2941.67;1176.18994140625;0
2942.973;1121.55969238281;0
2944.277;1198.66735839844;0
2945.577;1112.34033203125;0
2946.878;1256.55236816406;0
2948.178;1339.890625;0
2949.477;1590.24768066406;0
2950.776;1619.17980957031;0
2952.073;1620.36083984375;0
2953.372;1523.12548828125;0
2954.669;1540.36291503906;0
2955.965;1539.40600585938;0
2957.261;1575.92358398438;0
2958.556;1549.03454589844;0
2959.849;1542.04663085937;0
2961.145;1592.09814453125;0
2962.436;1716.19519042969;0
2963.732;1716.64123535156;0
2965.022;1777.62438964844;0
2966.313;1658.97424316406;0
2967.603;1597.05651855469;0
2968.893;1541.572265625;0
2970.182;1449.24560546875;0
2971.471;1297.54333496094;0
2972.759;1203.05065917969;0
2974.047;1155.84216308594;0
2975.334;1282.43811035156;0
2976.62;1262.08837890625;0
2977.907;1281.91162109375;0
2979.192;1246.39440917969;0
2980.475;1100.20812988281;0
2981.76;1195.64001464844;0
2983.043;1134.74072265625;0
2984.326;1287.19555664063;0
2985.607;1210.20495605469;0
2986.888;1235.47595214844;0
2988.17;1265.82360839844;0
2989.449;1086.2939453125;0
2990.728;952.777038574219;0
2992.007;824.369079589844;0
2993.284;841.925537109375;0
2994.562;921.560913085938;0
2995.84;736.282775878906;0
2997.115;761.644287109375;0
2998.393;684.749145507813;0
2999.666;663.038513183594;0
3000.94;618.7353515625;0
3002.215;729.864807128906;0
3003.486;824.516052246094;0
3004.76;898.912780761719;0
3006.033;894.276184082031;0
3007.303;917.933654785156;0
3008.573;748.038513183594;0
3009.844;638.210388183594;0
3011.114;621.554260253906;0
3012.383;777.6171875;0
3013.649;751.949096679687;0
3014.917;540.320495605469;0
3016.185;465.952209472656;0
3017.451;402.841094970703;0
3018.716;513.440856933594;0
3019.983;436.704742431641;0
3021.246;517.296691894531;0
3022.509;662.091552734375;0
3023.774;679.584411621094;0
3025.035;682.219482421875;0
3026.299;504.774353027344;0
3027.56;498.461456298828;0
3028.819;352.380676269531;0
3030.081;185.50569152832;0
3031.339;196.545623779297;0
3032.598;311.243041992187;0
3033.856;430.88134765625;0
3035.114;529.773803710937;0
3036.372;583.669738769531;0
3037.628;761.439331054688;0
3038.883;629.345153808594;0
3040.138;597.307800292969;0
3041.394;595.142333984375;0
3042.646;707.665161132812;0
3043.9;702.993041992187;0
3045.152;712.074584960937;0
3046.405;700.389709472656;0
3047.657;681.633117675781;0
3048.906;662.559204101563;0
3050.158;558.833557128906;0
3051.407;518.962036132812;0
3052.656;380.716400146484;0
3053.904;510.041778564453;0
3055.153;584.481689453125;0
3056.398;797.151550292969;0
3057.647;765.723510742187;0
3058.892;900.01904296875;0
3060.137;949.598754882813;0
3061.382;1106.79699707031;0
3062.625;1073.28796386719;0
3063.869;1037.43347167969;0
3065.112;992.200012207031;0
3066.353;1021.58856201172;0
3067.595;1009.92681884766;0
3068.838;1106.60205078125;0
3070.075;1203.45593261719;0
3071.317;1258.22058105469;0
3072.557;1114.4873046875;0
3073.795;938.700500488281;0
3075.032;963.972961425781;0
3076.27;1041.28125;0
3077.507;1191.580078125;0
3078.742;1160.228515625;0
3079.978;1121.41442871094;0
3081.212;1084.61975097656;0
3082.446;1086.21228027344;0
3083.681;1137.19067382813;0
3084.913;1169.8046875;0
3086.147;1244.49548339844;0
3087.38;1339.98913574219;0
3088.61;1394.08081054687;0
3089.84;1393.48583984375;0
3091.071;1344.72155761719;0
3092.3;1305.55627441406;0
3093.529;1315.59228515625;0
3094.755;1277.27673339844;0
3095.984;1428.06787109375;0
3097.211;1455.58178710937;0
3098.438;1447.59643554687;0
3099.663;1368.48803710938;0
3100.888;1397.93200683594;0
3102.112;1364.92846679688;0
3103.335;1248.19104003906;0
3104.56;1109.47216796875;0
3105.782;1249.55737304687;0
3107.005;1307.38427734375;0
3108.226;1316.5283203125;0
3109.447;1080.29968261719;0
3110.667;999.885375976563;0
3111.887;1056.25256347656;0
3113.104;1215.97375488281;0
3114.324;1202.27893066406;0
3115.541;1177.57299804687;0
3116.758;1113.32592773438;0
3117.976;1076.03918457031;0
3119.192;1078.01684570313;0
3120.408;1051.23840332031;0
3121.622;1087.85986328125;0
3122.835;988.410217285156;0
3124.05;1002.99639892578;0
3125.262;1008.64154052734;0
3126.476;972.878173828125;0
3127.687;861.509521484375;0
3128.897;895.926696777344;0
3130.108;1064.71826171875;0
3131.319;1233.39526367188;0
3132.528;1215.51184082031;0
3133.737;1187.29406738281;0
3134.945;1162.962890625;0
3136.152;1077.82641601562;0
3137.358;1096.47375488281;0
3138.565;1164.89099121094;0
3139.772;1091.34387207031;0
3140.976;992.091369628906;0
3142.18;851.28857421875;0
3143.385;986.20458984375;0
3144.588;987.47900390625;0
3145.79;1039.66918945312;0
3146.993;1042.77685546875;0
3148.194;995.8037109375;0
3149.395;913.931213378906;0
3150.596;734.358154296875;0
3151.794;626.789428710938;0
3152.994;587.298767089844;0
3154.193;677.553466796875;0
3155.39;712.109130859375;0
3156.587;661.02392578125;0
3157.784;655.53173828125;0
3158.982;622.246337890625;0
3160.177;572.267517089844;0
3161.37;354.770721435547;0
3162.565;308.240478515625;0
3163.759;339.746765136719;0
3164.952;451.479583740234;0
3166.146;476.956604003906;0
3167.337;457.068420410156;0
3168.527;440.704895019531;0
3169.719;476.310974121094;0
3170.91;535.84033203125;0
3172.098;501.181365966797;0
3173.288;485.242492675781;0
3174.475;467.372100830078;0
3175.663;550.662475585938;0
3176.849;618.916748046875;0
3178.037;662.579162597656;0
3179.223;561.315979003906;0
3180.408;547.729064941406;0
3181.592;418.87045288086;0
3182.777;465.095489501953;0
3183.96;406.052154541016;0
3185.143;437.752563476563;0
3186.325;500.95849609375;0
3187.507;530.33447265625;0
3188.688;544.321594238281;0
3189.869;514.472778320313;0
3191.049;500.1435546875;0
3192.228;637.51123046875;0
3193.406;594.932189941406;0
3194.585;553.741027832031;0
3195.763;617.804565429687;0
3196.939;608.480590820313;0
3198.116;602.081909179687;0
3199.292;653.991882324219;0
3200.466;677.510986328125;0
3201.643;840.528015136719;0
3202.816;769.9345703125;0
3203.991;923.841430664063;0
3205.161;909.025268554688;0
3206.334;827.592651367188;0
3207.504;769.320922851562;0
3208.677;667.670349121094;0
3209.846;754.712768554687;0
3211.017;879.461547851563;0
3212.187;1085.46740722656;0
3213.356;1010.17498779297;0
3214.524;1031.02294921875;0
3215.69;973.564819335938;0
3216.859;1130.24328613281;0
3218.024;1125.17004394531;0
3219.189;1221.67565917969;0
3220.354;1148.86572265625;0
3221.519;1188.73522949219;0
3222.682;1065.72888183594;0
3223.845;1151.28991699219;0
3225.01;1142.08813476563;0
3226.171;1287.34509277344;0
3227.332;1218.17224121094;0
3228.494;1351.34643554688;0
3229.655;1335.08947753906;0
3230.814;1388.51232910156;0
3231.973;1278.39294433594;0
3233.13;1271.77197265625;0
3234.29;1314.01428222656;0
3235.447;1356.60034179687;0
3236.605;1409.19348144531;0
3237.76;1489.45739746094;0
3238.916;1498.28039550781;0
3240.071;1531.00024414063;0
3241.224;1378.95336914063;0
3242.381;1315.57763671875;0
3243.532;1282.0595703125;0
3244.685;1344.84704589844;0
3245.839;1245.72082519531;0
3246.99;1101.45959472656;0
3248.141;960.731994628906;0
3249.292;1123.21044921875;0
3250.439;1204.89147949219;0
3251.589;1194.77978515625;0
3252.739;1179.8740234375;0
3253.886;1112.7333984375;0
3255.034;1151.24743652344;0
3256.18;1155.64099121094;0
3257.326;1131.69494628906;0
3258.472;1244.41333007812;0
3259.617;1103.19177246094;0
3260.761;1057.47778320312;0
3261.905;1064.80163574219;0
3263.048;1164.86779785156;0
3264.19;1193.11352539063;0
3265.333;1159.31616210938;0
3266.475;1071.58715820313;0
3267.617;1098.26293945313;0
3268.757;1098.67846679688;0
3269.896;1202.84448242187;0
3271.036;1147.08349609375;0
3272.175;1062.66394042969;0
3273.313;1000.20593261719;0
3274.449;1114.73779296875;0
3275.586;1136.4462890625;0
3276.722;1132.00109863281;0
3277.859;1077.36352539063;0
3278.993;1045.14111328125;0
3280.13;973.590209960938;0
3281.263;1080.77648925781;0
3282.395;1124.64916992188;0
3283.529;1212.42736816406;0
3284.66;1222.35778808594;0
3285.794;1225.96447753906;0
3286.924;1199.20446777344;0
3288.054;1124.81372070313;0
3289.185;1043.60009765625;0
3290.313;988.710205078125;0
3291.443;995.924865722656;0
3292.571;1012.01885986328;0
3293.698;1093.99267578125;0
3294.824;1021.06848144531;0
3295.952;1013.47082519531;0
3297.077;932.866821289062;0
3298.203;912.886596679687;0
3299.328;1006.82446289063;0
3300.45;976.670532226562;0
3301.574;961.603515625;0
3302.698;818.64990234375;0
3303.819;891.733337402344;0
3304.942;885.706420898437;0
3306.064;919.795104980469;0
3307.182;961.781921386719;0
3308.303;922.9755859375;0
3309.423;883.51123046875;0
3310.542;785.611511230469;0
3311.66;715.829650878906;0
3312.778;670.277282714844;0
3313.895;569.623046875;0
3315.012;566.984680175781;0
3316.128;606.255493164062;0
3317.243;616.997924804688;0
3318.357;622.321594238281;0
3319.471;599.478271484375;0
3320.586;596.588562011719;0
3321.698;748.735717773437;0
3322.813;808.922485351562;0
3323.923;914.040954589844;0
3325.034;996.650390625;0
3326.146;1026.92297363281;0
3327.255;981.058776855469;0
3328.366;849.799133300781;0
3329.474;876.071350097656;0
3330.582;924.779296875;0
3331.691;999.69775390625;0
3332.797;1006.26904296875;0
3333.905;1008.26934814453;0
3335.011;908.991516113281;0
3336.116;952.278991699219;0
3337.22;891.322631835938;0
3338.327;933.407958984375;0
3339.429;850.030639648438;0
3340.534;792.276428222656;0
3341.635;880.406311035156;0
3342.737;810.272521972656;0
3343.84;862.199340820313;0
3344.94;715.249816894531;0
3346.041;696.478149414062;0
3347.142;656.382507324219;0
3348.24;656.795959472656;0
3349.337;640.984436035156;0
3350.437;615.896423339844;0
3351.534;531.032348632813;0
3352.633;555.582702636719;0
3353.727;550.435241699219;0
3354.823;596.009826660156;0
3355.919;660.441345214844;0
3357.013;755.508178710938;0
3358.108;810.525512695313;0
3359.201;878.41455078125;0
3360.293;853.841491699219;0
3361.385;804.138916015625;0
3362.478;721.532836914063;0
3363.569;750.397399902344;0
3364.661;701.793151855469;0
3365.75;683.906799316406;0
3366.838;688.876831054688;0
3367.929;702.891052246094;0
3369.017;813.661193847656;0
3370.105;783.091247558594;0
3371.193;854.97314453125;0
3372.279;781.287841796875;0
3373.364;910.823303222656;0
3374.45;1028.60693359375;0
3375.534;1087.13012695313;0
3376.62;1062.59680175781;0
3377.704;1130.21655273438;0
3378.786;1094.51770019531;0
3379.871;1185.02709960938;0
3380.951;1173.52685546875;0
3382.034;1204.69006347656;0
3383.114;1068.81091308594;0
3384.195;1049.03649902344;0
3385.276;1195.00061035156;0
3386.354;1301.07824707031;0
3387.433;1368.20263671875;0
3388.511;1295.09411621094;0
3389.588;1268.57531738281;0
3390.664;1256.18151855469;0
3391.742;1173.91735839844;0
3392.816;1160.44567871094;0
3393.893;1121.14562988281;0
3394.968;1294.56018066406;0
3396.042;1320.90905761719;0
3397.115;1311.18518066406;0
3398.189;1236.71740722656;0
3399.262;1132.4326171875;0
3400.333;1191.57177734375;0
3401.404;1142.169921875;0
3402.474;1211.10827636719;0
3403.545;1121.25158691406;0
3404.615;1119.41943359375;0
3405.685;1169.11657714844;0
3406.752;1107.49548339844;0
3407.82;1172.5712890625;0
3408.888;1223.13525390625;0
3409.955;1325.95593261719;0
3411.021;1308.705078125;0
3412.085;1229.17370605469;0
3413.151;1186.75671386719;0
3414.215;1092.42224121094;0
3415.279;1143.58544921875;0
3416.343;1178.12145996094;0
3417.406;1200.61633300781;0
3418.468;1138.55432128906;0
3419.53;1030.56140136719;0
3420.592;976.548583984375;0
3421.652;984.033081054688;0
3422.712;1037.07067871094;0
3423.773;973.720642089844;0
3424.83;964.288208007813;0
3425.889;999.683532714844;0
3426.946;1101.46203613281;0
3428.005;1137.93518066406;0
3429.061;1217.56298828125;0
3430.117;1340.25317382813;0
3431.172;1381.75268554688;0
3432.227;1252.56396484375;0
3433.281;1204.84997558594;0
3434.335;1152.90502929687;0
3435.389;1147.60607910156;0
3436.44;1139.53503417969;0
3437.492;1123.96240234375;0
3438.546;1137.99487304687;0
3439.598;1131.83923339844;0
3440.646;1121.11584472656;0
3441.697;1158.36962890625;0
3442.745;1118.22424316406;0
3443.793;1143.78833007813;0
3444.842;1139.77783203125;0
3445.891;1173.69091796875;0
3446.937;1166.47534179688;0
3447.984;1176.0732421875;0
3449.031;1137.61279296875;0
3450.075;1142.78454589844;0
3451.12;1133.3828125;0
3452.164;1158.58093261719;0
3453.207;1082.71301269531;0
3454.251;1003.5439453125;0
3455.293;916.27294921875;0
3456.336;966.63232421875;0
3457.378;915.746276855469;0
3458.417;922.823059082031;0
3459.458;877.981262207031;0
3460.498;949.924987792969;0
3461.539;932.677734375;0
3462.577;919.702575683594;0
3463.614;974.315307617188;0
3464.651;996.209106445313;0
3465.689;970.496459960937;0
3466.726;873.471923828125;0
3467.763;815.207336425781;0
3468.798;762.119445800781;0
3469.831;747.222351074219;0
3470.866;819.747863769531;0
3471.9;917.064331054688;0
3472.933;905.659301757813;0
3473.966;850.153442382813;0
3474.999;828.482238769531;0
3476.029;872.662292480469;0
3477.061;903.753173828125;0
3478.09;806.923767089844;0
3479.121;790.657470703125;0
3480.15;925.014892578125;0
3481.178;954.899475097656;0
3482.205;1012.76000976563;0
3483.234;855.314147949219;0
3484.26;893.699035644531;0
3485.288;865.012268066406;0
3486.313;932.222778320313;0
3487.337;973.554321289063;0
3488.364;960.669128417969;0
3489.387;969.16650390625;0
3490.411;966.513122558594;0
3491.434;937.76904296875;0
3492.456;843.305419921875;0
3493.479;680.62939453125;0
3494.5;598.141235351563;0
3495.521;432.419372558594;0
3496.543;377.475952148438;0
3497.561;399.76513671875;0
3498.579;335.849365234375;0
3499.6;270.389923095703;0
3500.618;67.5557708740234;0
3501.636;-35.5761756896973;0
3502.653;-39.0056381225586;0
3503.669;-28.3477382659912;0
3504.685;12.9919576644897;0
3505.699;-47.0119018554688;0
3506.716;-86.4921569824219;0
3507.729;-111.842056274414;0
3508.743;-118.523727416992;0
3509.755;-152.548614501953;0
