98.64605;0;0
101.2353;0;0
103.8217;0;0
106.4096;-7.18518495559692;0
108.9945;-25.3777770996094;0
111.5767;-40;0
114.1602;-20.839506149292;0
116.7409;-97.6262588500977;0
119.3209;-10;0
121.9002;45.6666679382324;0
124.4788;89.6274490356445;0
127.0566;78.7953186035156;0
129.6317;46.5873031616211;0
132.2038;11.8743963241577;0
134.7796;-36.168888092041;0
137.3503;-55.1975326538086;0
139.9204;57.9457244873047;0
142.4919;153.347076416016;0
145.0584;187.672836303711;0
147.6242;208.897888183594;0
150.1914;218.861358642578;0
152.7579;293.922607421875;0
155.3216;266.224487304688;0
157.8846;287.095184326172;0
160.4448;289.629211425781;0
163.0085;381.895599365234;0
165.5672;466.965606689453;0
168.1232;494.145599365234;0
170.6826;495.699859619141;0
173.2372;492.498657226563;0
175.7931;538.512023925781;0
178.3463;557.176391601563;0
180.8966;642.62548828125;0
183.4504;720.740112304688;0
185.9993;788.767028808594;0
188.5476;724.655700683594;0
191.0972;762.233825683594;0
193.644;816.137451171875;0
196.1859;810.698486328125;0
198.7335;666.536865234375;0
201.2761;586.691223144531;0
203.8201;624.693969726563;0
206.3593;757.244384765625;0
208.8998;796.212524414063;0
211.4397;850.030029296875;0
213.9746;890.268859863281;0
216.5109;967.403869628906;0
219.0487;959.764953613281;0
221.5816;976.04052734375;0
224.1158;987.876892089844;0
226.6473;1030.19409179688;0
229.176;1000.71661376953;0
231.7082;1032.69702148438;0
234.2355;1080.23120117188;0
236.7643;1151.46948242188;0
239.2902;1136.64001464844;0
241.8133;1090.60168457031;0
244.3379;983.004760742188;0
246.8618;973.190246582031;0
249.3828;962.052856445313;0
251.9053;1010.30419921875;0
254.423;948.770263671875;0
256.942;974.640930175781;0
259.4603;972.514953613281;0
261.9759;985.031066894531;0
264.4887;947.723205566406;0
267.005;944.11181640625;0
269.5164;955.597351074219;0
272.0292;985.025512695313;0
274.5393;1024.26440429688;0
277.0466;1059.89172363281;0
279.5574;1123.76037597656;0
282.0654;1159.87646484375;0
284.5686;1199.62048339844;0
287.0752;1225.69091796875;0
289.5791;1215.44592285156;0
292.0803;1208.35705566406;0
294.5828;1158.95812988281;0
297.0826;1146.08752441406;0
299.5838;1104.21569824219;0
302.0801;1015.87408447266;0
304.5758;939.686096191406;0
307.0749;923.717041015625;0
309.5672;850.455993652344;0
312.0608;836.750732421875;0
314.5558;799.677612304688;0
317.044;912.816772460938;0
319.5377;907.848999023438;0
322.0266;899.928283691406;0
324.5127;890.795288085938;0
327.0023;983.306701660156;0
329.4871;1008.685546875;0
331.9691;1073.31469726563;0
334.4547;1008.74255371094;0
336.9353;1034.32397460938;0
339.4174;910.94873046875;0
341.901;987.892150878906;0
344.3776;1054.67651367188;0
346.8577;1158.17810058594;0
349.333;1171.51232910156;0
351.8076;1082.85046386719;0
354.2857;1074.11669921875;0
356.7569;995.197143554688;0
359.2296;1072.2646484375;0
361.7015;1018.76080322266;0
364.1729;1083.48974609375;0
366.6414;1027.79296875;0
369.1093;1081.96313476563;0
371.5745;1029.49438476563;0
374.0432;1031.49365234375;0
376.507;1008.24096679688;0
378.9702;931.566345214844;0
381.4348;918.274169921875;0
383.8947;821.049987792969;0
386.3538;876.72412109375;0
388.8144;859.154113769531;0
391.2722;961.317749023438;0
393.7314;988.547058105469;0
396.1859;1072.671875;0
398.6418;1096.61828613281;0
401.0949;1173.90454101563;0
403.5475;1096.46691894531;0
405.9972;1107.95385742188;0
408.4505;1047.6923828125;0
410.899;1131.92651367188;0
413.3468;1168.41198730469;0
415.796;1268.37170410156;0
418.2405;1285.36462402344;0
420.6884;1204.78491210938;0
423.1295;1121.15490722656;0
425.572;1082.15441894531;0
428.0159;1086.12536621094;0
430.455;1018.88494873047;0
432.8956;974.673767089844;0
435.3335;955.569396972656;0
437.7707;998.933288574219;0
440.2093;985.590209960938;0
442.6432;972.336303710938;0
445.0764;1027.59936523438;0
447.511;1034.35888671875;0
449.9429;1036.15759277344;0
452.3721;954.680786132813;0
454.8048;937.136840820313;0
457.2328;1031.60791015625;0
459.66;1092.33166503906;0
462.0847;1100.16174316406;0
464.5127;1063.54223632813;0
466.9381;1037.05883789063;0
469.3587;1136.95690917969;0
471.7807;1206.03564453125;0
474.2042;1249.81811523438;0
476.6229;1271.78784179688;0
479.041;1243.29516601563;0
481.4604;1237.34375;0
483.8752;1185.38232421875;0
486.2934;1133.24194335938;0
488.7068;1064.28527832031;0
491.1197;1053.638671875;0
493.5339;1063.86901855469;0
495.9435;1057.32006835938;0
498.3544;1037.11047363281;0
500.7667;1029.35632324219;0
503.1723;1050.71252441406;0
505.5793;1051.07153320313;0
507.9856;899.058471679688;0
510.3913;814.264526367188;0
512.7944;711.677490234375;0
515.1968;775.075012207031;0
517.5986;780.498657226563;0
519.9997;756.310546875;0
522.3982;729.203857421875;0
524.798;704.817199707031;0
527.1973;761.560791015625;0
529.5919;775.857482910156;0
531.9899;800.125793457031;0
534.3832;753.736450195313;0
536.7758;713.057373046875;0
539.1699;696.361694335938;0
541.5593;700.771545410156;0
543.9481;735.005432128906;0
546.3382;784.366821289063;0
548.7257;800.169555664063;0
551.1146;889.968078613281;0
553.4968;912.996948242188;0
555.8824;1013.74609375;0
558.2675;1038.24523925781;0
560.6478;1084.64709472656;0
563.0295;1083.51123046875;0
565.4106;1022.17645263672;0
567.7911;970.643371582031;0
570.169;928.692016601563;0
572.5462;893.541870117188;0
574.9229;908.521606445313;0
577.2968;847.386901855469;0
579.6721;804.563659667969;0
582.0449;700.908081054688;0
584.417;695.672119140625;0
586.7885;803.923217773438;0
589.1553;899.43798828125;0
591.5255;845.088623046875;0
593.8931;767.430297851563;0
596.2601;702.253784179688;0
598.6265;681.515319824219;0
600.9902;662.718627929688;0
603.3554;692.824768066406;0
605.7179;660.732482910156;0
608.0778;676.941345214844;0
610.4391;538.644714355469;0
612.7977;654.380310058594;0
615.1558;700.087463378906;0
617.5132;857.799194335938;0
619.8701;916.900756835938;0
622.2263;922.618713378906;0
624.5779;917.161437988281;0
626.9308;952.624877929688;0
629.2852;1019.07580566406;0
631.6349;1118.44616699219;0
633.9841;1230.17456054688;0
636.3326;1264.13610839844;0
638.6805;1288.10485839844;0
641.0279;1232.63269042969;0
643.3746;1179.9423828125;0
645.7187;1198.03723144531;0
648.0621;1167.8095703125;0
650.405;1172.81518554688;0
652.7453;1099.16430664063;0
655.087;1076.53674316406;0
657.426;1002.88848876953;0
659.7645;1003.74719238281;0
662.1024;897.530090332031;0
664.4376;883.562377929688;0
666.7742;907.448364257813;0
669.1063;939.317504882813;0
671.4398;988.682495117188;0
673.7726;914.967529296875;0
676.1048;894.420349121094;0
678.4324;900.855712890625;0
680.7635;900.946960449219;0
683.0919;882.83544921875;0
685.4158;778.431884765625;0
687.743;769.168151855469;0
690.0696;831.083251953125;0
692.3937;890.62548828125;0
694.7151;879.290954589844;0
697.038;903.317810058594;0
699.3583;994.805053710938;0
701.6779;1002.66821289063;0
703.995;978.901428222656;0
706.3155;918.836669921875;0
708.6294;935.407470703125;0
710.9467;880.011291503906;0
713.2594;889.204895019531;0
715.5735;894.463562011719;0
717.887;956.078674316406;0
720.1979;983.556884765625;0
722.5083;1083.85339355469;0
724.818;1107.34484863281;0
727.1252;1090.94372558594;0
729.4357;935.012451171875;0
731.7418;959.963684082031;0
734.0452;948.771118164063;0
736.35;1040.15673828125;0
738.6522;998.892761230469;0
740.9539;976.420532226563;0
743.2569;936.627624511719;0
745.5554;949.629638671875;0
747.8553;853.201293945313;0
750.1545;783.205261230469;0
752.4513;708.597717285156;0
754.7474;730.232543945313;0
757.043;753.16552734375;0
759.336;764.277954101563;0
761.6304;790.583801269531;0
763.9222;689.764831542969;0
766.2114;594.865478515625;0
768.5041;525.7314453125;0
770.7922;498.366455078125;0
773.0777;486.467926025391;0
775.3647;547.8544921875;0
777.651;663.061157226563;0
779.9368;750.537170410156;0
782.22;767.872009277344;0
784.5026;750.029968261719;0
786.7847;795.458740234375;0
789.0662;744.668334960938;0
791.3451;802.252380371094;0
793.6254;765.729858398438;0
795.9012;863.368835449219;0
798.1784;922.929077148438;0
800.455;1021.88433837891;0
802.7291;1001.01446533203;0
805.0026;1019.28021240234;0
807.2755;1019.17523193359;0
809.5478;1120.61376953125;0
811.8176;1127.04113769531;0
814.0869;1167.18432617188;0
816.3535;1132.53466796875;0
818.6235;1144.42834472656;0
820.8911;1068.08862304688;0
823.156;1086.38195800781;0
825.4204;1093.77600097656;0
827.6823;1109.33129882813;0
829.9474;1049.7900390625;0
832.2082;1025.30017089844;0
834.4683;1063.79870605469;0
836.7279;1104.23486328125;0
838.9869;1091.83483886719;0
841.2453;1154.71423339844;0
843.5012;1162.185546875;0
845.7565;1141.51806640625;0
848.0133;1089.48828125;0
850.2655;1070.84118652344;0
852.5153;1065.06286621094;0
854.7703;1060.3125;0
857.0189;987.614624023438;0
859.2668;973.334350585938;0
861.5182;936.804992675781;0
863.7651;986.921203613281;0
866.0114;927.825866699219;0
868.2592;810.65576171875;0
870.5024;761.243469238281;0
872.7451;773.362365722656;0
874.9872;821.2138671875;0
877.2307;748.377136230469;0
879.4717;745.622924804688;0
881.7101;678.174194335938;0
883.95;726.390441894531;0
886.1854;696.926452636719;0
888.4202;701.392761230469;0
890.6604;674.063537597656;0
892.8941;670.957641601563;0
895.1253;687.133117675781;0
897.3599;738.41064453125;0
899.59;681.474853515625;0
901.8195;770.647399902344;0
904.0504;774.649597167969;0
906.2789;864.941833496094;0
908.5087;836.276489257813;0
910.7341;887.835327148438;0
912.9589;891.360534667969;0
915.1851;921.81591796875;0
917.4088;894.788330078125;0
919.63;919.051086425781;0
921.8526;853.758239746094;0
924.0727;898.091186523438;0
926.2922;885.523681640625;0
928.5112;903.341552734375;0
930.7277;840.674560546875;0
932.9476;794.975708007813;0
935.163;724.671264648438;0
937.3739;648.092529296875;0
939.5901;679.195556640625;0
941.8019;667.518493652344;0
944.0151;586.474182128906;0
946.2258;481.068756103516;0
948.4341;386.093627929688;0
950.6456;455.097778320313;0
952.8527;436.48291015625;0
955.0593;486.778961181641;0
957.2653;447.045440673828;0
959.4689;436.151000976563;0
961.6738;455.241668701172;0
963.8782;372.583557128906;0
966.0782;387.458404541016;0
968.2815;387.665618896484;0
970.4803;457.844329833984;0
972.6787;410.048614501953;0
974.8784;380.224182128906;0
977.0757;477.937774658203;0
979.2704;535.852416992188;0
981.4667;615.520751953125;0
983.6603;530.971618652344;0
985.8535;587.699951171875;0
988.0461;528.877563476563;0
990.2363;661.716552734375;0
992.4297;720.394836425781;0
994.6169;880.486022949219;0
996.8035;871.643310546875;0
998.9933;892.8310546875;0
1001.179;912.501098632813;0
1003.364;984.12841796875;0
1005.55;913.012084960938;0
1007.732;955.965881347656;0
1009.916;912.601135253906;0
1012.096;1103.109375;0
1014.275;1037.82348632813;0
1016.459;1105.806640625;0
1018.636;1169.2412109375;0
1020.813;1286.01232910156;0
1022.991;1260.43701171875;0
1025.165;1162.45434570313;0
1027.34;1083.021484375;0
1029.515;1079.23095703125;0
1031.687;1041.98327636719;0
1033.859;1113.55749511719;0
1036.03;1158.91809082031;0
1038.199;1193.49841308594;0
1040.369;1083.14013671875;0
1042.536;929.094665527344;0
1044.704;808.140319824219;0
1046.87;773.282958984375;0
1049.034;805.631652832031;0
1051.198;715.07421875;0
1053.363;776.839965820313;0
1055.526;780.871459960938;0
1057.686;887.039001464844;0
1059.845;757.543334960938;0
1062.005;738.953430175781;0
1064.165;744.28564453125;0
1066.323;841.43798828125;0
1068.477;823.924560546875;0
1070.634;852.85693359375;0
1072.788;730.242126464844;0
1074.942;677.747253417969;0
1077.096;633.038940429688;0
1079.247;735.653991699219;0
1081.397;827.495849609375;0
1083.547;880.668273925781;0
1085.695;901.952087402344;0
1087.844;920.7509765625;0
1089.992;935.816101074219;0
1092.138;927.457275390625;0
1094.284;969.717224121094;0
1096.425;1019.96942138672;0
1098.571;1049.97180175781;0
1100.711;1078.11120605469;0
1102.851;1031.63073730469;0
1104.994;1059.56909179688;0
1107.132;1022.98779296875;0
1109.271;1040.12548828125;0
1111.408;1053.09643554688;0
1113.543;1094.91528320313;0
1115.682;1075.96606445313;0
1117.816;1024.14916992188;0
1119.947;965.953125;0
1122.08;928.582153320313;0
1124.213;920.74560546875;0
1126.343;948.950988769531;0
1128.474;989.9716796875;0
1130.602;987.266723632813;0
1132.728;1015.62377929688;0
1134.856;1059.07849121094;0
1136.982;1041.33056640625;0
1139.109;1014.95721435547;0
1141.234;991.261474609375;0
1143.356;1020.19921875;0
1145.479;1046.64172363281;0
1147.599;962.434448242188;0
1149.719;918.245849609375;0
1151.839;934.525329589844;0
1153.957;1010.82855224609;0
1156.076;1014.93713378906;0
1158.191;831.96240234375;0
1160.305;748.573974609375;0
1162.423;699.323425292969;0
1164.536;793.49755859375;0
1166.647;776.589782714844;0
1168.761;868.888793945313;0
1170.871;859.696533203125;0
1172.983;898.04736328125;0
1175.092;946.848815917969;0
1177.2;1110.00915527344;0
1179.306;1155.68322753906;0
1181.413;1157.4375;0
1183.518;1155.51330566406;0
1185.623;1157.37475585938;0
1187.725;1125.67114257813;0
1189.826;963.598815917969;0
1191.929;980.074401855469;0
1194.032;1107.41052246094;0
1196.13;1090.44262695313;0
1198.23;1112.46923828125;0
1200.327;1018.04614257813;0
1202.423;1150.87084960938;0
1204.52;1258.12414550781;0
1206.613;1181.75903320313;0
1208.71;1214.66931152344;0
1210.801;1103.3642578125;0
1212.892;1227.48034667969;0
1214.987;1161.21728515625;0
1217.075;1172.48791503906;0
1219.166;1124.3896484375;0
1221.256;1160.77331542969;0
1223.342;1170.79846191406;0
1225.43;1086.35498046875;0
1227.515;1000.11999511719;0
1229.597;935.715209960938;0
1231.685;1102.41369628906;0
1233.767;1177.78625488281;0
1235.85;1265.11328125;0
1237.931;1189.10852050781;0
1240.009;1138.77380371094;0
1242.09;1027.11242675781;0
1244.168;960.575622558594;0
1246.245;906.497436523438;0
1248.321;1016.44653320313;0
1250.397;1150.13464355469;0
1252.472;1280.67260742188;0
1254.547;1203.13171386719;0
1256.618;1023.00500488281;0
1258.69;809.643798828125;0
1260.761;812.821044921875;0
1262.83;858.730529785156;0
1264.901;929.053405761719;0
1266.969;922.882202148438;0
1269.035;900.027221679688;0
1271.102;976.065734863281;0
1273.167;923.024353027344;0
1275.233;953.862426757813;0
1277.295;902.396057128906;0
1279.359;911.733093261719;0
1281.42;822.428833007813;0
1283.482;849.9921875;0
1285.542;883.480590820313;0
1287.6;1008.37548828125;0
1289.659;914.175048828125;0
1291.714;897.043151855469;0
1293.774;943.244934082031;0
1295.828;1084.26733398438;0
1297.881;1122.30163574219;0
1299.936;1150.94274902344;0
1301.987;1164.11560058594;0
1304.041;1249.65307617188;0
1306.09;1164.88977050781;0
1308.139;1112.16040039063;0
1310.19;962.357116699219;0
1312.238;1062.50512695313;0
1314.286;1098.33239746094;0
1316.331;1233.5029296875;0
1318.376;1209.79907226563;0
1320.422;1102.80932617188;0
1322.466;1055.97827148438;0
1324.508;1086.501953125;0
1326.549;1150.44885253906;0
1328.59;1141.67358398438;0
1330.632;971.956787109375;0
1332.67;1005.63555908203;0
1334.707;983.945739746094;0
1336.746;1090.66052246094;0
1338.78;1107.44799804688;0
1340.816;1102.75500488281;0
1342.852;891.359191894531;0
1344.885;798.818176269531;0
1346.916;708.797546386719;0
1348.948;837.090209960938;0
1350.979;846.121643066406;0
1353.011;882.562683105469;0
1355.04;840.610778808594;0
1357.066;778.732849121094;0
1359.094;793.150939941406;0
1361.121;827.526123046875;0
1363.145;917.521850585938;0
1365.171;847.131286621094;0
1367.192;735.021301269531;0
1369.216;594.707153320313;0
1371.239;575.979858398438;0
1373.258;655.851379394531;0
1375.28;646.227783203125;0
1377.298;644.887573242188;0
1379.316;528.049682617188;0
1381.335;589.035339355469;0
1383.35;592.262023925781;0
1385.366;671.900695800781;0
1387.38;647.113037109375;0
1389.394;640.313293457031;0
1391.409;580.474487304688;0
1393.42;487.788940429688;0
1395.43;490.264312744141;0
1397.44;494.195617675781;0
1399.451;471.249572753906;0
1401.458;515.425598144531;0
1403.466;472.432037353516;0
1405.472;543.327880859375;0
1407.478;484.786895751953;0
1409.483;548.931213378906;0
1411.486;616.421936035156;0
1413.49;633.249694824219;0
1415.492;618.894897460938;0
1417.492;462.268615722656;0
1419.495;483.317413330078;0
1421.494;461.957183837891;0
1423.492;659.075561523438;0
1425.49;735.555603027344;0
1427.487;915.506408691406;0
1429.482;986.2412109375;0
1431.477;986.798645019531;0
1433.471;953.640197753906;0
1435.466;870.16455078125;0
1437.456;824.310546875;0
1439.447;854.578063964844;0
1441.441;806.140014648438;0
1443.427;769.446044921875;0
1445.417;730.011657714844;0
1447.406;842.20166015625;0
1449.392;1011.86468505859;0
1451.381;1003.81262207031;0
1453.365;994.154724121094;0
1455.348;951.112365722656;0
1457.333;1006.79376220703;0
1459.314;953.418151855469;0
1461.296;937.760925292969;0
1463.276;873.264587402344;0
1465.256;811.70703125;0
1467.237;834.514465332031;0
1469.215;926.48779296875;0
1471.19;956.292297363281;0
1473.167;950.037292480469;0
1475.145;952.721313476563;0
1477.118;1017.78894042969;0
1479.092;944.017761230469;0
1481.065;801.407958984375;0
1483.038;774.737182617188;0
1485.008;767.674011230469;0
1486.979;872.21630859375;0
1488.949;774.500793457031;0
1490.917;723.957702636719;0
1492.883;567.236511230469;0
1494.852;558.807189941406;0
1496.817;573.806762695313;0
1498.782;571.982727050781;0
1500.748;674.488525390625;0
1502.708;635.965148925781;0
1504.673;680.822814941406;0
1506.634;594.397827148438;0
1508.594;530.028076171875;0
1510.554;553.970947265625;0
1512.512;571.779968261719;0
1514.471;678.344055175781;0
1516.428;623.99658203125;0
1518.384;567.740112304688;0
1520.34;445.689849853516;0
1522.294;425.622375488281;0
1524.249;493.826324462891;0
1526.202;634.468139648438;0
1528.153;599.645812988281;0
1530.103;660.696472167969;0
1532.054;551.175170898438;0
1534.004;655.852966308594;0
1535.951;619.950317382813;0
1537.899;665.2451171875;0
1539.847;713.070556640625;0
1541.793;581.988098144531;0
1543.738;570.110412597656;0
1545.681;451.016235351563;0
1547.625;480.540466308594;0
1549.566;426.122436523438;0
1551.509;440.761871337891;0
1553.45;484.680969238281;0
1555.389;542.157531738281;0
1557.33;538.352111816406;0
1559.266;531.587768554688;0
1561.204;602.900268554688;0
1563.141;598.143798828125;0
1565.074;516.68994140625;0
1567.009;408.391693115234;0
1568.943;444.249877929688;0
1570.877;516.93115234375;0
1572.808;485.880004882813;0
1574.741;353.096343994141;0
1576.67;305.358032226563;0
1578.6;293.6650390625;0
1580.528;366.244781494141;0
1582.455;350.097198486328;0
1584.382;389.437408447266;0
1586.307;346.042816162109;0
1588.234;386.691131591797;0
1590.157;400.271301269531;0
1592.081;451.338836669922;0
1594.002;334.783843994141;0
1595.927;265.828521728516;0
1597.845;198.250671386719;0
1599.767;264.380889892578;0
1601.685;211.330459594727;0
1603.602;185.434173583984;0
1605.523;149.692596435547;0
1607.438;248.932540893555;0
1609.354;381.635864257813;0
1611.269;409.782867431641;0
1613.181;327.335052490234;0
1615.096;232.648178100586;0
1617.008;201.898727416992;0
1618.92;316.381500244141;0
1620.83;351.651000976563;0
1622.74;528.369140625;0
1624.649;426.546691894531;0
1626.557;395.106658935547;0
1628.464;401.25439453125;0
1630.37;532.502258300781;0
1632.275;600.133666992188;0
1634.18;484.036163330078;0
1636.085;429.874267578125;0
1637.988;486.693237304688;0
1639.888;533.989990234375;0
1641.791;577.111267089844;0
1643.691;619.718566894531;0
1645.588;627.254821777344;0
1647.489;656.165344238281;0
1649.387;588.340026855469;0
1651.284;681.891052246094;0
1653.18;686.709350585938;0
1655.075;737.691162109375;0
1656.972;774.7255859375;0
1658.864;964.36376953125;0
1660.754;973.714538574219;0
1662.65;866.443786621094;0
1664.539;638.218139648438;0
1666.428;659.816162109375;0
1668.32;732.460083007813;0
1670.207;862.372436523438;0
1672.096;835.554443359375;0
1673.982;861.230163574219;0
1675.867;683.072570800781;0
1677.754;695.859436035156;0
1679.638;569.479736328125;0
1681.52;621.932556152344;0
1683.403;573.440185546875;0
1685.285;598.002563476563;0
1687.166;516.730834960938;0
1689.048;479.069488525391;0
1690.924;381.240692138672;0
1692.804;440.350372314453;0
1694.682;454.509674072266;0
1696.558;597.163024902344;0
1698.435;626.088195800781;0
1700.308;595.951843261719;0
1702.184;478.754028320313;0
1704.057;460.939117431641;0
1705.929;325.617126464844;0
1707.801;312.899078369141;0
1709.674;291.2294921875;0
1711.542;324.052795410156;0
1713.412;339.702178955078;0
1715.28;275.509490966797;0
1717.145;262.474182128906;0
1719.015;212.658676147461;0
1720.88;110.108024597168;0
1722.746;129.831512451172;0
1724.61;184.088439941406;0
1726.471;303.203979492188;0
1728.334;279.467163085938;0
1730.197;262.918518066406;0
1732.057;259.116729736328;0
1733.919;373.622344970703;0
1735.777;312.279937744141;0
1737.634;310.532806396484;0
1739.493;337.842254638672;0
1741.349;333.473693847656;0
1743.205;288.697174072266;0
1745.061;259.735595703125;0
1746.915;300.370574951172;0
1748.77;420.049926757813;0
1750.621;353.883666992188;0
1752.473;400.870758056641;0
1754.323;263.676788330078;0
1756.173;218.300659179688;0
1758.022;248.741287231445;0
1759.87;225.219863891602;0
1761.718;185.068603515625;0
1763.566;172.729904174805;0
1765.411;299.895172119141;0
1767.256;392.532104492188;0
1769.101;434.529663085938;0
1770.945;477.665557861328;0
1772.787;582.939819335938;0
1774.629;443.685760498047;0
1776.469;465.124908447266;0
1778.309;414.923919677734;0
1780.15;520.637939453125;0
1781.987;545.043640136719;0
1783.826;462.583526611328;0
1785.662;527.029174804688;0
1787.498;548.01416015625;0
1789.334;557.793701171875;0
1791.169;551.923400878906;0
1793.002;537.62548828125;0
1794.834;631.455444335938;0
1796.667;570.079956054688;0
1798.498;524.27685546875;0
1800.328;525.601684570313;0
1802.157;588.276611328125;0
1803.986;611.412780761719;0
1805.813;626.121276855469;0
1807.639;620.068786621094;0
1809.467;621.810913085938;0
1811.292;711.620666503906;0
1813.117;690.113891601563;0
1814.94;680.734985351563;0
1816.763;648.261779785156;0
1818.585;658.91650390625;0
1820.407;624.699096679688;0
1822.227;589.515441894531;0
1824.048;510.023773193359;0
1825.865;486.605194091797;0
1827.683;335.762237548828;0
1829.501;317.050872802734;0
1831.317;254.236480712891;0
1833.135;302.503356933594;0
1834.948;247.968200683594;0
1836.761;203.679779052734;0
1838.577;115.19522857666;0
1840.388;188.845443725586;0
1842.198;151.518997192383;0
1844.009;251.549179077148;0
1845.819;264.71435546875;0
1847.629;293.349578857422;0
1849.436;228.232574462891;0
1851.244;128.474472045898;0
1853.052;232.629135131836;0
1854.858;221.358322143555;0
1856.661;235.656997680664;0
1858.466;233.525146484375;0
1860.269;243.962799072266;0
1862.073;289.747711181641;0
1863.875;294.324340820313;0
1865.673;327.026031494141;0
1867.476;424.297210693359;0
1869.275;453.582305908203;0
1871.072;478.659118652344;0
1872.872;364.717834472656;0
1874.667;262.234954833984;0
1876.464;273.878204345703;0
1878.26;294.759826660156;0
1880.053;279.990997314453;0
1881.849;287.127258300781;0
1883.64;282.057434082031;0
1885.431;283.337158203125;0
1887.226;295.299743652344;0
1889.014;238.167388916016;0
1890.803;229.273452758789;0
1892.594;128.174591064453;0
1894.38;241.460083007813;0
1896.167;172.986663818359;0
1897.955;188.421691894531;0
1899.74;182.321533203125;0
1901.526;272.020324707031;0
1903.309;324.074401855469;0
1905.091;339.484527587891;0
1906.876;336.807006835938;0
1908.658;279.153228759766;0
1910.438;255.634872436523;0
1912.217;270.697875976563;0
1913.996;182.565200805664;0
1915.775;114.348777770996;0
1917.553;123.775512695313;0
1919.33;248.120010375977;0
1921.106;265.826751708984;0
1922.881;259.674987792969;0
1924.655;210.443359375;0
1926.431;107.577011108398;0
1928.202;55.5042457580566;0
1929.974;10.9009666442871;0
1931.746;56.0063285827637;0
1933.516;94.482292175293;0
1935.286;142.680770874023;0
1937.055;221.2470703125;0
1938.823;317.519073486328;0
1940.592;365.830078125;0
1942.356;396.897888183594;0
1944.122;378.443084716797;0
1945.888;346.352020263672;0
1947.651;292.735809326172;0
1949.416;220.372177124023;0
1951.178;173.593963623047;0
1952.939;136.621673583984;0
1954.699;177.184097290039;0
1956.459;302.654510498047;0
1958.219;360.321014404297;0
1959.979;424.351287841797;0
1961.735;404.190307617188;0
1963.491;460.060272216797;0
1965.249;405.627899169922;0
1967.003;541.337585449219;0
1968.761;509.191864013672;0
1970.512;629.415100097656;0
1972.265;551.562927246094;0
1974.018;490.302032470703;0
1975.769;359.189208984375;0
1977.522;260.339813232422;0
1979.271;394.642669677734;0
1981.018;395.542175292969;0
1982.766;400.370483398438;0
1984.516;464.238739013672;0
1986.261;461.480224609375;0
1988.009;469.761657714844;0
1989.754;343.305236816406;0
1991.498;384.668792724609;0
1993.241;449.521575927734;0
1994.984;575.086975097656;0
1996.727;603.029724121094;0
1998.468;568.461059570313;0
2000.206;438.604156494141;0
2001.946;364.014312744141;0
2003.686;508.135559082031;0
2005.424;484.860107421875;0
2007.161;499.966094970703;0
2008.898;382.452789306641;0
2010.634;469.430541992188;0
2012.369;514.232421875;0
2014.103;598.413879394531;0
2015.836;551.417907714844;0
2017.57;630.133728027344;0
2019.299;573.782104492188;0
2021.032;621.36865234375;0
2022.762;542.003051757813;0
2024.491;552.574035644531;0
2026.221;539.6357421875;0
2027.947;562.965148925781;0
2029.676;541.671997070313;0
2031.403;560.198059082031;0
2033.128;447.9853515625;0
2034.852;416.081848144531;0
2036.577;276.767395019531;0
2038.299;419.580474853516;0
2040.022;379.987518310547;0
2041.744;320.765441894531;0
2043.465;160.35871887207;0
2045.184;192.156188964844;0
2046.903;293.546783447266;0
2048.621;382.642730712891;0
2050.339;287.001953125;0
2052.057;278.06884765625;0
2053.774;211.512130737305;0
2055.488;144.222732543945;0
2057.203;97.0289916992188;0
2058.917;68.1140213012695;0
2060.631;121.281745910645;0
2062.344;124.162895202637;0
2064.053;134.758224487305;0
2065.765;149.512191772461;0
2067.476;158.424789428711;0
2069.185;234.498352050781;0
2070.892;238.731140136719;0
2072.6;266.232818603516;0
2074.308;224.22639465332;0
2076.014;296.823760986328;0
2077.72;266.690979003906;0
2079.425;221.410369873047;0
2081.13;132.113616943359;0
2082.833;156.194229125977;0
2084.532;223.320419311523;0
2086.236;338.937408447266;0
2087.936;295.82373046875;0
2089.635;314.979919433594;0
2091.335;240.629241943359;0
2093.034;287.436798095703;0
2094.731;274.106201171875;0
2096.427;382.889343261719;0
2098.124;438.009246826172;0
2099.82;489.2265625;0
2101.515;544.571960449219;0
2103.207;609.584411621094;0
2104.902;675.485656738281;0
2106.594;757.938293457031;0
2108.286;800.830078125;0
2109.976;829.160278320313;0
2111.667;730.996887207031;0
2113.355;757.89111328125;0
2115.044;690.563537597656;0
2116.732;624.680725097656;0
2118.42;546.39501953125;0
2120.105;613.733520507813;0
2121.79;717.99755859375;0
2123.476;850.324584960938;0
2125.16;925.868103027344;0
2126.844;901.516967773438;0
2128.524;845.604553222656;0
2130.207;820.464660644531;0
2131.888;853.766052246094;0
2133.567;801.668823242188;0
2135.247;735.90185546875;0
2136.927;837.625854492188;0
2138.603;987.052856445313;0
2140.281;1057.19091796875;0
2141.957;970.147583007813;0
2143.633;855.366821289063;0
2145.308;946.517150878906;0
2146.981;1011.93621826172;0
2148.654;1016.62280273438;0
2150.328;855.798156738281;0
2152;897.017822265625;0
2153.669;968.835327148438;0
2155.34;1019.43859863281;0
2157.01;1037.30407714844;0
2158.677;957.315734863281;0
2160.347;993.826049804688;0
2162.013;860.370056152344;0
2163.681;897.724609375;0
2165.347;849.667602539063;0
2167.011;792.666076660156;0
2168.674;730.325744628906;0
2170.337;758.128845214844;0
2172.002;750.854248046875;0
2173.662;754.402221679688;0
2175.324;647.724914550781;0
2176.985;628.745361328125;0
2178.645;611.334594726563;0
2180.304;646.347900390625;0
2181.961;665.724060058594;0
2183.618;730.128479003906;0
2185.275;679.121398925781;0
2186.932;733.813171386719;0
2188.586;718.624145507813;0
2190.242;775.400756835938;0
2191.896;657.807983398438;0
2193.547;627.872192382813;0
2195.2;610.894897460938;0
2196.851;686.270812988281;0
2198.502;650.8447265625;0
2200.153;569.362976074219;0
2201.799;580.683532714844;0
2203.447;593.237670898438;0
2205.097;639.88134765625;0
2206.742;670.602294921875;0
2208.391;671.9599609375;0
2210.035;633.548095703125;0
2211.679;636.376586914063;0
2213.324;580.115417480469;0
2214.966;679.911743164063;0
2216.608;603.848205566406;0
2218.252;711.684631347656;0
2219.89;598.336303710938;0
2221.531;594.776794433594;0
2223.172;550.408203125;0
2224.809;540.897216796875;0
2226.449;534.245056152344;0
2228.086;512.010559082031;0
2229.72;665.25830078125;0
2231.358;614.59228515625;0
2232.992;676.920593261719;0
2234.625;568.775207519531;0
2236.26;713.642272949219;0
2237.893;688.438720703125;0
2239.524;817.16552734375;0
2241.156;823.05078125;0
2242.785;823.474731445313;0
2244.416;801.815368652344;0
2246.044;810.420959472656;0
2247.672;799.319152832031;0
2249.301;765.068054199219;0
2250.926;761.792907714844;0
2252.554;729.44189453125;0
2254.177;803.871154785156;0
2255.803;790.308166503906;0
2257.427;946.975952148438;0
2259.051;971.917663574219;0
2260.671;891.356262207031;0
2262.294;785.3876953125;0
2263.914;745.185913085938;0
2265.533;863.810363769531;0
2267.153;811.0009765625;0
2268.773;780.42333984375;0
2270.392;687.732788085938;0
2272.006;738.977111816406;0
2273.624;701.121154785156;0
2275.239;768.971435546875;0
2276.854;855.458801269531;0
2278.468;888.292236328125;0
2280.084;891.474426269531;0
2281.695;826.829406738281;0
2283.305;765.810302734375;0
2284.919;716.380859375;0
2286.527;706.02685546875;0
2288.14;738.414794921875;0
2289.748;722.409423828125;0
2291.354;697.455383300781;0
2292.964;705.824035644531;0
2294.569;714.019165039063;0
2296.174;622.81689453125;0
2297.782;610.93017578125;0
2299.386;628.927001953125;0
2300.99;704.6123046875;0
2302.594;723.117126464844;0
2304.195;679.326782226563;0
2305.798;748.911254882813;0
2307.399;688.197570800781;0
2308.998;697.905151367188;0
2310.598;562.220153808594;0
2312.197;653.904907226563;0
2313.795;792.839904785156;0
2315.392;958.690246582031;0
2316.988;936.788452148438;0
2318.585;887.689392089844;0
2320.18;836.170043945313;0
2321.774;725.89501953125;0
2323.368;672.346374511719;0
2324.961;687.372680664063;0
2326.553;666.366943359375;0
2328.145;668.135070800781;0
2329.735;587.203979492188;0
2331.324;668.8740234375;0
2332.916;692.191345214844;0
2334.503;662.823425292969;0
2336.092;635.564208984375;0
2337.677;592.816650390625;0
2339.263;667.620239257813;0
2340.85;578.763732910156;0
2342.434;543.218444824219;0
2344.018;452.687835693359;0
2345.602;504.778015136719;0
2347.185;387.466613769531;0
2348.768;403.641784667969;0
2350.347;505.191070556641;0
2351.928;619.224853515625;0
2353.51;562.81103515625;0
2355.087;397.726623535156;0
2356.665;387.926025390625;0
2358.243;372.827117919922;0
2359.819;426.718231201172;0
2361.396;385.195556640625;0
2362.972;441.812896728516;0
2364.547;472.010650634766;0
2366.121;484.346740722656;0
2367.694;526.15380859375;0
2369.267;482.278839111328;0
2370.839;448.894622802734;0
2372.411;457.674346923828;0
2373.982;484.698181152344;0
2375.55;470.363647460938;0
2377.118;344.107971191406;0
2378.687;339.099456787109;0
2380.254;434.337554931641;0
2381.821;539.245056152344;0
2383.387;529.503356933594;0
2384.954;556.28759765625;0
2386.516;597.837219238281;0
2388.082;726.820190429688;0
2389.644;674.234130859375;0
2391.209;631.301818847656;0
2392.769;398.358215332031;0
2394.33;493.486389160156;0
2395.892;572.996765136719;0
2397.449;825.718933105469;0
2399.008;853.877563476563;0
2400.568;868.133239746094;0
2402.125;819.83837890625;0
2403.68;786.976135253906;0
2405.238;756.105407714844;0
2406.792;742.0048828125;0
2408.349;787.121459960938;0
2409.902;822.900390625;0
2411.455;779.084411621094;0
2413.007;717.01708984375;0
2414.558;630.49951171875;0
2416.11;631.164245605469;0
2417.66;670.209899902344;0
2419.21;723.147094726563;0
2420.758;780.97607421875;0
2422.307;722.696350097656;0
2423.855;610.559509277344;0
2425.402;583.055480957031;0
2426.947;487.207458496094;0
2428.492;551.104553222656;0
2430.038;492.447174072266;0
2431.58;541.063293457031;0
2433.124;535.412475585938;0
2434.667;550.826843261719;0
2436.208;520.488464355469;0
2437.75;587.221740722656;0
2439.291;613.244384765625;0
2440.83;753.778686523438;0
2442.369;745.602661132813;0
2443.906;795.161682128906;0
2445.444;750.012145996094;0
2446.981;652.374938964844;0
2448.517;621.755554199219;0
2450.053;596.095153808594;0
2451.587;623.104736328125;0
2453.12;727.854187011719;0
2454.655;767.455810546875;0
2456.187;813.246276855469;0
2457.718;813.221740722656;0
2459.25;799.957458496094;0
2460.781;741.602111816406;0
2462.31;617.635559082031;0
2463.84;692.6484375;0
2465.368;734.344299316406;0
2466.896;776.378295898438;0
2468.423;726.748352050781;0
2469.949;764.233947753906;0
2471.474;729.312438964844;0
2472.998;669.306884765625;0
2474.522;614.160888671875;0
2476.045;671.255554199219;0
2477.568;735.018920898438;0
2479.09;873.339294433594;0
2480.612;880.553283691406;0
2482.132;817.317321777344;0
2483.653;653.232666015625;0
2485.171;653.969848632813;0
2486.689;774.420471191406;0
2488.208;769.866638183594;0
2489.725;703.973999023438;0
2491.242;605.305114746094;0
2492.757;686.952575683594;0
2494.271;686.157165527344;0
2495.785;719.583618164063;0
2497.3;713.78662109375;0
2498.812;734.431884765625;0
2500.325;688.075012207031;0
2501.837;618.973999023438;0
2503.345;468.008270263672;0
2504.856;500.819244384766;0
2506.366;529.290832519531;0
2507.875;678.646667480469;0
2509.382;629.998474121094;0
2510.889;595.345886230469;0
2512.397;541.247863769531;0
2513.901;370.229736328125;0
2515.406;400.495178222656;0
2516.911;338.061401367188;0
2518.415;478.026550292969;0
2519.918;350.830505371094;0
2521.421;361.932678222656;0
2522.922;291.515441894531;0
2524.423;328.579742431641;0
2525.924;288.902160644531;0
2527.422;307.704742431641;0
2528.923;235.654052734375;0
2530.419;317.749877929688;0
2531.916;238.103225708008;0
2533.415;301.935363769531;0
2534.909;185.467620849609;0
2536.404;158.367324829102;0
2537.899;78.6377563476563;0
2539.394;23.5011749267578;0
2540.887;87.9621276855469;0
2542.38;192.560958862305;0
2543.871;250.712753295898;0
2545.363;279.906097412109;0
2546.852;231.36393737793;0
2548.345;243.289749145508;0
2549.833;174.870223999023;0
2551.321;174.479141235352;0
2552.811;187.664367675781;0
2554.296;280.351867675781;0
2555.78;271.487152099609;0
2557.267;248.432495117188;0
2558.752;243.43424987793;0
2560.237;259.292663574219;0
2561.721;339.260833740234;0
2563.203;420.336944580078;0
2564.687;494.077423095703;0
2566.168;490.14990234375;0
2567.648;446.221984863281;0
2569.129;345.6279296875;0
2570.607;292.156829833984;0
2572.086;307.426483154297;0
2573.565;447.133941650391;0
2575.041;556.070129394531;0
2576.518;429.902679443359;0
2577.994;391.854248046875;0
2579.469;425.261657714844;0
2580.945;657.111145019531;0
2582.418;670.297058105469;0
2583.892;659.709411621094;0
2585.365;561.578125;0
2586.835;589.128051757813;0
2588.307;624.696960449219;0
2589.778;647.578918457031;0
2591.248;656.349182128906;0
2592.717;637.788330078125;0
2594.186;624.338928222656;0
2595.652;719.887878417969;0
2597.121;687.212829589844;0
2598.585;791.648254394531;0
2600.052;749.861572265625;0
2601.518;764.070861816406;0
2602.982;638.721862792969;0
2604.446;590.549438476563;0
2605.907;590.012573242188;0
2607.371;703.742797851563;0
2608.83;758.366394042969;0
2610.293;877.770935058594;0
2611.752;795.179138183594;0
2613.213;834.592895507813;0
2614.672;828.567993164063;0
2616.13;942.437927246094;0
2617.587;954.980590820313;0
2619.043;954.529541015625;0
2620.501;874.751586914063;0
2621.957;910.757934570313;0
2623.409;898.771789550781;0
2624.864;1003.01214599609;0
2626.318;957.70166015625;0
2627.771;900.390625;0
2629.222;837.760009765625;0
2630.673;902.178527832031;0
2632.124;1038.69836425781;0
2633.575;1147.318359375;0
2635.023;1084.05029296875;0
2636.473;949.445556640625;0
2637.922;841.218811035156;0
2639.368;766.078979492188;0
2640.816;815.646850585938;0
2642.261;795.983459472656;0
2643.705;695.505187988281;0
2645.151;605.077331542969;0
2646.596;619.5341796875;0
2648.037;679.433349609375;0
2649.48;665.110046386719;0
2650.923;518.341064453125;0
2652.364;550.347778320313;0
2653.804;581.684692382813;0
2655.243;652.462585449219;0
2656.683;654.344665527344;0
2658.121;655.3330078125;0
2659.559;600.983032226563;0
2660.997;626.627197265625;0
2662.433;655.820007324219;0
2663.868;764.005981445313;0
2665.305;631.424499511719;0
2666.737;583.963195800781;0
2668.173;611.949584960938;0
2669.606;690.604553222656;0
2671.038;759.253845214844;0
2672.47;669.672607421875;0
2673.901;582.411987304688;0
2675.331;492.695739746094;0
2676.761;440.914703369141;0
2678.189;492.413482666016;0
2679.619;404.030151367188;0
2681.045;375.209106445313;0
2682.473;429.197021484375;0
2683.9;424.044586181641;0
2685.324;396.166534423828;0
2686.749;344.687408447266;0
2688.176;332.664093017578;0
2689.599;325.761596679688;0
2691.021;299.423187255859;0
2692.444;322.964965820313;0
2693.865;387.847503662109;0
2695.287;382.626190185547;0
2696.707;448.303955078125;0
2698.125;473.992584228516;0
2699.545;491.025390625;0
2700.963;453.84716796875;0
2702.381;384.015777587891;0
2703.798;370.976470947266;0
2705.214;316.730102539063;0
2706.629;323.30078125;0
2708.046;285.443542480469;0
2709.458;298.698547363281;0
2710.872;384.968353271484;0
2712.285;418.585815429688;0
2713.699;464.994384765625;0
2715.111;326.410461425781;0
2716.52;438.516204833984;0
2717.93;417.638549804688;0
2719.342;473.073974609375;0
2720.749;325.401336669922;0
2722.159;370.828369140625;0
2723.565;412.153411865234;0
2724.971;406.37646484375;0
2726.38;438.610595703125;0
2727.785;497.075408935547;0
2729.19;640.659057617188;0
2730.594;636.360534667969;0
2731.997;712.2900390625;0
2733.401;698.447021484375;0
2734.803;712.276428222656;0
2736.204;750.669372558594;0
2737.606;791.29296875;0
2739.005;878.035217285156;0
2740.405;761.345520019531;0
2741.806;734.779602050781;0
2743.202;702.449340820313;0
2744.602;684.909423828125;0
2745.998;740.272277832031;0
2747.395;688.098876953125;0
2748.79;805.589904785156;0
2750.185;769.1689453125;0
2751.58;879.150634765625;0
2752.975;844.98388671875;0
2754.366;860.603576660156;0
2755.759;880.453063964844;0
2757.151;832.670532226563;0
2758.542;786.826843261719;0
2759.933;752.178039550781;0
2761.322;807.157470703125;0
2762.71;840.81591796875;0
2764.1;806.529235839844;0
2765.486;729.984008789063;0
2766.875;734.815795898438;0
2768.26;699.478881835938;0
2769.646;800.325378417969;0
2771.031;813.707092285156;0
2772.418;836.530517578125;0
2773.799;756.332580566406;0
2775.184;798.936828613281;0
2776.565;809.214172363281;0
2777.946;937.497863769531;0
2779.328;953.896240234375;0
2780.708;1006.9638671875;0
2782.09;1082.25634765625;0
2783.469;1134.99536132813;0
2784.847;1085.28979492188;0
2786.226;995.360778808594;0
2787.603;863.318603515625;0
2788.978;836.173950195313;0
2790.355;731.996520996094;0
2791.731;845.129272460938;0
2793.104;881.0419921875;0
2794.479;996.068054199219;0
2795.853;884.3203125;0
2797.225;926.685607910156;0
2798.596;813.054077148438;0
2799.967;801.54541015625;0
2801.341;669.630065917969;0
2802.71;616.94970703125;0
2804.077;506.861206054688;0
2805.447;520.33740234375;0
2806.815;486.045989990234;0
2808.183;447.430480957031;0
2809.551;327.383331298828;0
2810.915;298.127838134766;0
2812.282;289.556030273438;0
2813.646;356.557739257813;0
2815.011;372.022491455078;0
2816.375;432.616363525391;0
2817.736;395.890808105469;0
2819.099;382.402862548828;0
2820.462;307.819580078125;0
2821.821;343.249633789063;0
2823.182;347.137329101563;0
2824.542;471.926391601563;0
2825.901;512.603576660156;0
2827.261;594.178833007813;0
2828.617;582.655212402344;0
2829.974;542.363037109375;0
2831.33;541.77880859375;0
2832.686;464.253723144531;0
2834.043;478.672515869141;0
2835.395;409.433746337891;0
2836.75;476.760711669922;0
2838.104;554.403259277344;0
2839.456;606.38525390625;0
2840.807;654.037780761719;0
2842.16;578.694396972656;0
2843.509;536.778503417969;0
2844.858;492.498718261719;0
2846.209;497.842102050781;0
2847.556;492.4150390625;0
2848.906;510.047760009766;0
2850.253;492.588562011719;0
2851.6;433.922943115234;0
2852.946;327.384185791016;0
2854.29;258.254577636719;0
2855.635;262.684265136719;0
2856.98;233.160568237305;0
2858.323;264.954467773438;0
2859.665;254.227127075195;0
2861.008;274.078247070313;0
2862.349;264.165832519531;0
2863.691;274.935302734375;0
2865.031;278.499328613281;0
2866.37;295.142303466797;0
2867.709;282.790252685547;0
2869.048;264.628479003906;0
2870.385;273.049560546875;0
2871.722;364.170196533203;0
2873.059;377.827423095703;0
2874.394;350.644561767578;0
2875.73;347.143249511719;0
2877.064;382.578674316406;0
2878.398;420.976287841797;0
2879.731;443.545867919922;0
2881.063;551.209228515625;0
2882.395;607.522033691406;0
2883.727;672.26171875;0
2885.059;624.460205078125;0
2886.387;627.639099121094;0
2887.717;577.464050292969;0
2889.046;592.933959960938;0
2890.374;624.604309082031;0
2891.699;649.320190429688;0
2893.028;655.587219238281;0
2894.354;625.557983398438;0
2895.679;605.702270507813;0
2897.004;669.175415039063;0
2898.328;653.737243652344;0
2899.653;720.525207519531;0
2900.976;721.229431152344;0
2902.297;762.798217773438;0
2903.619;725.329162597656;0
2904.941;669.747192382813;0
2906.26;612.486389160156;0
2907.58;607.419067382813;0
2908.898;703.993103027344;0
2910.217;844.563659667969;0
2911.536;842.69580078125;0
2912.852;815.6826171875;0
2914.171;753.659729003906;0
2915.485;737.509399414063;0
2916.799;750.901489257813;0
2918.116;710.391052246094;0
2919.428;725.535827636719;0
2920.743;719.446716308594;0
2922.056;775.587951660156;0
2923.367;812.040710449219;0
2924.679;808.997375488281;0
2925.99;801.720886230469;0
2927.299;822.178649902344;0
2928.609;821.38330078125;0
2929.918;848.482360839844;0
2931.226;811.904296875;0
2932.535;842.829528808594;0
2933.841;757.078186035156;0
2935.149;775.607421875;0
2936.455;795.700866699219;0
2937.758;804.309204101563;0
2939.064;742.998291015625;0
2940.368;660.886901855469;0
2941.67;675.084167480469;0
2942.973;756.2578125;0
2944.277;795.123352050781;0
2945.577;848.865539550781;0
2946.878;836.485107421875;0
2948.178;854.986389160156;0
2949.477;837.360778808594;0
2950.776;854.624267578125;0
2952.073;849.599731445313;0
2953.372;828.185852050781;0
2954.669;842.662658691406;0
2955.965;766.723327636719;0
2957.261;838.046203613281;0
2958.556;761.935913085938;0
2959.849;807.063903808594;0
2961.145;740.096130371094;0
2962.436;862.888610839844;0
2963.732;865.252136230469;0
2965.022;889.874816894531;0
2966.313;846.032653808594;0
2967.603;851.868041992188;0
2968.893;834.533447265625;0
2970.182;772.634338378906;0
2971.471;759.462768554688;0
2972.759;767.215393066406;0
2974.047;698.072509765625;0
2975.334;690.607482910156;0
2976.62;667.016296386719;0
2977.907;709.608764648438;0
2979.192;620.881103515625;0
2980.475;585.1796875;0
2981.76;605.035278320313;0
2983.043;690.333984375;0
2984.326;702.639526367188;0
2985.607;653.396545410156;0
2986.888;617.807495117188;0
2988.17;612.642395019531;0
2989.449;549.274353027344;0
2990.728;454.456634521484;0
2992.007;421.781646728516;0
2993.284;447.883422851563;0
2994.562;490.914581298828;0
2995.84;438.721649169922;0
2997.115;387.859283447266;0
2998.393;335.327667236328;0
2999.666;335.904907226563;0
3000.94;388.144165039063;0
3002.215;362.042999267578;0
3003.486;355.479827880859;0
3004.76;321.117980957031;0
3006.033;434.240509033203;0
3007.303;413.357604980469;0
3008.573;369.691589355469;0
3009.844;331.936157226563;0
3011.114;360.177093505859;0
3012.383;392.735168457031;0
3013.649;413.478271484375;0
3014.917;337.765563964844;0
3016.185;328.527954101563;0
3017.451;264.693572998047;0
3018.716;302.292938232422;0
3019.983;251.101165771484;0
3021.246;289.341827392578;0
3022.509;308.460845947266;0
3023.774;451.79345703125;0
3025.035;418.570709228516;0
3026.299;411.456420898438;0
3027.56;352.448608398438;0
3028.819;256.680847167969;0
3030.081;280.398010253906;0
3031.339;252.876022338867;0
3032.598;256.118621826172;0
3033.856;163.162109375;0
3035.114;153.838287353516;0
3036.372;209.256362915039;0
3037.628;224.751129150391;0
3038.883;236.325057983398;0
3040.138;189.623443603516;0
3041.394;258.259063720703;0
3042.646;285.644989013672;0
3043.9;392.3359375;0
3045.152;388.329498291016;0
3046.405;371.513305664063;0
3047.657;349.554473876953;0
3048.906;409.450500488281;0
3050.158;459.199310302734;0
3051.407;478.800048828125;0
3052.656;399.91943359375;0
3053.904;447.778228759766;0
3055.153;408.820281982422;0
3056.398;492.047637939453;0
3057.647;439.573333740234;0
3058.892;466.176849365234;0
3060.137;437.19140625;0
3061.382;513.026428222656;0
3062.625;506.712707519531;0
3063.869;524.153747558594;0
3065.112;400.360809326172;0
3066.353;439.832641601563;0
3067.595;430.502014160156;0
3068.838;482.659790039063;0
3070.075;557.238891601563;0
3071.317;591.866760253906;0
3072.557;597.024108886719;0
3073.795;553.110656738281;0
3075.032;563.844360351563;0
3076.27;519.76611328125;0
3077.507;487.564544677734;0
3078.742;487.88232421875;0
3079.978;528.097778320313;0
3081.212;544.519287109375;0
3082.446;540.907348632813;0
3083.681;519.972045898438;0
3084.913;513.71044921875;0
3086.147;509.552001953125;0
3087.38;535.627075195313;0
3088.61;502.576446533203;0
3089.84;459.741424560547;0
3091.071;478.138732910156;0
3092.3;618.617370605469;0
3093.529;691.525817871094;0
3094.755;703.197021484375;0
3095.984;705.518798828125;0
3097.211;740.658386230469;0
3098.438;722.780151367188;0
3099.663;688.639099121094;0
3100.888;623.814331054688;0
3102.112;623.640502929688;0
3103.335;529.456237792969;0
3104.56;467.344604492188;0
3105.782;440.484405517578;0
3107.005;497.67529296875;0
3108.226;612.418273925781;0
3109.447;587.492797851563;0
3110.667;568.851928710938;0
3111.887;541.577758789063;0
3113.104;606.407836914063;0
3114.324;633.89794921875;0
3115.541;624.270629882813;0
3116.758;634.973022460938;0
3117.976;628.528259277344;0
3119.192;645.4140625;0
3120.408;625.383422851563;0
3121.622;583.244384765625;0
3122.835;527.886169433594;0
3124.05;535.198547363281;0
3125.262;484.737487792969;0
3126.476;504.174011230469;0
3127.687;457.641662597656;0
3128.897;537.765441894531;0
3130.108;552.236389160156;0
3131.319;565.830261230469;0
3132.528;594.437805175781;0
3133.737;601.542053222656;0
3134.945;633.443603515625;0
3136.152;564.461303710938;0
3137.358;535.46875;0
3138.565;585.159240722656;0
3139.772;624.630004882813;0
3140.976;628.882141113281;0
3142.18;599.358520507813;0
3143.385;564.655029296875;0
3144.588;521.736206054688;0
3145.79;509.536346435547;0
3146.993;476.553253173828;0
3148.194;535.034790039063;0
3149.395;482.559844970703;0
3150.596;479.674865722656;0
3151.794;457.833984375;0
3152.994;443.332458496094;0
3154.193;467.521057128906;0
3155.39;421.772155761719;0
3156.587;467.224243164063;0
3157.784;522.460388183594;0
3158.982;493.845153808594;0
3160.177;401.961639404297;0
3161.37;259.2568359375;0
3162.565;316.710479736328;0
3163.759;438.792785644531;0
3164.952;493.364227294922;0
3166.146;457.656555175781;0
3167.337;339.660339355469;0
3168.527;359.524017333984;0
3169.719;358.283508300781;0
3170.91;435.296264648438;0
3172.098;417.474761962891;0
3173.288;401.033935546875;0
3174.475;275.137786865235;0
3175.663;257.544342041016;0
3176.849;321.723785400391;0
3178.037;421.169372558594;0
3179.223;389.183715820312;0
3180.408;295.56558227539;0
3181.592;227.556304931641;0
3182.777;258.626098632812;0
3183.96;301.480834960938;0
3185.143;305.93667602539;0
3186.325;325.131927490234;0
3187.507;279.012451171875;0
3188.688;281.245025634766;0
3189.869;247.231735229492;0
3191.049;291.222106933594;0
3192.228;310.614501953125;0
3193.406;372.8037109375;0
3194.585;338.086212158203;0
3195.763;382.480377197266;0
3196.939;309.685424804688;0
3198.116;288.323364257812;0
3199.292;335.920654296875;0
3200.466;332.279052734375;0
3201.643;461.629760742188;0
3202.816;448.7529296875;0
3203.991;529.980834960937;0
3205.161;508.868927001953;0
3206.334;481.414825439453;0
3207.504;536.709411621094;0
3208.677;492.427520751953;0
3209.846;526.549682617187;0
3211.017;486.37124633789;0
3212.187;541.361755371094;0
3213.356;503.630554199219;0
3214.524;523.223266601563;0
3215.69;510.473846435547;0
3216.859;577.728454589844;0
3218.024;527.643859863281;0
3219.189;594.182495117187;0
3220.354;579.380432128906;0
3221.519;657.846496582031;0
3222.682;659.208190917969;0
3223.845;671.288452148437;0
3225.01;702.754028320313;0
3226.171;662.762939453125;0
3227.332;657.538513183594;0
3228.494;656.273498535156;0
3229.655;699.754333496094;0
3230.814;690.006896972656;0
3231.973;676.547180175781;0
3233.13;691.351257324219;0
3234.29;665.551086425781;0
3235.447;640.624938964844;0
3236.605;630.314880371094;0
3237.76;663.097412109375;0
3238.916;718.056884765625;0
3240.071;668.890441894531;0
3241.224;670.442077636719;0
3242.381;586.498840332031;0
3243.532;599.442016601562;0
3244.685;601.262573242188;0
3245.839;603.086975097656;0
3246.99;582.15087890625;0
3248.141;532.262084960938;0
3249.292;562.288452148438;0
3250.439;592.698120117188;0
3251.589;613.03515625;0
3252.739;583.359924316406;0
3253.886;545.716674804688;0
3255.034;603.232788085937;0
3256.18;598.502685546875;0
3257.326;581.561645507813;0
3258.472;557.864562988281;0
3259.617;547.520385742188;0
3260.761;590.102844238281;0
3261.905;584.115417480469;0
3263.048;606.3642578125;0
3264.19;617.342407226563;0
3265.333;635.124328613281;0
3266.475;595.889709472656;0
3267.617;576.599914550781;0
3268.757;545.624084472656;0
3269.896;596.92041015625;0
3271.036;642.436706542969;0
3272.175;649.838989257812;0
3273.313;686.239074707031;0
3274.449;614.307312011719;0
3275.586;608.402648925781;0
3276.722;552.520690917969;0
3277.859;534.842163085938;0
3278.993;528.462707519531;0
3280.13;525.801635742187;0
3281.263;592.528625488281;0
3282.395;636.6064453125;0
3283.529;648.224731445313;0
3284.66;678.735961914063;0
3285.794;634.698120117188;0
3286.924;645.942016601563;0
3288.054;550.725524902344;0
3289.185;492.506042480469;0
3290.313;421.390625;0
3291.443;442.88949584961;0
3292.571;588.115295410156;0
3293.698;635.910949707031;0
3294.824;624.720153808594;0
3295.952;562.890747070313;0
3297.077;527.815979003906;0
3298.203;549.577819824219;0
3299.328;511.022247314453;0
3300.45;557.820373535156;0
3301.574;540.077087402344;0
3302.698;560.524291992188;0
3303.819;506.873596191406;0
3304.942;501.470794677734;0
3306.064;457.560668945313;0
3307.182;518.111755371094;0
3308.303;516.575134277344;0
3309.423;538.830749511719;0
3310.542;474.661407470703;0
3311.66;373.350708007813;0
3312.778;352.341674804687;0
3313.895;343.730133056641;0
3315.012;390.960479736328;0
3316.128;397.926239013672;0
3317.243;435.412078857422;0
3318.357;473.656188964844;0
3319.471;417.868133544922;0
3320.586;401.890045166016;0
3321.698;451.847869873047;0
3322.813;542.953491210938;0
3323.923;574.651794433594;0
3325.034;513.499938964844;0
3326.146;511.453308105469;0
3327.255;489.955810546875;0
3328.366;427.551574707031;0
3329.474;349.694213867188;0
3330.582;364.954681396484;0
3331.691;424.767852783203;0
3332.797;431.334259033203;0
3333.905;350.812133789063;0
3335.011;321.522369384766;0
3336.116;397.053039550781;0
3337.22;436.123352050781;0
3338.327;601.735717773438;0
3339.429;497.113586425781;0
3340.534;499.922821044922;0
3341.635;389.510833740234;0
3342.737;398.969512939453;0
3343.84;421.138793945312;0
3344.94;441.182189941406;0
3346.041;448.953369140625;0
3347.142;435.281311035156;0
3348.24;376.827545166016;0
3349.337;422.725341796875;0
3350.437;371.287139892578;0
3351.534;342.622955322266;0
3352.633;309.461334228516;0
3353.727;320.321624755859;0
3354.823;350.469909667969;0
3355.919;389.727081298828;0
3357.013;439.428039550781;0
3358.108;430.019165039063;0
3359.201;432.205017089844;0
3360.293;386.877349853516;0
3361.385;408.908874511719;0
3362.478;413.203521728516;0
3363.569;465.107025146484;0
3364.661;499.99966430664;0
3365.75;569.985412597656;0
3366.838;504.911041259766;0
3367.929;527.361450195313;0
3369.017;454.440887451172;0
3370.105;513.808776855469;0
3371.193;505.120544433594;0
3372.279;449.507354736328;0
3373.364;507.06103515625;0
3374.45;481.879119873047;0
3375.534;573.166564941406;0
3376.62;551.275512695313;0
3377.704;624.312377929688;0
3378.786;609.085388183594;0
3379.871;608.358215332031;0
3380.951;595.274108886719;0
3382.034;636.271606445313;0
3383.114;546.584167480469;0
3384.195;528.07421875;0
3385.276;490.091369628906;0
3386.354;607.116333007813;0
3387.433;600.874755859375;0
3388.511;603.565551757813;0
3389.588;590.789733886719;0
3390.664;629.865417480469;0
3391.742;622.996459960938;0
3392.816;571.345825195313;0
3393.893;553.490234375;0
3394.968;523.791076660156;0
3396.042;529.925842285156;0
3397.115;477.606048583984;0
3398.189;503.233764648438;0
3399.262;486.498565673828;0
3400.333;527.194030761719;0
3401.404;571.329711914063;0
3402.474;568.405395507813;0
3403.545;590.296997070313;0
3404.615;547.509887695313;0
3405.685;607.128723144531;0
3406.752;584.795593261719;0
3407.82;626.359619140625;0
3408.888;571.402709960938;0
3409.955;548.135620117188;0
3411.021;393.509246826172;0
3412.085;419.300445556641;0
3413.151;467.471343994141;0
3414.215;557.509826660156;0
3415.279;535.671264648438;0
3416.343;474.853790283203;0
3417.406;535.398559570313;0
3418.468;584.854431152344;0
3419.53;524.661193847656;0
3420.592;521.858520507813;0
3421.652;482.82015991211;0
3422.712;524.972595214844;0
3423.773;448.88314819336;0
3424.83;512.879760742188;0
3425.889;588.503295898438;0
3426.946;650.161865234375;0
3428.005;604.523620605469;0
3429.061;560.25341796875;0
3430.117;600.390441894531;0
3431.172;611.591064453125;0
3432.227;607.245971679687;0
3433.281;582.276611328125;0
3434.335;552.746765136719;0
3435.389;561.139587402344;0
3436.44;527.371215820312;0
3437.492;547.81103515625;0
3438.546;524.892395019531;0
3439.598;568.906860351563;0
3440.646;550.644226074219;0
3441.697;561.192138671875;0
3442.745;555.796936035156;0
3443.793;613.030517578125;0
3444.842;614.387084960938;0
3445.891;597.884216308594;0
3446.937;578.150268554688;0
3447.984;568.957580566406;0
3449.031;519.948547363281;0
3450.075;537.863403320313;0
3451.12;551.252197265625;0
3452.164;591.504943847656;0
3453.207;555.339416503906;0
3454.251;518.345642089844;0
3455.293;470.010986328125;0
3456.336;456.045043945313;0
3457.378;505.713500976563;0
3458.417;503.140869140625;0
3459.458;486.689361572266;0
3460.498;447.315856933594;0
3461.539;466.506500244141;0
3462.577;455.786987304688;0
3463.614;431.657440185547;0
3464.651;407.953948974609;0
3465.689;392.630584716797;0
3466.726;428.014465332031;0
3467.763;410.409973144531;0
3468.798;419.854125976563;0
3469.831;401.016510009766;0
3470.866;416.544525146484;0
3471.9;439.927612304688;0
3472.933;394.020904541016;0
3473.966;325.521942138672;0
3474.999;303.840850830078;0
3476.029;388.833984375;0
3477.061;488.951507568359;0
3478.09;489.338806152344;0
3479.121;470.230865478516;0
3480.15;426.507781982422;0
3481.178;388.999664306641;0
3482.205;405.297912597656;0
3483.234;452.6474609375;0
3484.26;472.400848388672;0
3485.288;428.635925292969;0
3486.313;405.518829345703;0
3487.337;455.558746337891;0
3488.364;513.882141113281;0
3489.387;556.085815429688;0
3490.411;496.811645507813;0
3491.434;459.703338623047;0
3492.456;396.663696289063;0
3493.479;345.709991455078;0
3494.5;286.100860595703;0
3495.521;185.805847167969;0
3496.543;173.854415893555;0
3497.561;137.705291748047;0
3498.579;144.410171508789;0
3499.6;155.873580932617;0
3500.618;122.423461914063;0
3501.636;41.6627960205078;0
3502.653;-34.9164543151855;0
3503.669;-84.8048324584961;0
3504.685;-64.4800796508789;0
3505.699;-50.0521469116211;0
3506.716;-52.082347869873;0
3507.729;-53.946605682373;0
3508.743;-51.056713104248;0
3509.755;-48.9305572509766;0
