98.64605;0;0
101.2353;0;0
103.8217;0;0
106.4096;-4.03703689575195;0
108.9945;-4.91111087799072;0
111.5767;32.3492050170898;0
114.1602;-36.8641967773438;0
116.7409;-26.070707321167;0
119.3209;-16.085470199585;0
121.9002;55.7703704833984;0
124.4788;76.8627471923828;0
127.0566;25.6666660308838;0
129.6317;15.9100532531738;0
132.2038;-95.5652160644531;0
134.7796;-65.195556640625;0
137.3503;-42.4238700866699;0
139.9204;86.5785446166992;0
142.4919;208.032257080078;0
145.0584;282.565643310547;0
147.6242;277.888885498047;0
150.1914;341.909912109375;0
152.7579;347.176635742188;0
155.3216;347.276428222656;0
157.8846;291.183471679688;0
160.4448;339.65185546875;0
163.0085;363.385345458984;0
165.5672;508.981872558594;0
168.1232;525.326782226563;0
170.6826;646.970642089844;0
173.2372;641.238403320313;0
175.7931;641.290466308594;0
178.3463;703.111083984375;0
180.8966;687.094177246094;0
183.4504;755.819213867188;0
185.9993;718.137451171875;0
188.5476;726.001770019531;0
191.0972;772.808532714844;0
193.644;839.625366210938;0
196.1859;916.240844726563;0
198.7335;863.130798339844;0
201.2761;723.819091796875;0
203.8201;654.333251953125;0
206.3593;684.077331542969;0
208.8998;854.329956054688;0
211.4397;935.885070800781;0
213.9746;1034.49133300781;0
216.5109;970.255798339844;0
219.0487;971.556335449219;0
221.5816;938.377624511719;0
224.1158;1101.61022949219;0
226.6473;1111.96264648438;0
229.176;1143.02844238281;0
231.7082;1159.70336914063;0
234.2355;1209.00244140625;0
236.7643;1225.19409179688;0
239.2902;1214.9892578125;0
241.8133;1209.87451171875;0
244.3379;1171.64721679688;0
246.8618;1171.03039550781;0
249.3828;1104.52941894531;0
251.9053;1137.71374511719;0
254.423;1048.14343261719;0
256.942;1161.0390625;0
259.4603;1196.99731445313;0
261.9759;1194.02026367188;0
264.4887;1100.42199707031;0
267.005;1036.78137207031;0
269.5164;1080.8837890625;0
272.0292;1212.65393066406;0
274.5393;1322.51000976563;0
277.0466;1334.89611816406;0
279.5574;1342.94519042969;0
282.0654;1323.66357421875;0
284.5686;1386.39416503906;0
287.0752;1358.58508300781;0
289.5791;1360.91296386719;0
292.0803;1287.56311035156;0
294.5828;1234.69140625;0
297.0826;1216.46691894531;0
299.5838;1138.69140625;0
302.0801;1100.05163574219;0
304.5758;981.544311523438;0
307.0749;1047.15539550781;0
309.5672;1066.3505859375;0
312.0608;1113.36755371094;0
314.5558;1057.21081542969;0
317.044;982.113220214844;0
319.5377;1018.76031494141;0
322.0266;1146.43225097656;0
324.5127;1144.14575195313;0
327.0023;1137.96948242188;0
329.4871;1049.80041503906;0
331.9691;1163.49719238281;0
334.4547;1180.79858398438;0
336.9353;1208.82250976563;0
339.4174;1169.93090820313;0
341.901;1200.384765625;0
344.3776;1306.28833007813;0
346.8577;1383.28381347656;0
349.333;1341.86535644531;0
351.8076;1231.89514160156;0
354.2857;1148.38623046875;0
356.7569;1130.59594726563;0
359.2296;1117.24340820313;0
361.7015;1121.1484375;0
364.1729;1163.81811523438;0
366.6414;1136.65295410156;0
369.1093;1103.09875488281;0
371.5745;1045.32348632813;0
374.0432;1119.71948242188;0
376.507;1158.80395507813;0
378.9702;1157.28112792969;0
381.4348;1079.42419433594;0
383.8947;997.273376464844;0
386.3538;945.484558105469;0
388.8144;994.348022460938;0
391.2722;1117.47583007813;0
393.7314;1161.66015625;0
396.1859;1198.19128417969;0
398.6418;1160.30346679688;0
401.0949;1268.72937011719;0
403.5475;1273.56848144531;0
405.9972;1314.09130859375;0
408.4505;1401.70776367188;0
410.899;1534.24621582031;0
413.3468;1594.2158203125;0
415.796;1469.1484375;0
418.2405;1364.92651367188;0
420.6884;1320.24560546875;0
423.1295;1275.494140625;0
425.572;1245.67834472656;0
428.0159;1214.04345703125;0
430.455;1282.69519042969;0
432.8956;1194.70178222656;0
435.3335;1234.099609375;0
437.7707;1094.90771484375;0
440.2093;1153.62353515625;0
442.6432;1057.00634765625;0
445.0764;1097.34533691406;0
447.511;1028.91577148438;0
449.9429;1039.8740234375;0
452.3721;1085.30444335938;0
454.8048;1075.0751953125;0
457.2328;1045.75903320313;0
459.66;987.709716796875;0
462.0847;1003.26062011719;0
464.5127;1078.55895996094;0
466.9381;1143.59838867188;0
469.3587;1189.31335449219;0
471.7807;1254.99731445313;0
474.2042;1292.76977539063;0
476.6229;1319.36889648438;0
479.041;1332.10131835938;0
481.4604;1315.13671875;0
483.8752;1334.04748535156;0
486.2934;1240.31140136719;0
488.7068;1186.02160644531;0
491.1197;1205.55358886719;0
493.5339;1188.515625;0
495.9435;1274.90771484375;0
498.3544;1148.51696777344;0
500.7667;1096.6357421875;0
503.1723;1054.736328125;0
505.5793;1082.06274414063;0
507.9856;1073.12890625;0
510.3913;968.956420898438;0
512.7944;909.997192382813;0
515.1968;839.13427734375;0
517.5986;821.175659179688;0
519.9997;825.479614257813;0
522.3982;895.769470214844;0
524.798;890.567199707031;0
527.1973;917.699645996094;0
529.5919;970.821655273438;0
531.9899;935.642211914063;0
534.3832;914.797729492188;0
536.7758;851.509216308594;0
539.1699;936.255004882813;0
541.5593;928.999206542969;0
543.9481;946.678466796875;0
546.3382;993.822204589844;0
548.7257;1000.96160888672;0
551.1146;971.490295410156;0
553.4968;946.849548339844;0
555.8824;997.401062011719;0
558.2675;1127.13513183594;0
560.6478;1202.12841796875;0
563.0295;1244.14343261719;0
565.4106;1164.29235839844;0
567.7911;1088.84899902344;0
570.169;1062.93542480469;0
572.5462;1082.19116210938;0
574.9229;1099.12658691406;0
577.2968;1028.7431640625;0
579.6721;1047.82348632813;0
582.0449;1001.44110107422;0
584.417;970.856750488281;0
586.7885;860.794006347656;0
589.1553;831.378051757813;0
591.5255;831.77197265625;0
593.8931;811.789306640625;0
596.2601;826.279479980469;0
598.6265;742.793334960938;0
600.9902;753.285034179688;0
603.3554;719.800354003906;0
605.7179;802.144226074219;0
608.0778;810.712646484375;0
610.4391;731.561401367188;0
612.7977;780.956176757813;0
615.1558;830.995483398438;0
617.5132;1009.80981445313;0
619.8701;1005.93908691406;0
622.2263;1025.111328125;0
624.5779;1080.97644042969;0
626.9308;1197.12927246094;0
629.2852;1256.486328125;0
631.6349;1264.90380859375;0
633.9841;1349.60437011719;0
636.3326;1315.20263671875;0
638.6805;1282.36169433594;0
641.0279;1178.18933105469;0
643.3746;1243.26403808594;0
645.7187;1276.1923828125;0
648.0621;1242.75769042969;0
650.405;1221.74267578125;0
652.7453;1215.12353515625;0
655.087;1305.67224121094;0
657.426;1248.36450195313;0
659.7645;1256.35485839844;0
662.1024;1211.68713378906;0
664.4376;1207.171875;0
666.7742;1149.20288085938;0
669.1063;1089.01171875;0
671.4398;1115.75671386719;0
673.7726;1113.51916503906;0
676.1048;1013.41809082031;0
678.4324;997.959899902344;0
680.7635;1090.00903320313;0
683.0919;1175.61071777344;0
685.4158;1129.15893554688;0
687.743;1036.65234375;0
690.0696;1038.45336914063;0
692.3937;1122.77600097656;0
694.7151;1158.22998046875;0
697.038;1228.70483398438;0
699.3583;1238.41186523438;0
701.6779;1187.92065429688;0
703.995;1117.45178222656;0
706.3155;1004.55865478516;0
708.6294;1037.52209472656;0
710.9467;1130.35119628906;0
713.2594;1229.71057128906;0
715.5735;1225.62890625;0
717.887;1183.2314453125;0
720.1979;1207.43676757813;0
722.5083;1368.11254882813;0
724.818;1338.69226074219;0
727.1252;1292.55102539063;0
729.4357;1148.60632324219;0
731.7418;1094.3330078125;0
734.0452;1068.29309082031;0
736.35;1115.09460449219;0
738.6522;1066.37487792969;0
740.9539;1028.42553710938;0
743.2569;935.842895507813;0
745.5554;946.29345703125;0
747.8553;946.311340332031;0
750.1545;961.804443359375;0
752.4513;1058.54736328125;0
754.7474;1042.64440917969;0
757.043;983.1025390625;0
759.336;951.899963378906;0
761.6304;839.567565917969;0
763.9222;800.394104003906;0
766.2114;658.464904785156;0
768.5041;710.887512207031;0
770.7922;666.432373046875;0
773.0777;748.943115234375;0
775.3647;830.039672851563;0
777.651;966.12353515625;0
779.9368;854.734619140625;0
782.22;812.713806152344;0
784.5026;798.352111816406;0
786.7847;933.367919921875;0
789.0662;918.426208496094;0
791.3451;881.536437988281;0
793.6254;927.421142578125;0
795.9012;1036.79504394531;0
798.1784;1202.11608886719;0
800.455;1173.88024902344;0
802.7291;1167.86791992188;0
805.0026;1035.29821777344;0
807.2755;1159.99487304688;0
809.5478;1165.21923828125;0
811.8176;1149.03894042969;0
814.0869;1182.64868164063;0
816.3535;1233.37780761719;0
818.6235;1413.77136230469;0
820.8911;1358.15405273438;0
823.156;1352.84973144531;0
825.4204;1195.39318847656;0
827.6823;1157.82568359375;0
829.9474;1209.00158691406;0
832.2082;1296.06628417969;0
834.4683;1311.84851074219;0
836.7279;1253.72277832031;0
838.9869;1260.3134765625;0
841.2453;1283.70654296875;0
843.5012;1412.42919921875;0
845.7565;1405.88415527344;0
848.0133;1461.80017089844;0
850.2655;1418.7041015625;0
852.5153;1301.80224609375;0
854.7703;1300.39758300781;0
857.0189;1172.17626953125;0
859.2668;1290.369140625;0
861.5182;1113.64477539063;0
863.7651;1080.77575683594;0
866.0114;1025.98486328125;0
868.2592;886.823486328125;0
870.5024;820.685180664063;0
872.7451;695.866638183594;0
874.9872;807.922546386719;0
877.2307;890.078857421875;0
879.4717;917.311645507813;0
881.7101;951.474426269531;0
883.95;996.6953125;0
886.1854;1055.64208984375;0
888.4202;1070.68212890625;0
890.6604;1070.41418457031;0
892.8941;1003.91119384766;0
895.1253;1040.66162109375;0
897.3599;1133.68835449219;0
899.59;1136.0556640625;0
901.8195;1035.00732421875;0
904.0504;985.343444824219;0
906.2789;1045.42016601563;0
908.5087;1177.134765625;0
910.7341;1045.42102050781;0
912.9589;956.602111816406;0
915.1851;887.011596679688;0
917.4088;957.985473632813;0
919.63;1032.35217285156;0
921.8526;980.279846191406;0
924.0727;993.231994628906;0
926.2922;1072.75720214844;0
928.5112;1088.03686523438;0
930.7277;1022.24542236328;0
932.9476;910.77587890625;0
935.163;913.9580078125;0
937.3739;794.679992675781;0
939.5901;767.751403808594;0
941.8019;731.398498535156;0
944.0151;733.107727050781;0
946.2258;729.421081542969;0
948.4341;595.034912109375;0
950.6456;657.44775390625;0
952.8527;637.634399414063;0
955.0593;678.600036621094;0
957.2653;538.688232421875;0
959.4689;424.457092285156;0
961.6738;449.748809814453;0
963.8782;515.421508789063;0
966.0782;556.91162109375;0
968.2815;586.845764160156;0
970.4803;581.933837890625;0
972.6787;535.315979003906;0
974.8784;510.269317626953;0
977.0757;596.688659667969;0
979.2704;616.690124511719;0
981.4667;606.716552734375;0
983.6603;648.104736328125;0
985.8535;853.138549804688;0
988.0461;962.689758300781;0
990.2363;918.133666992188;0
992.4297;904.727111816406;0
994.6169;1035.57080078125;0
996.8035;1215.12561035156;0
998.9933;1357.13879394531;0
1001.179;1376.26513671875;0
1003.364;1323.615234375;0
1005.55;1210.7412109375;0
1007.732;1285.55541992188;0
1009.916;1356.71362304688;0
1012.096;1479.79650878906;0
1014.275;1321.23364257813;0
1016.459;1226.4736328125;0
1018.636;1116.92053222656;0
1020.813;1256.57836914063;0
1022.991;1402.31640625;0
1025.165;1611.32824707031;0
1027.34;1533.81665039063;0
1029.515;1418.49426269531;0
1031.687;1208.80407714844;0
1033.859;1228.25561523438;0
1036.03;1256.84558105469;0
1038.199;1233.85595703125;0
1040.369;1210.84191894531;0
1042.536;1212.47082519531;0
1044.704;1152.076171875;0
1046.87;1157.02722167969;0
1049.034;1040.21228027344;0
1051.198;992.810729980469;0
1053.363;893.695190429688;0
1055.526;938.076049804688;0
1057.686;1016.23779296875;0
1059.845;1014.27740478516;0
1062.005;903.194580078125;0
1064.165;884.59375;0
1066.323;835.655700683594;0
1068.477;887.278076171875;0
1070.634;958.5009765625;0
1072.788;855.027160644531;0
1074.942;817.186828613281;0
1077.096;786.702819824219;0
1079.247;916.982299804688;0
1081.397;1056.16687011719;0
1083.547;1113.72241210938;0
1085.695;1138.06225585938;0
1087.844;1069.04321289063;0
1089.992;1036.05859375;0
1092.138;1117.9130859375;0
1094.284;1206.98791503906;0
1096.425;1224.66650390625;0
1098.571;1293.84167480469;0
1100.711;1278.56079101563;0
1102.851;1348.45764160156;0
1104.994;1302.55834960938;0
1107.132;1312.08837890625;0
1109.271;1283.70581054688;0
1111.408;1296.83349609375;0
1113.543;1316.24487304688;0
1115.682;1355.35144042969;0
1117.816;1382.83374023438;0
1119.947;1398.0693359375;0
1122.08;1369.73706054688;0
1124.213;1356.48718261719;0
1126.343;1354.12817382813;0
1128.474;1286.11450195313;0
1130.602;1158.78247070313;0
1132.728;1102.357421875;0
1134.856;1150.41955566406;0
1136.982;1194.43676757813;0
1139.109;1192.32312011719;0
1141.234;1237.45715332031;0
1143.356;1200.06225585938;0
1145.479;1144.36413574219;0
1147.599;1030.53637695313;0
1149.719;977.192993164063;0
1151.839;954.00390625;0
1153.957;998.491455078125;0
1156.076;976.900146484375;0
1158.191;852.005798339844;0
1160.305;862.142333984375;0
1162.423;940.908752441406;0
1164.536;1116.39819335938;0
1166.647;1033.01892089844;0
1168.761;1094.81677246094;0
1170.871;1070.19213867188;0
1172.983;1044.8154296875;0
1175.092;1066.94909667969;0
1177.2;1233.47058105469;0
1179.306;1325.55590820313;0
1181.413;1389.82775878906;0
1183.518;1292.77331542969;0
1185.623;1274.55114746094;0
1187.725;1287.33251953125;0
1189.826;1319.0126953125;0
1191.929;1386.29357910156;0
1194.032;1345.23303222656;0
1196.13;1293.89013671875;0
1198.23;1296.30078125;0
1200.327;1288.4384765625;0
1202.423;1387.44372558594;0
1204.52;1402.51818847656;0
1206.613;1376.43798828125;0
1208.71;1350.95642089844;0
1210.801;1348.46276855469;0
1212.892;1452.958984375;0
1214.987;1535.34301757813;0
1217.075;1566.24938964844;0
1219.166;1478.25866699219;0
1221.256;1502.76696777344;0
1223.342;1478.66052246094;0
1225.43;1460.77709960938;0
1227.515;1307.70190429688;0
1229.597;1310.615234375;0
1231.685;1293.90478515625;0
1233.767;1369.23950195313;0
1235.85;1344.822265625;0
1237.931;1433.82116699219;0
1240.009;1381.40649414063;0
1242.09;1326.9697265625;0
1244.168;1261.99560546875;0
1246.245;1305.47204589844;0
1248.321;1315.02270507813;0
1250.397;1293.02490234375;0
1252.472;1257.37231445313;0
1254.547;1267.15490722656;0
1256.618;1302.85681152344;0
1258.69;1148.7568359375;0
1260.761;1183.54675292969;0
1262.83;1160.17443847656;0
1264.901;1294.01733398438;0
1266.969;1276.54943847656;0
1269.035;1167.33374023438;0
1271.102;1176.85900878906;0
1273.167;1183.25903320313;0
1275.233;1256.31091308594;0
1277.295;1163.52697753906;0
1279.359;1129.32397460938;0
1281.42;1058.48254394531;0
1283.482;1050.01428222656;0
1285.542;1037.9912109375;0
1287.6;1077.86462402344;0
1289.659;1046.82751464844;0
1291.714;1100.89453125;0
1293.774;1201.59399414063;0
1295.828;1288.91394042969;0
1297.881;1301.90710449219;0
1299.936;1250.34936523438;0
1301.987;1273.0107421875;0
1304.041;1365.24731445313;0
1306.09;1372.36828613281;0
1308.139;1338.60620117188;0
1310.19;1260.12329101563;0
1312.238;1346.26916503906;0
1314.286;1437.23400878906;0
1316.331;1467.01708984375;0
1318.376;1550.14819335938;0
1320.422;1507.1474609375;0
1322.466;1465.70703125;0
1324.508;1380.19152832031;0
1326.549;1379.77746582031;0
1328.59;1386.11145019531;0
1330.632;1280.42077636719;0
1332.67;1260.45446777344;0
1334.707;1229.35168457031;0
1336.746;1327.38232421875;0
1338.78;1379.89440917969;0
1340.816;1447.37756347656;0
1342.852;1237.16772460938;0
1344.885;1177.48669433594;0
1346.916;1001.89526367188;0
1348.948;1208.64807128906;0
1350.979;1150.38623046875;0
1353.011;1109.93884277344;0
1355.04;1055.98278808594;0
1357.066;1113.00341796875;0
1359.094;1299.22302246094;0
1361.121;1192.52490234375;0
1363.145;1241.46398925781;0
1365.171;1117.58959960938;0
1367.192;1079.91369628906;0
1369.216;784.812805175781;0
1371.239;685.687133789063;0
1373.258;692.793701171875;0
1375.28;708.079833984375;0
1377.298;715.497131347656;0
1379.316;629.973571777344;0
1381.335;667.907958984375;0
1383.35;663.612182617188;0
1385.366;660.097534179688;0
1387.38;679.222595214844;0
1389.394;719.620422363281;0
1391.409;784.667663574219;0
1393.42;746.250122070313;0
1395.43;692.365173339844;0
1397.44;704.433654785156;0
1399.451;752.207824707031;0
1401.458;763.248413085938;0
1403.466;670.443054199219;0
1405.472;665.598449707031;0
1407.478;700.592102050781;0
1409.483;761.271667480469;0
1411.486;837.272338867188;0
1413.49;865.703247070313;0
1415.492;935.055908203125;0
1417.492;864.228698730469;0
1419.495;814.431396484375;0
1421.494;792.777282714844;0
1423.492;877.094543457031;0
1425.49;1036.82849121094;0
1427.487;1093.474609375;0
1429.482;1171.43811035156;0
1431.477;1186.51098632813;0
1433.471;1187.84338378906;0
1435.466;1206.2529296875;0
1437.456;1059.87670898438;0
1439.447;993.122863769531;0
1441.441;1028.60266113281;0
1443.427;1133.38269042969;0
1445.417;1295.57177734375;0
1447.406;1249.26391601563;0
1449.392;1242.84436035156;0
1451.381;1267.1904296875;0
1453.365;1346.04907226563;0
1455.348;1308.97180175781;0
1457.333;1179.95397949219;0
1459.314;1144.88232421875;0
1461.296;1211.86193847656;0
1463.276;1203.11608886719;0
1465.256;1141.41845703125;0
1467.237;1226.51440429688;0
1469.215;1313.99682617188;0
1471.19;1318.98205566406;0
1473.167;1187.13513183594;0
1475.145;1130.23413085938;0
1477.118;1129.6103515625;0
1479.092;1087.37292480469;0
1481.065;1188.85485839844;0
1483.038;1162.83715820313;0
1485.008;1266.87707519531;0
1486.979;1196.30834960938;0
1488.949;1178.35339355469;0
1490.917;1102.63952636719;0
1492.883;1008.12719726563;0
1494.852;874.599792480469;0
1496.817;864.131042480469;0
1498.782;924.709289550781;0
1500.748;950.867858886719;0
1502.708;889.953430175781;0
1504.673;752.854797363281;0
1506.634;705.820373535156;0
1508.594;571.987548828125;0
1510.554;702.144836425781;0
1512.512;805.500793457031;0
1514.471;1035.79626464844;0
1516.428;826.949462890625;0
1518.384;847.287902832031;0
1520.34;724.289733886719;0
1522.294;865.503356933594;0
1524.249;796.095520019531;0
1526.202;787.06591796875;0
1528.153;688.171508789063;0
1530.103;729.933715820313;0
1532.054;711.868225097656;0
1534.004;794.653564453125;0
1535.951;842.544067382813;0
1537.899;854.039184570313;0
1539.847;816.014404296875;0
1541.793;629.748474121094;0
1543.738;525.704528808594;0
1545.681;610.370300292969;0
1547.625;609.443542480469;0
1549.566;703.14892578125;0
1551.509;643.932556152344;0
1553.45;775.459411621094;0
1555.389;772.283874511719;0
1557.33;667.905456542969;0
1559.266;649.473754882813;0
1561.204;747.651000976563;0
1563.141;833.56201171875;0
1565.074;755.375793457031;0
1567.009;545.770690917969;0
1568.943;523.443725585938;0
1570.877;639.39453125;0
1572.808;646.067626953125;0
1574.741;581.574096679688;0
1576.67;275.471313476563;0
1578.6;244.535263061523;0
1580.528;354.180572509766;0
1582.455;461.619506835938;0
1584.382;524.668579101563;0
1586.307;361.323760986328;0
1588.234;415.329284667969;0
1590.157;454.715728759766;0
1592.081;543.038635253906;0
1594.002;545.077392578125;0
1595.927;462.609802246094;0
1597.845;405.521789550781;0
1599.767;423.033843994141;0
1601.685;397.589813232422;0
1603.602;426.079803466797;0
1605.523;269.171875;0
1607.438;397.648651123047;0
1609.354;477.505462646484;0
1611.269;734.074401855469;0
1613.181;607.24560546875;0
1615.096;526.460388183594;0
1617.008;297.053405761719;0
1618.92;381.971038818359;0
1620.83;466.547058105469;0
1622.74;611.920104980469;0
1624.649;626.311828613281;0
1626.557;610.506469726563;0
1628.464;701.752136230469;0
1630.37;808.070068359375;0
1632.275;844.666564941406;0
1634.18;809.099792480469;0
1636.085;680.20166015625;0
1637.988;710.139953613281;0
1639.888;642.358459472656;0
1641.791;716.326721191406;0
1643.691;723.495971679688;0
1645.588;765.224426269531;0
1647.489;839.227233886719;0
1649.387;823.615051269531;0
1651.284;1027.05163574219;0
1653.18;979.321350097656;0
1655.075;1067.98278808594;0
1656.972;1050.03771972656;0
1658.864;1227.92602539063;0
1660.754;1197.08776855469;0
1662.65;1019.18682861328;0
1664.539;858.110778808594;0
1666.428;898.748352050781;0
1668.32;960.990661621094;0
1670.207;964.286926269531;0
1672.096;874.532043457031;0
1673.982;913.059448242188;0
1675.867;916.092102050781;0
1677.754;922.742309570313;0
1679.638;895.787902832031;0
1681.52;874.228942871094;0
1683.403;890.176391601563;0
1685.285;717.185974121094;0
1687.166;753.704345703125;0
1689.048;710.731689453125;0
1690.924;793.490112304688;0
1692.804;741.3427734375;0
1694.682;721.964782714844;0
1696.558;777.761047363281;0
1698.435;802.620544433594;0
1700.308;628.576110839844;0
1702.184;531.483703613281;0
1704.057;446.898895263672;0
1705.929;545.153198242188;0
1707.801;509.690979003906;0
1709.674;446.734497070313;0
1711.542;485.617095947266;0
1713.412;472.005401611328;0
1715.28;305.342651367188;0
1717.145;250.182815551758;0
1719.015;230.85432434082;0
1720.88;395.585998535156;0
1722.746;241.930130004883;0
1724.61;240.441024780273;0
1726.471;203.891860961914;0
1728.334;287.919677734375;0
1730.197;265.379547119141;0
1732.057;288.114013671875;0
1733.919;338.978088378906;0
1735.777;358.426025390625;0
1737.634;325.587890625;0
1739.493;320.009307861328;0
1741.349;398.363067626953;0
1743.205;382.537902832031;0
1745.061;369.309356689453;0
1746.915;397.232391357422;0
1748.77;476.529022216797;0
1750.621;422.752227783203;0
1752.473;334.982849121094;0
1754.323;359.504333496094;0
1756.173;379.770568847656;0
1758.022;516.626037597656;0
1759.87;499.180572509766;0
1761.718;547.432373046875;0
1763.566;393.596923828125;0
1765.411;510.115631103516;0
1767.256;461.43115234375;0
1769.101;637.987976074219;0
1770.945;670.786071777344;0
1772.787;823.825378417969;0
1774.629;607.772705078125;0
1776.469;575.739074707031;0
1778.309;679.611145019531;0
1780.15;903.939880371094;0
1781.987;949.274658203125;0
1783.826;783.615417480469;0
1785.662;836.628112792969;0
1787.498;838.978210449219;0
1789.334;816.887817382813;0
1791.169;868.023681640625;0
1793.002;846.163513183594;0
1794.834;890.862976074219;0
1796.667;763.786254882813;0
1798.498;786.266662597656;0
1800.328;873.197631835938;0
1802.157;804.913940429688;0
1803.986;720.860168457031;0
1805.813;669.925170898438;0
1807.639;730.998840332031;0
1809.467;725.636840820313;0
1811.292;754.770385742188;0
1813.117;739.357116699219;0
1814.94;775.619506835938;0
1816.763;816.557556152344;0
1818.585;742.282409667969;0
1820.407;609.794006347656;0
1822.227;469.647918701172;0
1824.048;513.510803222656;0
1825.865;646.719848632813;0
1827.683;521.608337402344;0
1829.501;430.063262939453;0
1831.317;302.197662353516;0
1833.135;423.789276123047;0
1834.948;304.841400146484;0
1836.761;249.385864257813;0
1838.577;199.180465698242;0
1840.388;262.722534179688;0
1842.198;303.573394775391;0
1844.009;301.359283447266;0
1845.819;436.063720703125;0
1847.629;354.476745605469;0
1849.436;244.57194519043;0
1851.244;93.4755249023438;0
1853.052;185.632781982422;0
1854.858;237.487487792969;0
1856.661;238.147537231445;0
1858.466;261.060211181641;0
1860.269;316.559692382813;0
1862.073;430.018188476563;0
1863.875;497.066650390625;0
1865.673;481.257751464844;0
1867.476;521.70263671875;0
1869.275;395.401336669922;0
1871.072;467.464904785156;0
1872.872;475.337829589844;0
1874.667;428.131195068359;0
1876.464;363.178314208984;0
1878.26;278.479248046875;0
1880.053;336.922821044922;0
1881.849;320.064636230469;0
1883.64;342.460235595703;0
1885.431;405.887390136719;0
1887.226;477.79052734375;0
1889.014;422.391906738281;0
1890.803;405.135955810547;0
1892.594;429.918884277344;0
1894.38;521.966613769531;0
1896.167;513.168090820313;0
1897.955;414.523223876953;0
1899.74;397.476531982422;0
1901.526;305.584014892578;0
1903.309;407.845672607422;0
1905.091;434.039276123047;0
1906.876;457.049285888672;0
1908.658;281.874145507813;0
1910.438;233.958480834961;0
1912.217;199.857849121094;0
1913.996;103.904502868652;0
1915.775;-17.0126819610596;0
1917.553;17.6712703704834;0
1919.33;87.9469451904297;0
1921.106;165.152130126953;0
1922.881;108.290115356445;0
1924.655;251.583129882813;0
1926.431;193.364517211914;0
1928.202;190.856475830078;0
1929.974;76.6145782470703;0
1931.746;76.8572387695313;0
1933.516;65.0293884277344;0
1935.286;-24.6467628479004;0
1937.055;62.8495025634766;0
1938.823;140.044555664063;0
1940.592;213.08918762207;0
1942.356;183.507141113281;0
1944.122;266.966400146484;0
1945.888;357.015075683594;0
1947.651;424.318939208984;0
1949.416;287.211334228516;0
1951.178;267.132904052734;0
1952.939;216.75178527832;0
1954.699;317.474731445313;0
1956.459;399.720794677734;0
1958.219;367.939086914063;0
1959.979;428.743560791016;0
1961.735;427.025177001953;0
1963.491;577.669921875;0
1965.249;461.900360107422;0
1967.003;506.608032226563;0
1968.761;461.682922363281;0
1970.512;592.348327636719;0
1972.265;679.04931640625;0
1974.018;631.009643554688;0
1975.769;520.674743652344;0
1977.522;469.490234375;0
1979.271;460.23486328125;0
1981.018;558.6875;0
1982.766;387.40478515625;0
1984.516;505.164520263672;0
1986.261;358.411163330078;0
1988.009;364.923828125;0
1989.754;198.370330810547;0
1991.498;230.528457641602;0
1993.241;440.289398193359;0
1994.984;527.320617675781;0
1996.727;574.3955078125;0
1998.468;478.732513427734;0
2000.206;477.222351074219;0
2001.946;558.421997070313;0
2003.686;507.999176025391;0
2005.424;434.398956298828;0
2007.161;385.289031982422;0
2008.898;466.670501708984;0
2010.634;490.7666015625;0
2012.369;467.800689697266;0
2014.103;373.218048095703;0
2015.836;347.35302734375;0
2017.57;488.873413085938;0
2019.299;632.889770507813;0
2021.032;712.795776367188;0
2022.762;613.199890136719;0
2024.491;534.09765625;0
2026.221;521.152404785156;0
2027.947;491.919769287109;0
2029.676;437.066314697266;0
2031.403;477.482971191406;0
2033.128;399.171936035156;0
2034.852;447.357391357422;0
2036.577;359.041076660156;0
2038.299;542.334167480469;0
2040.022;543.3271484375;0
2041.744;474.604644775391;0
2043.465;336.571472167969;0
2045.184;230.366989135742;0
2046.903;291.659454345703;0
2048.621;162.007080078125;0
2050.339;252.632171630859;0
2052.057;257.645843505859;0
2053.774;404.936950683594;0
2055.488;227.614242553711;0
2057.203;153.826538085938;0
2058.917;123.710350036621;0
2060.631;181.562286376953;0
2062.344;252.274063110352;0
2064.053;194.48551940918;0
2065.765;277.789428710938;0
2067.476;337.929504394531;0
2069.185;446.34716796875;0
2070.892;411.485809326172;0
2072.6;416.126800537109;0
2074.308;367.047302246094;0
2076.014;382.801361083984;0
2077.72;353.4990234375;0
2079.425;484.583679199219;0
2081.13;486.387573242188;0
2082.833;355.576324462891;0
2084.532;264.040252685547;0
2086.236;295.564147949219;0
2087.936;357.373687744141;0
2089.635;447.023254394531;0
2091.335;389.733795166016;0
2093.034;397.394256591797;0
2094.731;254.597396850586;0
2096.427;354.945068359375;0
2098.124;472.681091308594;0
2099.82;699.472106933594;0
2101.515;745.094116210938;0
2103.207;744.990173339844;0
2104.902;661.492492675781;0
2106.594;731.266662597656;0
2108.286;874.756164550781;0
2109.976;971.404235839844;0
2111.667;941.262939453125;0
2113.355;928.391418457031;0
2115.044;937.233154296875;0
2116.732;899.786926269531;0
2118.42;880.496215820313;0
2120.105;856.584045410156;0
2121.79;995.310119628906;0
2123.476;988.514099121094;0
2125.16;919.984069824219;0
2126.844;900.720092773438;0
2128.524;946.611022949219;0
2130.207;1047.4345703125;0
2131.888;1118.52221679688;0
2133.567;1167.53833007813;0
2135.247;1219.25891113281;0
2136.927;1106.68139648438;0
2138.603;1029.36730957031;0
2140.281;891.541748046875;0
2141.957;990.874816894531;0
2143.633;952.033935546875;0
2145.308;1130.13305664063;0
2146.981;1088.16564941406;0
2148.654;1164.57678222656;0
2150.328;1038.81164550781;0
2152;993.648681640625;0
2153.669;1012.86651611328;0
2155.34;1008.57836914063;0
2157.01;1106.8955078125;0
2158.677;984.261047363281;0
2160.347;1023.26275634766;0
2162.013;870.617126464844;0
2163.681;1019.02099609375;0
2165.347;1015.47137451172;0
2167.011;1003.99456787109;0
2168.674;871.14599609375;0
2170.337;785.056030273438;0
2172.002;800.909790039063;0
2173.662;898.280212402344;0
2175.324;1010.83410644531;0
2176.985;1074.23803710938;0
2178.645;925.603149414063;0
2180.304;822.929382324219;0
2181.961;741.523559570313;0
2183.618;833.181457519531;0
2185.275;757.065063476563;0
2186.932;829.709289550781;0
2188.586;777.503112792969;0
2190.242;774.537780761719;0
2191.896;568.245178222656;0
2193.547;479.854675292969;0
2195.2;596.863830566406;0
2196.851;621.217346191406;0
2198.502;749.837585449219;0
2200.153;520.308288574219;0
2201.799;660.630310058594;0
2203.447;553.915588378906;0
2205.097;633.942749023438;0
2206.742;600.045959472656;0
2208.391;587.780944824219;0
2210.035;708.651794433594;0
2211.679;702.375915527344;0
2213.324;783.620056152344;0
2214.966;743.384216308594;0
2216.608;688.004333496094;0
2218.252;562.926208496094;0
2219.89;488.418273925781;0
2221.531;556.529846191406;0
2223.172;679.0283203125;0
2224.809;719.247131347656;0
2226.449;685.648193359375;0
2228.086;745.284301757813;0
2229.72;918.319274902344;0
2231.358;996.604248046875;0
2232.992;908.964904785156;0
2234.625;792.608337402344;0
2236.26;750.973999023438;0
2237.893;763.059814453125;0
2239.524;899.085510253906;0
2241.156;843.789794921875;0
2242.785;983.569702148438;0
2244.416;866.767822265625;0
2246.044;1029.79272460938;0
2247.672;920.311096191406;0
2249.301;822.545104980469;0
2250.926;747.939453125;0
2252.554;639.603942871094;0
2254.177;836.539184570313;0
2255.803;863.749389648438;0
2257.427;1063.89196777344;0
2259.051;991.866943359375;0
2260.671;880.228271484375;0
2262.294;781.942626953125;0
2263.914;791.128601074219;0
2265.533;873.101501464844;0
2267.153;789.973022460938;0
2268.773;781.665222167969;0
2270.392;724.383850097656;0
2272.006;774.018432617188;0
2273.624;718.022521972656;0
2275.239;757.396606445313;0
2276.854;856.282043457031;0
2278.468;856.415771484375;0
2280.084;845.546997070313;0
2281.695;836.452026367188;0
2283.305;975.814331054688;0
2284.919;820.245178222656;0
2286.527;821.31982421875;0
2288.14;702.821350097656;0
2289.748;845.47705078125;0
2291.354;760.186828613281;0
2292.964;697.9814453125;0
2294.569;719.494140625;0
2296.174;719.140625;0
2297.782;713.697875976563;0
2299.386;677.609497070313;0
2300.99;585.319091796875;0
2302.594;586.449157714844;0
2304.195;546.820373535156;0
2305.798;600.320190429688;0
2307.399;592.615173339844;0
2308.998;562.816467285156;0
2310.598;469.590789794922;0
2312.197;527.046508789063;0
2313.795;671.46484375;0
2315.392;868.026062011719;0
2316.988;797.729064941406;0
2318.585;729.907043457031;0
2320.18;687.226806640625;0
2321.774;646.337341308594;0
2323.368;612.18603515625;0
2324.961;569.053405761719;0
2326.553;585.421630859375;0
2328.145;667.055419921875;0
2329.735;706.046264648438;0
2331.324;704.012329101563;0
2332.916;670.978271484375;0
2334.503;455.276702880859;0
2336.092;478.860260009766;0
2337.677;505.944488525391;0
2339.263;684.214660644531;0
2340.85;724.927185058594;0
2342.434;739.493774414063;0
2344.018;699.643920898438;0
2345.602;683.900451660156;0
2347.185;676.066040039063;0
2348.768;646.917541503906;0
2350.347;595.341064453125;0
2351.928;497.131896972656;0
2353.51;571.578125;0
2355.087;622.812377929688;0
2356.665;618.721496582031;0
2358.243;444.889282226563;0
2359.819;464.503631591797;0
2361.396;512.761474609375;0
2362.972;628.019958496094;0
2364.547;651.832763671875;0
2366.121;567.976196289063;0
2367.694;594.885437011719;0
2369.267;508.003173828125;0
2370.839;334.543609619141;0
2372.411;253.799850463867;0
2373.982;292.314208984375;0
2375.55;416.255279541016;0
2377.118;360.734161376953;0
2378.687;403.423706054688;0
2380.254;463.759063720703;0
2381.821;624.303466796875;0
2383.387;590.174133300781;0
2384.954;667.303771972656;0
2386.516;623.029907226563;0
2388.082;601.2783203125;0
2389.644;643.160583496094;0
2391.209;671.232299804688;0
2392.769;536.160217285156;0
2394.33;450.670623779297;0
2395.892;527.021118164063;0
2397.449;724.476135253906;0
2399.008;805.480285644531;0
2400.568;810.144714355469;0
2402.125;686.539733886719;0
2403.68;694.063232421875;0
2405.238;568.662353515625;0
2406.792;695.795715332031;0
2408.349;672.821838378906;0
2409.902;815.297302246094;0
2411.455;894.223388671875;0
2413.007;933.509704589844;0
2414.558;962.583984375;0
2416.11;859.080505371094;0
2417.66;843.886962890625;0
2419.21;690.004455566406;0
2420.758;713.388488769531;0
2422.307;576.207702636719;0
2423.855;656.611267089844;0
2425.402;577.574645996094;0
2426.947;708.425842285156;0
2428.492;562.472595214844;0
2430.038;608.544982910156;0
2431.58;508.838531494141;0
2433.124;682.021118164063;0
2434.667;601.125671386719;0
2436.208;643.088500976563;0
2437.75;778.27685546875;0
2439.291;813.222045898438;0
2440.83;759.702880859375;0
2442.369;558.383728027344;0
2443.906;666.919250488281;0
2445.444;792.568420410156;0
2446.981;743.864868164063;0
2448.517;667.255187988281;0
2450.053;645.484680175781;0
2451.587;557.827819824219;0
2453.12;819.512451171875;0
2454.655;747.847229003906;0
2456.187;1036.2666015625;0
2457.718;901.296325683594;0
2459.25;903.677673339844;0
2460.781;750.605102539063;0
2462.31;655.972351074219;0
2463.84;739.566040039063;0
2465.368;733.051330566406;0
2466.896;752.425720214844;0
2468.423;658.800231933594;0
2469.949;730.613098144531;0
2471.474;737.20703125;0
2472.998;844.13720703125;0
2474.522;693.734558105469;0
2476.045;664.066345214844;0
2477.568;655.461791992188;0
2479.09;617.995056152344;0
2480.612;685.332763671875;0
2482.132;578.58642578125;0
2483.653;706.200256347656;0
2485.171;632.890258789063;0
2486.689;843.331115722656;0
2488.208;853.8837890625;0
2489.725;787.215026855469;0
2491.242;703.658081054688;0
2492.757;637.031433105469;0
2494.271;695.603942871094;0
2495.785;685.760986328125;0
2497.3;809.539916992188;0
2498.812;870.542541503906;0
2500.325;772.212280273438;0
2501.837;729.214538574219;0
2503.345;513.973022460938;0
2504.856;473.393310546875;0
2506.366;446.843688964844;0
2507.875;607.880798339844;0
2509.382;659.390014648438;0
2510.889;601.444885253906;0
2512.397;445.512969970703;0
2513.901;303.607421875;0
2515.406;316.950469970703;0
2516.911;395.325256347656;0
2518.415;550.556762695313;0
2519.918;479.149841308594;0
2521.421;456.883666992188;0
2522.922;319.867553710938;0
2524.423;342.321960449219;0
2525.924;338.691314697266;0
2527.422;364.307464599609;0
2528.923;450.946716308594;0
2530.419;525.274658203125;0
2531.916;520.179016113281;0
2533.415;376.107147216797;0
2534.909;221.278457641602;0
2536.404;251.136276245117;0
2537.899;221.899185180664;0
2539.394;402.014312744141;0
2540.887;432.925262451172;0
2542.38;559.18798828125;0
2543.871;331.050872802734;0
2545.363;327.654174804688;0
2546.852;349.441711425781;0
2548.345;346.844848632813;0
2549.833;191.121139526367;0
2551.321;84.7134094238281;0
2552.811;268.7236328125;0
2554.296;407.973724365234;0
2555.78;434.353637695313;0
2557.267;401.083312988281;0
2558.752;379.143157958984;0
2560.237;275.342102050781;0
2561.721;311.442474365234;0
2563.203;394.005004882813;0
2564.687;614.003967285156;0
2566.168;591.619079589844;0
2567.648;610.810363769531;0
2569.129;572.436279296875;0
2570.607;596.192565917969;0
2572.086;629.052673339844;0
2573.565;651.865417480469;0
2575.041;662.076354980469;0
2576.518;580.240112304688;0
2577.994;585.913269042969;0
2579.469;657.427551269531;0
2580.945;781.560302734375;0
2582.418;766.312255859375;0
2583.892;739.4619140625;0
2585.365;701.676208496094;0
2586.835;789.508483886719;0
2588.307;803.293212890625;0
2589.778;776.251098632813;0
2591.248;766.379333496094;0
2592.717;854.788879394531;0
2594.186;806.254821777344;0
2595.652;773.220886230469;0
2597.121;557.7998046875;0
2598.585;651.815612792969;0
2600.052;733.888427734375;0
2601.518;776.347229003906;0
2602.982;699.640747070313;0
2604.446;613.546630859375;0
2605.907;796.794677734375;0
2607.371;823.767822265625;0
2608.83;920.355651855469;0
2610.293;909.629211425781;0
2611.752;993.8310546875;0
2613.213;1028.82861328125;0
2614.672;986.555480957031;0
2616.13;1107.302734375;0
2617.587;1105.56201171875;0
2619.043;1280.59216308594;0
2620.501;1090.13232421875;0
2621.957;1043.40612792969;0
2623.409;866.303833007813;0
2624.864;978.674499511719;0
2626.318;1001.63037109375;0
2627.771;1041.39465332031;0
2629.222;1026.52282714844;0
2630.673;1036.45544433594;0
2632.124;1066.10961914063;0
2633.575;1085.43823242188;0
2635.023;987.268798828125;0
2636.473;989.477355957031;0
2637.922;913.553100585938;0
2639.368;984.085876464844;0
2640.816;991.389709472656;0
2642.261;1048.01892089844;0
2643.705;928.531616210938;0
2645.151;887.16943359375;0
2646.596;858.56787109375;0
2648.037;915.520202636719;0
2649.48;853.576782226563;0
2650.923;825.874572753906;0
2652.364;849.344787597656;0
2653.804;825.873168945313;0
2655.243;833.533203125;0
2656.683;807.962463378906;0
2658.121;753.853942871094;0
2659.559;564.71337890625;0
2660.997;488.983032226563;0
2662.433;477.644012451172;0
2663.868;588.917419433594;0
2665.305;483.582672119141;0
2666.737;540.196166992188;0
2668.173;585.392150878906;0
2669.606;627.074768066406;0
2671.038;622.151916503906;0
2672.47;458.734710693359;0
2673.901;471.378845214844;0
2675.331;501.419525146484;0
2676.761;655.213500976563;0
2678.189;672.962585449219;0
2679.619;502.666870117188;0
2681.045;352.772430419922;0
2682.473;391.022308349609;0
2683.9;541.795227050781;0
2685.324;553.330261230469;0
2686.749;475.715606689453;0
2688.176;311.614807128906;0
2689.599;286.2509765625;0
2691.021;368.774719238281;0
2692.444;475.258666992188;0
2693.865;630.658264160156;0
2695.287;554.16796875;0
2696.707;522.424926757813;0
2698.125;498.578857421875;0
2699.545;605.585632324219;0
2700.963;544.265625;0
2702.381;404.015930175781;0
2703.798;295.581298828125;0
2705.214;304.334533691406;0
2706.629;450.385650634766;0
2708.046;530.288635253906;0
2709.458;659.42138671875;0
2710.872;635.220520019531;0
2712.285;622.833923339844;0
2713.699;501.714538574219;0
2715.111;369.135406494141;0
2716.52;412.720245361328;0
2717.93;456.214233398438;0
2719.342;555.724243164063;0
2720.749;427.561096191406;0
2722.159;509.377990722656;0
2723.565;534.142395019531;0
2724.971;603.741088867188;0
2726.38;579.730651855469;0
2727.785;637.329956054688;0
2729.19;739.203369140625;0
2730.594;791.460510253906;0
2731.997;889.660888671875;0
2733.401;810.249084472656;0
2734.803;729.116149902344;0
2736.204;680.927795410156;0
2737.606;869.728698730469;0
2739.005;932.256591796875;0
2740.405;849.734191894531;0
2741.806;729.382446289063;0
2743.202;753.292602539063;0
2744.602;817.46435546875;0
2745.998;872.917053222656;0
2747.395;903.318969726563;0
2748.79;898.894104003906;0
2750.185;865.197631835938;0
2751.58;782.149963378906;0
2752.975;875.179138183594;0
2754.366;971.152893066406;0
2755.759;1043.03723144531;0
2757.151;965.536804199219;0
2758.542;871.746826171875;0
2759.933;966.582641601563;0
2761.322;1031.22033691406;0
2762.71;1100.65905761719;0
2764.1;971.34326171875;0
2765.486;879.201416015625;0
2766.875;849.740783691406;0
2768.26;981.075317382813;0
2769.646;1013.40582275391;0
2771.031;989.978637695313;0
2772.418;863.173278808594;0
2773.799;891.099670410156;0
2775.184;911.268676757813;0
2776.565;914.308776855469;0
2777.946;931.84326171875;0
2779.328;1053.77062988281;0
2780.708;1139.18481445313;0
2782.09;1178.30688476563;0
2783.469;1196.66247558594;0
2784.847;1313.91638183594;0
2786.226;1299.61682128906;0
2787.603;1245.23852539063;0
2788.978;1236.23474121094;0
2790.355;1313.49536132813;0
2791.731;1219.79711914063;0
2793.104;1103.70446777344;0
2794.479;972.163208007813;0
2795.853;948.928466796875;0
2797.225;1022.3662109375;0
2798.596;1050.583984375;0
2799.967;1072.8037109375;0
2801.341;843.145935058594;0
2802.71;723.393920898438;0
2804.077;638.879455566406;0
2805.447;689.90185546875;0
2806.815;676.683288574219;0
2808.183;576.669738769531;0
2809.551;510.197631835938;0
2810.915;465.825073242188;0
2812.282;525.332153320313;0
2813.646;541.825988769531;0
2815.011;563.306518554688;0
2816.375;509.549346923828;0
2817.736;495.221801757813;0
2819.099;485.766967773438;0
2820.462;360.070404052734;0
2821.821;320.465057373047;0
2823.182;208.283447265625;0
2824.542;339.415496826172;0
2825.901;432.087585449219;0
2827.261;541.520629882813;0
2828.617;480.045715332031;0
2829.974;419.824829101563;0
2831.33;475.081115722656;0
2832.686;568.256164550781;0
2834.043;593.239929199219;0
2835.395;661.922546386719;0
2836.75;646.699768066406;0
2838.104;653.561828613281;0
2839.456;654.743957519531;0
2840.807;787.865661621094;0
2842.16;749.185729980469;0
2843.509;782.413330078125;0
2844.858;743.488647460938;0
2846.209;825.451538085938;0
2847.556;616.695373535156;0
2848.906;616.006774902344;0
2850.253;654.386047363281;0
2851.6;643.2138671875;0
2852.946;551.106201171875;0
2854.29;361.628356933594;0
2855.635;390.750244140625;0
2856.98;350.161102294922;0
2858.323;343.479705810547;0
2859.665;356.039642333984;0
2861.008;385.484436035156;0
2862.349;544.234619140625;0
2863.691;538.874145507813;0
2865.031;472.476867675781;0
2866.37;378.648315429688;0
2867.709;271.471618652344;0
2869.048;306.676483154297;0
2870.385;305.265502929688;0
2871.722;391.783203125;0
2873.059;411.268249511719;0
2874.394;504.1943359375;0
2875.73;520.387756347656;0
2877.064;599.270324707031;0
2878.398;554.037841796875;0
2879.731;539.67626953125;0
2881.063;519.89306640625;0
2882.395;486.994384765625;0
2883.727;668.155151367188;0
2885.059;690.290283203125;0
2886.387;839.180480957031;0
2887.717;780.37890625;0
2889.046;766.441101074219;0
2890.374;746.505798339844;0
2891.699;726.988037109375;0
2893.028;806.21630859375;0
2894.354;855.418518066406;0
2895.679;862.887573242188;0
2897.004;891.55029296875;0
2898.328;798.023376464844;0
2899.653;832.248474121094;0
2900.976;946.892272949219;0
2902.297;952.178955078125;0
2903.619;843.572875976563;0
2904.941;667.0361328125;0
2906.26;585.604675292969;0
2907.58;675.421508789063;0
2908.898;810.154174804688;0
2910.217;906.473754882813;0
2911.536;900.827392578125;0
2912.852;816.436218261719;0
2914.171;926.017883300781;0
2915.485;987.314147949219;0
2916.799;1047.0830078125;0
2918.116;1018.10626220703;0
2919.428;1019.68524169922;0
2920.743;1021.80505371094;0
2922.056;1043.94958496094;0
2923.367;1077.62316894531;0
2924.679;1005.11669921875;0
2925.99;972.035217285156;0
2927.299;917.906616210938;0
2928.609;982.553344726563;0
2929.918;985.8232421875;0
2931.226;999.322021484375;0
2932.535;866.142578125;0
2933.841;771.953063964844;0
2935.149;756.144409179688;0
2936.455;817.431884765625;0
2937.758;872.874633789063;0
2939.064;901.154724121094;0
2940.368;946.910705566406;0
2941.67;950.588439941406;0
2942.973;982.228088378906;0
2944.277;1011.67565917969;0
2945.577;978.039367675781;0
2946.878;985.469848632813;0
2948.178;1007.18542480469;0
2949.477;1079.52954101563;0
2950.776;985.992431640625;0
2952.073;995.648681640625;0
2953.372;1008.46343994141;0
2954.669;1116.02270507813;0
2955.965;1055.92297363281;0
2957.261;1042.10888671875;0
2958.556;968.202331542969;0
2959.849;1009.69860839844;0
2961.145;1001.31732177734;0
2962.436;1180.4990234375;0
2963.732;1150.24755859375;0
2965.022;1224.90490722656;0
2966.313;1012.77984619141;0
2967.603;976.534057617188;0
2968.893;914.079345703125;0
2970.182;973.864868164063;0
2971.471;895.996154785156;0
2972.759;805.624694824219;0
2974.047;785.712890625;0
2975.334;890.310607910156;0
2976.62;937.588562011719;0
2977.907;885.9912109375;0
2979.192;822.336853027344;0
2980.475;771.565124511719;0
2981.76;711.933410644531;0
2983.043;681.071899414063;0
2984.326;707.694946289063;0
2985.607;782.484924316406;0
2986.888;879.28466796875;0
2988.17;835.982299804688;0
2989.449;709.133239746094;0
2990.728;550.241882324219;0
2992.007;544.203186035156;0
2993.284;606.23095703125;0
2994.562;664.859619140625;0
2995.84;565.251098632813;0
2997.115;533.449462890625;0
2998.393;479.373687744141;0
2999.666;550.133605957031;0
3000.94;564.457946777344;0
3002.215;569.735778808594;0
3003.486;514.871887207031;0
3004.76;562.506530761719;0
3006.033;510.721740722656;0
3007.303;497.361602783203;0
3008.573;311.170379638672;0
3009.844;397.814788818359;0
3011.114;462.626190185546;0
3012.383;593.943298339844;0
3013.649;464.325714111328;0
3014.917;323.908111572266;0
3016.185;228.135238647461;0
3017.451;218.641479492188;0
3018.716;236.985931396484;0
3019.983;266.385772705078;0
3021.246;337.839263916016;0
3022.509;340.456665039063;0
3023.774;362.238159179688;0
3025.035;367.074981689453;0
3026.299;437.433868408203;0
3027.56;472.672180175782;0
3028.819;434.456024169922;0
3030.081;304.894195556641;0
3031.339;204.535903930664;0
3032.598;223.138641357422;0
3033.856;219.365356445313;0
3035.114;287.549835205078;0
3036.372;240.853820800781;0
3037.628;301.729644775391;0
3038.883;276.060363769531;0
3040.138;270.031677246094;0
3041.394;287.834381103516;0
3042.646;362.859832763672;0
3043.9;401.222534179688;0
3045.152;474.479064941406;0
3046.405;413.961029052734;0
3047.657;445.776336669922;0
3048.906;486.479888916016;0
3050.158;441.405975341797;0
3051.407;455.776672363281;0
3052.656;380.7041015625;0
3053.904;462.590759277344;0
3055.153;430.364288330078;0
3056.398;473.800201416016;0
3057.647;413.232208251953;0
3058.892;429.025970458984;0
3060.137;474.928344726563;0
3061.382;556.245178222656;0
3062.625;659.645324707031;0
3063.869;659.794067382813;0
3065.112;654.794677734375;0
3066.353;619.478576660156;0
3067.595;551.652954101563;0
3068.838;574.428283691406;0
3070.075;656.589233398438;0
3071.317;717.485778808594;0
3072.557;732.494812011718;0
3073.795;655.616271972657;0
3075.032;638.264465332032;0
3076.27;605.212646484375;0
3077.507;686.030456542969;0
3078.742;800.190490722656;0
3079.978;865.354919433593;0
3081.212;765.55908203125;0
3082.446;749.285034179688;0
3083.681;765.460693359375;0
3084.913;767.978332519531;0
3086.147;705.220092773438;0
3087.38;718.480529785156;0
3088.61;698.409362792969;0
3089.84;669.320922851563;0
3091.071;613.466491699219;0
3092.3;745.281799316406;0
3093.529;786.438903808594;0
3094.755;892.333984375;0
3095.984;877.845092773438;0
3097.211;917.255676269531;0
3098.438;888.451965332031;0
3099.663;845.517395019531;0
3100.888;806.102355957031;0
3102.112;709.430786132813;0
3103.335;618.739807128906;0
3104.56;611.805725097656;0
3105.782;633.760986328125;0
3107.005;751.026611328125;0
3108.226;809.689270019531;0
3109.447;828.969848632813;0
3110.667;810.757202148438;0
3111.887;843.8291015625;0
3113.104;745.219360351563;0
3114.324;642.312377929688;0
3115.541;532.250854492188;0
3116.758;654.593444824218;0
3117.976;716.89599609375;0
3119.192;707.16015625;0
3120.408;704.723083496093;0
3121.622;664.978088378906;0
3122.835;762.1982421875;0
3124.05;667.938049316406;0
3125.262;645.971984863282;0
3126.476;631.255493164063;0
3127.687;574.731994628907;0
3128.897;595.181213378907;0
3130.108;584.046020507812;0
3131.319;733.992736816406;0
3132.528;832.651794433594;0
3133.737;850.646789550782;0
3134.945;842.643493652344;0
3136.152;742.758056640625;0
3137.358;706.023132324219;0
3138.565;704.474731445313;0
3139.772;705.192626953125;0
3140.976;663.308410644531;0
3142.18;612.019226074219;0
3143.385;607.754577636719;0
3144.588;616.253356933594;0
3145.79;622.739318847657;0
3146.993;652.623168945312;0
3148.194;563.868469238281;0
3149.395;565.4384765625;0
3150.596;531.814758300781;0
3151.794;582.601196289063;0
3152.994;455.932006835938;0
3154.193;437.406982421875;0
3155.39;379.987884521485;0
3156.587;538.672485351562;0
3157.784;558.403381347656;0
3158.982;626.489318847657;0
3160.177;512.374206542969;0
3161.37;460.015777587891;0
3162.565;427.56689453125;0
3163.759;424.096923828125;0
3164.952;443.834808349609;0
3166.146;384.875732421875;0
3167.337;408.898986816406;0
3168.527;401.244720458984;0
3169.719;438.912994384766;0
3170.91;372.712280273437;0
3172.098;339.326110839844;0
3173.288;290.197937011718;0
3174.475;265.979370117188;0
3175.663;210.149826049805;0
3176.849;183.195388793946;0
3178.037;311.145050048828;0
3179.223;360.132080078125;0
3180.408;418.045684814453;0
3181.592;281.217071533203;0
3182.777;235.868194580078;0
3183.96;311.548065185547;0
3185.143;311.149322509766;0
3186.325;336.671661376953;0
3187.507;326.225463867188;0
3188.688;370.476501464843;0
3189.869;359.645904541016;0
3191.049;323.176422119141;0
3192.228;465.563171386719;0
3193.406;475.308868408203;0
3194.585;455.523498535156;0
3195.763;389.431762695313;0
3196.939;428.745819091797;0
3198.116;523.303527832032;0
3199.292;606.99267578125;0
3200.466;647.147277832032;0
3201.643;660.988891601563;0
3202.816;699.627258300782;0
3203.991;688.51025390625;0
3205.161;618.52685546875;0
3206.334;538.894470214843;0
3207.504;616.28662109375;0
3208.677;584.650085449219;0
3209.846;636.404052734375;0
3211.017;628.684936523438;0
3212.187;758.528930664063;0
3213.356;743.600769042969;0
3214.524;779.673217773438;0
3215.69;725.189636230469;0
3216.859;706.595947265625;0
3218.024;637.103332519532;0
3219.189;601.78076171875;0
3220.354;586.734130859375;0
3221.519;590.58349609375;0
3222.682;644.607666015625;0
3223.845;708.179321289062;0
3225.01;765.280578613281;0
3226.171;880.695373535156;0
3227.332;867.471923828125;0
3228.494;890.568786621093;0
3229.655;797.220520019531;0
3230.814;738.428161621094;0
3231.973;749.376037597656;0
3233.13;798.443237304688;0
3234.29;791.06689453125;0
3235.447;743.867309570313;0
3236.605;776.287414550782;0
3237.76;867.369262695313;0
3238.916;935.1142578125;0
3240.071;912.07763671875;0
3241.224;901.146789550781;0
3242.381;864.211303710938;0
3243.532;820.922485351563;0
3244.685;772.237121582032;0
3245.839;646.2265625;0
3246.99;595.635925292969;0
3248.141;630.910705566406;0
3249.292;790.607604980468;0
3250.439;852.729370117188;0
3251.589;725.448120117188;0
3252.739;661.866088867188;0
3253.886;659.102844238281;0
3255.034;718.043395996094;0
3256.18;744.618530273438;0
3257.326;610.081604003906;0
3258.472;676.848510742187;0
3259.617;600.143676757812;0
3260.761;672.747192382812;0
3261.905;686.394592285156;0
3263.048;785.137817382813;0
3264.19;747.429504394531;0
3265.333;688.256530761719;0
3266.475;608.285339355468;0
3267.617;672.521179199218;0
3268.757;730.130920410156;0
3269.896;760.395935058594;0
3271.036;735.538696289063;0
3272.175;701.46728515625;0
3273.313;727.858764648437;0
3274.449;801.126647949219;0
3275.586;815.018371582032;0
3276.722;792.55126953125;0
3277.859;771.273681640625;0
3278.993;699.015380859375;0
3280.13;677.891357421875;0
3281.263;740.044494628906;0
3282.395;754.108642578125;0
3283.529;754.527893066406;0
3284.66;744.022766113282;0
3285.794;773.704345703125;0
3286.924;861.78662109375;0
3288.054;834.456604003906;0
3289.185;822.046447753906;0
3290.313;753.983642578125;0
3291.443;731.486694335937;0
3292.571;771.795593261718;0
3293.698;782.682006835938;0
3294.824;724.100952148437;0
3295.952;695.760925292969;0
3297.077;650.095458984375;0
3298.203;611.855895996094;0
3299.328;596.956176757813;0
3300.45;593.952087402344;0
3301.574;693.298706054687;0
3302.698;643.234619140625;0
3303.819;625.955932617188;0
3304.942;521.352355957031;0
3306.064;531.31298828125;0
3307.182;608.507934570313;0
3308.303;643.050598144531;0
3309.423;702.956298828125;0
3310.542;731.587646484375;0
3311.66;648.28564453125;0
3312.778;580.425537109375;0
3313.895;477.149658203125;0
3315.012;527.573425292969;0
3316.128;592.761535644531;0
3317.243;631.745361328125;0
3318.357;619.479064941406;0
3319.471;621.217590332031;0
3320.586;578.211242675781;0
3321.698;657.854431152344;0
3322.813;638.554565429688;0
3323.923;677.617309570313;0
3325.034;747.519653320313;0
3326.146;790.4189453125;0
3327.255;708.977478027344;0
3328.366;562.094360351563;0
3329.474;497.442657470703;0
3330.582;652.53857421875;0
3331.691;670.738647460938;0
3332.797;688.040283203125;0
3333.905;597.662475585938;0
3335.011;626.819091796875;0
3336.116;647.762634277344;0
3337.22;596.591979980469;0
3338.327;615.077514648438;0
3339.429;558.625427246094;0
3340.534;598.046630859375;0
3341.635;595.117553710938;0
3342.737;601.342590332031;0
3343.84;598.533996582031;0
3344.94;499.065032958984;0
3346.041;450.349212646484;0
3347.142;418.024475097656;0
3348.24;438.790832519531;0
3349.337;456.203796386719;0
3350.437;434.989196777344;0
3351.534;405.374664306641;0
3352.633;386.088714599609;0
3353.727;417.023345947266;0
3354.823;450.959991455078;0
3355.919;537.355712890625;0
3357.013;562.10009765625;0
3358.108;572.263977050781;0
3359.201;580.309936523438;0
3360.293;567.342590332031;0
3361.385;567.292724609375;0
3362.478;518.989135742188;0
3363.569;569.821350097656;0
3364.661;592.687927246094;0
3365.75;581.155151367188;0
3366.838;520.458923339844;0
3367.929;545.178100585938;0
3369.017;630.024047851563;0
3370.105;703.477905273438;0
3371.193;698.127380371094;0
3372.279;674.925720214844;0
3373.364;619.237487792969;0
3374.45;611.5576171875;0
3375.534;537.794738769531;0
3376.62;598.939697265625;0
3377.704;615.696350097656;0
3378.786;654.090942382813;0
3379.871;588.411499023438;0
3380.951;585.529296875;0
3382.034;612.5859375;0
3383.114;574.935241699219;0
3384.195;564.498718261719;0
3385.276;547.125;0
3386.354;658.142272949219;0
3387.433;635.722045898438;0
3388.511;653.625854492188;0
3389.588;632.470397949219;0
3390.664;666.204162597656;0
3391.742;640.489562988281;0
3392.816;646.992614746094;0
3393.893;591.98583984375;0
3394.968;700.878845214844;0
3396.042;680.355773925781;0
3397.115;748.800476074219;0
3398.189;665.435974121094;0
3399.262;594.214965820313;0
3400.333;615.257446289063;0
3401.404;621.682067871094;0
3402.474;706.244018554688;0
3403.545;709.853393554688;0
3404.615;717.740783691406;0
3405.685;787.671508789063;0
3406.752;771.006713867188;0
3407.82;783.314025878906;0
3408.888;772.582824707031;0
3409.955;679.039428710938;0
3411.021;603.462097167969;0
3412.085;540.415466308594;0
3413.151;587.10546875;0
3414.215;604.661315917969;0
3415.279;596.079772949219;0
3416.343;666.482788085938;0
3417.406;666.121520996094;0
3418.468;744.710327148438;0
3419.53;676.392456054688;0
3420.592;686.503234863281;0
3421.652;681.265319824219;0
3422.712;775.349975585938;0
3423.773;756.443298339844;0
3424.83;720.947570800781;0
3425.889;703.03662109375;0
3426.946;743.784057617188;0
3428.005;759.571350097656;0
3429.061;772.100341796875;0
3430.117;790.674377441406;0
3431.172;777.932861328125;0
3432.227;746.052795410156;0
3433.281;760.064819335938;0
3434.335;697.051147460938;0
3435.389;597.822326660156;0
3436.44;559.706970214844;0
3437.492;655.739868164063;0
3438.546;763.368103027344;0
3439.598;805.9765625;0
3440.646;761.977233886719;0
3441.697;744.214904785156;0
3442.745;722.47216796875;0
3443.793;723.323120117188;0
3444.842;735.748596191406;0
3445.891;769.543212890625;0
3446.937;824.133850097656;0
3447.984;832.693420410156;0
3449.031;810.190368652344;0
3450.075;776.110046386719;0
3451.12;762.143676757813;0
3452.164;793.112121582031;0
3453.207;766.722412109375;0
3454.251;805.443420410156;0
3455.293;763.975891113281;0
3456.336;738.667053222656;0
3457.378;633.744140625;0
3458.417;596.002624511719;0
3459.458;495.7509765625;0
3460.498;516.715637207031;0
3461.539;507.842651367188;0
3462.577;593.285827636719;0
3463.614;634.595153808594;0
3464.651;651.588989257813;0
3465.689;643.476745605469;0
3466.726;572.00537109375;0
3467.763;523.672058105469;0
3468.798;515.693664550781;0
3469.831;456.80615234375;0
3470.866;531.769714355469;0
3471.9;543.528564453125;0
3472.933;563.907165527344;0
3473.966;473.300231933594;0
3474.999;494.078765869141;0
3476.029;562.903381347656;0
3477.061;601.490539550781;0
3478.09;451.854583740234;0
3479.121;425.716735839844;0
3480.15;498.211242675781;0
3481.178;617.944580078125;0
3482.205;692.16357421875;0
3483.234;636.250610351563;0
3484.26;653.479248046875;0
3485.288;590.310241699219;0
3486.313;576.991271972656;0
3487.337;599.246154785156;0
3488.364;562.794982910156;0
3489.387;600.215515136719;0
3490.411;581.660400390625;0
3491.434;612.146179199219;0
3492.456;555.929260253906;0
3493.479;468.019439697266;0
3494.5;434.706390380859;0
3495.521;417.121978759766;0
3496.543;303.463226318359;0
3497.561;274.106689453125;0
3498.579;100.281600952148;0
3499.6;79.43408203125;0
3500.618;-25.8714237213135;0
3501.636;-0.349393963813782;0
3502.653;26.4326629638672;0
3503.669;-4.32165765762329;0
3504.685;-37.6968727111816;0
3505.699;-76.0392608642578;0
3506.716;-40.2517738342285;0
3507.729;-51.0108795166016;0
3508.743;-89.4728012084961;0
3509.755;-82.8680572509766;0
