98.64605;0;0
101.2353;0;0
103.8217;0;0
106.4096;-1.66666662693024;0
108.9945;5.55555534362793;0
111.5767;22.0476188659668;0
114.1602;43.9753074645996;0
116.7409;-9.22222232818604;0
119.3209;-49.9230766296387;0
121.9002;-95.3333358764648;0
124.4788;-60.6209144592285;0
127.0566;-11.3801174163818;0
129.6317;30.9788360595703;0
132.2038;31.2753620147705;0
134.7796;27.6800003051758;0
137.3503;52.8971176147461;0
139.9204;22.0881233215332;0
142.4919;160.702514648438;0
145.0584;181.245788574219;0
147.6242;293.96826171875;0
150.1914;350.705718994141;0
152.7579;456.196594238281;0
155.3216;465.897033691406;0
157.8846;426.134368896484;0
160.4448;434.548156738281;0
163.0085;556.23876953125;0
165.5672;643.725646972656;0
168.1232;677.394348144531;0
170.6826;693.289306640625;0
173.2372;779.511108398438;0
175.7931;800.966857910156;0
178.3463;775.579528808594;0
180.8966;804.791320800781;0
183.4504;909.494262695313;0
185.9993;1008.02624511719;0
188.5476;1051.66247558594;0
191.0972;1038.73327636719;0
193.644;1035.70727539063;0
196.1859;965.781616210938;0
198.7335;988.214111328125;0
201.2761;900.737365722656;0
203.8201;917.503845214844;0
206.3593;861.775451660156;0
208.8998;975.823547363281;0
211.4397;1057.42712402344;0
213.9746;1155.95520019531;0
216.5109;1211.65063476563;0
219.0487;1180.74597167969;0
221.5816;1203.01477050781;0
224.1158;1282.48132324219;0
226.6473;1317.48291015625;0
229.176;1351.65161132812;0
231.7082;1344.18664550781;0
234.2355;1418.421875;0
236.7643;1485.46301269531;0
239.2902;1518.77990722656;0
241.8133;1464.94458007813;0
244.3379;1297.98498535156;0
246.8618;1265.41821289062;0
249.3828;1316.02905273437;0
251.9053;1344.43420410156;0
254.423;1406.21228027344;0
256.942;1402.83874511719;0
259.4603;1565.09252929687;0
261.9759;1441.26928710938;0
264.4887;1401.43029785156;0
267.005;1283.09741210938;0
269.5164;1346.32788085938;0
272.0292;1435.29138183594;0
274.5393;1544.91723632813;0
277.0466;1625.66345214844;0
279.5574;1696.96899414062;0
282.0654;1634.0869140625;0
284.5686;1625.99401855469;0
287.0752;1548.08581542969;0
289.5791;1542.81774902344;0
292.0803;1484.63671875;0
294.5828;1459.818359375;0
297.0826;1463.34948730469;0
299.5838;1427.39001464844;0
302.0801;1394.10717773438;0
304.5758;1341.91918945313;0
307.0749;1260.71899414063;0
309.5672;1165.7626953125;0
312.0608;1148.45361328125;0
314.5558;1150.60083007812;0
317.044;1182.69458007813;0
319.5377;1060.59106445312;0
322.0266;1117.39575195313;0
324.5127;1113.32116699219;0
327.0023;1270.71960449219;0
329.4871;1371.74584960937;0
331.9691;1513.3349609375;0
334.4547;1567.7685546875;0
336.9353;1548.88122558594;0
339.4174;1606.03649902344;0
341.901;1718.99499511719;0
344.3776;1763.66174316406;0
346.8577;1741.62768554688;0
349.333;1604.33288574219;0
351.8076;1539.49060058594;0
354.2857;1525.65673828125;0
356.7569;1487.05603027344;0
359.2296;1516.88500976563;0
361.7015;1406.91711425781;0
364.1729;1431.65869140625;0
366.6414;1360.40991210937;0
369.1093;1368.37133789063;0
371.5745;1413.64733886719;0
374.0432;1407.45227050781;0
376.507;1395.51904296875;0
378.9702;1241.11694335938;0
381.4348;1160.49450683594;0
383.8947;1171.71484375;0
386.3538;1235.08325195312;0
388.8144;1245.923828125;0
391.2722;1296.35144042969;0
393.7314;1303.44958496094;0
396.1859;1432.5625;0
398.6418;1443.44592285156;0
401.0949;1583.70202636719;0
403.5475;1498.60778808594;0
405.9972;1513.171875;0
408.4505;1405.5;0
410.899;1534.83483886719;0
413.3468;1568.65075683594;0
415.796;1631.88146972656;0
418.2405;1666.90173339844;0
420.6884;1652.44091796875;0
423.1295;1585.4755859375;0
425.572;1498.91491699219;0
428.0159;1478.20617675781;0
430.455;1536.107421875;0
432.8956;1453.482421875;0
435.3335;1480.87255859375;0
437.7707;1350.7626953125;0
440.2093;1357.35546875;0
442.6432;1295.80554199219;0
445.0764;1346.4482421875;0
447.511;1316.09521484375;0
449.9429;1247.7578125;0
452.3721;1266.36242675781;0
454.8048;1346.4951171875;0
457.2328;1429.87072753906;0
459.66;1414.80798339844;0
462.0847;1356.35827636719;0
464.5127;1263.1875;0
466.9381;1285.05078125;0
469.3587;1359.54443359375;0
471.7807;1443.52990722656;0
474.2042;1489.75231933594;0
476.6229;1503.40258789063;0
479.041;1494.56298828125;0
481.4604;1431.05700683594;0
483.8752;1396.58850097656;0
486.2934;1409.92407226563;0
488.7068;1460.1640625;0
491.1197;1499.16564941406;0
493.5339;1451.15026855469;0
495.9435;1448.78491210938;0
498.3544;1269.26550292969;0
500.7667;1303.37365722656;0
503.1723;1266.14624023438;0
505.5793;1371.03466796875;0
507.9856;1288.95764160156;0
510.3913;1119.9912109375;0
512.7944;1080.24658203125;0
515.1968;938.325256347656;0
517.5986;919.178161621094;0
519.9997;801.363525390625;0
522.3982;847.485778808594;0
524.798;851.669555664063;0
527.1973;925.652038574219;0
529.5919;957.647827148437;0
531.9899;908.861450195313;0
534.3832;990.712707519531;0
536.7758;1018.0703125;0
539.1699;1197.47570800781;0
541.5593;1013.26782226563;0
543.9481;1045.55554199219;0
546.3382;1050.287109375;0
548.7257;1179.1689453125;0
551.1146;1244.50732421875;0
553.4968;1218.23291015625;0
555.8824;1340.61291503906;0
558.2675;1388.19213867188;0
560.6478;1544.79895019531;0
563.0295;1571.99438476563;0
565.4106;1566.78149414063;0
567.7911;1446.26989746094;0
570.169;1351.41088867188;0
572.5462;1272.13806152344;0
574.9229;1202.23486328125;0
577.2968;1122.47814941406;0
579.6721;1078.20336914063;0
582.0449;985.652282714844;0
584.417;954.961486816406;0
586.7885;946.83935546875;0
589.1553;1025.64660644531;0
591.5255;968.272155761719;0
593.8931;849.131530761719;0
596.2601;797.97265625;0
598.6265;738.117919921875;0
600.9902;781.293212890625;0
603.3554;835.178161621094;0
605.7179;926.226135253906;0
608.0778;1004.17108154297;0
610.4391;921.391845703125;0
612.7977;953.721923828125;0
615.1558;1006.22424316406;0
617.5132;1191.36572265625;0
619.8701;1244.99035644531;0
622.2263;1233.53186035156;0
624.5779;1170.95397949219;0
626.9308;1179.7978515625;0
629.2852;1192.90747070313;0
631.6349;1264.88439941406;0
633.9841;1381.00537109375;0
636.3326;1442.501953125;0
638.6805;1651.65209960938;0
641.0279;1619.71801757813;0
643.3746;1698.19995117188;0
645.7187;1612.248046875;0
648.0621;1596.30908203125;0
650.405;1485.05224609375;0
652.7453;1417.58703613281;0
655.087;1444.59594726562;0
657.426;1411.16772460938;0
659.7645;1392.96813964844;0
662.1024;1352.28308105469;0
664.4376;1329.65588378906;0
666.7742;1274.79736328125;0
669.1063;1176.49694824219;0
671.4398;1181.30407714844;0
673.7726;1110.39392089844;0
676.1048;1175.96643066406;0
678.4324;1219.48522949219;0
680.7635;1370.68115234375;0
683.0919;1360.19079589844;0
685.4158;1322.89221191406;0
687.743;1203.07641601563;0
690.0696;1208.21826171875;0
692.3937;1125.53405761719;0
694.7151;1135.33020019531;0
697.038;1181.11572265625;0
699.3583;1258.30322265625;0
701.6779;1282.22387695313;0
703.995;1251.44836425781;0
706.3155;1332.02587890625;0
708.6294;1356.98022460937;0
710.9467;1366.32800292969;0
713.2594;1362.06811523437;0
715.5735;1324.59033203125;0
717.887;1398.38830566406;0
720.1979;1405.90747070313;0
722.5083;1546.41333007813;0
724.818;1462.54553222656;0
727.1252;1391.70532226562;0
729.4357;1338.11364746094;0
731.7418;1332.11962890625;0
734.0452;1392.42761230469;0
736.35;1408.2021484375;0
738.6522;1411.10595703125;0
740.9539;1255.11804199219;0
743.2569;1152.33544921875;0
745.5554;1097.81494140625;0
747.8553;1155.86340332031;0
750.1545;1201.046875;0
752.4513;1279.86145019531;0
754.7474;1134.55041503906;0
757.043;1003.33276367188;0
759.336;963.104309082031;0
761.6304;1030.74011230469;0
763.9222;1626.19360351562;0
766.2114;1376.62036132813;0
768.5041;1412.5302734375;0
770.7922;701.423156738281;0
773.0777;794.154052734375;0
775.3647;743.907043457031;0
777.651;826.552062988281;0
779.9368;858.454406738281;0
782.22;903.348876953125;0
784.5026;974.339904785156;0
786.7847;951.662048339844;0
789.0662;920.828674316406;0
791.3451;898.971313476563;0
793.6254;1064.50732421875;0
795.9012;1183.26953125;0
798.1784;1287.00329589844;0
800.455;1241.39807128906;0
802.7291;1146.34033203125;0
805.0026;1036.826171875;0
807.2755;1157.75671386719;0
809.5478;1263.77465820312;0
811.8176;1405.03173828125;0
814.0869;1416.66247558594;0
816.3535;1386.13037109375;0
818.6235;1483.96728515625;0
820.8911;1461.85925292969;0
823.156;1545.67932128906;0
825.4204;1464.91918945313;0
827.6823;1476.46337890625;0
829.9474;1436.81628417969;0
832.2082;1430.33715820312;0
834.4683;1438.51208496094;0
836.7279;1453.06359863281;0
838.9869;1515.89135742188;0
841.2453;1507.26892089844;0
843.5012;1541.39318847656;0
845.7565;1546.578125;0
848.0133;1554.48620605469;0
850.2655;1516.8330078125;0
852.5153;1392.3427734375;0
854.7703;1371.67578125;0
857.0189;1279.7412109375;0
859.2668;1193.98498535156;0
861.5182;1085.63220214844;0
863.7651;1126.85546875;0
866.0114;1169.35400390625;0
868.2592;1072.75756835938;0
870.5024;984.899353027344;0
872.7451;955.617065429687;0
874.9872;1027.69995117188;0
877.2307;1065.43530273437;0
879.4717;1060.041015625;0
881.7101;986.506408691406;0
883.95;835.392761230469;0
886.1854;807.263916015625;0
888.4202;731.455932617188;0
890.6604;866.283752441406;0
892.8941;830.531372070312;0
895.1253;932.247802734375;0
897.3599;977.903747558594;0
899.59;1036.05700683594;0
901.8195;1085.44775390625;0
904.0504;1136.61352539063;0
906.2789;1161.59094238281;0
908.5087;1190.87182617187;0
910.7341;1185.80871582031;0
912.9589;1149.42309570313;0
915.1851;1094.05224609375;0
917.4088;1092.59497070313;0
919.63;1105.79577636719;0
921.8526;1069.12036132813;0
924.0727;1080.09338378906;0
926.2922;1147.0029296875;0
928.5112;1201.90283203125;0
930.7277;1114.71423339844;0
932.9476;1008.07916259766;0
935.163;1031.77392578125;0
937.3739;883.356567382813;0
939.5901;946.617309570313;0
941.8019;877.993713378906;0
944.0151;979.896423339844;0
946.2258;830.119018554687;0
948.4341;672.291442871094;0
950.6456;603.619018554688;0
952.8527;566.010437011719;0
955.0593;598.866760253906;0
957.2653;548.246643066406;0
959.4689;510.041168212891;0
961.6738;590.815002441406;0
963.8782;566.070495605469;0
966.0782;608.9326171875;0
968.2815;565.453735351562;0
970.4803;617.388122558594;0
972.6787;672.972595214844;0
974.8784;633.434204101562;0
977.0757;739.992370605469;0
979.2704;625.776000976563;0
981.4667;712.4052734375;0
983.6603;659.761047363281;0
985.8535;848.134216308594;0
988.0461;886.118530273438;0
990.2363;949.820495605469;0
992.4297;1012.68316650391;0
994.6169;1117.1767578125;0
996.8035;1134.43286132813;0
998.9933;1282.44067382812;0
1001.179;1426.22106933594;0
1003.364;1566.76538085938;0
1005.55;1442.71032714844;0
1007.732;1456.62023925781;0
1009.916;1426.75451660156;0
1012.096;1556.72924804688;0
1014.275;1423.48156738281;0
1016.459;1490.83093261719;0
1018.636;1598.08239746094;0
1020.813;1698.97326660156;0
1022.991;1701.75268554687;0
1025.165;1557.59301757813;0
1027.34;1506.69030761719;0
1029.515;1458.1533203125;0
1031.687;1341.90869140625;0
1033.859;1350.99780273437;0
1036.03;1389.822265625;0
1038.199;1420.7763671875;0
1040.369;1370.37158203125;0
1042.536;1293.26708984375;0
1044.704;1277.69689941406;0
1046.87;1263.63952636719;0
1049.034;1247.48608398438;0
1051.198;1214.9931640625;0
1053.363;1175.71594238281;0
1055.526;1109.97485351563;0
1057.686;1128.0458984375;0
1059.845;1109.34448242188;0
1062.005;1119.62109375;0
1064.165;1087.28393554688;0
1066.323;1043.81469726563;0
1068.477;1029.32507324219;0
1070.634;1013.15142822266;0
1072.788;938.962280273438;0
1074.942;872.419128417969;0
1077.096;879.993286132813;0
1079.247;1041.25915527344;0
1081.397;1093.98486328125;0
1083.547;1140.83117675781;0
1085.695;1132.6005859375;0
1087.844;1131.56591796875;0
1089.992;1170.27465820313;0
1092.138;1128.19262695313;0
1094.284;1212.72375488281;0
1096.425;1149.82604980469;0
1098.571;1185.14196777344;0
1100.711;1213.94396972656;0
1102.851;1275.50354003906;0
1104.994;1388.16491699219;0
1107.132;1432.04614257812;0
1109.271;1540.42272949219;0
1111.408;1565.59692382813;0
1113.543;1560.77026367188;0
1115.682;1523.01794433594;0
1117.816;1420.34448242188;0
1119.947;1477.10327148437;0
1122.08;1393.08032226563;0
1124.213;1448.55480957031;0
1126.343;1444.6337890625;0
1128.474;1554.18579101563;0
1130.602;1421.72253417969;0
1132.728;1294.70849609375;0
1134.856;1230.07116699219;0
1136.982;1329.90808105469;0
1139.109;1334.26245117188;0
1141.234;1370.62365722656;0
1143.356;1385.38391113281;0
1145.479;1435.12658691406;0
1147.599;1325.91345214844;0
1149.719;1294.27734375;0
1151.839;1265.66650390625;0
1153.957;1370.64038085937;0
1156.076;1239.97998046875;0
1158.191;1037.13305664063;0
1160.305;922.411743164063;0
1162.423;996.672729492188;0
1164.536;1197.58618164063;0
1166.647;1174.93798828125;0
1168.761;1174.87231445313;0
1170.871;1216.57092285156;0
1172.983;1254.85144042969;0
1175.092;1338.0546875;0
1177.2;1353.89990234375;0
1179.306;1410.10778808594;0
1181.413;1496.32995605469;0
1183.518;1433.95776367187;0
1185.623;1384.79162597656;0
1187.725;1203.74340820313;0
1189.826;1194.34655761719;0
1191.929;1249.34399414062;0
1194.032;1416.84924316406;0
1196.13;1297.79772949219;0
1198.23;1258.25158691406;0
1200.327;1273.84997558594;0
1202.423;1448.53698730469;0
1204.52;1598.98205566406;0
1206.613;1497.67492675781;0
1208.71;1539.18127441406;0
1210.801;1480.08996582031;0
1212.892;1528.77905273438;0
1214.987;1487.35803222656;0
1217.075;1603.79077148438;0
1219.166;1556.04748535156;0
1221.256;1566.61755371094;0
1223.342;1420.07775878906;0
1225.43;1436.265625;0
1227.515;1289.24426269531;0
1229.597;1230.45275878906;0
1231.685;1228.21569824219;0
1233.767;1345.18579101563;0
1235.85;1494.34985351563;0
1237.931;1501.31384277344;0
1240.009;1583.2509765625;0
1242.09;1459.17944335937;0
1244.168;1429.87194824219;0
1246.245;1401.78076171875;0
1248.321;1418.89196777344;0
1250.397;1372.79150390625;0
1252.472;1379.21899414062;0
1254.547;1338.21533203125;0
1256.618;1413.34338378906;0
1258.69;1225.49255371094;0
1260.761;1285.89477539062;0
1262.83;1246.2919921875;0
1264.901;1447.53881835938;0
1266.969;1456.82312011719;0
1269.035;1424.71459960938;0
1271.102;1404.77661132813;0
1273.167;1391.29711914063;0
1275.233;1481.84545898438;0
1277.295;1411.29748535156;0
1279.359;1358.09375;0
1281.42;1190.12121582031;0
1283.482;1202.47009277344;0
1285.542;1132.78173828125;0
1287.6;1334.96752929687;0
1289.659;1265.64331054688;0
1291.714;1404.45959472656;0
1293.774;1540.90454101563;0
1295.828;1585.07141113281;0
1297.881;1616.27282714844;0
1299.936;1505.89050292969;0
1301.987;1549.57397460938;0
1304.041;1669.21520996094;0
1306.09;1614.44750976562;0
1308.139;1625.74926757813;0
1310.19;1536.32141113281;0
1312.238;1657.25903320312;0
1314.286;1698.12805175781;0
1316.331;1732.50671386719;0
1318.376;1768.93737792969;0
1320.422;1713.46899414063;0
1322.466;1709.35241699219;0
1324.508;1753.40197753906;0
1326.549;1750.37951660156;0
1328.59;1699.546875;0
1330.632;1462.84619140625;0
1332.67;1661.10437011719;0
1334.707;1590.45178222656;0
1336.746;1737.11791992188;0
1338.78;1611.23107910156;0
1340.816;1653.08166503906;0
1342.852;1364.56005859375;0
1344.885;1314.22314453125;0
1346.916;1173.51782226562;0
1348.948;1386.11364746094;0
1350.979;1333.12512207031;0
1353.011;1429.98999023438;0
1355.04;1304.05639648437;0
1357.066;1325.71154785156;0
1359.094;1311.30090332031;0
1361.121;1309.75952148438;0
1363.145;1332.62292480469;0
1365.171;1173.65393066406;0
1367.192;968.197326660156;0
1369.216;729.695251464844;0
1371.239;712.998474121094;0
1373.258;877.937377929687;0
1375.28;910.363952636719;0
1377.298;870.719421386719;0
1379.316;724.562866210938;0
1381.335;722.16015625;0
1383.35;782.677734375;0
1385.366;840.646179199219;0
1387.38;856.394897460938;0
1389.394;836.264404296875;0
1391.409;858.46923828125;0
1393.42;756.159790039062;0
1395.43;805.41796875;0
1397.44;824.151977539063;0
1399.451;921.472534179688;0
1401.458;864.598999023438;0
1403.466;671.108764648437;0
1405.472;614.765808105469;0
1407.478;472.746887207031;0
1409.483;682.300903320313;0
1411.486;811.420715332031;0
1413.49;1040.46533203125;0
1415.492;1105.47180175781;0
1417.492;1038.14013671875;0
1419.495;1059.63647460938;0
1421.494;1070.67553710938;0
1423.492;1219.64880371094;0
1425.49;1331.599609375;0
1427.487;1296.79370117188;0
1429.482;1249.36828613281;0
1431.477;1207.95727539063;0
1433.471;1283.4345703125;0
1435.466;1432.14685058594;0
1437.456;1402.89916992188;0
1439.447;1427.01586914062;0
1441.441;1406.21765136719;0
1443.427;1509.23937988281;0
1445.417;1630.98718261719;0
1447.406;1628.46020507813;0
1449.392;1680.32690429688;0
1451.381;1642.26171875;0
1453.365;1643.03942871094;0
1455.348;1512.99475097656;0
1457.333;1405.12414550781;0
1459.314;1403.53881835937;0
1461.296;1412.01342773438;0
1463.276;1339.65637207031;0
1465.256;1152.13049316406;0
1467.237;1191.4873046875;0
1469.215;1265.53479003906;0
1471.19;1329.87915039063;0
1473.167;1283.94104003906;0
1475.145;1238.94641113281;0
1477.118;1341.09460449219;0
1479.092;1314.64111328125;0
1481.065;1357.2548828125;0
1483.038;1269.15979003906;0
1485.008;1242.91125488281;0
1486.979;1225.39929199219;0
1488.949;1181.6474609375;0
1490.917;1145.97399902344;0
1492.883;1112.93017578125;0
1494.852;1019.29486083984;0
1496.817;1067.3115234375;0
1498.782;999.992858886719;0
1500.748;1030.11059570313;0
1502.708;997.188903808594;0
1504.673;924.933654785156;0
1506.634;959.987670898438;0
1508.594;823.462768554688;0
1510.554;1046.30834960938;0
1512.512;1107.05139160156;0
1514.471;1358.8828125;0
1516.428;1166.35900878906;0
1518.384;1121.03784179687;0
1520.34;929.24951171875;0
1522.294;947.437561035156;0
1524.249;844.485717773438;0
1526.202;843.27783203125;0
1528.153;840.179809570312;0
1530.103;1076.59973144531;0
1532.054;1053.71862792969;0
1534.004;1033.92248535156;0
1535.951;992.768493652344;0
1537.899;1087.16552734375;0
1539.847;1234.39514160156;0
1541.793;1001.55877685547;0
1543.738;904.918212890625;0
1545.681;779.13671875;0
1547.625;740.880554199219;0
1549.566;630.041809082031;0
1551.509;506.138427734375;0
1553.45;563.394287109375;0
1555.389;644.419189453125;0
1557.33;501.380310058594;0
1559.266;449.201873779297;0
1561.204;515.258666992187;0
1563.141;677.347473144531;0
1565.074;766.717834472656;0
1567.009;616.921508789063;0
1568.943;696.962097167969;0
1570.877;681.167114257813;0
1572.808;654.758422851563;0
1574.741;621.180480957031;0
1576.67;576.655517578125;0
1578.6;593.516845703125;0
1580.528;529.653381347656;0
1582.455;474.67431640625;0
1584.382;483.21109008789;0
1586.307;517.65625;0
1588.234;659.885192871094;0
1590.157;722.234191894531;0
1592.081;820.979553222656;0
1594.002;630.493591308594;0
1595.927;564.22021484375;0
1597.845;334.936737060547;0
1599.767;409.863494873047;0
1601.685;370.334381103516;0
1603.602;395.353973388672;0
1605.523;262.14453125;0
1607.438;402.261566162109;0
1609.354;523.816223144531;0
1611.269;761.228698730469;0
1613.181;621.746215820313;0
1615.096;641.474365234375;0
1617.008;420.747467041015;0
1618.92;516.679138183594;0
1620.83;543.713439941406;0
1622.74;729.628479003906;0
1624.649;662.692810058594;0
1626.557;507.391571044922;0
1628.464;423.857513427734;0
1630.37;524.579650878906;0
1632.275;674.446105957031;0
1634.18;794.345703125;0
1636.085;819.048400878906;0
1637.988;847.897338867188;0
1639.888;842.809020996094;0
1641.791;832.75537109375;0
1643.691;790.735229492187;0
1645.588;828.748413085938;0
1647.489;915.685668945312;0
1649.387;987.989807128906;0
1651.284;1052.77465820313;0
1653.18;1140.59985351562;0
1655.075;1296.46667480469;0
1656.972;1469.48706054688;0
1658.864;1545.32983398437;0
1660.754;1539.21801757813;0
1662.65;1395.93420410156;0
1664.539;1289.81176757813;0
1666.428;1217.78698730469;0
1668.32;1123.92602539063;0
1670.207;1186.12268066406;0
1672.096;1116.48803710938;0
1673.982;1167.73779296875;0
1675.867;1078.62805175781;0
1677.754;1105.02038574219;0
1679.638;1131.58178710937;0
1681.52;1017.41973876953;0
1683.403;905.982788085938;0
1685.285;724.049194335938;0
1687.166;678.174377441406;0
1689.048;715.358459472656;0
1690.924;767.490295410156;0
1692.804;886.794616699219;0
1694.682;835.164367675781;0
1696.558;816.492980957031;0
1698.435;653.885681152344;0
1700.308;535.600463867188;0
1702.184;464.52587890625;0
1704.057;461.525421142578;0
1705.929;342.752258300781;0
1707.801;259.761871337891;0
1709.674;294.887664794922;0
1711.542;568.574035644531;0
1713.412;666.15380859375;0
1715.28;543.62158203125;0
1717.145;443.866394042969;0
1719.015;317.110382080078;0
1720.88;312.243316650391;0
1722.746;139.928436279297;0
1724.61;169.712219238281;0
1726.471;237.37858581543;0
1728.334;240.58512878418;0
1730.197;241.244293212891;0
1732.057;233.871124267578;0
1733.919;356.800720214844;0
1735.777;412.067687988281;0
1737.634;456.560913085938;0
1739.493;475.16928100586;0
1741.349;395.292724609375;0
1743.205;259.486480712891;0
1745.061;374.360748291015;0
1746.915;398.301544189453;0
1748.77;584.863037109375;0
1750.621;494.039642333984;0
1752.473;480.48745727539;0
1754.323;376.871459960937;0
1756.173;317.302795410156;0
1758.022;449.854858398438;0
1759.87;418.673034667969;0
1761.718;451.385345458984;0
1763.566;465.477355957031;0
1765.411;685.808715820312;0
1767.256;665.06494140625;0
1769.101;695.5869140625;0
1770.945;725.918762207031;0
1772.787;1023.27624511719;0
1774.629;1059.548828125;0
1776.469;1058.62329101563;0
1778.309;881.610473632812;0
1780.15;777.06103515625;0
1781.987;684.422424316406;0
1783.826;562.922790527344;0
1785.662;597.460388183594;0
1787.498;549.581420898437;0
1789.334;548.630920410156;0
1791.169;653.178527832031;0
1793.002;741.5322265625;0
1794.834;944.803161621094;0
1796.667;925.102355957031;0
1798.498;933.318725585938;0
1800.328;937.0078125;0
1802.157;884.94482421875;0
1803.986;900.904541015625;0
1805.813;860.552856445313;0
1807.639;890.230163574219;0
1809.467;929.050476074219;0
1811.292;998.235961914063;0
1813.117;1026.01000976563;0
1814.94;1036.92919921875;0
1816.763;1029.99487304687;0
1818.585;1068.43029785156;0
1820.407;954.236572265625;0
1822.227;796.081604003906;0
1824.048;714.2998046875;0
1825.865;782.225646972656;0
1827.683;716.971496582031;0
1829.501;667.204162597656;0
1831.317;529.1494140625;0
1833.135;666.591796875;0
1834.948;416.634246826172;0
1836.761;341.174224853516;0
1838.577;228.189392089844;0
1840.388;388.093322753906;0
1842.198;477.291229248047;0
1844.009;551.088500976563;0
1845.819;622.708435058594;0
1847.629;582.818786621094;0
1849.436;445.197235107422;0
1851.244;302.954925537109;0
1853.052;320.139862060547;0
1854.858;399.659790039063;0
1856.661;428.336578369141;0
1858.466;504.950439453125;0
1860.269;390.724670410156;0
1862.073;438.434997558594;0
1863.875;328.525848388672;0
1865.673;495.170471191406;0
1867.476;514.640075683594;0
1869.275;493.191741943359;0
1871.072;427.335784912109;0
1872.872;465.545867919922;0
1874.667;470.247589111328;0
1876.464;588.433410644531;0
1878.26;654.110900878906;0
1880.053;622.946655273437;0
1881.849;523.384582519531;0
1883.64;428.757934570313;0
1885.431;534.955627441406;0
1887.226;645.31103515625;0
1889.014;570.709899902344;0
1890.803;540.36865234375;0
1892.594;504.277893066406;0
1894.38;741.335876464844;0
1896.167;668.08642578125;0
1897.955;634.515441894531;0
1899.74;440.759399414063;0
1901.526;444.48779296875;0
1903.309;338.256164550781;0
1905.091;275.953399658203;0
1906.876;309.912811279297;0
1908.658;227.356674194336;0
1910.438;263.557739257813;0
1912.217;276.911804199219;0
1913.996;322.527221679688;0
1915.775;280.178802490234;0
1917.553;300.528930664063;0
1919.33;407.354187011719;0
1921.106;529.98681640625;0
1922.881;523.871154785156;0
1924.655;511.672760009765;0
1926.431;514.723754882812;0
1928.202;391.023040771484;0
1929.974;213.240112304688;0
1931.746;182.152008056641;0
1933.516;265.323516845703;0
1935.286;385.409790039063;0
1937.055;368.077789306641;0
1938.823;453.665802001953;0
1940.592;416.506439208985;0
1942.356;428.487915039063;0
1944.122;403.498016357422;0
1945.888;576.611145019531;0
1947.651;542.753601074219;0
1949.416;460.702056884765;0
1951.178;336.233154296875;0
1952.939;371.45913696289;0
1954.699;415.268859863281;0
1956.459;344.000274658203;0
1958.219;164.330001831055;0
1959.979;226.29167175293;0
1961.735;374.150573730469;0
1963.491;574.93212890625;0
1965.249;397.638214111328;0
1967.003;549.275207519531;0
1968.761;635.407897949219;0
1970.512;874.790466308594;0
1972.265;881.117431640625;0
1974.018;839.389709472656;0
1975.769;809.837768554688;0
1977.522;676.906066894531;0
1979.271;615.483825683594;0
1981.018;526.015563964844;0
1982.766;324.056884765625;0
1984.516;369.49658203125;0
1986.261;309.334655761719;0
1988.009;399.571136474609;0
1989.754;403.984680175781;0
1991.498;449.575927734375;0
1993.241;491.133239746094;0
1994.984;381.43603515625;0
1996.727;268.150939941406;0
1998.468;180.833969116211;0
2000.206;226.152145385742;0
2001.946;328.327697753906;0
2003.686;600.24951171875;0
2005.424;561.248107910156;0
2007.161;608.657470703125;0
2008.898;465.704864501953;0
2010.634;606.174865722656;0
2012.369;658.622985839844;0
2014.103;657.886657714844;0
2015.836;570.012573242188;0
2017.57;644.001220703125;0
2019.299;527.190673828125;0
2021.032;475.138000488281;0
2022.762;375.732330322265;0
2024.491;555.307006835937;0
2026.221;673.416442871094;0
2027.947;587.949645996094;0
2029.676;495.795471191406;0
2031.403;466.620544433594;0
2033.128;440.312561035156;0
2034.852;444.871337890625;0
2036.577;433.397674560547;0
2038.299;619.239990234375;0
2040.022;736.285766601563;0
2041.744;507.862762451172;0
2043.465;350.859344482422;0
2045.184;201.941818237305;0
2046.903;497.895782470703;0
2048.621;516.2802734375;0
2050.339;539.207458496094;0
2052.057;331.122863769531;0
2053.774;353.472045898438;0
2055.488;179.587005615234;0
2057.203;270.023315429688;0
2058.917;303.999664306641;0
2060.631;369.517242431641;0
2062.344;271.916687011719;0
2064.053;155.108352661133;0
2065.765;209.922485351563;0
2067.476;274.94937133789;0
2069.185;376.518890380859;0
2070.892;597.960205078125;0
2072.6;773.938415527344;0
2074.308;776.008605957031;0
2076.014;603.7265625;0
2077.72;492.085052490234;0
2079.425;496.307495117187;0
2081.13;489.394470214844;0
2082.833;571.458190917969;0
2084.532;599.508422851563;0
2086.236;474.648742675781;0
2087.936;302.102355957031;0
2089.635;248.425994873047;0
2091.335;307.507598876953;0
2093.034;299.681701660156;0
2094.731;251.494750976563;0
2096.427;290.279510498047;0
2098.124;587.147094726563;0
2099.82;783.430358886719;0
2101.515;1017.24011230469;0
2103.207;805.446411132812;0
2104.902;896.734680175781;0
2106.594;889.660583496094;0
2108.286;1131.77893066406;0
2109.976;1197.42248535156;0
2111.667;1145.96765136719;0
2113.355;1158.20092773438;0
2115.044;1146.90759277344;0
2116.732;1136.13391113281;0
2118.42;1124.431640625;0
2120.105;991.574401855469;0
2121.79;1186.67175292969;0
2123.476;1307.19970703125;0
2125.16;1400.46313476563;0
2126.844;1312.68444824219;0
2128.524;1308.41906738281;0
2130.207;1418.81201171875;0
2131.888;1527.48864746094;0
2133.567;1452.00927734375;0
2135.247;1407.82019042969;0
2136.927;1377.03283691406;0
2138.603;1410.27868652344;0
2140.281;1282.1435546875;0
2141.957;1296.18249511719;0
2143.633;1188.3955078125;0
2145.308;1407.01428222656;0
2146.981;1265.91027832031;0
2148.654;1405.96618652344;0
2150.328;1208.73779296875;0
2152;1305.16064453125;0
2153.669;1312.74426269531;0
2155.34;1433.60046386719;0
2157.01;1435.75329589844;0
2158.677;1346.44592285156;0
2160.347;1329.46166992188;0
2162.013;1204.8623046875;0
2163.681;1263.09350585938;0
2165.347;1198.07446289063;0
2167.011;1303.68286132813;0
2168.674;1088.96264648438;0
2170.337;1053.2919921875;0
2172.002;1015.00439453125;0
2173.662;1115.76696777344;0
2175.324;1037.35632324219;0
2176.985;1017.66076660156;0
2178.645;792.345764160156;0
2180.304;833.521301269531;0
2181.961;761.630798339844;0
2183.618;1022.55810546875;0
2185.275;897.648803710938;0
2186.932;939.339172363281;0
2188.586;940.790588378906;0
2190.242;1136.30944824219;0
2191.896;1075.16101074219;0
2193.547;1042.95520019531;0
2195.2;1102.69177246094;0
2196.851;1178.92614746094;0
2198.502;1087.5478515625;0
2200.153;885.334533691406;0
2201.799;904.529296875;0
2203.447;967.032348632813;0
2205.097;1105.65710449219;0
2206.742;1095.03601074219;0
2208.391;969.028686523438;0
2210.035;879.362915039062;0
2211.679;814.14111328125;0
2213.324;959.092102050781;0
2214.966;1019.400390625;0
2216.608;972.019958496094;0
2218.252;954.533142089844;0
2219.89;897.102905273438;0
2221.531;1086.03076171875;0
2223.172;1121.12280273438;0
2224.809;1150.82360839844;0
2226.449;879.799560546875;0
2228.086;890.3291015625;0
2229.72;972.443237304687;0
2231.358;1121.18713378906;0
2232.992;1056.78735351562;0
2234.625;895.904968261719;0
2236.26;1017.46081542969;0
2237.893;1054.87158203125;0
2239.524;1173.58483886719;0
2241.156;990.04150390625;0
2242.785;1076.97106933594;0
2244.416;1045.01623535156;0
2246.044;1181.17810058594;0
2247.672;1037.90100097656;0
2249.301;1081.40270996094;0
2250.926;1095.21215820313;0
2252.554;1076.32934570313;0
2254.177;1084.77294921875;0
2255.803;1092.79553222656;0
2257.427;1276.41381835938;0
2259.051;1277.71313476562;0
2260.671;1045.17395019531;0
2262.294;938.799011230469;0
2263.914;892.500183105469;0
2265.533;1030.47619628906;0
2267.153;995.011840820313;0
2268.773;1137.32946777344;0
2270.392;1230.31774902344;0
2272.006;1255.42138671875;0
2273.624;1237.63977050781;0
2275.239;1275.97741699219;0
2276.854;1319.03295898438;0
2278.468;1191.06030273438;0
2280.084;1244.98510742188;0
2281.695;1178.80297851562;0
2283.305;1190.71179199219;0
2284.919;930.985778808594;0
2286.527;926.31689453125;0
2288.14;972.478820800781;0
2289.748;1015.27337646484;0
2291.354;1035.4775390625;0
2292.964;1055.20263671875;0
2294.569;1159.11462402344;0
2296.174;1213.6552734375;0
2297.782;1109.15588378906;0
2299.386;999.030700683594;0
2300.99;840.810119628906;0
2302.594;949.517944335937;0
2304.195;999.400695800781;0
2305.798;1006.00982666016;0
2307.399;849.342163085937;0
2308.998;748.550354003906;0
2310.598;692.270935058594;0
2312.197;749.140258789063;0
2313.795;840.697143554687;0
2315.392;1062.75402832031;0
2316.988;1088.08862304688;0
2318.585;1072.58984375;0
2320.18;927.146545410156;0
2321.774;830.421508789063;0
2323.368;848.546630859375;0
2324.961;889.865478515625;0
2326.553;768.103271484375;0
2328.145;834.586547851563;0
2329.735;803.984436035156;0
2331.324;1041.62866210938;0
2332.916;918.739074707031;0
2334.503;812.648681640625;0
2336.092;566.805725097656;0
2337.677;508.421081542969;0
2339.263;467.686340332031;0
2340.85;583.044494628906;0
2342.434;638.047668457031;0
2344.018;731.208251953125;0
2345.602;729.708923339844;0
2347.185;703.324523925781;0
2348.768;689.908081054688;0
2350.347;673.445983886719;0
2351.928;626.672485351562;0
2353.51;627.418212890625;0
2355.087;614.862243652344;0
2356.665;562.527954101563;0
2358.243;418.415985107422;0
2359.819;382.472595214844;0
2361.396;369.029968261719;0
2362.972;471.209411621094;0
2364.547;435.095581054687;0
2366.121;474.382904052734;0
2367.694;481.071350097656;0
2369.267;539.823425292969;0
2370.839;374.010894775391;0
2372.411;357.412017822266;0
2373.982;399.198669433594;0
2375.55;643.376892089844;0
2377.118;498.091247558594;0
2378.687;478.230102539063;0
2380.254;478.905792236328;0
2381.821;692.684020996094;0
2383.387;700.114868164063;0
2384.954;693.208923339844;0
2386.516;794.179016113281;0
2388.082;864.272277832031;0
2389.644;820.247741699219;0
2391.209;765.402648925781;0
2392.769;557.79052734375;0
2394.33;639.590270996094;0
2395.892;658.375549316406;0
2397.449;880.925964355469;0
2399.008;877.691223144531;0
2400.568;877.44970703125;0
2402.125;699.197998046875;0
2403.68;722.84619140625;0
2405.238;653.471435546875;0
2406.792;830.397888183594;0
2408.349;959.984436035156;0
2409.902;1156.78674316406;0
2411.455;1226.80615234375;0
2413.007;1239.90087890625;0
2414.558;1168.54870605469;0
2416.11;1164.80749511719;0
2417.66;1188.77075195313;0
2419.21;1116.17663574219;0
2420.758;999.804260253906;0
2422.307;901.433349609375;0
2423.855;965.415771484375;0
2425.402;1113.95141601563;0
2426.947;1029.92529296875;0
2428.492;919.998291015625;0
2430.038;786.109497070313;0
2431.58;842.434326171875;0
2433.124;878.195068359375;0
2434.667;704.838684082031;0
2436.208;696.366271972656;0
2437.75;921.89013671875;0
2439.291;1115.85717773437;0
2440.83;1097.03796386719;0
2442.369;1048.62365722656;0
2443.906;1170.18676757812;0
2445.444;1279.19287109375;0
2446.981;1070.39868164063;0
2448.517;972.584777832031;0
2450.053;874.900085449219;0
2451.587;923.891845703125;0
2453.12;1059.89245605469;0
2454.655;1038.68041992188;0
2456.187;1174.72399902344;0
2457.718;1155.30603027344;0
2459.25;1203.70263671875;0
2460.781;1045.20153808594;0
2462.31;920.854370117187;0
2463.84;889.256225585937;0
2465.368;851.564697265625;0
2466.896;830.773315429688;0
2468.423;799.655822753906;0
2469.949;913.552673339844;0
2471.474;927.907531738281;0
2472.998;1053.89172363281;0
2474.522;975.208618164063;0
2476.045;1045.95861816406;0
2477.568;981.37353515625;0
2479.09;1027.31726074219;0
2480.612;1019.81127929687;0
2482.132;955.558410644531;0
2483.653;919.945251464844;0
2485.171;951.671325683594;0
2486.689;1322.28454589844;0
2488.208;1421.00598144531;0
2489.725;1423.05651855469;0
2491.242;1191.43884277344;0
2492.757;1197.044921875;0
2494.271;1222.76391601562;0
2495.785;1258.81384277344;0
2497.3;1312.41552734375;0
2498.812;1352.12426757813;0
2500.325;1236.94201660156;0
2501.837;1122.8671875;0
2503.345;862.041748046875;0
2504.856;736.3251953125;0
2506.366;729.548950195312;0
2507.875;833.175170898438;0
2509.382;827.132141113281;0
2510.889;682.037719726563;0
2512.397;405.386871337891;0
2513.901;291.892669677734;0
2515.406;311.8505859375;0
2516.911;490.830261230469;0
2518.415;532.749206542969;0
2519.918;444.462799072265;0
2521.421;305.414764404297;0
2522.922;231.939666748047;0
2524.423;228.702392578125;0
2525.924;252.922637939453;0
2527.422;324.486724853516;0
2528.923;350.838134765625;0
2530.419;483.199096679688;0
2531.916;516.005065917969;0
2533.415;544.479614257813;0
2534.909;378.733551025391;0
2536.404;351.456726074219;0
2537.899;226.229949951172;0
2539.394;244.503433227539;0
2540.887;281.801086425781;0
2542.38;438.619354248047;0
2543.871;368.102874755859;0
2545.363;228.588958740234;0
2546.852;190.772674560547;0
2548.345;119.044647216797;0
2549.833;162.223648071289;0
2551.321;144.539947509766;0
2552.811;465.818359375;0
2554.296;528.656372070313;0
2555.78;622.542541503906;0
2557.267;489.525909423828;0
2558.752;512.872131347656;0
2560.237;347.831298828125;0
2561.721;395.182495117188;0
2563.203;349.768920898438;0
2564.687;479.018371582031;0
2566.168;417.328094482422;0
2567.648;456.699401855469;0
2569.129;407.577362060547;0
2570.607;540.404296875;0
2572.086;632.405822753906;0
2573.565;702.805419921875;0
2575.041;749.38232421875;0
2576.518;706.915588378906;0
2577.994;886.406616210938;0
2579.469;869.856689453125;0
2580.945;1049.48986816406;0
2582.418;1004.08532714844;0
2583.892;1125.92199707031;0
2585.365;1105.93859863281;0
2586.835;1097.31481933594;0
2588.307;1010.78356933594;0
2589.778;918.772766113281;0
2591.248;835.273254394531;0
2592.717;928.16845703125;0
2594.186;902.790588378906;0
2595.652;1058.25073242188;0
2597.121;894.995910644531;0
2598.585;942.625122070313;0
2600.052;880.976623535156;0
2601.518;896.983764648438;0
2602.982;898.932800292969;0
2604.446;832.587951660156;0
2605.907;945.035583496094;0
2607.371;1001.75225830078;0
2608.83;1176.95947265625;0
2610.293;1157.10424804687;0
2611.752;1049.74353027344;0
2613.213;1062.54748535156;0
2614.672;1099.96203613281;0
2616.13;1304.09814453125;0
2617.587;1163.62390136719;0
2619.043;1264.20910644531;0
2620.501;1248.96618652344;0
2621.957;1325.89001464844;0
2623.409;1260.9814453125;0
2624.864;1249.61779785156;0
2626.318;1175.13391113281;0
2627.771;1134.69470214844;0
2629.222;1236.97729492187;0
2630.673;1330.62915039063;0
2632.124;1443.20520019531;0
2633.575;1375.17443847656;0
2635.023;1450.44213867188;0
2636.473;1294.26159667969;0
2637.922;1128.82409667969;0
2639.368;1083.45568847656;0
2640.816;1058.41015625;0
2642.261;1066.6435546875;0
2643.705;847.997497558594;0
2645.151;863.541015625;0
2646.596;906.247436523437;0
2648.037;984.893188476563;0
2649.48;873.412780761719;0
2650.923;806.93408203125;0
2652.364;807.1708984375;0
2653.804;864.566345214844;0
2655.243;832.122009277344;0
2656.683;698.507507324219;0
2658.121;695.283935546875;0
2659.559;630.227844238281;0
2660.997;731.226623535156;0
2662.433;709.056823730469;0
2663.868;801.717041015625;0
2665.305;758.428466796875;0
2666.737;799.414184570313;0
2668.173;898.786010742187;0
2669.606;920.379089355469;0
2671.038;908.17431640625;0
2672.47;635.63037109375;0
2673.901;526.790222167969;0
2675.331;608.781494140625;0
2676.761;705.17041015625;0
2678.189;681.628967285156;0
2679.619;359.380676269531;0
2681.045;237.609603881836;0
2682.473;318.229156494141;0
2683.9;501.18701171875;0
2685.324;525.000549316406;0
2686.749;473.374114990234;0
2688.176;388.044036865234;0
2689.599;401.891723632813;0
2691.021;366.310180664063;0
2692.444;384.543792724609;0
2693.865;410.964202880859;0
2695.287;286.235961914063;0
2696.707;265.921081542969;0
2698.125;188.57829284668;0
2699.545;374.322052001953;0
2700.963;343.025451660156;0
2702.381;410.927398681641;0
2703.798;433.473785400391;0
2705.214;545.664611816406;0
2706.629;703.171630859375;0
2708.046;690.384521484375;0
2709.458;693.382019042969;0
2710.872;567.968200683594;0
2712.285;631.258483886719;0
2713.699;573.248168945313;0
2715.111;528.999450683594;0
2716.52;427.966552734375;0
2717.93;349.788940429688;0
2719.342;375.788055419922;0
2720.749;451.299499511719;0
2722.159;585.012451171875;0
2723.565;690.844482421875;0
2724.971;682.240539550781;0
2726.38;683.533874511719;0
2727.785;675.274719238281;0
2729.19;829.684204101562;0
2730.594;853.761169433594;0
2731.997;967.732055664063;0
2733.401;863.373840332031;0
2734.803;815.799682617188;0
2736.204;726.903503417969;0
2737.606;788.68505859375;0
2739.005;971.700927734375;0
2740.405;954.838195800781;0
2741.806;916.757690429687;0
2743.202;866.79150390625;0
2744.602;1033.05407714844;0
2745.998;1062.87939453125;0
2747.395;1090.3818359375;0
2748.79;1009.44873046875;0
2750.185;1065.8564453125;0
2751.58;1047.60266113281;0
2752.975;1025.69384765625;0
2754.366;1155.43493652344;0
2755.759;1180.85302734375;0
2757.151;1206.83764648438;0
2758.542;1184.74133300781;0
2759.933;1262.23095703125;0
2761.322;1326.19616699219;0
2762.71;1231.78601074219;0
2764.1;1255.44348144531;0
2765.486;1155.19860839844;0
2766.875;1239.05102539063;0
2768.26;1128.4521484375;0
2769.646;1229.46606445313;0
2771.031;1172.18286132812;0
2772.418;1187.26965332031;0
2773.799;1147.33410644531;0
2775.184;1220.13684082031;0
2776.565;1328.07666015625;0
2777.946;1455.98059082031;0
2779.328;1424.67224121094;0
2780.708;1377.92321777344;0
2782.09;1327.3955078125;0
2783.469;1477.54833984375;0
2784.847;1573.03356933594;0
2786.226;1615.75439453125;0
2787.603;1556.37829589844;0
2788.978;1470.29541015625;0
2790.355;1409.93542480469;0
2791.731;1347.19885253906;0
2793.104;1363.62182617188;0
2794.479;1320.66271972656;0
2795.853;1201.04040527344;0
2797.225;1268.55395507812;0
2798.596;1288.3017578125;0
2799.967;1239.8359375;0
2801.341;955.500244140625;0
2802.71;753.588684082031;0
2804.077;589.745666503906;0
2805.447;577.609130859375;0
2806.815;604.734191894531;0
2808.183;650.231994628906;0
2809.551;612.885620117187;0
2810.915;591.585083007813;0
2812.282;519.664916992188;0
2813.646;533.454162597656;0
2815.011;549.509155273438;0
2816.375;612.827941894531;0
2817.736;581.142700195313;0
2819.099;495.555450439453;0
2820.462;404.205017089844;0
2821.821;454.222534179688;0
2823.182;478.498413085938;0
2824.542;536.812377929688;0
2825.901;556.827758789063;0
2827.261;663.064636230469;0
2828.617;751.8427734375;0
2829.974;744.355346679688;0
2831.33;746.4775390625;0
2832.686;700.172119140625;0
2834.043;689.260803222656;0
2835.395;621.814758300781;0
2836.75;729.167724609375;0
2838.104;822.548034667969;0
2839.456;868.9296875;0
2840.807;859.200256347656;0
2842.16;780.161926269531;0
2843.509;841.064514160156;0
2844.858;791.038696289062;0
2846.209;836.949645996094;0
2847.556;707.632446289063;0
2848.906;714.118347167969;0
2850.253;740.30712890625;0
2851.6;781.370056152344;0
2852.946;812.980773925781;0
2854.29;676.401062011719;0
2855.635;663.556640625;0
2856.98;525.556030273438;0
2858.323;513.942321777344;0
2859.665;456.3349609375;0
2861.008;405.994384765625;0
2862.349;466.808349609375;0
2863.691;532.396606445313;0
2865.031;629.523315429688;0
2866.37;640.418090820313;0
2867.709;521.301086425781;0
2869.048;484.960205078125;0
2870.385;511.283294677734;0
2871.722;599.692077636719;0
2873.059;819.197265625;0
2874.394;877.241760253906;0
2875.73;953.045043945312;0
2877.064;874.574829101563;0
2878.398;745.312377929687;0
2879.731;699.368469238281;0
2881.063;730.828857421875;0
2882.395;940.403564453125;0
2883.727;996.421264648438;0
2885.059;1043.39147949219;0
2886.387;1058.99877929688;0
2887.717;1152.79858398437;0
2889.046;1098.68005371094;0
2890.374;1053.19104003906;0
2891.699;1057.91833496094;0
2893.028;1072.23388671875;0
2894.354;1040.63854980469;0
2895.679;990.665405273437;0
2897.004;1002.96142578125;0
2898.328;906.5;0
2899.653;971.250244140625;0
2900.976;999.637878417969;0
2902.297;1133.13244628906;0
2903.619;1100.58996582031;0
2904.941;1058.70446777344;0
2906.26;1032.04577636719;0
2907.58;1008.80303955078;0
2908.898;999.928283691406;0
2910.217;1022.63018798828;0
2911.536;1039.93334960937;0
2912.852;1102.45422363281;0
2914.171;1115.58203125;0
2915.485;1106.44494628906;0
2916.799;1164.75720214844;0
2918.116;1186.20263671875;0
2919.428;1200.17883300781;0
2920.743;1108.03332519531;0
2922.056;1095.7734375;0
2923.367;1225.51611328125;0
2924.679;1225.46533203125;0
2925.99;1318.84448242188;0
2927.299;1287.87145996094;0
2928.609;1374.21435546875;0
2929.918;1381.86645507812;0
2931.226;1349.05981445313;0
2932.535;1337.19799804688;0
2933.841;1196.31115722656;0
2935.149;1089.69372558594;0
2936.455;1033.83825683594;0
2937.758;1038.85070800781;0
2939.064;1043.69396972656;0
2940.368;1002.51641845703;0
2941.67;1001.37091064453;0
2942.973;1072.95556640625;0
2944.277;1104.18786621094;0
2945.577;1101.04443359375;0
2946.878;1197.36694335937;0
2948.178;1302.67346191406;0
2949.477;1419.30249023437;0
2950.776;1341.36572265625;0
2952.073;1296.18994140625;0
2953.372;1245.80737304688;0
2954.669;1305.84252929687;0
2955.965;1365.23474121094;0
2957.261;1410.73901367188;0
2958.556;1329.48181152344;0
2959.849;1298.65246582031;0
2961.145;1312.03356933594;0
2962.436;1496.44897460938;0
2963.732;1424.54760742188;0
2965.022;1453.21801757812;0
2966.313;1344.23974609375;0
2967.603;1338.51025390625;0
2968.893;1288.55444335938;0
2970.182;1152.55590820313;0
2971.471;1162.01354980469;0
2972.759;1073.50329589844;0
2974.047;1160.30700683594;0
2975.334;1190.3447265625;0
2976.62;1229.82238769531;0
2977.907;1083.70227050781;0
2979.192;1064.02404785156;0
2980.475;975.143371582031;0
2981.76;1100.03271484375;0
2983.043;988.934631347656;0
2984.326;994.112548828125;0
2985.607;857.866882324219;0
2986.888;787.113464355469;0
2988.17;768.086486816406;0
2989.449;746.786315917969;0
2990.728;696.861450195313;0
2992.007;653.182250976563;0
2993.284;620.916870117188;0
2994.562;671.943359375;0
2995.84;653.308349609375;0
2997.115;696.300476074219;0
2998.393;639.623168945313;0
2999.666;559.290649414063;0
3000.94;517.430603027344;0
3002.215;562.009887695313;0
3003.486;572.82568359375;0
3004.76;577.418090820313;0
3006.033;659.347595214844;0
3007.303;625.494140625;0
3008.573;509.968963623047;0
3009.844;412.030487060547;0
3011.114;487.040893554688;0
3012.383;569.776550292969;0
3013.649;536.719299316406;0
3014.917;381.645904541016;0
3016.185;385.852020263672;0
3017.451;322.109130859375;0
3018.716;349.396240234375;0
3019.983;270.326873779297;0
3021.246;310.146331787109;0
3022.509;412.612609863281;0
3023.774;442.797058105469;0
3025.035;447.950408935547;0
3026.299;340.405517578125;0
3027.56;254.726364135742;0
3028.819;190.771026611328;0
3030.081;62.1705551147461;0
3031.339;110.618858337402;0
3032.598;168.921722412109;0
3033.856;343.519683837891;0
3035.114;434.744201660156;0
3036.372;371.929260253906;0
3037.628;409.185913085938;0
3038.883;364.849945068359;0
3040.138;447.699096679688;0
3041.394;444.952087402344;0
3042.646;459.939910888672;0
3043.9;410.770233154297;0
3045.152;465.215667724609;0
3046.405;487.275451660156;0
3047.657;511.351623535156;0
3048.906;439.200714111328;0
3050.158;426.451416015625;0
3051.407;430.787658691406;0
3052.656;453.799377441406;0
3053.904;570.309753417969;0
3055.153;631.102722167969;0
3056.398;656.068115234375;0
3057.647;579.650695800781;0
3058.892;625.863342285156;0
3060.137;801.589416503906;0
3061.382;887.072448730469;0
3062.625;947.329528808594;0
3063.869;815.642395019531;0
3065.112;850.675964355469;0
3066.353;816.652526855469;0
3067.595;842.0263671875;0
3068.838;813.464721679688;0
3070.075;991.346984863281;0
3071.317;989.320739746094;0
3072.557;1049.689453125;0
3073.795;834.89501953125;0
3075.032;867.773498535156;0
3076.27;824.568481445313;0
3077.507;941.347900390625;0
3078.742;954.630249023437;0
3079.978;1061.08215332031;0
3081.212;1068.14831542969;0
3082.446;1097.27062988281;0
3083.681;962.677185058594;0
3084.913;879.168273925781;0
3086.147;908.770935058594;0
3087.38;1050.97863769531;0
3088.61;1160.55053710937;0
3089.84;1183.70690917969;0
3091.071;1145.60559082031;0
3092.3;1187.35876464844;0
3093.529;1201.40881347656;0
3094.755;1116.3115234375;0
3095.984;1098.06921386719;0
3097.211;1063.8310546875;0
3098.438;988.038635253906;0
3099.663;939.411865234375;0
3100.888;946.276733398438;0
3102.112;1009.81097412109;0
3103.335;929.499877929688;0
3104.56;890.742309570313;0
3105.782;927.627319335938;0
3107.005;995.378173828125;0
3108.226;1025.99792480469;0
3109.447;1008.26489257813;0
3110.667;953.291320800781;0
3111.887;909.316955566406;0
3113.104;907.734741210937;0
3114.324;875.758605957031;0
3115.541;907.769348144531;0
3116.758;949.219482421875;0
3117.976;979.555969238281;0
3119.192;990.114074707031;0
3120.408;951.939453125;0
3121.622;893.029907226563;0
3122.835;855.008544921875;0
3124.05;803.095886230469;0
3125.262;908.18408203125;0
3126.476;891.944396972656;0
3127.687;908.359008789062;0
3128.897;871.451232910156;0
3130.108;937.712585449219;0
3131.319;968.103149414063;0
3132.528;930.054870605469;0
3133.737;828.324279785156;0
3134.945;780.22998046875;0
3136.152;760.492004394531;0
3137.358;815.889953613281;0
3138.565;859.207275390625;0
3139.772;877.658508300781;0
3140.976;788.244201660156;0
3142.18;659.252319335938;0
3143.385;665.041809082031;0
3144.588;655.42431640625;0
3145.79;755.957702636719;0
3146.993;744.885864257813;0
3148.194;688.44140625;0
3149.395;629.208923339844;0
3150.596;555.90771484375;0
3151.794;554.650146484375;0
3152.994;533.15966796875;0
3154.193;559.276794433594;0
3155.39;562.7763671875;0
3156.587;579.653076171875;0
3157.784;570.350280761719;0
3158.982;570.892578125;0
3160.177;505.855133056641;0
3161.37;424.798400878906;0
3162.565;403.899108886719;0
3163.759;430.489562988281;0
3164.952;452.794036865234;0
3166.146;424.428863525391;0
3167.337;420.979766845703;0
3168.527;412.343963623047;0
3169.719;383.948883056641;0
3170.91;329.516571044922;0
3172.098;253.608673095703;0
3173.288;211.769973754883;0
3174.475;201.790893554688;0
3175.663;232.888107299805;0
3176.849;348.396392822266;0
3178.037;388.607421875;0
3179.223;428.177703857422;0
3180.408;348.218688964844;0
3181.592;277.836090087891;0
3182.777;262.87109375;0
3183.96;275.283447265625;0
3185.143;308.976531982422;0
3186.325;315.364410400391;0
3187.507;377.243347167969;0
3188.688;369.646575927734;0
3189.869;382.087005615234;0
3191.049;351.242553710938;0
3192.228;463.582061767578;0
3193.406;477.524291992188;0
3194.585;458.1796875;0
3195.763;440.880218505859;0
3196.939;412.942413330078;0
3198.116;459.187469482422;0
3199.292;413.574645996094;0
3200.466;420.939361572266;0
3201.643;505.949127197266;0
3202.816;638.641662597656;0
3203.991;747.670288085938;0
3205.161;732.508972167969;0
3206.334;639.269470214844;0
3207.504;686.1064453125;0
3208.677;694.740295410156;0
3209.846;752.5859375;0
3211.017;773.252075195313;0
3212.187;849.921813964844;0
3213.356;856.078979492188;0
3214.524;911.921203613281;0
3215.69;919.895324707031;0
3216.859;1003.73779296875;0
3218.024;1002.78045654297;0
3219.189;977.467590332031;0
3220.354;880.5751953125;0
3221.519;808.286804199219;0
3222.682;835.428405761719;0
3223.845;917.46875;0
3225.01;971.741271972656;0
3226.171;1058.4111328125;0
3227.332;1101.05163574219;0
3228.494;1196.55212402344;0
3229.655;1123.98913574219;0
3230.814;1125.203125;0
3231.973;1076.33764648438;0
3233.13;1105.88818359375;0
3234.29;1108.89514160156;0
3235.447;1074.69885253906;0
3236.605;1078.837890625;0
3237.76;1146.32873535156;0
3238.916;1186.27099609375;0
3240.071;1180.99670410156;0
3241.224;1124.68322753906;0
3242.381;1036.36389160156;0
3243.532;965.676696777344;0
3244.685;975.092346191406;0
3245.839;962.92138671875;0
3246.99;1022.75927734375;0
3248.141;931.726318359375;0
3249.292;1034.82092285156;0
3250.439;946.825988769531;0
3251.589;962.659973144531;0
3252.739;996.192749023438;0
3253.886;991.086975097656;0
3255.034;1015.10443115234;0
3256.18;943.777587890625;0
3257.326;909.075927734375;0
3258.472;855.821838378906;0
3259.617;792.626342773438;0
3260.761;792.398986816406;0
3261.905;819.789916992188;0
3263.048;827.270446777344;0
3264.19;921.502868652344;0
3265.333;856.562255859375;0
3266.475;913.682495117188;0
3267.617;924.212036132812;0
3268.757;972.268005371094;0
3269.896;937.040466308594;0
3271.036;843.308715820313;0
3272.175;838.538940429688;0
3273.313;807.545654296875;0
3274.449;880.715515136719;0
3275.586;892.32373046875;0
3276.722;928.618225097656;0
3277.859;902.256042480469;0
3278.993;862.412414550781;0
3280.13;730.850769042969;0
3281.263;739.798706054688;0
3282.395;780.332336425781;0
3283.529;988.053833007813;0
3284.66;1021.45874023438;0
3285.794;1076.96105957031;0
3286.924;1010.23596191406;0
3288.054;974.917419433594;0
3289.185;824.008605957031;0
3290.313;696.496459960938;0
3291.443;688.857299804688;0
3292.571;838.315002441406;0
3293.698;944.375793457031;0
3294.824;965.799621582031;0
3295.952;793.363830566406;0
3297.077;819.880737304688;0
3298.203;767.065673828125;0
3299.328;883.775512695313;0
3300.45;810.201721191406;0
3301.574;850.856262207031;0
3302.698;729.935607910156;0
3303.819;754.982849121094;0
3304.942;743.354614257813;0
3306.064;748.830383300781;0
3307.182;795.972412109375;0
3308.303;714.323669433594;0
3309.423;825.080627441406;0
3310.542;733.770629882813;0
3311.66;655.116455078125;0
3312.778;521.644775390625;0
3313.895;458.72900390625;0
3315.012;462.261169433594;0
3316.128;497.466217041016;0
3317.243;526.343688964844;0
3318.357;554.117614746094;0
3319.471;620.991577148437;0
3320.586;592.492431640625;0
3321.698;680.347351074219;0
3322.813;634.888916015625;0
3323.923;685.563110351563;0
3325.034;721.479919433594;0
3326.146;733.474365234375;0
3327.255;776.442443847656;0
3328.366;675.289794921875;0
3329.474;657.544006347656;0
3330.582;641.050354003906;0
3331.691;698.687072753906;0
3332.797;765.53173828125;0
3333.905;766.006408691406;0
3335.011;735.387634277344;0
3336.116;712.804809570313;0
3337.22;688.910522460937;0
3338.327;709.90576171875;0
3339.429;620.097778320313;0
3340.534;579.101501464844;0
3341.635;578.241577148438;0
3342.737;602.434692382813;0
3343.84;573.495727539062;0
3344.94;537.417602539063;0
3346.041;495.589996337891;0
3347.142;499.923461914062;0
3348.24;459.654968261719;0
3349.337;528.964721679688;0
3350.437;471.957794189453;0
3351.534;459.559967041016;0
3352.633;372.324401855469;0
3353.727;392.818695068359;0
3354.823;452.629821777344;0
3355.919;520.556945800781;0
3357.013;591.821472167969;0
3358.108;584.990356445313;0
3359.201;701.513610839844;0
3360.293;716.1533203125;0
3361.385;743.960998535156;0
3362.478;673.773559570312;0
3363.569;670.123962402344;0
3364.661;617.127624511719;0
3365.75;600.864990234375;0
3366.838;592.101501464844;0
3367.929;595.674682617187;0
3369.017;643.446350097656;0
3370.105;687.900573730469;0
3371.193;735.672180175781;0
3372.279;685.032348632812;0
3373.364;740.612670898438;0
3374.45;775.267700195312;0
3375.534;742.233032226562;0
3376.62;745.926696777344;0
3377.704;857.382629394531;0
3378.786;913.361572265625;0
3379.871;897.979125976563;0
3380.951;861.708557128906;0
3382.034;888.361450195312;0
3383.114;842.218017578125;0
3384.195;784.270202636719;0
3385.276;824.18212890625;0
3386.354;896.955749511719;0
3387.433;871.735473632812;0
3388.511;854.534912109375;0
3389.588;853.396606445312;0
3390.664;982.476257324219;0
3391.742;941.742004394531;0
3392.816;959.188415527344;0
3393.893;944.602905273437;0
3394.968;1047.22741699219;0
3396.042;1042.48669433594;0
3397.115;929.397521972656;0
3398.189;928.1064453125;0
3399.262;918.65087890625;0
3400.333;993.061706542969;0
3401.404;872.260375976563;0
3402.474;818.089172363281;0
3403.545;737.289855957031;0
3404.615;784.203369140625;0
3405.685;823.661499023438;0
3406.752;882.031311035156;0
3407.82;888.49267578125;0
3408.888;898.932678222656;0
3409.955;829.446350097656;0
3411.021;756.305725097656;0
3412.085;696.454772949219;0
3413.151;716.823669433594;0
3414.215;755.053771972656;0
3415.279;734.70556640625;0
3416.343;800.789794921875;0
3417.406;844.095153808594;0
3418.468;925.286071777344;0
3419.53;903.243286132813;0
3420.592;855.6962890625;0
3421.652;852.011962890625;0
3422.712;797.879150390625;0
3423.773;738.5615234375;0
3424.83;727.121337890625;0
3425.889;797.219543457031;0
3426.946;909.619873046875;0
3428.005;897.624877929688;0
3429.061;892.775817871094;0
3430.117;940.974426269531;0
3431.172;1029.24072265625;0
3432.227;981.015686035156;0
3433.281;960.246032714844;0
3434.335;911.137329101563;0
3435.389;935.807189941406;0
3436.44;851.149597167969;0
3437.492;795.69140625;0
3438.546;807.020263671875;0
3439.598;851.400756835938;0
3440.646;889.796325683594;0
3441.697;837.568481445312;0
3442.745;780.608215332031;0
3443.793;797.612548828125;0
3444.842;824.959777832031;0
3445.891;892.905456542969;0
3446.937;884.939636230469;0
3447.984;936.076232910156;0
3449.031;872.16259765625;0
3450.075;883.47119140625;0
3451.12;805.668273925781;0
3452.164;873.618774414063;0
3453.207;886.280517578125;0
3454.251;904.354675292969;0
3455.293;807.8466796875;0
3456.336;726.5732421875;0
3457.378;746.173950195313;0
3458.417;763.070678710937;0
3459.458;711.386047363281;0
3460.498;658.258483886719;0
3461.539;676.584899902344;0
3462.577;686.197998046875;0
3463.614;702.612731933594;0
3464.651;651.321472167969;0
3465.689;654.032287597656;0
3466.726;602.658752441406;0
3467.763;573.550720214844;0
3468.798;564.192626953125;0
3469.831;517.594421386719;0
3470.866;595.109802246094;0
3471.9;592.089294433594;0
3472.933;613.033020019531;0
3473.966;576.126098632812;0
3474.999;586.623779296875;0
3476.029;656.755126953125;0
3477.061;671.283935546875;0
3478.09;626.920593261719;0
3479.121;551.11083984375;0
3480.15;567.080383300781;0
3481.178;565.602661132812;0
3482.205;668.42333984375;0
3483.234;666.930603027344;0
3484.26;724.673034667969;0
3485.288;686.649230957031;0
3486.313;644.649597167969;0
3487.337;636.840209960938;0
3488.364;628.762634277344;0
3489.387;694.527099609375;0
3490.411;684.354187011719;0
3491.434;705.326965332031;0
3492.456;691.088256835938;0
3493.479;566.866333007812;0
3494.5;473.029937744141;0
3495.521;294.741302490234;0
3496.543;288.274108886719;0
3497.561;275.361572265625;0
3498.579;236.579010009766;0
3499.6;167.099990844727;0
3500.618;59.8374671936035;0
3501.636;39.3929672241211;0
3502.653;33.6770133972168;0
3503.669;-7.83928966522217;0
3504.685;-58.403392791748;0
3505.699;-109.672332763672;0
3506.716;-118.247779846191;0
3507.729;-91.8377304077148;0
3508.743;-69.236686706543;0
3509.755;-78.5972213745117;0
