98.64605;0;0
101.2353;0;0
103.8217;0;0
106.4096;-17.5555553436279;0
108.9945;28.9333324432373;0
111.5767;54.2539672851563;0
114.1602;68.2222213745117;0
116.7409;19.1515159606934;0
119.3209;-12.5982904434204;0
121.9002;-49.0962944030762;0
124.4788;-45.7450981140137;0
127.0566;-129.4970703125;0
129.6317;-144.735443115234;0
132.2038;-152.690826416016;0
134.7796;-72.4488906860352;0
137.3503;-70.3950653076172;0
139.9204;-64.7854385375977;0
142.4919;43.8243713378906;0
145.0584;185.942764282227;0
147.6242;312.965087890625;0
150.1914;473.387390136719;0
152.7579;549.458679199219;0
155.3216;521.948486328125;0
157.8846;573.782958984375;0
160.4448;683.980224609375;0
163.0085;793.560302734375;0
165.5672;823.736938476562;0
168.1232;870.331176757813;0
170.6826;915.882629394531;0
173.2372;1010.94952392578;0
175.7931;1045.32946777344;0
178.3463;1107.87194824219;0
180.8966;1078.91711425781;0
183.4504;1060.91687011719;0
185.9993;1153.50256347656;0
188.5476;1274.49133300781;0
191.0972;1356.51391601562;0
193.644;1415.68713378906;0
196.1859;1384.54028320313;0
198.7335;1376.626953125;0
201.2761;1319.37646484375;0
203.8201;1291.38391113281;0
206.3593;1253.9658203125;0
208.8998;1327.97338867187;0
211.4397;1428.34069824219;0
213.9746;1542.57788085938;0
216.5109;1560.01293945313;0
219.0487;1636.24462890625;0
221.5816;1681.34252929687;0
224.1158;1768.56469726562;0
226.6473;1772.87170410156;0
229.176;1896.32556152344;0
231.7082;1967.99597167969;0
234.2355;2042.09020996094;0
236.7643;2013.03930664063;0
239.2902;1949.84729003906;0
241.8133;1936.39709472656;0
244.3379;1793.18615722656;0
246.8618;1786.52331542969;0
249.3828;1661.08264160156;0
251.9053;1737.36706542969;0
254.423;1616.46301269531;0
256.942;1565.046875;0
259.4603;1631.34814453125;0
261.9759;1705.72668457031;0
264.4887;1808.76818847656;0
267.005;1771.03930664063;0
269.5164;1807.59484863281;0
272.0292;1822.47814941406;0
274.5393;1934.22570800781;0
277.0466;1921.13537597656;0
279.5574;2032.74182128906;0
282.0654;2038.11462402344;0
284.5686;2134.52709960938;0
287.0752;2090.17114257813;0
289.5791;2052.82275390625;0
292.0803;1984.87170410156;0
294.5828;1966.51953125;0
297.0826;2000.30114746094;0
299.5838;1931.29919433594;0
302.0801;1813.0712890625;0
304.5758;1612.39904785156;0
307.0749;1654.36706542969;0
309.5672;1608.58923339844;0
312.0608;1633.32934570313;0
314.5558;1503.58923339844;0
317.044;1560.66455078125;0
319.5377;1512.22570800781;0
322.0266;1644.74926757812;0
324.5127;1659.15991210938;0
327.0023;1763.45739746094;0
329.4871;1791.19189453125;0
331.9691;1950.3408203125;0
334.4547;2014.54431152344;0
336.9353;2023.24487304687;0
339.4174;1964.86059570313;0
341.901;1955.33337402344;0
344.3776;1963.15063476563;0
346.8577;2044.08666992188;0
349.333;2010.46704101562;0
351.8076;1933.96276855469;0
354.2857;1800.70349121094;0
356.7569;1731.81811523438;0
359.2296;1710.11340332031;0
361.7015;1735.77258300781;0
364.1729;1762.69763183594;0
366.6414;1688.05017089844;0
369.1093;1646.54858398438;0
371.5745;1601.89929199219;0
374.0432;1579.91955566406;0
376.507;1541.322265625;0
378.9702;1541.69323730469;0
381.4348;1480.69934082031;0
383.8947;1485.06945800781;0
386.3538;1554.90747070313;0
388.8144;1593.14184570312;0
391.2722;1610.07678222656;0
393.7314;1563.39050292969;0
396.1859;1757.36804199219;0
398.6418;1915.78979492188;0
401.0949;2054.6171875;0
403.5475;1971.77966308594;0
405.9972;1823.41186523438;0
408.4505;1687.92102050781;0
410.899;1739.88671875;0
413.3468;1815.28674316406;0
415.796;1909.849609375;0
418.2405;1941.3818359375;0
420.6884;1891.38537597656;0
423.1295;1787.02404785156;0
425.572;1731.0244140625;0
428.0159;1695.91564941406;0
430.455;1817.56909179688;0
432.8956;1780.31298828125;0
435.3335;1840.2734375;0
437.7707;1642.71032714844;0
440.2093;1634.08410644531;0
442.6432;1510.95935058594;0
445.0764;1546.51306152344;0
447.511;1426.91638183594;0
449.9429;1496.37255859375;0
452.3721;1524.79992675781;0
454.8048;1583.96203613281;0
457.2328;1478.81799316406;0
459.66;1530.79406738281;0
462.0847;1600.51940917969;0
464.5127;1695.54577636719;0
466.9381;1776.55041503906;0
469.3587;1843.54956054688;0
471.7807;2003.40771484375;0
474.2042;2011.55517578125;0
476.6229;2096.2236328125;0
479.041;2030.85412597656;0
481.4604;1940.19458007812;0
483.8752;1875.88903808594;0
486.2934;1846.87109375;0
488.7068;1893.99523925781;0
491.1197;1827.8388671875;0
493.5339;1758.45788574219;0
495.9435;1661.0732421875;0
498.3544;1570.68566894531;0
500.7667;1603.51501464844;0
503.1723;1696.07873535156;0
505.5793;1813.21264648437;0
507.9856;1726.43115234375;0
510.3913;1566.19604492187;0
512.7944;1413.50244140625;0
515.1968;1300.86120605469;0
517.5986;1208.90930175781;0
519.9997;1117.15856933594;0
522.3982;1190.80554199219;0
524.798;1221.615234375;0
527.1973;1279.60559082031;0
529.5919;1296.24816894531;0
531.9899;1364.61694335937;0
534.3832;1505.92517089844;0
536.7758;1522.91918945313;0
539.1699;1602.21459960938;0
541.5593;1399.23840332031;0
543.9481;1328.95129394531;0
546.3382;1256.56884765625;0
548.7257;1367.28747558594;0
551.1146;1515.66784667969;0
553.4968;1553.99304199219;0
555.8824;1629.822265625;0
558.2675;1694.42199707031;0
560.6478;1862.16833496094;0
563.0295;1801.28637695313;0
565.4106;1712.00561523438;0
567.7911;1615.66687011719;0
570.169;1638.74609375;0
572.5462;1571.58264160156;0
574.9229;1601.91186523438;0
577.2968;1579.95434570313;0
579.6721;1600.26147460938;0
582.0449;1439.82983398438;0
584.417;1313.09887695313;0
586.7885;1189.34582519531;0
589.1553;1191.07849121094;0
591.5255;1249.00695800781;0
593.8931;1147.78125;0
596.2601;1063.22521972656;0
598.6265;908.373718261719;0
600.9902;1030.47631835937;0
603.3554;1075.55981445313;0
605.7179;1139.80383300781;0
608.0778;1187.89025878906;0
610.4391;1216.87219238281;0
612.7977;1305.59948730469;0
615.1558;1299.59655761719;0
617.5132;1402.8466796875;0
619.8701;1424.17724609375;0
622.2263;1373.43530273437;0
624.5779;1400.98986816406;0
626.9308;1580.34729003906;0
629.2852;1703.388671875;0
631.6349;1672.08129882812;0
633.9841;1677.00317382812;0
636.3326;1689.8603515625;0
638.6805;1765.69262695312;0
641.0279;1672.43249511719;0
643.3746;1799.11608886719;0
645.7187;1854.3955078125;0
648.0621;1917.02709960938;0
650.405;1781.12060546875;0
652.7453;1784.78515625;0
655.087;1775.47009277344;0
657.426;1819.72790527344;0
659.7645;1854.67419433594;0
662.1024;1706.69494628906;0
664.4376;1560.54797363281;0
666.7742;1338.25158691406;0
669.1063;1296.71960449219;0
671.4398;1402.69860839844;0
673.7726;1463.63037109375;0
676.1048;1589.34399414063;0
678.4324;1641.79333496094;0
680.7635;1700.23889160156;0
683.0919;1713.41735839844;0
685.4158;1639.22216796875;0
687.743;1508.89929199219;0
690.0696;1463.74963378906;0
692.3937;1436.14453125;0
694.7151;1430.9970703125;0
697.038;1457.49462890625;0
699.3583;1482.96374511719;0
701.6779;1616.28186035156;0
703.995;1693.02416992188;0
706.3155;1755.63134765625;0
708.6294;1754.63708496094;0
710.9467;1744.70239257812;0
713.2594;1798.03979492187;0
715.5735;1685.19799804687;0
717.887;1604.84216308594;0
720.1979;1512.07702636719;0
722.5083;1723.54907226562;0
724.818;1759.1845703125;0
727.1252;1763.69055175781;0
729.4357;1720.40502929688;0
731.7418;1801.03588867188;0
734.0452;2015.90747070313;0
736.35;2130.900390625;0
738.6522;2119.44311523438;0
740.9539;1914.88244628906;0
743.2569;1680.48571777344;0
745.5554;1593.22790527344;0
747.8553;1500.60864257812;0
750.1545;1564.45629882813;0
752.4513;1586.29284667969;0
754.7474;1481.93273925781;0
757.043;1430.41638183594;0
759.336;1398.33325195313;0
761.6304;1509.0869140625;0
763.9222;1332.64428710938;0
766.2114;1055.09497070312;0
768.5041;889.693908691406;0
770.7922;935.890075683594;0
773.0777;1007.20520019531;0
775.3647;1161.11047363281;0
777.651;1209.33923339844;0
779.9368;1265.79272460937;0
782.22;1349.58422851563;0
784.5026;1363.54443359375;0
786.7847;1463.71276855469;0
789.0662;1481.7802734375;0
791.3451;1600.54711914063;0
793.6254;1692.34240722656;0
795.9012;1691.72827148437;0
798.1784;1748.25341796875;0
800.455;1694.90283203125;0
802.7291;1638.22998046875;0
805.0026;1529.08264160156;0
807.2755;1627.68078613281;0
809.5478;1590.24060058594;0
811.8176;1584.49780273438;0
814.0869;1658.04614257812;0
816.3535;1858.09765625;0
818.6235;2004.70922851563;0
820.8911;1972.31274414062;0
823.156;2016.46484375;0
825.4204;2034.63696289063;0
827.6823;2056.85961914063;0
829.9474;1921.20275878906;0
832.2082;1855.15808105469;0
834.4683;1694.82995605469;0
836.7279;1585.70178222656;0
838.9869;1456.85681152344;0
841.2453;1495.90905761719;0
843.5012;1685.68420410156;0
845.7565;1730.42468261719;0
848.0133;1721.36486816406;0
850.2655;1565.50354003906;0
852.5153;1471.83862304688;0
854.7703;1505.33471679688;0
857.0189;1423.27209472656;0
859.2668;1490.95007324219;0
861.5182;1372.19921875;0
863.7651;1453.44311523438;0
866.0114;1415.09692382813;0
868.2592;1240.39184570312;0
870.5024;1255.88635253906;0
872.7451;1152.36975097656;0
874.9872;1320.83801269531;0
877.2307;1304.18530273437;0
879.4717;1301.85266113281;0
881.7101;1211.61328125;0
883.95;1005.69244384766;0
886.1854;1016.06237792969;0
888.4202;1047.54064941406;0
890.6604;1171.00354003906;0
892.8941;1133.26708984375;0
895.1253;1192.07104492188;0
897.3599;1329.34167480469;0
899.59;1273.73864746094;0
901.8195;1210.81958007813;0
904.0504;1165.74401855469;0
906.2789;1323.56115722656;0
908.5087;1417.85522460938;0
910.7341;1379.3173828125;0
912.9589;1390.26135253906;0
915.1851;1431.337890625;0
917.4088;1547.68078613281;0
919.63;1529.50622558594;0
921.8526;1294.4521484375;0
924.0727;1295.43640136719;0
926.2922;1423.70007324219;0
928.5112;1611.71691894531;0
930.7277;1517.93359375;0
932.9476;1189.138671875;0
935.163;1189.88537597656;0
937.3739;1077.3974609375;0
939.5901;1382.82458496094;0
941.8019;1334.44787597656;0
944.0151;1334.978515625;0
946.2258;1157.86999511719;0
948.4341;991.318176269531;0
950.6456;1033.19921875;0
952.8527;988.517578125;0
955.0593;1023.04504394531;0
957.2653;767.781616210938;0
959.4689;842.422241210938;0
961.6738;829.374206542969;0
963.8782;900.692626953125;0
966.0782;781.879638671875;0
968.2815;810.023010253906;0
970.4803;780.392333984375;0
972.6787;818.797241210938;0
974.8784;790.893188476562;0
977.0757;940.814575195313;0
979.2704;937.969604492188;0
981.4667;1074.83581542969;0
983.6603;1115.44384765625;0
985.8535;1170.716796875;0
988.0461;1179.23498535156;0
990.2363;1149.21606445313;0
992.4297;1309.27514648437;0
994.6169;1501.14001464844;0
996.8035;1784.77233886719;0
998.9933;1858.49560546875;0
1001.179;1907.73767089844;0
1003.364;1867.0263671875;0
1005.55;1830.11462402344;0
1007.732;1869.8916015625;0
1009.916;1923.01428222656;0
1012.096;2010.353515625;0
1014.275;1846.04345703125;0
1016.459;1829.3505859375;0
1018.636;1877.90270996094;0
1020.813;2111.38037109375;0
1022.991;2163.83471679688;0
1025.165;2129.41674804688;0
1027.34;1920.86669921875;0
1029.515;1786.85815429688;0
1031.687;1621.83679199219;0
1033.859;1655.353515625;0
1036.03;1651.96044921875;0
1038.199;1619.67614746094;0
1040.369;1552.81335449219;0
1042.536;1532.33801269531;0
1044.704;1580.83374023437;0
1046.87;1620.23815917969;0
1049.034;1479.96447753906;0
1051.198;1410.35009765625;0
1053.363;1320.34606933594;0
1055.526;1377.37744140625;0
1057.686;1290.96166992188;0
1059.845;1215.54931640625;0
1062.005;1039.47583007813;0
1064.165;1011.15069580078;0
1066.323;971.337219238281;0
1068.477;1089.0693359375;0
1070.634;1073.1240234375;0
1072.788;937.9453125;0
1074.942;981.661193847656;0
1077.096;1127.61669921875;0
1079.247;1249.33935546875;0
1081.397;1268.47924804688;0
1083.547;1252.55847167969;0
1085.695;1249.49426269531;0
1087.844;1214.29919433594;0
1089.992;1184.11865234375;0
1092.138;1083.451171875;0
1094.284;1072.685546875;0
1096.425;1075.83923339844;0
1098.571;1196.087890625;0
1100.711;1191.85192871094;0
1102.851;1281.96801757812;0
1104.994;1450.62255859375;0
1107.132;1496.11877441406;0
1109.271;1457.26965332031;0
1111.408;1506.30383300781;0
1113.543;1657.57751464844;0
1115.682;1842.61901855469;0
1117.816;1807.18798828125;0
1119.947;1794.54797363281;0
1122.08;1713.61328125;0
1124.213;1817.92712402344;0
1126.343;1781.31481933594;0
1128.474;1764.79821777344;0
1130.602;1610.17419433594;0
1132.728;1625.94458007813;0
1134.856;1719.40026855469;0
1136.982;1665.10803222656;0
1139.109;1709.37036132813;0
1141.234;1713.65417480469;0
1143.356;1879.04821777344;0
1145.479;1791.66259765625;0
1147.599;1726.38659667969;0
1149.719;1669.02734375;0
1151.839;1755.58666992187;0
1153.957;1646.50854492188;0
1156.076;1469.12573242188;0
1158.191;1228.99072265625;0
1160.305;1246.30297851562;0
1162.423;1276.56787109375;0
1164.536;1380.81359863281;0
1166.647;1270.85961914062;0
1168.761;1375.32531738281;0
1170.871;1343.47497558594;0
1172.983;1407.16381835938;0
1175.092;1425.43737792969;0
1177.2;1471.82373046875;0
1179.306;1482.50122070313;0
1181.413;1598.34680175781;0
1183.518;1655.900390625;0
1185.623;1614.5830078125;0
1187.725;1509.28100585937;0
1189.826;1493.72937011719;0
1191.929;1583.68725585938;0
1194.032;1590.43273925781;0
1196.13;1440.52124023438;0
1198.23;1381.28125;0
1200.327;1362.09594726562;0
1202.423;1529.59191894531;0
1204.52;1725.99060058594;0
1206.613;1572.41088867188;0
1208.71;1637.4365234375;0
1210.801;1578.60827636719;0
1212.892;1743.05163574219;0
1214.987;1711.86828613281;0
1217.075;1701.87573242187;0
1219.166;1716.5302734375;0
1221.256;1763.27575683594;0
1223.342;1821.91345214844;0
1225.43;1786.60070800781;0
1227.515;1593.04223632813;0
1229.597;1555.48608398438;0
1231.685;1639.53112792969;0
1233.767;1724.11254882813;0
1235.85;1689.43029785156;0
1237.931;1634.02648925781;0
1240.009;1635.86657714844;0
1242.09;1425.31201171875;0
1244.168;1431.31115722656;0
1246.245;1451.34692382813;0
1248.321;1596.27600097656;0
1250.397;1525.68395996094;0
1252.472;1512.79357910156;0
1254.547;1425.60241699219;0
1256.618;1333.75024414063;0
1258.69;1199.82861328125;0
1260.761;1287.0673828125;0
1262.83;1512.19165039063;0
1264.901;1598.24890136719;0
1266.969;1587.91333007813;0
1269.035;1363.40930175781;0
1271.102;1459.29174804687;0
1273.167;1428.55676269531;0
1275.233;1549.86926269531;0
1277.295;1387.89343261719;0
1279.359;1355.5126953125;0
1281.42;1085.50708007813;0
1283.482;1049.05078125;0
1285.542;929.697998046875;0
1287.6;1188.07348632813;0
1289.659;1261.02819824219;0
1291.714;1566.07934570313;0
1293.774;1607.52404785156;0
1295.828;1718.58776855469;0
1297.881;1726.43530273438;0
1299.936;1835.89501953125;0
1301.987;1969.763671875;0
1304.041;2104.4169921875;0
1306.09;2037.76208496094;0
1308.139;1828.48901367187;0
1310.19;1707.60070800781;0
1312.238;1854.08325195312;0
1314.286;1942.34680175781;0
1316.331;2061.9072265625;0
1318.376;2068.8671875;0
1320.422;2102.564453125;0
1322.466;2082.2685546875;0
1324.508;2114.125;0
1326.549;2155.61059570313;0
1328.59;2137.0771484375;0
1330.632;2066.2001953125;0
1332.67;2110.62646484375;0
1334.707;2039.74255371094;0
1336.746;2051.55712890625;0
1338.78;1953.69921875;0
1340.816;1894.48999023438;0
1342.852;1554.7197265625;0
1344.885;1477.25634765625;0
1346.916;1319.77124023438;0
1348.948;1555.93225097656;0
1350.979;1601.8291015625;0
1353.011;1555.93505859375;0
1355.04;1408.369140625;0
1357.066;1326.34997558594;0
1359.094;1530.99548339844;0
1361.121;1558.63916015625;0
1363.145;1693.27368164062;0
1365.171;1445.64575195312;0
1367.192;1365.98046875;0
1369.216;1147.34802246094;0
1371.239;1240.23583984375;0
1373.258;1325.64379882813;0
1375.28;1192.240234375;0
1377.298;963.137756347656;0
1379.316;677.432983398437;0
1381.335;751.2998046875;0
1383.35;901.966064453125;0
1385.366;1049.33166503906;0
1387.38;1002.08673095703;0
1389.394;965.229614257813;0
1391.409;1046.19470214844;0
1393.42;1023.966796875;0
1395.43;1151.46325683594;0
1397.44;1057.01281738281;0
1399.451;1163.17712402344;0
1401.458;979.287719726562;0
1403.466;857.229553222656;0
1405.472;809.997375488281;0
1407.478;895.570739746094;0
1409.483;952.525085449219;0
1411.486;960.831787109375;0
1413.49;1000.89025878906;0
1415.492;1140.45239257813;0
1417.492;1309.27697753906;0
1419.495;1325.31225585938;0
1421.494;1381.02966308594;0
1423.492;1369.30883789062;0
1425.49;1404.19519042969;0
1427.487;1412.35717773438;0
1429.482;1453.18054199219;0
1431.477;1515.80590820313;0
1433.471;1610.90930175781;0
1435.466;1610.68371582031;0
1437.456;1658.65844726563;0
1439.447;1607.26159667969;0
1441.441;1649.404296875;0
1443.427;1709.34729003906;0
1445.417;1723.25109863281;0
1447.406;1894.5625;0
1449.392;1899.7275390625;0
1451.381;2012.98120117188;0
1453.365;1899.87976074219;0
1455.348;1843.42492675781;0
1457.333;1790.06188964844;0
1459.314;1817.01416015625;0
1461.296;1778.275390625;0
1463.276;1536.73278808594;0
1465.256;1262.70837402344;0
1467.237;1280.53552246094;0
1469.215;1511.13916015625;0
1471.19;1667.92126464844;0
1473.167;1711.76733398438;0
1475.145;1649.00305175781;0
1477.118;1585.50891113281;0
1479.092;1471.50610351563;0
1481.065;1452.44091796875;0
1483.038;1378.75988769531;0
1485.008;1334.79370117188;0
1486.979;1274.09802246094;0
1488.949;1189.45043945312;0
1490.917;1195.62878417969;0
1492.883;1267.96411132813;0
1494.852;1368.67395019531;0
1496.817;1431.66235351563;0
1498.782;1306.64099121094;0
1500.748;1281.5947265625;0
1502.708;1136.30700683594;0
1504.673;1115.63928222656;0
1506.634;909.140869140625;0
1508.594;816.710815429688;0
1510.554;871.311340332031;0
1512.512;1102.69677734375;0
1514.471;1465.9208984375;0
1516.428;1474.650390625;0
1518.384;1558.77319335938;0
1520.34;1196.95983886719;0
1522.294;1063.67077636719;0
1524.249;816.160766601563;0
1526.202;964.102600097656;0
1528.153;903.595520019531;0
1530.103;1111.46435546875;0
1532.054;918.219055175781;0
1534.004;1095.45324707031;0
1535.951;1154.75439453125;0
1537.899;1282.33959960938;0
1539.847;1234.7470703125;0
1541.793;918.042785644531;0
1543.738;788.890319824219;0
1545.681;714.241333007813;0
1547.625;615.385498046875;0
1549.566;573.261962890625;0
1551.509;551.395202636719;0
1553.45;712.979064941406;0
1555.389;825.650024414062;0
1557.33;562.713623046875;0
1559.266;523.902954101563;0
1561.204;573.697326660156;0
1563.141;881.276489257813;0
1565.074;1082.3701171875;0
1567.009;1006.41430664062;0
1568.943;1058.63049316406;0
1570.877;1022.90606689453;0
1572.808;1028.68298339844;0
1574.741;991.291687011719;0
1576.67;853.732116699219;0
1578.6;796.115417480469;0
1580.528;871.336486816406;0
1582.455;933.165222167969;0
1584.382;1085.00646972656;0
1586.307;830.124206542969;0
1588.234;802.296325683594;0
1590.157;711.633850097656;0
1592.081;772.581237792969;0
1594.002;588.138549804688;0
1595.927;432.526123046875;0
1597.845;370.408325195313;0
1599.767;440.340423583984;0
1601.685;384.544677734375;0
1603.602;397.354370117188;0
1605.523;304.325073242187;0
1607.438;573.355102539063;0
1609.354;644.774963378906;0
1611.269;903.910583496094;0
1613.181;760.540466308594;0
1615.096;763.782043457031;0
1617.008;544.63525390625;0
1618.92;655.422424316406;0
1620.83;788.049621582031;0
1622.74;970.516723632812;0
1624.649;856.765747070313;0
1626.557;569.680908203125;0
1628.464;586.371337890625;0
1630.37;751.786071777344;0
1632.275;960.431823730469;0
1634.18;956.443176269531;0
1636.085;954.793334960938;0
1637.988;1070.88452148438;0
1639.888;1076.66394042969;0
1641.791;1137.26501464844;0
1643.691;1116.91027832031;0
1645.588;1079.04956054687;0
1647.489;1121.7900390625;0
1649.387;1049.01989746094;0
1651.284;1200.40649414063;0
1653.18;1039.39685058594;0
1655.075;1240.99255371094;0
1656.972;1407.19384765625;0
1658.864;1657.107421875;0
1660.754;1631.62231445313;0
1662.65;1433.85192871094;0
1664.539;1342.79992675781;0
1666.428;1319.4228515625;0
1668.32;1308.8779296875;0
1670.207;1343.72131347656;0
1672.096;1292.50390625;0
1673.982;1319.36120605469;0
1675.867;1282.66516113281;0
1677.754;1328.24133300781;0
1679.638;1227.09033203125;0
1681.52;1133.3232421875;0
1683.403;793.275939941406;0
1685.285;604.837280273438;0
1687.166;459.673950195313;0
1689.048;684.043029785156;0
1690.924;829.243041992188;0
1692.804;1058.83142089844;0
1694.682;976.150817871094;0
1696.558;1104.97900390625;0
1698.435;931.87158203125;0
1700.308;920.050720214844;0
1702.184;775.405395507813;0
1704.057;858.824340820313;0
1705.929;774.418823242187;0
1707.801;786.077697753906;0
1709.674;602.911987304688;0
1711.542;756.032897949219;0
1713.412;843.884826660156;0
1715.28;911.134460449219;0
1717.145;865.226257324219;0
1719.015;726.59521484375;0
1720.88;681.910827636719;0
1722.746;375.620147705078;0
1724.61;281.049774169922;0
1726.471;274.131225585938;0
1728.334;455.304229736328;0
1730.197;456.758087158203;0
1732.057;435.037170410156;0
1733.919;380.255767822266;0
1735.777;447.899658203125;0
1737.634;407.82192993164;0
1739.493;467.978332519531;0
1741.349;371.752990722656;0
1743.205;373.091369628906;0
1745.061;428.288177490235;0
1746.915;522.798461914063;0
1748.77;761.71142578125;0
1750.621;820.013427734375;0
1752.473;823.370544433594;0
1754.323;629.443298339844;0
1756.173;611.779724121094;0
1758.022;631.600341796875;0
1759.87;635.346374511719;0
1761.718;439.350372314453;0
1763.566;459.121124267578;0
1765.411;511.48764038086;0
1767.256;503.737884521485;0
1769.101;555.694458007813;0
1770.945;660.542907714844;0
1772.787;1027.41760253906;0
1774.629;944.206909179688;0
1776.469;980.577453613281;0
1778.309;750.415283203125;0
1780.15;767.49755859375;0
1781.987;592.498291015625;0
1783.826;482.089202880859;0
1785.662;537.024475097656;0
1787.498;638.439025878906;0
1789.334;761.777160644531;0
1791.169;802.038940429687;0
1793.002;828.444274902344;0
1794.834;927.326049804687;0
1796.667;895.128784179688;0
1798.498;941.039733886719;0
1800.328;968.205017089844;0
1802.157;932.733764648438;0
1803.986;967.838806152344;0
1805.813;1037.52026367188;0
1807.639;1167.55578613281;0
1809.467;1206.056640625;0
1811.292;1144.35607910156;0
1813.117;1166.34289550781;0
1814.94;1166.90600585938;0
1816.763;1117.26782226562;0
1818.585;1101.31701660156;0
1820.407;1020.27600097656;0
1822.227;1136.92236328125;0
1824.048;1069.36730957031;0
1825.865;1066.51025390625;0
1827.683;760.908874511719;0
1829.501;581.341186523438;0
1831.317;330.362670898438;0
1833.135;385.528839111328;0
1834.948;178.679641723633;0
1836.761;290.67724609375;0
1838.577;411.769317626953;0
1840.388;694.788208007813;0
1842.198;624.730834960938;0
1844.009;639.888793945313;0
1845.819;673.299194335938;0
1847.629;679.524230957031;0
1849.436;369.016693115234;0
1851.244;230.547470092773;0
1853.052;282.387359619141;0
1854.858;378.170501708984;0
1856.661;435.572998046875;0
1858.466;642.572326660156;0
1860.269;719.279479980469;0
1862.073;840.578308105469;0
1863.875;648.021667480469;0
1865.673;647.054016113281;0
1867.476;517.008666992188;0
1869.275;359.663360595703;0
1871.072;445.472015380859;0
1872.872;600.460021972656;0
1874.667;649.408020019531;0
1876.464;697.048522949219;0
1878.26;746.524719238281;0
1880.053;757.36767578125;0
1881.849;587.575622558594;0
1883.64;465.148651123047;0
1885.431;612.394714355469;0
1887.226;687.116088867188;0
1889.014;568.309814453125;0
1890.803;569.821228027344;0
1892.594;649.823425292969;0
1894.38;922.29296875;0
1896.167;936.116882324219;0
1897.955;950.662292480469;0
1899.74;847.897338867188;0
1901.526;863.48876953125;0
1903.309;924.776000976562;0
1905.091;873.536865234375;0
1906.876;840.215759277344;0
1908.658;580.368286132813;0
1910.438;512.438842773438;0
1912.217;448.760803222656;0
1913.996;464.778564453125;0
1915.775;500.381042480469;0
1917.553;572.013977050781;0
1919.33;719.352172851562;0
1921.106;779.5068359375;0
1922.881;710.813415527344;0
1924.655;682.271850585938;0
1926.431;716.326599121094;0
1928.202;652.644348144531;0
1929.974;516.559936523438;0
1931.746;561.843322753906;0
1933.516;718.047729492187;0
1935.286;748.284301757812;0
1937.055;647.330749511719;0
1938.823;614.415222167969;0
1940.592;676.877624511719;0
1942.356;734.527282714844;0
1944.122;896.271911621094;0
1945.888;1018.94573974609;0
1947.651;1034.99499511719;0
1949.416;737.975158691406;0
1951.178;588.662902832031;0
1952.939;475.384765625;0
1954.699;544.021789550781;0
1956.459;653.57568359375;0
1958.219;658.350219726562;0
1959.979;826.828369140625;0
1961.735;909.840576171875;0
1963.491;1115.55358886719;0
1965.249;957.300659179688;0
1967.003;1120.65222167969;0
1968.761;1139.72900390625;0
1970.512;1336.08862304687;0
1972.265;1331.17565917969;0
1974.018;1284.32458496094;0
1975.769;1302.23913574219;0
1977.522;1088.50817871094;0
1979.271;889.955017089844;0
1981.018;568.358520507813;0
1982.766;257.385345458984;0
1984.516;316.702178955078;0
1986.261;404.642364501953;0
1988.009;535.872497558594;0
1989.754;472.640197753906;0
1991.498;421.921966552734;0
1993.241;540.286865234375;0
1994.984;466.441833496094;0
1996.727;291.126068115234;0
1998.468;92.117301940918;0
2000.206;86.8618927001953;0
2001.946;296.495422363281;0
2003.686;553.880432128906;0
2005.424;572.016906738281;0
2007.161;641.009887695312;0
2008.898;641.750427246094;0
2010.634;768.357177734375;0
2012.369;794.496887207031;0
2014.103;674.947326660156;0
2015.836;618.152954101563;0
2017.57;707.671875;0
2019.299;715.173645019531;0
2021.032;671.546875;0
2022.762;497.340087890625;0
2024.491;584.886474609375;0
2026.221;704.072875976563;0
2027.947;763.899291992188;0
2029.676;652.588012695313;0
2031.403;773.361206054688;0
2033.128;733.550659179688;0
2034.852;852.709289550781;0
2036.577;680.059326171875;0
2038.299;799.157104492188;0
2040.022;738.335876464844;0
2041.744;545.481262207031;0
2043.465;475.813232421875;0
2045.184;399.001312255859;0
2046.903;550.277526855469;0
2048.621;492.53173828125;0
2050.339;554.207824707031;0
2052.057;413.416778564453;0
2053.774;315.603149414063;0
2055.488;88.2113571166992;0
2057.203;169.88688659668;0
2058.917;234.096847534179;0
2060.631;262.178924560547;0
2062.344;209.247085571289;0
2064.053;185.857986450195;0
2065.765;327.036254882813;0
2067.476;417.914764404297;0
2069.185;507.329559326172;0
2070.892;664.941528320313;0
2072.6;829.416198730469;0
2074.308;817.86572265625;0
2076.014;764.737976074219;0
2077.72;691.923767089844;0
2079.425;699.201782226563;0
2081.13;640.237426757813;0
2082.833;476.141845703125;0
2084.532;468.693878173828;0
2086.236;396.894622802734;0
2087.936;434.000305175781;0
2089.635;419.539520263672;0
2091.335;464.181518554688;0
2093.034;515.70263671875;0
2094.731;471.091033935547;0
2096.427;474.235046386719;0
2098.124;646.246765136719;0
2099.82;909.346008300781;0
2101.515;1093.64440917969;0
2103.207;1044.63952636719;0
2104.902;1084.3896484375;0
2106.594;1116.33923339844;0
2108.286;1244.15490722656;0
2109.976;1234.17468261719;0
2111.667;1224.83544921875;0
2113.355;1221.58154296875;0
2115.044;1212.96850585938;0
2116.732;1124.10754394531;0
2118.42;1134.73986816406;0
2120.105;1242.578125;0
2121.79;1419.31567382813;0
2123.476;1544.28442382813;0
2125.16;1557.56713867188;0
2126.844;1622.94165039063;0
2128.524;1607.7412109375;0
2130.207;1599.43579101563;0
2131.888;1604.16943359375;0
2133.567;1550.88366699219;0
2135.247;1495.91186523438;0
2136.927;1487.36511230469;0
2138.603;1534.31921386719;0
2140.281;1536.63732910156;0
2141.957;1557.82165527344;0
2143.633;1453.42346191406;0
2145.308;1587.21801757813;0
2146.981;1586.53295898438;0
2148.654;1704.14880371094;0
2150.328;1561.40283203125;0
2152;1514.51965332031;0
2153.669;1505.05480957031;0
2155.34;1449.23046875;0
2157.01;1462.40270996094;0
2158.677;1309.99096679688;0
2160.347;1411.09790039063;0
2162.013;1379.49829101563;0
2163.681;1532.30212402344;0
2165.347;1466.30407714844;0
2167.011;1361.25891113281;0
2168.674;1222.02380371094;0
2170.337;1175.18786621094;0
2172.002;1150.63879394531;0
2173.662;1146.59777832031;0
2175.324;1064.83813476563;0
2176.985;1015.80249023438;0
2178.645;868.378479003906;0
2180.304;807.678771972656;0
2181.961;1056.92565917969;0
2183.618;1300.00805664063;0
2185.275;1241.48181152344;0
2186.932;1141.31408691406;0
2188.586;1200.66662597656;0
2190.242;1637.21826171875;0
2191.896;1522.29821777344;0
2193.547;1564.76391601563;0
2195.2;1493.28088378906;0
2196.851;1703.95947265625;0
2198.502;1606.8017578125;0
2200.153;1410.47436523438;0
2201.799;1394.20166015625;0
2203.447;1319.20593261719;0
2205.097;1373.64135742188;0
2206.742;1278.36437988281;0
2208.391;1210.03100585938;0
2210.035;1247.86364746094;0
2211.679;1259.19580078125;0
2213.324;1252.30297851563;0
2214.966;1214.34033203125;0
2216.608;1015.49676513672;0
2218.252;1035.39013671875;0
2219.89;876.629089355469;0
2221.531;1049.10314941406;0
2223.172;1141.84033203125;0
2224.809;1182.50756835938;0
2226.449;1054.2158203125;0
2228.086;1004.83911132813;0
2229.72;1163.90808105469;0
2231.358;1216.81555175781;0
2232.992;1124.50866699219;0
2234.625;859.264953613281;0
2236.26;945.492431640625;0
2237.893;1011.06805419922;0
2239.524;1318.10327148438;0
2241.156;1182.91821289063;0
2242.785;1256.05432128906;0
2244.416;1220.06433105469;0
2246.044;1385.58227539063;0
2247.672;1392.60424804688;0
2249.301;1298.12927246094;0
2250.926;1378.71398925781;0
2252.554;1271.3037109375;0
2254.177;1399.30798339844;0
2255.803;1324.96276855469;0
2257.427;1445.04724121094;0
2259.051;1398.22912597656;0
2260.671;1070.29260253906;0
2262.294;908.866760253906;0
2263.914;755.8427734375;0
2265.533;975.296875;0
2267.153;1046.97351074219;0
2268.773;1159.42932128906;0
2270.392;1175.55456542969;0
2272.006;1151.68371582031;0
2273.624;1213.25988769531;0
2275.239;1375.28454589844;0
2276.854;1476.978515625;0
2278.468;1424.00842285156;0
2280.084;1359.26330566406;0
2281.695;1251.07727050781;0
2283.305;1171.70556640625;0
2284.919;829.726806640625;0
2286.527;838.160339355469;0
2288.14;895.789916992188;0
2289.748;1193.17712402344;0
2291.354;1240.54064941406;0
2292.964;1203.92297363281;0
2294.569;1302.80017089844;0
2296.174;1265.21252441406;0
2297.782;1227.82556152344;0
2299.386;1000.08471679688;0
2300.99;777.849487304688;0
2302.594;849.585510253906;0
2304.195;899.74267578125;0
2305.798;1017.54364013672;0
2307.399;855.877319335938;0
2308.998;645.24609375;0
2310.598;568.350036621094;0
2312.197;643.45947265625;0
2313.795;864.177673339844;0
2315.392;1123.4169921875;0
2316.988;1247.39965820313;0
2318.585;1453.23669433594;0
2320.18;1428.03930664063;0
2321.774;1363.13928222656;0
2323.368;1208.63745117188;0
2324.961;1225.30456542969;0
2326.553;1048.58483886719;0
2328.145;1108.8701171875;0
2329.735;1037.98840332031;0
2331.324;1192.79711914063;0
2332.916;1037.11157226563;0
2334.503;726.655578613281;0
2336.092;648.928161621094;0
2337.677;741.648132324219;0
2339.263;1001.94427490234;0
2340.85;1104.26159667969;0
2342.434;1052.74401855469;0
2344.018;1022.05682373047;0
2345.602;860.439025878906;0
2347.185;739.372009277344;0
2348.768;657.444030761719;0
2350.347;714.530212402344;0
2351.928;750.184997558594;0
2353.51;612.184936523438;0
2355.087;510.402709960938;0
2356.665;383.049926757813;0
2358.243;272.011932373047;0
2359.819;326.509826660156;0
2361.396;369.774230957031;0
2362.972;547.810607910156;0
2364.547;551.608703613281;0
2366.121;522.168395996094;0
2367.694;511.169799804688;0
2369.267;533.882141113281;0
2370.839;357.970886230469;0
2372.411;414.435485839844;0
2373.982;419.059387207031;0
2375.55;772.288269042969;0
2377.118;621.753479003906;0
2378.687;554.728515625;0
2380.254;498.781982421875;0
2381.821;757.700988769531;0
2383.387;816.848083496094;0
2384.954;794.009765625;0
2386.516;812.587707519531;0
2388.082;947.054321289063;0
2389.644;957.425964355469;0
2391.209;988.147155761719;0
2392.769;739.083618164063;0
2394.33;875.776062011719;0
2395.892;916.696899414063;0
2397.449;1022.95745849609;0
2399.008;1020.66918945313;0
2400.568;930.608459472656;0
2402.125;777.883544921875;0
2403.68;639.193359375;0
2405.238;572.111877441406;0
2406.792;707.813354492188;0
2408.349;834.860107421875;0
2409.902;871.807739257813;0
2411.455;1007.21173095703;0
2413.007;1095.21508789063;0
2414.558;1222.52880859375;0
2416.11;1251.37524414063;0
2417.66;1189.19909667969;0
2419.21;1122.44445800781;0
2420.758;1121.32897949219;0
2422.307;1077.85717773438;0
2423.855;1022.35479736328;0
2425.402;922.821105957031;0
2426.947;843.463195800781;0
2428.492;772.017456054688;0
2430.038;658.445495605469;0
2431.58;625.951843261719;0
2433.124;766.232788085938;0
2434.667;718.699951171875;0
2436.208;658.799133300781;0
2437.75;767.954895019531;0
2439.291;899.294128417969;0
2440.83;981.816955566406;0
2442.369;960.856872558594;0
2443.906;1019.96954345703;0
2445.444;1195.82177734375;0
2446.981;1130.97900390625;0
2448.517;1169.33703613281;0
2450.053;1087.67614746094;0
2451.587;823.551879882813;0
2453.12;994.510314941406;0
2454.655;909.654846191406;0
2456.187;1141.43786621094;0
2457.718;934.307006835938;0
2459.25;895.920349121094;0
2460.781;729.121643066406;0
2462.31;639.242980957031;0
2463.84;755.949462890625;0
2465.368;837.126586914063;0
2466.896;913.659301757813;0
2468.423;827.213806152344;0
2469.949;1033.24658203125;0
2471.474;1168.931640625;0
2472.998;1360.03503417969;0
2474.522;1164.99609375;0
2476.045;1170.58703613281;0
2477.568;1079.02954101563;0
2479.09;1199.82019042969;0
2480.612;1180.12377929688;0
2482.132;1052.49475097656;0
2483.653;1035.50378417969;0
2485.171;1055.7080078125;0
2486.689;1434.80322265625;0
2488.208;1549.45666503906;0
2489.725;1610.66711425781;0
2491.242;1619.88037109375;0
2492.757;1690.20568847656;0
2494.271;1519.86047363281;0
2495.785;1413.17565917969;0
2497.3;1404.92895507813;0
2498.812;1605.56506347656;0
2500.325;1391.75048828125;0
2501.837;1132.81848144531;0
2503.345;820.535949707031;0
2504.856;768.594787597656;0
2506.366;832.505615234375;0
2507.875;936.494934082031;0
2509.382;920.957824707031;0
2510.889;791.605834960938;0
2512.397;555.283020019531;0
2513.901;364.435241699219;0
2515.406;350.066955566406;0
2516.911;488.854461669922;0
2518.415;536.57177734375;0
2519.918;465.88427734375;0
2521.421;441.012390136719;0
2522.922;344.401031494141;0
2524.423;322.271118164063;0
2525.924;268.508392333984;0
2527.422;398.114685058594;0
2528.923;411.981079101563;0
2530.419;575.107421875;0
2531.916;562.382507324219;0
2533.415;655.028381347656;0
2534.909;385.600463867188;0
2536.404;342.765289306641;0
2537.899;57.2006759643555;0
2539.394;183.228515625;0
2540.887;287.078399658203;0
2542.38;587.7255859375;0
2543.871;379.394653320313;0
2545.363;372.331695556641;0
2546.852;452.424957275391;0
2548.345;387.116485595703;0
2549.833;226.675018310547;0
2551.321;-37.890796661377;0
2552.811;334.229705810547;0
2554.296;483.842041015625;0
2555.78;574.502868652344;0
2557.267;479.769622802734;0
2558.752;472.014129638672;0
2560.237;352.501831054688;0
2561.721;249.673233032227;0
2563.203;288.349151611328;0
2564.687;440.930755615234;0
2566.168;339.303619384766;0
2567.648;215.913787841797;0
2569.129;53.3667335510254;0
2570.607;200.118453979492;0
2572.086;454.494232177734;0
2573.565;775.176452636719;0
2575.041;975.168762207031;0
2576.518;1021.58184814453;0
2577.994;1151.79907226563;0
2579.469;1336.93322753906;0
2580.945;1496.1015625;0
2582.418;1332.53405761719;0
2583.892;1267.90246582031;0
2585.365;1146.65258789062;0
2586.835;1192.67529296875;0
2588.307;1200.35559082031;0
2589.778;1060.26086425781;0
2591.248;1072.1337890625;0
2592.717;1076.35083007813;0
2594.186;961.957214355469;0
2595.652;1043.39208984375;0
2597.121;777.038269042969;0
2598.585;998.183349609375;0
2600.052;1018.98492431641;0
2601.518;1142.88537597656;0
2602.982;1253.43701171875;0
2604.446;1195.08361816406;0
2605.907;1371.05151367188;0
2607.371;1324.67553710938;0
2608.83;1466.84558105469;0
2610.293;1415.11596679688;0
2611.752;1360.70947265625;0
2613.213;1451.62829589844;0
2614.672;1523.42846679688;0
2616.13;1709.33276367188;0
2617.587;1549.78588867188;0
2619.043;1738.78833007813;0
2620.501;1603.11828613281;0
2621.957;1635.77624511719;0
2623.409;1421.6513671875;0
2624.864;1500.39965820313;0
2626.318;1407.25476074219;0
2627.771;1382.70263671875;0
2629.222;1344.21240234375;0
2630.673;1473.07885742188;0
2632.124;1578.15832519531;0
2633.575;1658.908203125;0
2635.023;1487.13330078125;0
2636.473;1338.0341796875;0
2637.922;1290.5390625;0
2639.368;1447.98303222656;0
2640.816;1488.44470214844;0
2642.261;1456.7001953125;0
2643.705;1158.41455078125;0
2645.151;1055.99365234375;0
2646.596;953.171691894531;0
2648.037;1073.73034667969;0
2649.48;835.514099121094;0
2650.923;833.565734863281;0
2652.364;769.8876953125;0
2653.804;969.700256347656;0
2655.243;819.953125;0
2656.683;972.300170898438;0
2658.121;890.643920898438;0
2659.559;908.63427734375;0
2660.997;792.5546875;0
2662.433;1050.84790039063;0
2663.868;1310.57580566406;0
2665.305;1311.9638671875;0
2666.737;1259.45678710938;0
2668.173;1236.49914550781;0
2669.606;1282.53552246094;0
2671.038;1274.12133789062;0
2672.47;1068.36791992187;0
2673.901;826.336181640625;0
2675.331;740.474426269531;0
2676.761;700.221435546875;0
2678.189;745.133911132813;0
2679.619;523.317077636719;0
2681.045;466.549530029297;0
2682.473;520.158569335938;0
2683.9;644.315368652344;0
2685.324;559.45556640625;0
2686.749;454.285125732422;0
2688.176;342.518371582031;0
2689.599;330.534149169922;0
2691.021;416.424499511719;0
2692.444;536.189025878906;0
2693.865;550.560913085938;0
2695.287;371.877838134766;0
2696.707;269.254150390625;0
2698.125;317.357818603515;0
2699.545;511.5234375;0
2700.963;529.639526367188;0
2702.381;628.041442871094;0
2703.798;611.062683105469;0
2705.214;713.149719238281;0
2706.629;666.302978515625;0
2708.046;785.855285644531;0
2709.458;785.139587402344;0
2710.872;874.575012207031;0
2712.285;855.110473632812;0
2713.699;718.00634765625;0
2715.111;556.641296386719;0
2716.52;471.308349609375;0
2717.93;518.908020019531;0
2719.342;524.479064941406;0
2720.749;428.160034179688;0
2722.159;572.976806640625;0
2723.565;661.185119628906;0
2724.971;732.010192871094;0
2726.38;718.231872558594;0
2727.785;720.06298828125;0
2729.19;930.388549804687;0
2730.594;944.871398925781;0
2731.997;1054.95715332031;0
2733.401;1018.97637939453;0
2734.803;979.70849609375;0
2736.204;1045.935546875;0
2737.606;1162.662109375;0
2739.005;1289.33618164062;0
2740.405;1265.96362304687;0
2741.806;1255.87951660156;0
2743.202;1266.42224121094;0
2744.602;1423.03491210937;0
2745.998;1391.1640625;0
2747.395;1373.14721679688;0
2748.79;1213.541015625;0
2750.185;1147.34423828125;0
2751.58;1187.33312988281;0
2752.975;1177.06372070313;0
2754.366;1279.2041015625;0
2755.759;1220.08337402344;0
2757.151;1311.58422851563;0
2758.542;1357.80261230469;0
2759.933;1598.86962890625;0
2761.322;1668.8935546875;0
2762.71;1697.10412597656;0
2764.1;1609.16796875;0
2765.486;1493.98010253906;0
2766.875;1425.81213378906;0
2768.26;1326.33801269531;0
2769.646;1364.62768554688;0
2771.031;1292.63696289063;0
2772.418;1260.87780761719;0
2773.799;1272.25817871094;0
2775.184;1425.55480957031;0
2776.565;1452.14514160156;0
2777.946;1605.91577148437;0
2779.328;1610.86364746094;0
2780.708;1653.65246582031;0
2782.09;1704.50146484375;0
2783.469;1817.52368164062;0
2784.847;1930.83032226563;0
2786.226;1892.42114257813;0
2787.603;1891.51647949219;0
2788.978;1891.22534179688;0
2790.355;1830.43859863281;0
2791.731;1743.93273925781;0
2793.104;1765.39916992187;0
2794.479;1676.99768066406;0
2795.853;1548.1474609375;0
2797.225;1463.05725097656;0
2798.596;1514.17492675781;0
2799.967;1513.52197265625;0
2801.341;1291.59814453125;0
2802.71;1053.44421386719;0
2804.077;760.209533691406;0
2805.447;750.715942382812;0
2806.815;719.406677246094;0
2808.183;755.619079589844;0
2809.551;677.91943359375;0
2810.915;708.201599121094;0
2812.282;755.248413085938;0
2813.646;750.059997558594;0
2815.011;783.418151855469;0
2816.375;725.985229492187;0
2817.736;747.960815429688;0
2819.099;582.363952636719;0
2820.462;446.080413818359;0
2821.821;486.439025878906;0
2823.182;505.550170898438;0
2824.542;725.187683105469;0
2825.901;795.594848632813;0
2827.261;894.8994140625;0
2828.617;846.076293945312;0
2829.974;770.832824707031;0
2831.33;823.390380859375;0
2832.686;787.971069335938;0
2834.043;786.461730957031;0
2835.395;761.192321777344;0
2836.75;853.387817382813;0
2838.104;869.527160644531;0
2839.456;834.069458007813;0
2840.807;834.459228515625;0
2842.16;888.431091308594;0
2843.509;940.969116210938;0
2844.858;927.304321289063;0
2846.209;851.037475585937;0
2847.556;731.219482421875;0
2848.906;736.90380859375;0
2850.253;822.091552734375;0
2851.6;760.552551269531;0
2852.946;724.282897949219;0
2854.29;530.414184570313;0
2855.635;541.898559570312;0
2856.98;410.851593017578;0
2858.323;434.6923828125;0
2859.665;376.202911376953;0
2861.008;434.319519042969;0
2862.349;567.064575195313;0
2863.691;688.998046875;0
2865.031;671.321594238281;0
2866.37;645.109313964844;0
2867.709;509.7216796875;0
2869.048;480.050445556641;0
2870.385;492.762176513672;0
2871.722;593.411560058594;0
2873.059;766.332702636719;0
2874.394;720.630065917969;0
2875.73;803.684265136719;0
2877.064;740.037841796875;0
2878.398;774.753173828125;0
2879.731;779.596984863281;0
2881.063;911.954528808594;0
2882.395;923.174743652344;0
2883.727;990.752136230469;0
2885.059;1029.0771484375;0
2886.387;1248.92980957031;0
2887.717;1283.75146484375;0
2889.046;1339.76525878906;0
2890.374;1268.193359375;0
2891.699;1297.48034667969;0
2893.028;1161.15075683594;0
2894.354;1129.869140625;0
2895.679;1142.57568359375;0
2897.004;1303.04504394531;0
2898.328;1320.41088867187;0
2899.653;1356.27587890625;0
2900.976;1380.18615722656;0
2902.297;1381.5107421875;0
2903.619;1362.41162109375;0
2904.941;1268.23352050781;0
2906.26;1145.404296875;0
2907.58;1025.05090332031;0
2908.898;989.394958496094;0
2910.217;1113.37463378906;0
2911.536;1100.56909179688;0
2912.852;1160.0888671875;0
2914.171;1120.43640136719;0
2915.485;1251.19116210937;0
2916.799;1333.07739257812;0
2918.116;1410.96252441406;0
2919.428;1342.40405273438;0
2920.743;1286.89733886719;0
2922.056;1187.25708007813;0
2923.367;1276.74267578125;0
2924.679;1239.42077636719;0
2925.99;1403.35571289062;0
2927.299;1438.66015625;0
2928.609;1492.88110351562;0
2929.918;1448.15368652344;0
2931.226;1289.63696289062;0
2932.535;1203.41345214844;0
2933.841;1028.04968261719;0
2935.149;1098.56518554687;0
2936.455;1053.00439453125;0
2937.758;1173.69592285156;0
2939.064;1143.51916503906;0
2940.368;1168.41662597656;0
2941.67;1143.19763183594;0
2942.973;1161.48913574219;0
2944.277;1249.56945800781;0
2945.577;1249.21569824219;0
2946.878;1433.62158203125;0
2948.178;1425.34069824219;0
2949.477;1467.70861816406;0
2950.776;1353.50354003906;0
2952.073;1439.66040039063;0
2953.372;1336.68981933594;0
2954.669;1367.1025390625;0
2955.965;1327.69250488281;0
2957.261;1481.75646972656;0
2958.556;1454.27514648438;0
2959.849;1411.91455078125;0
2961.145;1429.20471191406;0
2962.436;1558.76196289063;0
2963.732;1559.77416992188;0
2965.022;1672.01892089844;0
2966.313;1618.9443359375;0
2967.603;1688.88610839844;0
2968.893;1643.95544433594;0
2970.182;1573.40563964844;0
2971.471;1496.23754882813;0
2972.759;1381.51403808594;0
2974.047;1299.36926269531;0
2975.334;1249.97924804687;0
2976.62;1148.51904296875;0
2977.907;1234.77600097656;0
2979.192;1164.82543945312;0
2980.475;1074.06030273438;0
2981.76;920.444763183594;0
2983.043;954.531311035156;0
2984.326;986.879333496094;0
2985.607;960.774169921875;0
2986.888;904.943969726562;0
2988.17;913.807739257813;0
2989.449;832.142272949219;0
2990.728;814.887817382812;0
2992.007;849.131042480469;0
2993.284;876.67333984375;0
2994.562;825.298583984375;0
2995.84;713.892700195312;0
2997.115;754.001037597656;0
2998.393;870.039978027344;0
2999.666;936.295654296875;0
3000.94;923.3212890625;0
3002.215;749.669494628906;0
3003.486;604.953063964844;0
3004.76;618.625244140625;0
3006.033;707.332763671875;0
3007.303;677.578979492188;0
3008.573;604.923217773438;0
3009.844;527.971740722656;0
3011.114;629.020751953125;0
3012.383;654.156555175781;0
3013.649;579.491027832031;0
3014.917;485.54052734375;0
3016.185;482.340698242188;0
3017.451;437.740386962891;0
3018.716;492.463195800781;0
3019.983;424.871856689453;0
3021.246;615.494873046875;0
3022.509;617.137023925781;0
3023.774;683.465087890625;0
3025.035;578.985473632813;0
3026.299;409.067413330078;0
3027.56;304.360992431641;0
3028.819;230.961090087891;0
3030.081;208.855484008789;0
3031.339;211.530883789063;0
3032.598;288.666717529297;0
3033.856;278.930999755859;0
3035.114;267.556182861328;0
3036.372;157.115234375;0
3037.628;305.444915771484;0
3038.883;324.824737548828;0
3040.138;403.659698486328;0
3041.394;425.724182128906;0
3042.646;509.12841796875;0
3043.9;487.316497802735;0
3045.152;561.582641601562;0
3046.405;583.442260742188;0
3047.657;600.633239746094;0
3048.906;637.930480957031;0
3050.158;626.776611328125;0
3051.407;770.056945800781;0
3052.656;762.106201171875;0
3053.904;932.590454101563;0
3055.153;933.729248046875;0
3056.398;938.411682128906;0
3057.647;827.318542480469;0
3058.892;872.05712890625;0
3060.137;948.739440917969;0
3061.382;1102.03088378906;0
3062.625;1191.59936523437;0
3063.869;1208.72106933594;0
3065.112;1011.37188720703;0
3066.353;1001.33044433594;0
3067.595;939.573547363281;0
3068.838;1143.55737304688;0
3070.075;1230.81579589844;0
3071.317;1337.76098632812;0
3072.557;1379.41906738281;0
3073.795;1351.09204101562;0
3075.032;1289.53295898438;0
3076.27;1308.42651367188;0
3077.507;1263.71337890625;0
3078.742;1353.58947753906;0
3079.978;1292.98828125;0
3081.212;1272.794921875;0
3082.446;1214.36804199219;0
3083.681;1119.16357421875;0
3084.913;1155.52954101563;0
3086.147;1198.02612304687;0
3087.38;1334.98425292969;0
3088.61;1339.84851074219;0
3089.84;1226.2861328125;0
3091.071;1142.85461425781;0
3092.3;1125.44519042969;0
3093.529;1170.56274414063;0
3094.755;1188.09790039062;0
3095.984;1291.49633789063;0
3097.211;1350.64868164062;0
3098.438;1362.60522460938;0
3099.663;1222.880859375;0
3100.888;1325.8544921875;0
3102.112;1315.18359375;0
3103.335;1418.953125;0
3104.56;1286.03198242187;0
3105.782;1303.62915039063;0
3107.005;1254.25390625;0
3108.226;1309.34143066406;0
3109.447;1241.51306152344;0
3110.667;1091.30444335937;0
3111.887;1056.54968261719;0
3113.104;1073.05773925781;0
3114.324;1150.93420410156;0
3115.541;1166.29016113281;0
3116.758;1175.12731933594;0
3117.976;1090.486328125;0
3119.192;1020.18756103516;0
3120.408;979.493835449219;0
3121.622;1025.29699707031;0
3122.835;1012.82183837891;0
3124.05;1021.18627929688;0
3125.262;1002.27990722656;0
3126.476;1047.81884765625;0
3127.687;1015.71087646484;0
3128.897;1079.96411132812;0
3130.108;1132.61413574219;0
3131.319;1190.46997070313;0
3132.528;1215.45751953125;0
3133.737;1196.80541992188;0
3134.945;1170.62524414062;0
3136.152;1068.30908203125;0
3137.358;1082.8828125;0
3138.565;1074.0126953125;0
3139.772;1089.49951171875;0
3140.976;1054.99853515625;0
3142.18;1011.09069824219;0
3143.385;964.258972167969;0
3144.588;868.263732910156;0
3145.79;892.469665527344;0
3146.993;874.793151855469;0
3148.194;811.106079101562;0
3149.395;749.691284179688;0
3150.596;787.797302246094;0
3151.794;761.436401367187;0
3152.994;690.356567382813;0
3154.193;550.221496582031;0
3155.39;458.418365478516;0
3156.587;434.116180419922;0
3157.784;525.914184570313;0
3158.982;592.81396484375;0
3160.177;498.151184082031;0
3161.37;375.259307861328;0
3162.565;298.138214111328;0
3163.759;352.118103027344;0
3164.952;334.309967041016;0
3166.146;332.044036865234;0
3167.337;344.206848144531;0
3168.527;398.24609375;0
3169.719;438.050598144531;0
3170.91;374.434692382813;0
3172.098;311.323547363281;0
3173.288;246.717147827148;0
3174.475;268.264495849609;0
3175.663;320.189361572266;0
3176.849;351.600860595703;0
3178.037;395.494384765625;0
3179.223;413.424560546875;0
3180.408;343.502807617188;0
3181.592;233.125122070313;0
3182.777;188.54069519043;0
3183.96;344.977569580078;0
3185.143;404.216094970703;0
3186.325;422.700225830078;0
3187.507;374.318023681641;0
3188.688;467.400146484375;0
3189.869;404.387969970703;0
3191.049;364.390930175781;0
3192.228;460.519226074219;0
3193.406;508.106903076172;0
3194.585;548.149047851563;0
3195.763;438.308532714844;0
3196.939;430.201538085938;0
3198.116;434.926422119141;0
3199.292;464.591278076172;0
3200.466;450.813751220703;0
3201.643;568.291870117188;0
3202.816;766.992004394531;0
3203.991;956.134338378906;0
3205.161;891.494689941406;0
3206.334;830.068054199219;0
3207.504;824.523681640625;0
3208.677;872.195434570313;0
3209.846;850.0849609375;0
3211.017;907.078918457031;0
3212.187;1029.39392089844;0
3213.356;936.691528320313;0
3214.524;943.185546875;0
3215.69;874.65380859375;0
3216.859;938.539367675781;0
3218.024;940.664306640625;0
3219.189;962.266235351562;0
3220.354;914.0576171875;0
3221.519;930.202209472656;0
3222.682;891.737548828125;0
3223.845;908.757446289063;0
3225.01;918.962524414062;0
3226.171;1022.29541015625;0
3227.332;1103.48840332031;0
3228.494;1203.76354980469;0
3229.655;1260.23156738281;0
3230.814;1420.78125;0
3231.973;1332.30151367188;0
3233.13;1348.68273925781;0
3234.29;1266.14709472656;0
3235.447;1308.25024414062;0
3236.605;1293.88146972656;0
3237.76;1336.14672851562;0
3238.916;1309.26708984375;0
3240.071;1321.87719726563;0
3241.224;1322.49084472656;0
3242.381;1301.4482421875;0
3243.532;1267.64672851563;0
3244.685;1235.14416503906;0
3245.839;1201.4970703125;0
3246.99;1109.59912109375;0
3248.141;955.565185546875;0
3249.292;1030.06518554688;0
3250.439;1060.87646484375;0
3251.589;1108.55493164062;0
3252.739;1143.54772949219;0
3253.886;1011.19122314453;0
3255.034;967.706604003906;0
3256.18;814.426513671875;0
3257.326;794.89892578125;0
3258.472;850.126831054688;0
3259.617;862.382080078125;0
3260.761;887.389892578125;0
3261.905;882.755187988281;0
3263.048;905.74169921875;0
3264.19;936.502746582031;0
3265.333;991.315856933594;0
3266.475;952.2587890625;0
3267.617;1021.26495361328;0
3268.757;983.292663574219;0
3269.896;1139.93359375;0
3271.036;1056.56457519531;0
3272.175;1039.73852539063;0
3273.313;932.457458496094;0
3274.449;987.395324707031;0
3275.586;983.883117675781;0
3276.722;963.255432128906;0
3277.859;968.833129882812;0
3278.993;937.20068359375;0
3280.13;879.455078125;0
3281.263;794.717163085938;0
3282.395;862.351135253906;0
3283.529;981.924743652344;0
3284.66;1106.23083496094;0
3285.794;1075.39294433594;0
3286.924;1018.07513427734;0
3288.054;984.996520996094;0
3289.185;898.2041015625;0
3290.313;741.762390136719;0
3291.443;710.337890625;0
3292.571;697.71044921875;0
3293.698;817.991394042969;0
3294.824;760.292114257813;0
3295.952;756.390686035156;0
3297.077;720.957092285156;0
3298.203;731.662902832031;0
3299.328;826.508605957031;0
3300.45;819.827819824219;0
3301.574;805.908447265625;0
3302.698;704.790649414062;0
3303.819;799.51171875;0
3304.942;790.710266113281;0
3306.064;776.610168457031;0
3307.182;765.325378417969;0
3308.303;761.527221679688;0
3309.423;831.553955078125;0
3310.542;677.676086425781;0
3311.66;586.844177246094;0
3312.778;517.726623535156;0
3313.895;631.545349121094;0
3315.012;671.301025390625;0
3316.128;684.438354492188;0
3317.243;626.396057128906;0
3318.357;630.186218261719;0
3319.471;612.88134765625;0
3320.586;608.229064941406;0
3321.698;738.225708007813;0
3322.813;830.505065917969;0
3323.923;852.083740234375;0
3325.034;856.131591796875;0
3326.146;794.286743164063;0
3327.255;765.003662109375;0
3328.366;682.231201171875;0
3329.474;704.264770507813;0
3330.582;711.775085449219;0
3331.691;710.190185546875;0
3332.797;611.3603515625;0
3333.905;569.484558105469;0
3335.011;470.859039306641;0
3336.116;533.442260742188;0
3337.22;573.671875;0
3338.327;644.550842285156;0
3339.429;636.36962890625;0
3340.534;623.849304199219;0
3341.635;692.514770507813;0
3342.737;585.500061035156;0
3343.84;546.261535644531;0
3344.94;469.108245849609;0
3346.041;539.391662597656;0
3347.142;479.030059814453;0
3348.24;474.481628417969;0
3349.337;468.354858398438;0
3350.437;537.35888671875;0
3351.534;454.025299072266;0
3352.633;499.226593017578;0
3353.727;500.314788818359;0
3354.823;646.138000488281;0
3355.919;680.894592285156;0
3357.013;720.273254394531;0
3358.108;701.600646972656;0
3359.201;815.124267578125;0
3360.293;829.954467773438;0
3361.385;848.302001953125;0
3362.478;755.502136230469;0
3363.569;813.001953125;0
3364.661;802.03564453125;0
3365.75;794.364807128906;0
3366.838;693.961547851563;0
3367.929;680.155212402344;0
3369.017;795.16162109375;0
3370.105;890.3447265625;0
3371.193;936.701843261719;0
3372.279;825.193664550781;0
3373.364;855.350708007813;0
3374.45;851.399719238281;0
3375.534;924.161437988281;0
3376.62;966.743041992188;0
3377.704;1080.02307128906;0
3378.786;1044.15771484375;0
3379.871;1069.39416503906;0
3380.951;1027.4013671875;0
3382.034;1098.40112304688;0
3383.114;1019.84411621094;0
3384.195;1008.67779541016;0
3385.276;1011.02978515625;0
3386.354;1108.39965820313;0
3387.433;1121.5107421875;0
3388.511;1090.2099609375;0
3389.588;1032.00817871094;0
3390.664;1146.82153320312;0
3391.742;1173.38891601562;0
3392.816;1171.93481445313;0
3393.893;1040.69018554688;0
3394.968;1051.55615234375;0
3396.042;1083.02307128906;0
3397.115;1059.83056640625;0
3398.189;1019.20794677734;0
3399.262;965.304504394531;0
3400.333;1041.22937011719;0
3401.404;1040.49658203125;0
3402.474;975.650207519531;0
3403.545;953.931884765625;0
3404.615;922.83642578125;0
3405.685;1059.04431152344;0
3406.752;1059.89819335938;0
3407.82;1114.05798339844;0
3408.888;1141.80993652344;0
3409.955;1078.6357421875;0
3411.021;1062.93725585938;0
3412.085;1039.13037109375;0
3413.151;1047.73974609375;0
3414.215;1136.33325195313;0
3415.279;1098.04187011719;0
3416.343;1194.44018554687;0
3417.406;1081.76062011719;0
3418.468;1043.28540039063;0
3419.53;899.541442871094;0
3420.592;947.08984375;0
3421.652;923.911193847656;0
3422.712;948.807312011719;0
3423.773;807.615478515625;0
3424.83;849.694519042969;0
3425.889;903.823120117188;0
3426.946;1019.39453125;0
3428.005;1008.82928466797;0
3429.061;998.662841796875;0
3430.117;991.96923828125;0
3431.172;978.734619140625;0
3432.227;892.986206054687;0
3433.281;904.837890625;0
3434.335;926.817687988281;0
3435.389;963.654541015625;0
3436.44;926.638793945313;0
3437.492;941.066711425781;0
3438.546;935.091979980469;0
3439.598;849.887756347656;0
3440.646;766.560180664063;0
3441.697;813.011535644531;0
3442.745;794.143493652344;0
3443.793;858.848693847656;0
3444.842;837.256469726563;0
3445.891;973.019226074219;0
3446.937;998.324645996094;0
3447.984;1022.63555908203;0
3449.031;973.996276855469;0
3450.075;980.453918457031;0
3451.12;988.107788085937;0
3452.164;1011.80871582031;0
3453.207;1016.62097167969;0
3454.251;956.090026855469;0
3455.293;906.600402832031;0
3456.336;821.880554199219;0
3457.378;817.607299804688;0
3458.417;760.677429199219;0
3459.458;739.335388183594;0
3460.498;770.005798339844;0
3461.539;834.193359375;0
3462.577;842.979309082031;0
3463.614;763.214904785156;0
3464.651;778.443603515625;0
3465.689;756.982543945313;0
3466.726;738.965881347656;0
3467.763;679.1044921875;0
3468.798;700.234191894531;0
3469.831;689.490844726563;0
3470.866;799.240844726563;0
3471.9;835.566833496094;0
3472.933;877.833557128906;0
3473.966;778.668212890625;0
3474.999;758.227233886719;0
3476.029;801.2861328125;0
3477.061;889.298828125;0
3478.09;859.24462890625;0
3479.121;825.729248046875;0
3480.15;756.605895996094;0
3481.178;711.779602050781;0
3482.205;773.008178710938;0
3483.234;765.5283203125;0
3484.26;693.926208496094;0
3485.288;589.131713867188;0
3486.313;605.451232910156;0
3487.337;735.301879882813;0
3488.364;759.126892089844;0
3489.387;805.1171875;0
3490.411;740.629821777344;0
3491.434;769.544921875;0
3492.456;652.668212890625;0
3493.479;522.527221679688;0
3494.5;412.394653320313;0
3495.521;283.115997314453;0
3496.543;240.4716796875;0
3497.561;210.152938842773;0
3498.579;140.057357788086;0
3499.6;109.265617370605;0
3500.618;0.402725875377655;0
3501.636;4.35034847259521;0
3502.653;23.7451419830322;0
3503.669;11.1004009246826;0
3504.685;-55.4813575744629;0
3505.699;-37.7401504516602;0
3506.716;-34.3088722229004;0
3507.729;4.26905870437622;0
3508.743;-132.301498413086;0
3509.755;-104.840278625488;0
