98.64605;0;0
101.2353;0;0
103.8217;0;0
106.4096;14;0
108.9945;11.5111112594604;0
111.5767;50.1428565979004;0
114.1602;58.7037048339844;0
116.7409;90.5555572509766;0
119.3209;81.1965789794922;0
121.9002;22.1333332061768;0
124.4788;-53.1437911987305;0
127.0566;-120.684211730957;0
129.6317;-157.100524902344;0
132.2038;-107.033813476563;0
134.7796;-79.8133316040039;0
137.3503;8.28602409362793;0
139.9204;115.254806518555;0
142.4919;390.743743896484;0
145.0584;543.069030761719;0
147.6242;601.052368164063;0
150.1914;590.905395507813;0
152.7579;710.03564453125;0
155.3216;648.700561523438;0
157.8846;756.414733886719;0
160.4448;709.788879394531;0
163.0085;941.176147460937;0
165.5672;965.79931640625;0
168.1232;1020.19281005859;0
170.6826;962.340698242187;0
173.2372;1082.83337402344;0
175.7931;1218.40551757813;0
178.3463;1293.43127441406;0
180.8966;1414.95104980469;0
183.4504;1471.76647949219;0
185.9993;1550.791015625;0
188.5476;1526.0546875;0
191.0972;1579.70056152344;0
193.644;1634.48400878906;0
196.1859;1625.04516601563;0
198.7335;1537.03198242188;0
201.2761;1496.43884277344;0
203.8201;1513.21850585937;0
206.3593;1589.74389648437;0
208.8998;1638.80224609375;0
211.4397;1722.57629394531;0
213.9746;1831.94543457031;0
216.5109;1901.52172851563;0
219.0487;2000.48779296875;0
221.5816;2112.42749023438;0
224.1158;2284.634765625;0
226.6473;2319.54418945313;0
229.176;2398.80419921875;0
231.7082;2513.43139648438;0
234.2355;2694.15454101563;0
236.7643;2611.52172851563;0
239.2902;2428.685546875;0
241.8133;2321.78344726563;0
244.3379;2235.54809570313;0
246.8618;2373.06298828125;0
249.3828;2350.17797851563;0
251.9053;2478.9462890625;0
254.423;2403.03100585938;0
256.942;2357.82592773438;0
259.4603;2379.16479492188;0
261.9759;2435.46997070313;0
264.4887;2390.93872070313;0
267.005;2363.09326171875;0
269.5164;2316.53393554688;0
272.0292;2438.66772460938;0
274.5393;2564.39819335938;0
277.0466;2628.77490234375;0
279.5574;2763.1572265625;0
282.0654;2730.078125;0
284.5686;2688.869140625;0
287.0752;2628.61669921875;0
289.5791;2535.7919921875;0
292.0803;2493.05932617188;0
294.5828;2334.5;0
297.0826;2295.71850585938;0
299.5838;2186.71459960938;0
302.0801;2040.77685546875;0
304.5758;1848.61682128906;0
307.0749;1801.50378417969;0
309.5672;1786.68835449219;0
312.0608;1913.25329589844;0
314.5558;1908.11767578125;0
317.044;1922.56774902344;0
319.5377;1893.40869140625;0
322.0266;1974.52917480469;0
324.5127;2085.05078125;0
327.0023;2144.04321289063;0
329.4871;2102.99047851563;0
331.9691;2114.00952148438;0
334.4547;2138.3671875;0
336.9353;2235.54614257813;0
339.4174;2204.40112304688;0
341.901;2318.91528320313;0
344.3776;2432.7890625;0
346.8577;2521.16015625;0
349.333;2380.23413085938;0
351.8076;2330.97436523438;0
354.2857;2275.27807617188;0
356.7569;2298.98217773438;0
359.2296;2293.71704101563;0
361.7015;2151.40258789063;0
364.1729;2136.26196289063;0
366.6414;2057.83984375;0
369.1093;2208.95043945313;0
371.5745;2230.45434570313;0
374.0432;2126.13159179688;0
376.507;2086.53759765625;0
378.9702;1798.02172851563;0
381.4348;1709.26196289063;0
383.8947;1744.32482910156;0
386.3538;1906.65002441406;0
388.8144;2140.2607421875;0
391.2722;2185.7734375;0
393.7314;2243.42993164063;0
396.1859;2388.67260742188;0
398.6418;2508.193359375;0
401.0949;2730.93505859375;0
403.5475;2627.73193359375;0
405.9972;2490.86596679688;0
408.4505;2414.12963867188;0
410.899;2609.05493164063;0
413.3468;2726.77490234375;0
415.796;2791.109375;0
418.2405;2740.666015625;0
420.6884;2706.34326171875;0
423.1295;2598.28125;0
425.572;2435.75537109375;0
428.0159;2365.62109375;0
430.455;2292.87060546875;0
432.8956;2256.06567382813;0
435.3335;2229.9677734375;0
437.7707;2017.74499511719;0
440.2093;1982.21374511719;0
442.6432;1889.51196289063;0
445.0764;2064.48681640625;0
447.511;1960.20153808594;0
449.9429;1993.24194335938;0
452.3721;1918.09777832031;0
454.8048;1968.29479980469;0
457.2328;2039.51281738281;0
459.66;2047.17712402344;0
462.0847;2143.70654296875;0
464.5127;2176.61450195313;0
466.9381;2343.70654296875;0
469.3587;2420.90185546875;0
471.7807;2493.248046875;0
474.2042;2514.74853515625;0
476.6229;2641.40502929688;0
479.041;2640.10595703125;0
481.4604;2526.39135742188;0
483.8752;2278.39013671875;0
486.2934;2134.68286132813;0
488.7068;2065.07397460938;0
491.1197;1981.61462402344;0
493.5339;1966.06274414062;0
495.9435;1878.072265625;0
498.3544;1841.25341796875;0
500.7667;1780.76110839844;0
503.1723;1943.95056152344;0
505.5793;1890.36181640625;0
507.9856;1789.01550292969;0
510.3913;1536.44543457031;0
512.7944;1433.01550292969;0
515.1968;1308.58666992187;0
517.5986;1285.53356933594;0
519.9997;1388.78649902344;0
522.3982;1417.52185058594;0
524.798;1399.24060058594;0
527.1973;1379.87426757813;0
529.5919;1548.25219726562;0
531.9899;1513.7373046875;0
534.3832;1736.55688476563;0
536.7758;1698.02770996094;0
539.1699;1907.72827148437;0
541.5593;1652.54187011719;0
543.9481;1671.01379394531;0
546.3382;1602.98742675781;0
548.7257;1599.25170898438;0
551.1146;1740.12145996094;0
553.4968;1826.41809082031;0
555.8824;2026.45385742188;0
558.2675;1889.66394042969;0
560.6478;1965.07568359375;0
563.0295;1917.0078125;0
565.4106;1983.79602050781;0
567.7911;1792.66430664063;0
570.169;1800.376953125;0
572.5462;1717.82629394531;0
574.9229;1806.10974121094;0
577.2968;1582.55505371094;0
579.6721;1658.52392578125;0
582.0449;1647.43078613281;0
584.417;1721.83117675781;0
586.7885;1471.00134277344;0
589.1553;1403.78344726563;0
591.5255;1423.65185546875;0
593.8931;1433.71337890625;0
596.2601;1384.26916503906;0
598.6265;1272.93872070313;0
600.9902;1269.85034179687;0
603.3554;1262.09777832031;0
605.7179;1159.92639160156;0
608.0778;1159.23352050781;0
610.4391;1067.14953613281;0
612.7977;1224.01989746094;0
615.1558;1333.69250488281;0
617.5132;1593.97875976563;0
619.8701;1611.84375;0
622.2263;1556.62890625;0
624.5779;1649.32214355469;0
626.9308;1873.13269042969;0
629.2852;2044.93566894531;0
631.6349;2080.65576171875;0
633.9841;2233.17578125;0
636.3326;2244.64331054688;0
638.6805;2312.59423828125;0
641.0279;2087.91186523438;0
643.3746;2164.47973632813;0
645.7187;2109.64135742188;0
648.0621;2091.61352539063;0
650.405;1836.72631835938;0
652.7453;1902.453125;0
655.087;2019.79370117187;0
657.426;2117.39428710938;0
659.7645;2011.94958496094;0
662.1024;1878.94689941406;0
664.4376;1809.22326660156;0
666.7742;1795.49926757812;0
669.1063;1788.78186035156;0
671.4398;1957.80310058594;0
673.7726;1973.83801269531;0
676.1048;1917.123046875;0
678.4324;1825.50341796875;0
680.7635;1687.865234375;0
683.0919;1644.37548828125;0
685.4158;1571.64929199219;0
687.743;1594.44226074219;0
690.0696;1614.58959960938;0
692.3937;1769.11157226563;0
694.7151;1706.87219238281;0
697.038;1879.37255859375;0
699.3583;1797.15698242188;0
701.6779;2013.23474121094;0
703.995;1951.38708496094;0
706.3155;1904.16711425781;0
708.6294;1748.69348144531;0
710.9467;1731.74279785156;0
713.2594;1807.9345703125;0
715.5735;1668.41540527344;0
717.887;1610.93298339844;0
720.1979;1726.72875976563;0
722.5083;2104.43334960938;0
724.818;2145.86743164063;0
727.1252;1920.69396972656;0
729.4357;1679.65246582031;0
731.7418;1629.63330078125;0
734.0452;1767.31530761719;0
736.35;1835.23608398437;0
738.6522;1835.28833007813;0
740.9539;1704.25073242188;0
743.2569;1610.2373046875;0
745.5554;1704.49304199219;0
747.8553;1808.22290039062;0
750.1545;1863.26721191406;0
752.4513;1779.89953613281;0
754.7474;1495.97009277344;0
757.043;1239.29150390625;0
759.336;1151.39904785156;0
761.6304;1142.41320800781;0
763.9222;1144.45776367187;0
766.2114;827.102111816406;0
768.5041;777.08837890625;0
770.7922;654.975891113281;0
773.0777;901.827209472656;0
775.3647;1038.79943847656;0
777.651;1382.81591796875;0
779.9368;1293.5048828125;0
782.22;1308.26892089844;0
784.5026;1230.03723144531;0
786.7847;1416.80883789063;0
789.0662;1422.20043945313;0
791.3451;1404.53649902344;0
793.6254;1403.32922363281;0
795.9012;1535.04907226563;0
798.1784;1659.40832519531;0
800.455;1776.00952148438;0
802.7291;1753.86206054687;0
805.0026;1739.82263183594;0
807.2755;1914.49365234375;0
809.5478;1880.66052246094;0
811.8176;1873.97338867188;0
814.0869;1914.24267578125;0
816.3535;2027.60986328125;0
818.6235;2185.88647460938;0
820.8911;1988.68481445313;0
823.156;1984.23486328125;0
825.4204;1905.04626464844;0
827.6823;1987.14208984375;0
829.9474;2082.943359375;0
832.2082;2109.28247070313;0
834.4683;2117.91943359375;0
836.7279;2001.19873046875;0
838.9869;1991.22302246094;0
841.2453;1815.65588378906;0
843.5012;2063.16064453125;0
845.7565;2046.27612304687;0
848.0133;2319.94140625;0
850.2655;2242.67700195313;0
852.5153;2231.14892578125;0
854.7703;2197.36767578125;0
857.0189;1988.80737304688;0
859.2668;1874.97790527344;0
861.5182;1695.55236816406;0
863.7651;1844.08935546875;0
866.0114;1828.14978027344;0
868.2592;1580.62878417969;0
870.5024;1375.87231445312;0
872.7451;1265.31787109375;0
874.9872;1566.83093261719;0
877.2307;1738.76928710938;0
879.4717;1843.3330078125;0
881.7101;1661.86926269531;0
883.95;1497.720703125;0
886.1854;1604.39501953125;0
888.4202;1573.61303710937;0
890.6604;1634.88427734375;0
892.8941;1492.27563476563;0
895.1253;1680.68627929688;0
897.3599;1707.3466796875;0
899.59;1584.92700195313;0
901.8195;1257.43493652344;0
904.0504;1286.90148925781;0
906.2789;1524.6796875;0
908.5087;1774.31958007812;0
910.7341;1714.17492675781;0
912.9589;1580.17395019531;0
915.1851;1577.02392578125;0
917.4088;1612.78369140625;0
919.63;1575.56750488281;0
921.8526;1349.05834960938;0
924.0727;1412.59985351562;0
926.2922;1631.541015625;0
928.5112;1854.67346191406;0
930.7277;1653.06237792969;0
932.9476;1282.88134765625;0
935.163;1183.17309570313;0
937.3739;978.122436523437;0
939.5901;1161.97875976563;0
941.8019;1110.31323242187;0
944.0151;1069.6904296875;0
946.2258;950.181823730469;0
948.4341;781.972839355469;0
950.6456;952.981750488281;0
952.8527;946.300170898437;0
955.0593;1045.70666503906;0
957.2653;765.657287597656;0
959.4689;636.252746582031;0
961.6738;527.601989746094;0
963.8782;596.000610351563;0
966.0782;650.010864257812;0
968.2815;710.188659667969;0
970.4803;799.090576171875;0
972.6787;836.388549804688;0
974.8784;918.311584472656;0
977.0757;1030.49304199219;0
979.2704;995.05322265625;0
981.4667;980.367065429688;0
983.6603;951.394775390625;0
985.8535;1166.48034667969;0
988.0461;1304.99389648438;0
990.2363;1326.59057617187;0
992.4297;1547.33825683594;0
994.6169;1793.11413574219;0
996.8035;2241.3720703125;0
998.9933;2414.64770507813;0
1001.179;2393.94311523438;0
1003.364;2212.5927734375;0
1005.55;1997.61633300781;0
1007.732;2168.16821289063;0
1009.916;2202.52416992188;0
1012.096;2285.42529296875;0
1014.275;2153.998046875;0
1016.459;2061.06396484375;0
1018.636;2276.13916015625;0
1020.813;2480.25170898438;0
1022.991;2813.67602539063;0
1025.165;2740.28369140625;0
1027.34;2447.06298828125;0
1029.515;2307.67602539063;0
1031.687;2063.3369140625;0
1033.859;2128.91430664063;0
1036.03;2158.73559570313;0
1038.199;2180.67846679688;0
1040.369;2070.58740234375;0
1042.536;1991.02172851563;0
1044.704;1904.869140625;0
1046.87;1935.59228515625;0
1049.034;1615.63232421875;0
1051.198;1492.98059082031;0
1053.363;1343.08251953125;0
1055.526;1445.50659179688;0
1057.686;1520.93078613281;0
1059.845;1570.90295410156;0
1062.005;1521.26611328125;0
1064.165;1517.29541015625;0
1066.323;1576.11901855469;0
1068.477;1553.14965820313;0
1070.634;1571.9755859375;0
1072.788;1432.15698242187;0
1074.942;1459.30615234375;0
1077.096;1406.98791503906;0
1079.247;1544.64111328125;0
1081.397;1690.03784179688;0
1083.547;1783.06237792969;0
1085.695;1656.01281738281;0
1087.844;1719.44116210938;0
1089.992;1666.99291992188;0
1092.138;1619.85327148437;0
1094.284;1585.24584960938;0
1096.425;1683.70263671875;0
1098.571;1924.22448730469;0
1100.711;1941.81726074219;0
1102.851;1976.33361816406;0
1104.994;1993.63330078125;0
1107.132;1962.81176757813;0
1109.271;1896.40161132813;0
1111.408;2020.07556152344;0
1113.543;2126.50952148438;0
1115.682;2262.13305664063;0
1117.816;2062.29321289063;0
1119.947;1945.03088378906;0
1122.08;1790.91271972656;0
1124.213;1846.02258300781;0
1126.343;1826.14782714844;0
1128.474;1884.0947265625;0
1130.602;1719.43188476563;0
1132.728;1779.12170410156;0
1134.856;1748.57556152344;0
1136.982;1662.86791992188;0
1139.109;1695.38488769531;0
1141.234;1767.4208984375;0
1143.356;1877.98217773438;0
1145.479;1873.05505371094;0
1147.599;1892.76879882813;0
1149.719;1963.01208496094;0
1151.839;2033.79235839844;0
1153.957;1947.66809082031;0
1156.076;1756.75207519531;0
1158.191;1287.15844726563;0
1160.305;1157.99890136719;0
1162.423;1047.65844726563;0
1164.536;1306.39562988281;0
1166.647;1205.77746582031;0
1168.761;1475.96813964844;0
1170.871;1468.08984375;0
1172.983;1507.39453125;0
1175.092;1606.91162109375;0
1177.2;1767.2275390625;0
1179.306;2013.81530761719;0
1181.413;2176.2197265625;0
1183.518;2175.57446289063;0
1185.623;2059.98876953125;0
1187.725;1797.94799804687;0
1189.826;1855.66369628906;0
1191.929;2010.17321777344;0
1194.032;2187.62280273438;0
1196.13;1936.43127441406;0
1198.23;1872.0400390625;0
1200.327;1943.31860351563;0
1202.423;2152.00512695313;0
1204.52;2294.0419921875;0
1206.613;2012.50866699219;0
1208.71;2083.45776367188;0
1210.801;2033.05847167969;0
1212.892;2276.01416015625;0
1214.987;2217.05810546875;0
1217.075;2325.45654296875;0
1219.166;2072.537109375;0
1221.256;2076.99194335938;0
1223.342;1844.60034179688;0
1225.43;1946.9140625;0
1227.515;1741.9736328125;0
1229.597;1744.09289550781;0
1231.685;1824.71618652344;0
1233.767;1939.25170898438;0
1235.85;1985.85070800781;0
1237.931;2048.0556640625;0
1240.009;2058.63208007813;0
1242.09;1871.25622558594;0
1244.168;1692.27258300781;0
1246.245;1699.123046875;0
1248.321;1881.53186035156;0
1250.397;1915.82373046875;0
1252.472;1968.41455078125;0
1254.547;1711.84729003906;0
1256.618;1627.61193847656;0
1258.69;1414.77978515625;0
1260.761;1551.81860351563;0
1262.83;1645.15148925781;0
1264.901;1747.14453125;0
1266.969;1741.65393066406;0
1269.035;1586.45629882813;0
1271.102;1741.58947753906;0
1273.167;1766.92614746094;0
1275.233;1877.04467773437;0
1277.295;1758.56176757812;0
1279.359;1853.92211914062;0
1281.42;1610.12231445312;0
1283.482;1575.01696777344;0
1285.542;1316.37585449219;0
1287.6;1571.494140625;0
1289.659;1386.4189453125;0
1291.714;1536.40319824219;0
1293.774;1577.1376953125;0
1295.828;1703.77221679687;0
1297.881;1795.02233886719;0
1299.936;1888.40600585937;0
1301.987;2006.66906738281;0
1304.041;2176.81005859375;0
1306.09;2014.58703613281;0
1308.139;1894.67761230469;0
1310.19;1749.30871582031;0
1312.238;1914.08264160156;0
1314.286;1853.96398925781;0
1316.331;1730.84973144531;0
1318.376;1791.73229980469;0
1320.422;1791.17041015625;0
1322.466;1792.90441894531;0
1324.508;1750.63854980469;0
1326.549;1844.82446289063;0
1328.59;1798.57678222656;0
1330.632;1579.95544433594;0
1332.67;1581.37939453125;0
1334.707;1741.64318847656;0
1336.746;1888.361328125;0
1338.78;1886.75451660156;0
1340.816;1703.82678222656;0
1342.852;1255.14245605469;0
1344.885;1146.25793457031;0
1346.916;1114.14172363281;0
1348.948;1494.36474609375;0
1350.979;1513.92102050781;0
1353.011;1505.9326171875;0
1355.04;1465.64465332031;0
1357.066;1378.94360351563;0
1359.094;1441.60009765625;0
1361.121;1267.72290039063;0
1363.145;1424.4130859375;0
1365.171;1234.21520996094;0
1367.192;1149.02490234375;0
1369.216;879.803100585938;0
1371.239;1003.01361083984;0
1373.258;1122.65637207031;0
1375.28;1138.95715332031;0
1377.298;902.463256835938;0
1379.316;743.835205078125;0
1381.335;811.939453125;0
1383.35;879.218139648438;0
1385.366;896.211730957031;0
1387.38;713.729614257812;0
1389.394;689.882873535156;0
1391.409;801.064819335938;0
1393.42;638.621398925781;0
1395.43;699.751525878906;0
1397.44;637.505004882813;0
1399.451;864.881713867188;0
1401.458;670.548461914063;0
1403.466;387.746032714844;0
1405.472;348.207336425781;0
1407.478;446.988403320313;0
1409.483;716.025573730469;0
1411.486;756.618957519531;0
1413.49;922.311401367187;0
1415.492;861.141357421875;0
1417.492;835.813110351563;0
1419.495;822.706359863281;0
1421.494;906.781555175781;0
1423.492;1165.32592773438;0
1425.49;1219.72717285156;0
1427.487;1352.31201171875;0
1429.482;1399.83190917969;0
1431.477;1520.81103515625;0
1433.471;1603.8916015625;0
1435.466;1641.18481445313;0
1437.456;1628.69091796875;0
1439.447;1462.41137695312;0
1441.441;1397.35437011719;0
1443.427;1440.29077148438;0
1445.417;1585.76843261719;0
1447.406;1638.56677246094;0
1449.392;1588.35229492188;0
1451.381;1599.45837402344;0
1453.365;1608.4404296875;0
1455.348;1514.18664550781;0
1457.333;1329.25170898438;0
1459.314;1231.07434082031;0
1461.296;1211.53234863281;0
1463.276;1120.40051269531;0
1465.256;907.927978515625;0
1467.237;1057.60583496094;0
1469.215;1356.91809082031;0
1471.19;1636.087890625;0
1473.167;1680.77526855469;0
1475.145;1713.42199707031;0
1477.118;1652.25036621094;0
1479.092;1529.70483398438;0
1481.065;1367.00756835938;0
1483.038;1333.16076660156;0
1485.008;1303.71618652344;0
1486.979;1301.67297363281;0
1488.949;1181.36450195312;0
1490.917;1031.45715332031;0
1492.883;984.392150878906;0
1494.852;899.502685546875;0
1496.817;910.131042480469;0
1498.782;895.503723144531;0
1500.748;986.068298339844;0
1502.708;956.26806640625;0
1504.673;875.097717285156;0
1506.634;818.450012207031;0
1508.594;665.785583496094;0
1510.554;799.835632324219;0
1512.512;865.541564941406;0
1514.471;1223.45874023437;0
1516.428;1027.58703613281;0
1518.384;1072.47790527344;0
1520.34;696.6923828125;0
1522.294;793.449951171875;0
1524.249;602.574768066406;0
1526.202;842.03076171875;0
1528.153;691.481750488281;0
1530.103;933.248962402344;0
1532.054;751.776916503906;0
1534.004;895.955139160156;0
1535.951;909.308227539063;0
1537.899;1037.21557617187;0
1539.847;1118.95300292969;0
1541.793;805.351135253906;0
1543.738;685.083190917969;0
1545.681;541.509155273438;0
1547.625;549.813537597656;0
1549.566;577.527404785156;0
1551.509;629.428527832031;0
1553.45;779.405822753906;0
1555.389;931.232299804687;0
1557.33;685.121765136719;0
1559.266;664.185241699219;0
1561.204;607.533813476563;0
1563.141;782.718566894531;0
1565.074;716.961547851563;0
1567.009;588.036071777344;0
1568.943;619.719787597656;0
1570.877;687.235107421875;0
1572.808;632.026306152344;0
1574.741;455.982330322266;0
1576.67;312.4365234375;0
1578.6;373.523681640625;0
1580.528;522.448974609375;0
1582.455;496.033477783203;0
1584.382;524.00048828125;0
1586.307;438.793334960937;0
1588.234;658.856567382812;0
1590.157;701.190063476562;0
1592.081;759.016174316406;0
1594.002;594.890319824219;0
1595.927;447.368194580078;0
1597.845;366.33657836914;0
1599.767;380.572937011719;0
1601.685;284.410552978516;0
1603.602;292.293884277344;0
1605.523;157.556259155273;0
1607.438;452.315399169922;0
1609.354;572.564697265625;0
1611.269;775.853637695312;0
1613.181;430.843658447266;0
1615.096;349.198333740234;0
1617.008;165.918930053711;0
1618.92;518.455139160156;0
1620.83;601.0810546875;0
1622.74;863.150085449219;0
1624.649;758.959350585938;0
1626.557;598.901428222656;0
1628.464;559.4208984375;0
1630.37;711.982238769531;0
1632.275;877.450012207031;0
1634.18;857.610046386719;0
1636.085;747.908142089844;0
1637.988;724.571228027344;0
1639.888;636.750366210937;0
1641.791;635.185668945313;0
1643.691;710.765197753906;0
1645.588;745.595947265625;0
1647.489;872.330444335938;0
1649.387;777.858215332031;0
1651.284;919.745056152344;0
1653.18;779.993957519531;0
1655.075;887.388549804688;0
1656.972;883.81982421875;0
1658.864;1105.61853027344;0
1660.754;1147.65209960937;0
1662.65;1055.49926757812;0
1664.539;813.938110351563;0
1666.428;779.746276855469;0
1668.32;743.479370117188;0
1670.207;835.804016113281;0
1672.096;762.720275878906;0
1673.982;849.117004394531;0
1675.867;927.660888671875;0
1677.754;988.685241699219;0
1679.638;1022.96789550781;0
1681.52;937.619873046875;0
1683.403;823.419006347656;0
1685.285;521.920776367188;0
1687.166;409.236419677735;0
1689.048;486.204833984375;0
1690.924;679.407836914062;0
1692.804;854.093688964844;0
1694.682;784.824096679687;0
1696.558;833.488037109375;0
1698.435;701.974304199219;0
1700.308;632.616271972656;0
1702.184;526.969482421875;0
1704.057;532.589538574219;0
1705.929;473.698608398438;0
1707.801;449.852264404297;0
1709.674;448.606079101562;0
1711.542;640.293334960938;0
1713.412;733.469665527344;0
1715.28;576.24609375;0
1717.145;448.178253173828;0
1719.015;400.259521484375;0
1720.88;426.826873779297;0
1722.746;210.095916748047;0
1724.61;231.103652954101;0
1726.471;361.689056396484;0
1728.334;577.709045410156;0
1730.197;526.427185058594;0
1732.057;442.898864746094;0
1733.919;411.551086425781;0
1735.777;396.247955322265;0
1737.634;395.014923095703;0
1739.493;518.460266113281;0
1741.349;523.486022949219;0
1743.205;529.231567382813;0
1745.061;547.355102539063;0
1746.915;653.296569824219;0
1748.77;855.277404785156;0
1750.621;731.076599121094;0
1752.473;642.0205078125;0
1754.323;459.545104980469;0
1756.173;593.31884765625;0
1758.022;677.573120117188;0
1759.87;643.192749023438;0
1761.718;440.834228515625;0
1763.566;404.716735839844;0
1765.411;436.278930664063;0
1767.256;355.074249267578;0
1769.101;392.592681884766;0
1770.945;460.092254638672;0
1772.787;755.936462402344;0
1774.629;649.791870117188;0
1776.469;705.880859375;0
1778.309;691.869934082031;0
1780.15;779.537719726563;0
1781.987;821.995239257813;0
1783.826;636.798095703125;0
1785.662;772.501831054688;0
1787.498;724.5546875;0
1789.334;779.068908691406;0
1791.169;754.155578613281;0
1793.002;751.592468261719;0
1794.834;923.490661621094;0
1796.667;997.294738769531;0
1798.498;1058.05529785156;0
1800.328;1079.94482421875;0
1802.157;957.067810058594;0
1803.986;991.307189941406;0
1805.813;1002.32946777344;0
1807.639;1110.57922363281;0
1809.467;1112.83410644531;0
1811.292;1085.20532226563;0
1813.117;946.914978027344;0
1814.94;1001.29650878906;0
1816.763;971.905517578125;0
1818.585;996.0751953125;0
1820.407;687.916748046875;0
1822.227;608.319091796875;0
1824.048;514.7265625;0
1825.865;603.697631835938;0
1827.683;359.343383789063;0
1829.501;329.555633544922;0
1831.317;178.118804931641;0
1833.135;332.551452636719;0
1834.948;72.0145721435547;0
1836.761;135.953735351563;0
1838.577;198.890396118164;0
1840.388;477.724395751953;0
1842.198;526.369262695313;0
1844.009;512.936157226562;0
1845.819;485.955169677735;0
1847.629;396.935272216797;0
1849.436;294.176818847656;0
1851.244;216.568771362305;0
1853.052;345.50845336914;0
1854.858;440.498687744141;0
1856.661;518.626831054688;0
1858.466;646.123046875;0
1860.269;609.100830078125;0
1862.073;722.894897460937;0
1863.875;550.283020019531;0
1865.673;510.598571777344;0
1867.476;421.063720703125;0
1869.275;433.456298828125;0
1871.072;597.220703125;0
1872.872;762.35693359375;0
1874.667;679.865051269531;0
1876.464;636.810485839844;0
1878.26;566.490844726563;0
1880.053;499.764923095703;0
1881.849;374.188232421875;0
1883.64;327.649658203125;0
1885.431;486.593658447266;0
1887.226;698.24169921875;0
1889.014;561.1494140625;0
1890.803;652.205627441406;0
1892.594;554.965942382812;0
1894.38;801.093139648437;0
1896.167;764.91552734375;0
1897.955;808.655334472656;0
1899.74;755.645812988281;0
1901.526;778.223022460938;0
1903.309;740.611999511719;0
1905.091;700.483459472656;0
1906.876;641.503967285156;0
1908.658;443.564331054688;0
1910.438;439.44482421875;0
1912.217;439.035003662109;0
1913.996;509.5615234375;0
1915.775;539.579956054688;0
1917.553;511.201477050781;0
1919.33;652.760681152344;0
1921.106;478.479797363281;0
1922.881;401.471405029297;0
1924.655;371.068786621094;0
1926.431;443.383056640625;0
1928.202;334.414245605469;0
1929.974;137.051223754883;0
1931.746;210.49642944336;0
1933.516;384.330841064453;0
1935.286;492.73617553711;0
1937.055;490.972747802734;0
1938.823;638.05126953125;0
1940.592;622.642028808594;0
1942.356;593.331481933594;0
1944.122;556.223327636719;0
1945.888;657.08447265625;0
1947.651;679.218139648438;0
1949.416;458.40234375;0
1951.178;472.863861083984;0
1952.939;450.152099609375;0
1954.699;652.267028808594;0
1956.459;643.430847167969;0
1958.219;709.246643066406;0
1959.979;848.878295898438;0
1961.735;1039.67797851563;0
1963.491;1078.30432128906;0
1965.249;866.865112304687;0
1967.003;845.804077148437;0
1968.761;821.568786621094;0
1970.512;921.94384765625;0
1972.265;894.929260253906;0
1974.018;792.191711425781;0
1975.769;737.175598144531;0
1977.522;637.547607421875;0
1979.271;650.309448242188;0
1981.018;637.911193847656;0
1982.766;423.463958740234;0
1984.516;409.634368896485;0
1986.261;298.533599853515;0
1988.009;477.106994628906;0
1989.754;536.075866699219;0
1991.498;561.55126953125;0
1993.241;553.0888671875;0
1994.984;514.459716796875;0
1996.727;371.712646484375;0
1998.468;309.140533447266;0
2000.206;304.636260986328;0
2001.946;466.977600097656;0
2003.686;629.053405761719;0
2005.424;666.083312988281;0
2007.161;776.619934082031;0
2008.898;731.880676269531;0
2010.634;834.754760742188;0
2012.369;799.574829101563;0
2014.103;733.56201171875;0
2015.836;597.716857910156;0
2017.57;694.702819824219;0
2019.299;767.076843261719;0
2021.032;748.951293945313;0
2022.762;559.548278808594;0
2024.491;555.869140625;0
2026.221;619.801391601563;0
2027.947;694.678283691406;0
2029.676;622.499877929688;0
2031.403;656.935180664062;0
2033.128;638.210571289063;0
2034.852;767.788635253906;0
2036.577;822.200805664063;0
2038.299;975.711120605469;0
2040.022;890.727172851563;0
2041.744;573.572937011719;0
2043.465;483.580932617187;0
2045.184;443.422729492188;0
2046.903;641.8798828125;0
2048.621;618.620422363281;0
2050.339;684.312255859375;0
2052.057;617.400695800781;0
2053.774;580.660461425781;0
2055.488;425.537292480469;0
2057.203;490.699066162109;0
2058.917;516.596496582031;0
2060.631;586.234252929688;0
2062.344;526.502990722656;0
2064.053;557.403991699219;0
2065.765;529.938537597656;0
2067.476;638.219055175781;0
2069.185;680.912841796875;0
2070.892;808.684753417969;0
2072.6;854.973693847656;0
2074.308;806.892028808594;0
2076.014;716.107788085938;0
2077.72;645.733276367188;0
2079.425;570.880920410156;0
2081.13;495.883697509765;0
2082.833;446.403869628906;0
2084.532;461.331634521485;0
2086.236;437.223846435547;0
2087.936;319.637359619141;0
2089.635;404.294738769531;0
2091.335;448.698181152344;0
2093.034;432.737915039063;0
2094.731;232.415176391602;0
2096.427;204.960113525391;0
2098.124;400.724090576172;0
2099.82;679.347473144531;0
2101.515;875.274597167969;0
2103.207;799.1298828125;0
2104.902;814.351013183594;0
2106.594;844.669921875;0
2108.286;999.857238769531;0
2109.976;958.680725097656;0
2111.667;981.738342285156;0
2113.355;1052.93322753906;0
2115.044;1088.81286621094;0
2116.732;984.449645996094;0
2118.42;893.064331054688;0
2120.105;928.860046386719;0
2121.79;1083.85327148438;0
2123.476;1201.14953613281;0
2125.16;1180.8642578125;0
2126.844;1150.55285644531;0
2128.524;1124.10424804688;0
2130.207;1184.96301269531;0
2131.888;1248.68212890625;0
2133.567;1191.59399414063;0
2135.247;1196.03845214844;0
2136.927;1152.02490234375;0
2138.603;1255.83129882813;0
2140.281;1250.08129882813;0
2141.957;1342.76428222656;0
2143.633;1307.10241699219;0
2145.308;1367.87231445313;0
2146.981;1264.18493652344;0
2148.654;1287.92919921875;0
2150.328;1123.54968261719;0
2152;1173.49072265625;0
2153.669;1189.30651855469;0
2155.34;1283.77624511719;0
2157.01;1340.56091308594;0
2158.677;1340.10424804688;0
2160.347;1425.29028320313;0
2162.013;1415.005859375;0
2163.681;1457.13879394531;0
2165.347;1410.94763183594;0
2167.011;1302.44787597656;0
2168.674;1169.2900390625;0
2170.337;1156.880859375;0
2172.002;1153.89086914063;0
2173.662;1246.10107421875;0
2175.324;1188.39916992188;0
2176.985;1215.5615234375;0
2178.645;1151.19885253906;0
2180.304;1095.25354003906;0
2181.961;1183.39086914063;0
2183.618;1255.16723632813;0
2185.275;1149.92102050781;0
2186.932;1098.87243652344;0
2188.586;1064.46472167969;0
2190.242;1288.47424316406;0
2191.896;1113.45690917969;0
2193.547;1008.58276367187;0
2195.2;995.229858398438;0
2196.851;1086.22021484375;0
2198.502;1157.06518554688;0
2200.153;981.431335449219;0
2201.799;993.695922851563;0
2203.447;881.087707519531;0
2205.097;923.09912109375;0
2206.742;867.025085449219;0
2208.391;816.457275390625;0
2210.035;816.46533203125;0
2211.679;712.589416503906;0
2213.324;759.836059570313;0
2214.966;752.798583984375;0
2216.608;730.254638671875;0
2218.252;758.555541992188;0
2219.89;729.461181640625;0
2221.531;931.786804199219;0
2223.172;1023.63787841797;0
2224.809;1113.9033203125;0
2226.449;1076.70861816406;0
2228.086;1088.65405273438;0
2229.72;1049.66296386719;0
2231.358;998.62255859375;0
2232.992;759.74853515625;0
2234.625;630.475769042969;0
2236.26;649.415466308594;0
2237.893;797.368041992188;0
2239.524;965.940124511719;0
2241.156;807.332153320313;0
2242.785;891.097412109375;0
2244.416;841.009887695313;0
2246.044;1004.40161132813;0
2247.672;905.828369140625;0
2249.301;886.736938476563;0
2250.926;926.573120117188;0
2252.554;859.89111328125;0
2254.177;941.585510253906;0
2255.803;985.4296875;0
2257.427;1136.09155273438;0
2259.051;1230.2392578125;0
2260.671;967.318298339844;0
2262.294;908.181335449219;0
2263.914;745.590393066406;0
2265.533;1045.22863769531;0
2267.153;1000.02239990234;0
2268.773;1124.41235351563;0
2270.392;913.2841796875;0
2272.006;909.416870117188;0
2273.624;746.811767578125;0
2275.239;960.302551269531;0
2276.854;1074.16918945313;0
2278.468;1195.30200195313;0
2280.084;1179.47766113281;0
2281.695;1088.24682617188;0
2283.305;1179.72265625;0
2284.919;936.021362304688;0
2286.527;1007.47631835938;0
2288.14;941.875610351563;0
2289.748;1199.85864257813;0
2291.354;1204.060546875;0
2292.964;1128.81481933594;0
2294.569;1120.45471191406;0
2296.174;1168.51391601563;0
2297.782;1169.83093261719;0
2299.386;1044.88037109375;0
2300.99;791.215576171875;0
2302.594;824.435852050781;0
2304.195;892.73486328125;0
2305.798;949.47705078125;0
2307.399;808.102355957031;0
2308.998;634.166320800781;0
2310.598;649.113403320313;0
2312.197;793.608947753906;0
2313.795;956.144714355469;0
2315.392;1182.11645507813;0
2316.988;1259.04650878906;0
2318.585;1319.04626464844;0
2320.18;1189.11560058594;0
2321.774;1070.5732421875;0
2323.368;978.263793945313;0
2324.961;937.209899902344;0
2326.553;760.977294921875;0
2328.145;860.184143066406;0
2329.735;912.01953125;0
2331.324;1106.43225097656;0
2332.916;929.760314941406;0
2334.503;660.391540527344;0
2336.092;513.534484863281;0
2337.677;565.488708496094;0
2339.263;925.809692382813;0
2340.85;998.608642578125;0
2342.434;1057.80590820313;0
2344.018;928.220764160156;0
2345.602;873.329284667969;0
2347.185;816.940612792969;0
2348.768;786.38671875;0
2350.347;998.3330078125;0
2351.928;963.555969238281;0
2353.51;997.498779296875;0
2355.087;772.159484863281;0
2356.665;656.202392578125;0
2358.243;417.255981445313;0
2359.819;393.329986572265;0
2361.396;519.384887695313;0
2362.972;718.591125488281;0
2364.547;841.615051269531;0
2366.121;872.122497558594;0
2367.694;912.218078613281;0
2369.267;978.789489746094;0
2370.839;805.009338378906;0
2372.411;802.498474121094;0
2373.982;785.470764160156;0
2375.55;980.0439453125;0
2377.118;732.885620117187;0
2378.687;700.817932128906;0
2380.254;719.132934570313;0
2381.821;1037.70983886719;0
2383.387;1064.8505859375;0
2384.954;1160.54248046875;0
2386.516;1148.12048339844;0
2388.082;1116.47973632813;0
2389.644;949.750244140625;0
2391.209;838.891235351563;0
2392.769;626.847106933594;0
2394.33;843.012878417969;0
2395.892;939.416076660156;0
2397.449;1216.64819335938;0
2399.008;1164.56628417969;0
2400.568;1324.61938476563;0
2402.125;1221.14147949219;0
2403.68;1199.68823242188;0
2405.238;1114.15051269531;0
2406.792;1274.814453125;0
2408.349;1417.39733886719;0
2409.902;1437.34509277344;0
2411.455;1428.75939941406;0
2413.007;1394.60461425781;0
2414.558;1447.36340332031;0
2416.11;1323.34191894531;0
2417.66;1260.48315429688;0
2419.21;1084.10949707031;0
2420.758;1190.2685546875;0
2422.307;1107.99255371094;0
2423.855;1059.11059570313;0
2425.402;998.524963378906;0
2426.947;885.695678710938;0
2428.492;829.577514648437;0
2430.038;728.647766113281;0
2431.58;796.923156738281;0
2433.124;977.572692871094;0
2434.667;878.456787109375;0
2436.208;838.642028808594;0
2437.75;1003.5400390625;0
2439.291;1189.00769042969;0
2440.83;1214.15637207031;0
2442.369;1174.65307617187;0
2443.906;1342.27612304688;0
2445.444;1504.69250488281;0
2446.981;1320.7919921875;0
2448.517;1114.24279785156;0
2450.053;1008.63787841797;0
2451.587;854.522033691406;0
2453.12;1257.93383789062;0
2454.655;1296.81311035156;0
2456.187;1571.04797363281;0
2457.718;1357.41638183594;0
2459.25;1324.14611816406;0
2460.781;1073.79284667969;0
2462.31;937.627685546875;0
2463.84;1036.91760253906;0
2465.368;1203.89233398438;0
2466.896;1172.77709960938;0
2468.423;1037.70349121094;0
2469.949;1081.50964355469;0
2471.474;1254.01672363281;0
2472.998;1397.33825683594;0
2474.522;1296.69177246094;0
2476.045;1273.29931640625;0
2477.568;1244.27038574219;0
2479.09;1288.70874023438;0
2480.612;1272.8330078125;0
2482.132;1078.95788574219;0
2483.653;975.330017089844;0
2485.171;943.775390625;0
2486.689;1410.26684570313;0
2488.208;1565.43774414063;0
2489.725;1575.51000976563;0
2491.242;1448.70532226562;0
2492.757;1442.80114746094;0
2494.271;1441.35510253906;0
2495.785;1313.15173339844;0
2497.3;1351.74645996094;0
2498.812;1365.80554199219;0
2500.325;1271.994140625;0
2501.837;1039.32177734375;0
2503.345;680.379638671875;0
2504.856;559.351745605469;0
2506.366;639.708374023438;0
2507.875;823.778869628906;0
2509.382;962.332946777344;0
2510.889;935.481323242188;0
2512.397;859.228820800781;0
2513.901;685.803955078125;0
2515.406;763.318298339844;0
2516.911;1104.76794433594;0
2518.415;1207.5625;0
2519.918;1048.255859375;0
2521.421;805.052307128906;0
2522.922;659.339172363281;0
2524.423;692.109313964844;0
2525.924;574.583251953125;0
2527.422;642.538330078125;0
2528.923;510.307495117188;0
2530.419;639.223754882812;0
2531.916;517.953369140625;0
2533.415;715.273803710938;0
2534.909;494.551788330078;0
2536.404;434.530883789063;0
2537.899;8.49219608306885;0
2539.394;236.822769165039;0
2540.887;387.020324707031;0
2542.38;828.377685546875;0
2543.871;519.42919921875;0
2545.363;453.356079101562;0
2546.852;454.267059326172;0
2548.345;287.005828857422;0
2549.833;414.636688232422;0
2551.321;262.515686035156;0
2552.811;847.074340820313;0
2554.296;736.987182617187;0
2555.78;777.736694335938;0
2557.267;472.966461181641;0
2558.752;504.602325439453;0
2560.237;245.433670043945;0
2561.721;437.346557617188;0
2563.203;509.345520019531;0
2564.687;898.541809082031;0
2566.168;713.380187988281;0
2567.648;668.52978515625;0
2569.129;568.774963378906;0
2570.607;724.439086914063;0
2572.086;912.297912597656;0
2573.565;1062.68640136719;0
2575.041;1114.60766601563;0
2576.518;1089.28540039063;0
2577.994;1249.72143554688;0
2579.469;1451.69506835938;0
2580.945;1610.54138183594;0
2582.418;1371.37072753906;0
2583.892;1371.62194824219;0
2585.365;1296.85217285156;0
2586.835;1464.28405761719;0
2588.307;1488.47119140625;0
2589.778;1523.51672363281;0
2591.248;1433.19604492187;0
2592.717;1526.39672851563;0
2594.186;1374.67932128906;0
2595.652;1575.9365234375;0
2597.121;1222.28784179688;0
2598.585;1350.7333984375;0
2600.052;1310.2685546875;0
2601.518;1364.99694824219;0
2602.982;1417.25256347656;0
2604.446;1399.3740234375;0
2605.907;1588.25317382812;0
2607.371;1566.55810546875;0
2608.83;1743.84362792969;0
2610.293;1732.55395507812;0
2611.752;1746.13623046875;0
2613.213;1811.81457519531;0
2614.672;1816.8115234375;0
2616.13;1974.34973144531;0
2617.587;1753.09606933594;0
2619.043;1888.71765136719;0
2620.501;1715.65942382813;0
2621.957;1795.33215332031;0
2623.409;1787.43688964844;0
2624.864;1854.58142089844;0
2626.318;1808.82312011719;0
2627.771;1828.33081054688;0
2629.222;1863.58972167969;0
2630.673;1904.39855957031;0
2632.124;1946.35400390625;0
2633.575;2058.12524414063;0
2635.023;2035.09045410156;0
2636.473;1784.7412109375;0
2637.922;1613.61022949219;0
2639.368;1597.59936523437;0
2640.816;1523.47302246094;0
2642.261;1461.84899902344;0
2643.705;1134.71533203125;0
2645.151;1226.81457519531;0
2646.596;1213.51147460938;0
2648.037;1364.69641113281;0
2649.48;1134.14233398438;0
2650.923;972.073303222656;0
2652.364;941.935668945312;0
2653.804;1103.51708984375;0
2655.243;1145.14624023437;0
2656.683;1187.82995605469;0
2658.121;1080.01647949219;0
2659.559;859.705383300781;0
2660.997;762.89501953125;0
2662.433;739.139221191406;0
2663.868;911.218139648438;0
2665.305;653.821960449219;0
2666.737;572.662414550781;0
2668.173;535.345397949219;0
2669.606;703.22802734375;0
2671.038;776.062927246094;0
2672.47;603.737548828125;0
2673.901;387.03189086914;0
2675.331;467.73193359375;0
2676.761;569.839965820313;0
2678.189;671.023986816406;0
2679.619;393.835876464844;0
2681.045;318.275207519531;0
2682.473;500.29476928711;0
2683.9;627.119506835938;0
2685.324;588.335632324219;0
2686.749;446.119079589844;0
2688.176;306.204803466797;0
2689.599;277.813385009766;0
2691.021;239.165344238281;0
2692.444;337.222900390625;0
2693.865;418.251983642578;0
2695.287;283.475006103516;0
2696.707;247.679931640625;0
2698.125;186.31086730957;0
2699.545;401.486083984375;0
2700.963;321.649688720703;0
2702.381;283.690155029297;0
2703.798;341.496032714844;0
2705.214;410.843933105469;0
2706.629;600.346069335938;0
2708.046;588.033447265625;0
2709.458;739.20068359375;0
2710.872;739.183898925781;0
2712.285;819.484497070313;0
2713.699;697.376708984375;0
2715.111;624.655517578125;0
2716.52;605.664001464844;0
2717.93;654.418640136719;0
2719.342;629.535766601562;0
2720.749;477.409942626953;0
2722.159;538.309509277344;0
2723.565;791.460021972656;0
2724.971;918.973999023438;0
2726.38;1010.51422119141;0
2727.785;881.866455078125;0
2729.19;1159.58520507812;0
2730.594;1138.29284667969;0
2731.997;1406.43286132813;0
2733.401;1258.89587402344;0
2734.803;1286.78784179688;0
2736.204;1201.88403320313;0
2737.606;1392.17687988281;0
2739.005;1562.22937011719;0
2740.405;1522.93078613281;0
2741.806;1586.94665527344;0
2743.202;1533.94897460938;0
2744.602;1702.60681152344;0
2745.998;1565.47839355469;0
2747.395;1511.8916015625;0
2748.79;1330.48657226563;0
2750.185;1378.6591796875;0
2751.58;1382.91247558594;0
2752.975;1563.6728515625;0
2754.366;1544.62927246094;0
2755.759;1692.4462890625;0
2757.151;1667.73327636719;0
2758.542;1761.93688964844;0
2759.933;1903.33044433594;0
2761.322;2020.81494140625;0
2762.71;1894.05200195312;0
2764.1;1633.48596191406;0
2765.486;1387.27453613281;0
2766.875;1345.08166503906;0
2768.26;1387.32043457031;0
2769.646;1528.92590332031;0
2771.031;1579.94030761719;0
2772.418;1579.36376953125;0
2773.799;1558.41833496094;0
2775.184;1700.25134277344;0
2776.565;1855.15588378906;0
2777.946;1971.46484375;0
2779.328;1947.05639648438;0
2780.708;1839.48620605469;0
2782.09;1890.63427734375;0
2783.469;2004.27819824219;0
2784.847;2126.97509765625;0
2786.226;2074.8359375;0
2787.603;1955.4169921875;0
2788.978;1826.7724609375;0
2790.355;1727.87097167969;0
2791.731;1640.52844238281;0
2793.104;1699.29736328125;0
2794.479;1641.3427734375;0
2795.853;1564.16760253906;0
2797.225;1550.64331054688;0
2798.596;1495.759765625;0
2799.967;1459.61108398438;0
2801.341;1184.02514648438;0
2802.71;1025.05139160156;0
2804.077;784.587951660156;0
2805.447;800.186828613281;0
2806.815;758.073852539063;0
2808.183;754.697326660156;0
2809.551;598.616821289063;0
2810.915;486.168273925781;0
2812.282;443.573364257812;0
2813.646;523.998596191406;0
2815.011;713.669006347656;0
2816.375;747.901550292969;0
2817.736;654.364685058594;0
2819.099;568.67578125;0
2820.462;337.470916748047;0
2821.821;365.77783203125;0
2823.182;317.930725097656;0
2824.542;699.035339355469;0
2825.901;926.584655761719;0
2827.261;1019.99963378906;0
2828.617;893.47119140625;0
2829.974;750.180969238281;0
2831.33;835.262451171875;0
2832.686;816.175598144531;0
2834.043;916.87353515625;0
2835.395;955.979919433594;0
2836.75;1240.80224609375;0
2838.104;1275.84228515625;0
2839.456;1179.20837402344;0
2840.807;1033.84973144531;0
2842.16;1020.31024169922;0
2843.509;1032.43420410156;0
2844.858;1041.31359863281;0
2846.209;917.110900878906;0
2847.556;651.950805664062;0
2848.906;577.265686035156;0
2850.253;664.28271484375;0
2851.6;745.670715332031;0
2852.946;652.651977539063;0
2854.29;417.619293212891;0
2855.635;431.428375244141;0
2856.98;407.407104492188;0
2858.323;412.426910400391;0
2859.665;329.593353271484;0
2861.008;316.364044189453;0
2862.349;523.742309570313;0
2863.691;672.394836425781;0
2865.031;597.961608886719;0
2866.37;550.472717285156;0
2867.709;442.697174072266;0
2869.048;507.173645019531;0
2870.385;587.57373046875;0
2871.722;761.336791992187;0
2873.059;863.240661621094;0
2874.394;838.504028320312;0
2875.73;914.233337402344;0
2877.064;1004.93109130859;0
2878.398;876.159423828125;0
2879.731;807.155334472656;0
2881.063;914.041870117188;0
2882.395;1161.22326660156;0
2883.727;1329.60913085937;0
2885.059;1306.50476074219;0
2886.387;1436.5751953125;0
2887.717;1464.33203125;0
2889.046;1483.83251953125;0
2890.374;1373.94982910156;0
2891.699;1305.57946777344;0
2893.028;1289.03002929688;0
2894.354;1274.30895996094;0
2895.679;1194.17932128906;0
2897.004;1311.88940429688;0
2898.328;1270.95727539063;0
2899.653;1364.53088378906;0
2900.976;1415.57629394531;0
2902.297;1407.73864746094;0
2903.619;1341.87768554687;0
2904.941;1240.24365234375;0
2906.26;1114.64660644531;0
2907.58;1122.67590332031;0
2908.898;1115.20910644531;0
2910.217;1242.58923339844;0
2911.536;1196.71301269531;0
2912.852;1225.28198242187;0
2914.171;1322.89440917969;0
2915.485;1378.41943359375;0
2916.799;1447.74206542969;0
2918.116;1515.45935058594;0
2919.428;1555.07385253906;0
2920.743;1496.58312988281;0
2922.056;1433.81323242188;0
2923.367;1523.34130859375;0
2924.679;1369.45300292969;0
2925.99;1487.69421386719;0
2927.299;1581.74206542969;0
2928.609;1799.92321777344;0
2929.918;1744.12280273437;0
2931.226;1494.06140136719;0
2932.535;1525.45642089844;0
2933.841;1282.5087890625;0
2935.149;1377.00537109375;0
2936.455;1165.52368164063;0
2937.758;1410.87878417969;0
2939.064;1404.69421386719;0
2940.368;1444.26196289063;0
2941.67;1308.84118652344;0
2942.973;1288.35131835937;0
2944.277;1362.42980957031;0
2945.577;1341.41735839844;0
2946.878;1452.99572753906;0
2948.178;1481.7138671875;0
2949.477;1541.24194335938;0
2950.776;1571.46704101563;0
2952.073;1635.61328125;0
2953.372;1601.46142578125;0
2954.669;1588.51184082031;0
2955.965;1521.09838867188;0
2957.261;1529.98559570312;0
2958.556;1412.82836914062;0
2959.849;1442.77819824219;0
2961.145;1551.5361328125;0
2962.436;1668.24133300781;0
2963.732;1562.22888183594;0
2965.022;1543.09887695312;0
2966.313;1473.353515625;0
2967.603;1559.564453125;0
2968.893;1562.55639648437;0
2970.182;1577.62707519531;0
2971.471;1464.98828125;0
2972.759;1400.00122070312;0
2974.047;1383.52758789063;0
2975.334;1404.64965820313;0
2976.62;1255.80334472656;0
2977.907;1186.77197265625;0
2979.192;1107.46606445313;0
2980.475;1135.689453125;0
2981.76;1257.13562011719;0
2983.043;1284.78686523438;0
2984.326;1221.87524414062;0
2985.607;1015.44134521484;0
2986.888;1040.01147460938;0
2988.17;1156.45141601563;0
2989.449;1132.54272460938;0
2990.728;1041.17614746094;0
2992.007;992.287536621094;0
2993.284;895.436218261719;0
2994.562;900.294555664062;0
2995.84;753.979553222656;0
2997.115;879.381530761719;0
2998.393;743.164855957031;0
2999.666;674.327209472656;0
3000.94;538.01611328125;0
3002.215;551.327514648438;0
3003.486;659.41943359375;0
3004.76;757.880187988281;0
3006.033;889.266906738281;0
3007.303;779.410461425781;0
3008.573;626.408020019531;0
3009.844;490.982299804688;0
3011.114;684.686462402344;0
3012.383;823.046875;0
3013.649;812.649536132813;0
3014.917;612.702453613281;0
3016.185;607.911499023438;0
3017.451;579.016235351563;0
3018.716;523.342529296875;0
3019.983;341.555908203125;0
3021.246;407.545532226563;0
3022.509;589.646423339844;0
3023.774;596.415771484375;0
3025.035;587.410827636719;0
3026.299;397.413269042969;0
3027.56;504.646942138672;0
3028.819;406.449188232422;0
3030.081;326.119964599609;0
3031.339;268.962951660156;0
3032.598;319.908813476563;0
3033.856;451.088470458984;0
3035.114;526.151733398438;0
3036.372;504.766754150391;0
3037.628;490.600799560547;0
3038.883;391.555816650391;0
3040.138;375.031494140625;0
3041.394;472.830963134766;0
3042.646;522.398010253906;0
3043.9;539.347106933594;0
3045.152;572.569763183594;0
3046.405;661.841552734375;0
3047.657;701.218200683594;0
3048.906;850.867553710938;0
3050.158;990.627868652344;0
3051.407;1194.35986328125;0
3052.656;1029.35119628906;0
3053.904;1041.8994140625;0
3055.153;948.755249023437;0
3056.398;1000.77978515625;0
3057.647;871.159729003906;0
3058.892;840.4775390625;0
3060.137;980.071960449219;0
3061.382;1104.83203125;0
3062.625;1161.87060546875;0
3063.869;1188.07873535156;0
3065.112;1079.45385742188;0
3066.353;1064.77221679687;0
3067.595;1059.69909667969;0
3068.838;1182.40966796875;0
3070.075;1360.728515625;0
3071.317;1300.1181640625;0
3072.557;1282.779296875;0
3073.795;1097.2109375;0
3075.032;997.658752441406;0
3076.27;970.245056152344;0
3077.507;1049.2578125;0
3078.742;1110.77709960937;0
3079.978;1128.62719726562;0
3081.212;1029.30688476562;0
3082.446;1025.54235839844;0
3083.681;930.786743164063;0
3084.913;889.774353027344;0
3086.147;866.976318359375;0
3087.38;1032.66357421875;0
3088.61;1149.6240234375;0
3089.84;1236.10400390625;0
3091.071;1162.6650390625;0
3092.3;1143.64660644531;0
3093.529;1201.15954589844;0
3094.755;1220.87182617188;0
3095.984;1363.11669921875;0
3097.211;1377.89404296875;0
3098.438;1375.42590332031;0
3099.663;1361.37670898438;0
3100.888;1350.37512207031;0
3102.112;1301.89819335937;0
3103.335;1151.76245117187;0
3104.56;1087.08178710938;0
3105.782;1123.49340820312;0
3107.005;1227.31042480469;0
3108.226;1306.99426269531;0
3109.447;1186.54321289063;0
3110.667;1052.84899902344;0
3111.887;963.054138183594;0
3113.104;1106.22033691406;0
3114.324;1226.11499023438;0
3115.541;1288.98657226562;0
3116.758;1236.27966308594;0
3117.976;1159.10656738281;0
3119.192;1061.58410644531;0
3120.408;1121.99597167969;0
3121.622;1087.39819335938;0
3122.835;1026.95422363281;0
3124.05;931.471618652344;0
3125.262;957.00048828125;0
3126.476;986.130859375;0
3127.687;940.672119140625;0
3128.897;925.881164550781;0
3130.108;1089.447265625;0
3131.319;1292.12927246094;0
3132.528;1424.93591308594;0
3133.737;1444.08996582031;0
3134.945;1416.70263671875;0
3136.152;1300.77392578125;0
3137.358;1309.86340332031;0
3138.565;1346.41857910156;0
3139.772;1397.99731445313;0
3140.976;1362.71228027344;0
3142.18;1186.4541015625;0
3143.385;1062.65100097656;0
3144.588;944.218872070312;0
3145.79;1065.65551757812;0
3146.993;1279.00451660156;0
3148.194;1215.82116699219;0
3149.395;1144.88464355469;0
3150.596;1063.4189453125;0
3151.794;1068.8232421875;0
3152.994;911.379760742187;0
3154.193;764.487915039063;0
3155.39;738.913879394531;0
3156.587;822.36376953125;0
3157.784;806.390380859375;0
3158.982;703.884399414063;0
3160.177;546.770568847656;0
3161.37;492.470458984375;0
3162.565;529.314453125;0
3163.759;628.411499023438;0
3164.952;630.207763671875;0
3166.146;660.482666015625;0
3167.337;662.237854003906;0
3168.527;743.878662109375;0
3169.719;707.447570800781;0
3170.91;555.331237792969;0
3172.098;343.404663085938;0
3173.288;273.4638671875;0
3174.475;244.802612304688;0
3175.663;354.549652099609;0
3176.849;358.470245361328;0
3178.037;447.788269042969;0
3179.223;375.949859619141;0
3180.408;345.619903564453;0
3181.592;259.011505126953;0
3182.777;222.189270019531;0
3183.96;209.24967956543;0
3185.143;256.619384765625;0
3186.325;352.605987548828;0
3187.507;344.987243652344;0
3188.688;422.540954589844;0
3189.869;348.816589355469;0
3191.049;406.701507568359;0
3192.228;413.859161376953;0
3193.406;419.284515380859;0
3194.585;407.082366943359;0
3195.763;468.692504882813;0
3196.939;488.340515136719;0
3198.116;528.914367675781;0
3199.292;452.521881103516;0
3200.466;529.848999023438;0
3201.643;772.099182128906;0
3202.816;950.609191894531;0
3203.991;1099.04602050781;0
3205.161;953.854125976563;0
3206.334;866.146057128906;0
3207.504;992.143676757812;0
3208.677;1097.51245117188;0
3209.846;1156.14111328125;0
3211.017;1048.80603027344;0
3212.187;1064.16845703125;0
3213.356;981.444580078125;0
3214.524;1010.74096679688;0
3215.69;945.394470214844;0
3216.859;1073.18786621094;0
3218.024;1092.125;0
3219.189;1138.763671875;0
3220.354;1099.65930175781;0
3221.519;1103.03637695313;0
3222.682;1111.44470214844;0
3223.845;1168.322265625;0
3225.01;1242.78149414063;0
3226.171;1429.82568359375;0
3227.332;1464.34973144531;0
3228.494;1615.79443359375;0
3229.655;1551.26245117188;0
3230.814;1613.63879394531;0
3231.973;1471.3681640625;0
3233.13;1566.11572265625;0
3234.29;1485.10217285156;0
3235.447;1539.99255371094;0
3236.605;1365.56323242188;0
3237.76;1498.96435546875;0
3238.916;1392.26489257813;0
3240.071;1535.40954589844;0
3241.224;1376.8857421875;0
3242.381;1420.30712890625;0
3243.532;1266.14758300781;0
3244.685;1303.41003417969;0
3245.839;1165.09350585938;0
3246.99;1125.41906738281;0
3248.141;1109.94189453125;0
3249.292;1212.22094726563;0
3250.439;1270.703125;0
3251.589;1201.17004394531;0
3252.739;1183.9521484375;0
3253.886;1128.27661132812;0
3255.034;1059.14221191406;0
3256.18;950.326416015625;0
3257.326;820.828186035156;0
3258.472;925.879089355469;0
3259.617;888.7041015625;0
3260.761;860.751831054688;0
3261.905;904.692443847656;0
3263.048;997.642822265625;0
3264.19;1134.16003417969;0
3265.333;1120.13305664063;0
3266.475;1180.78625488281;0
3267.617;1151.34204101562;0
3268.757;1160.80297851562;0
3269.896;1121.50561523438;0
3271.036;1126.11535644531;0
3272.175;1053.85461425781;0
3273.313;1003.94506835938;0
3274.449;1050.49462890625;0
3275.586;1045.94714355469;0
3276.722;1073.63793945313;0
3277.859;967.460876464844;0
3278.993;907.9755859375;0
3280.13;765.742858886719;0
3281.263;806.880126953125;0
3282.395;836.056884765625;0
3283.529;995.273071289062;0
3284.66;1065.08264160156;0
3285.794;1042.37292480469;0
3286.924;964.141967773438;0
3288.054;931.169616699219;0
3289.185;801.89990234375;0
3290.313;684.455078125;0
3291.443;662.509948730469;0
3292.571;763.177429199219;0
3293.698;865.344604492188;0
3294.824;904.561279296875;0
3295.952;981.829772949219;0
3297.077;1025.37902832031;0
3298.203;906.545654296875;0
3299.328;947.438903808594;0
3300.45;950.169921875;0
3301.574;1000.18304443359;0
3302.698;830.811767578125;0
3303.819;827.275939941406;0
3304.942;729.686828613281;0
3306.064;682.570922851563;0
3307.182;704.098083496094;0
3308.303;614.698303222656;0
3309.423;727.708679199219;0
3310.542;498.021942138672;0
3311.66;562.640502929688;0
3312.778;510.454284667969;0
3313.895;609.106323242188;0
3315.012;500.790832519531;0
3316.128;539.614929199219;0
3317.243;582.915649414063;0
3318.357;746.506652832031;0
3319.471;722.786743164063;0
3320.586;712.164672851563;0
3321.698;921.52880859375;0
3322.813;1080.52551269531;0
3323.923;1129.38293457031;0
3325.034;1032.88146972656;0
3326.146;1019.26177978516;0
3327.255;1017.51745605469;0
3328.366;974.316040039063;0
3329.474;841.727294921875;0
3330.582;808.951904296875;0
3331.691;864.709716796875;0
3332.797;969.662536621094;0
3333.905;1058.95642089844;0
3335.011;994.266052246094;0
3336.116;982.87109375;0
3337.22;968.203308105469;0
3338.327;983.545349121094;0
3339.429;932.107543945313;0
3340.534;907.068481445313;0
3341.635;955.601013183594;0
3342.737;834.100891113281;0
3343.84;769.414245605469;0
3344.94;564.666259765625;0
3346.041;576.614379882813;0
3347.142;652.754028320313;0
3348.24;648.71044921875;0
3349.337;617.356750488281;0
3350.437;488.533325195313;0
3351.534;499.632141113281;0
3352.633;604.754211425781;0
3353.727;560.739196777344;0
3354.823;621.257202148438;0
3355.919;652.532836914063;0
3357.013;779.458618164063;0
3358.108;871.744812011719;0
3359.201;975.066772460938;0
3360.293;957.894775390625;0
3361.385;1027.40502929688;0
3362.478;908.091369628906;0
3363.569;966.291870117188;0
3364.661;821.788940429687;0
3365.75;953.455749511719;0
3366.838;891.268676757812;0
3367.929;1041.095703125;0
3369.017;1055.01879882813;0
3370.105;1121.57336425781;0
3371.193;1031.8623046875;0
3372.279;963.645935058594;0
3373.364;947.358459472656;0
3374.45;982.396606445313;0
3375.534;942.194274902344;0
3376.62;1006.60650634766;0
3377.704;1077.7080078125;0
3378.786;1071.81811523438;0
3379.871;1047.47607421875;0
3380.951;980.235229492188;0
3382.034;1008.79296875;0
3383.114;928.775817871094;0
3384.195;925.732727050781;0
3385.276;968.840026855469;0
3386.354;1092.22863769531;0
3387.433;1140.94604492188;0
3388.511;1204.06494140625;0
3389.588;1201.9951171875;0
3390.664;1276.24084472656;0
3391.742;1225.72265625;0
3392.816;1187.22973632813;0
3393.893;1130.26208496094;0
3394.968;1270.08630371094;0
3396.042;1276.75830078125;0
3397.115;1248.90869140625;0
3398.189;1153.7392578125;0
3399.262;1142.73522949219;0
3400.333;1145.73596191406;0
3401.404;1102.58935546875;0
3402.474;1112.92260742188;0
3403.545;1141.8154296875;0
3404.615;1164.33178710938;0
3405.685;1298.25256347656;0
3406.752;1241.69396972656;0
3407.82;1261.84204101563;0
3408.888;1232.234375;0
3409.955;1301.08837890625;0
3411.021;1271.35778808594;0
3412.085;1229.75830078125;0
3413.151;1167.35131835938;0
3414.215;1136.89465332031;0
3415.279;1055.38549804688;0
3416.343;1110.11047363281;0
3417.406;1169.59924316406;0
3418.468;1245.44567871094;0
3419.53;1173.25708007813;0
3420.592;1059.04870605469;0
3421.652;1050.50671386719;0
3422.712;1120.21850585938;0
3423.773;1124.37573242188;0
3424.83;1112.89111328125;0
3425.889;1191.41381835938;0
3426.946;1262.49084472656;0
3428.005;1314.22973632813;0
3429.061;1311.19787597656;0
3430.117;1350.63220214844;0
3431.172;1420.75817871094;0
3432.227;1327.57897949219;0
3433.281;1367.07421875;0
3434.335;1321.15173339844;0
3435.389;1394.37158203125;0
3436.44;1386.63366699219;0
3437.492;1421.2412109375;0
3438.546;1448.88354492188;0
3439.598;1472.41223144531;0
3440.646;1457.17614746094;0
3441.697;1482.13989257813;0
3442.745;1429.69555664063;0
3443.793;1437.34692382813;0
3444.842;1328.76867675781;0
3445.891;1346.8837890625;0
3446.937;1367.51928710938;0
3447.984;1401.7880859375;0
3449.031;1325.24096679688;0
3450.075;1300.92712402344;0
3451.12;1267.64306640625;0
3452.164;1322.05224609375;0
3453.207;1276.23205566406;0
3454.251;1276.80126953125;0
3455.293;1249.38854980469;0
3456.336;1204.95654296875;0
3457.378;1211.58386230469;0
3458.417;1169.14685058594;0
3459.458;1110.13293457031;0
3460.498;1030.50439453125;0
3461.539;1000.74652099609;0
3462.577;1004.02447509766;0
3463.614;1042.82775878906;0
3464.651;1054.3447265625;0
3465.689;1009.7548828125;0
3466.726;892.27099609375;0
3467.763;784.498962402344;0
3468.798;721.306762695313;0
3469.831;781.345947265625;0
3470.866;936.984191894531;0
3471.9;1007.30291748047;0
3472.933;994.448181152344;0
3473.966;870.374084472656;0
3474.999;854.736572265625;0
3476.029;793.265563964844;0
3477.061;738.357727050781;0
3478.09;652.019592285156;0
3479.121;639.475280761719;0
3480.15;716.573669433594;0
3481.178;719.79833984375;0
3482.205;808.067321777344;0
3483.234;768.735717773437;0
3484.26;822.742431640625;0
3485.288;775.393981933594;0
3486.313;871.794677734375;0
3487.337;918.4833984375;0
3488.364;1018.43768310547;0
3489.387;1123.86340332031;0
3490.411;1139.8642578125;0
3491.434;1147.75744628906;0
3492.456;942.760620117188;0
3493.479;786.852844238281;0
3494.5;612.701049804688;0
3495.521;441.541107177734;0
3496.543;342.837768554688;0
3497.561;256.968170166016;0
3498.579;223.449981689453;0
3499.6;155.898864746094;0
3500.618;-20.0201530456543;0
3501.636;-108.750747680664;0
3502.653;-119.144691467285;0
3503.669;-72.0050048828125;0
3504.685;-50.3048553466797;0
3505.699;-15.6544647216797;0
3506.716;51.8388633728027;0
3507.729;-47.3659706115723;0
3508.743;-132.737854003906;0
3509.755;-177.326385498047;0
