98.64605;0;0
101.2353;0;0
103.8217;0;0
106.4096;-2.14814805984497;0
108.9945;22.7777786254883;0
111.5767;-73.9206314086914;0
114.1602;-15.4074077606201;0
116.7409;34.1212120056152;0
119.3209;83.2393188476563;0
121.9002;21;0
124.4788;-69.3921585083008;0
127.0566;-84.1403503417969;0
129.6317;-115.412696838379;0
132.2038;-49.4202880859375;0
134.7796;-66.1377792358398;0
137.3503;13.938271522522;0
139.9204;33.5555572509766;0
142.4919;253.580642700195;0
145.0584;272.2255859375;0
147.6242;323.755554199219;0
150.1914;317.522521972656;0
152.7579;442.296295166016;0
155.3216;418.520324707031;0
157.8846;430.036163330078;0
160.4448;428.039520263672;0
163.0085;527.964538574219;0
165.5672;611.176879882813;0
168.1232;661.649230957031;0
170.6826;735.645690917969;0
173.2372;720.494934082031;0
175.7931;743.894714355469;0
178.3463;649.819458007813;0
180.8966;690.360412597656;0
183.4504;790.392395019531;0
185.9993;888.599243164063;0
188.5476;1070.31176757813;0
191.0972;1068.60205078125;0
193.644;1035.23254394531;0
196.1859;888.36572265625;0
198.7335;899.938110351563;0
201.2761;904.838745117188;0
203.8201;953.812927246094;0
206.3593;988.315795898438;0
208.8998;1074.79016113281;0
211.4397;1070.5205078125;0
213.9746;1059.77124023438;0
216.5109;1101.98059082031;0
219.0487;1160.30969238281;0
221.5816;1238.64172363281;0
224.1158;1248.05017089844;0
226.6473;1280.98706054688;0
229.176;1276.17297363281;0
231.7082;1317.06640625;0
234.2355;1448.19860839844;0
236.7643;1482.39855957031;0
239.2902;1520.06115722656;0
241.8133;1391.0908203125;0
244.3379;1358.14465332031;0
246.8618;1295.10986328125;0
249.3828;1313.32690429688;0
251.9053;1252.11926269531;0
254.423;1261.50903320313;0
256.942;1211.728515625;0
259.4603;1295.77722167969;0
261.9759;1335.21655273438;0
264.4887;1313.11499023437;0
267.005;1349.87158203125;0
269.5164;1351.56652832031;0
272.0292;1448.49890136719;0
274.5393;1448.15356445313;0
277.0466;1469.900390625;0
279.5574;1523.39929199219;0
282.0654;1553.77307128906;0
284.5686;1523.76330566406;0
287.0752;1500.63342285156;0
289.5791;1474.06689453125;0
292.0803;1465.28540039063;0
294.5828;1401.63037109375;0
297.0826;1359.41442871094;0
299.5838;1318.71252441406;0
302.0801;1281.7783203125;0
304.5758;1170.24597167969;0
307.0749;1133.14282226563;0
309.5672;1105.14099121094;0
312.0608;1106.46081542969;0
314.5558;1094.85766601563;0
317.044;1160.4970703125;0
319.5377;1165.18701171875;0
322.0266;1206.81567382813;0
324.5127;1246.09130859375;0
327.0023;1328.09606933594;0
329.4871;1431.44201660156;0
331.9691;1418.52893066406;0
334.4547;1461.92626953125;0
336.9353;1460.92028808594;0
339.4174;1524.48718261719;0
341.901;1619.79357910156;0
344.3776;1679.2890625;0
346.8577;1679.65625;0
349.333;1598.17822265625;0
351.8076;1522.56823730469;0
354.2857;1544.84387207031;0
356.7569;1466.14379882813;0
359.2296;1428.24645996094;0
361.7015;1263.97155761719;0
364.1729;1349.03002929687;0
366.6414;1332.74353027344;0
369.1093;1420.43017578125;0
371.5745;1299.18969726563;0
374.0432;1268.55310058594;0
376.507;1169.93701171875;0
378.9702;1144.37634277344;0
381.4348;1113.1455078125;0
383.8947;1214.90844726563;0
386.3538;1254.49743652344;0
388.8144;1335.9951171875;0
391.2722;1340.85412597656;0
393.7314;1354.23999023438;0
396.1859;1354.828125;0
398.6418;1337.37915039062;0
401.0949;1460.21520996094;0
403.5475;1427.15673828125;0
405.9972;1497.95031738281;0
408.4505;1443.61181640625;0
410.899;1512.64685058594;0
413.3468;1538.06079101562;0
415.796;1611.72351074219;0
418.2405;1624.92468261719;0
420.6884;1569.25891113281;0
423.1295;1460.13037109375;0
425.572;1446.69702148438;0
428.0159;1403.53344726562;0
430.455;1423.89221191406;0
432.8956;1339.28356933594;0
435.3335;1379.14514160156;0
437.7707;1353.73876953125;0
440.2093;1342.20043945313;0
442.6432;1255.21447753906;0
445.0764;1155.22973632813;0
447.511;1173.52722167969;0
449.9429;1227.26000976562;0
452.3721;1306.63549804687;0
454.8048;1349.81530761719;0
457.2328;1322.3115234375;0
459.66;1328.17102050781;0
462.0847;1321.05798339844;0
464.5127;1361.28735351563;0
466.9381;1370.89379882813;0
469.3587;1438.48034667969;0
471.7807;1491.09814453125;0
474.2042;1593.45385742188;0
476.6229;1545.19189453125;0
479.041;1443.57189941406;0
481.4604;1346.99182128906;0
483.8752;1317.25720214844;0
486.2934;1410.77355957031;0
488.7068;1511.39013671875;0
491.1197;1549.23559570313;0
493.5339;1538.09008789063;0
495.9435;1453.73522949219;0
498.3544;1339.40161132813;0
500.7667;1335.08447265625;0
503.1723;1299.77770996094;0
505.5793;1312.91918945313;0
507.9856;1177.158203125;0
510.3913;1083.52307128906;0
512.7944;1036.82775878906;0
515.1968;910.804443359375;0
517.5986;885.892822265625;0
519.9997;866.820617675781;0
522.3982;1023.11328125;0
524.798;1074.703125;0
527.1973;1036.37939453125;0
529.5919;1063.41064453125;0
531.9899;1011.04016113281;0
534.3832;1091.16870117188;0
536.7758;1132.41381835938;0
539.1699;1204.39208984375;0
541.5593;1166.06042480469;0
543.9481;1090.16955566406;0
546.3382;1090.63391113281;0
548.7257;1208.90368652344;0
551.1146;1201.71801757813;0
553.4968;1252.654296875;0
555.8824;1297.94360351562;0
558.2675;1387.39538574219;0
560.6478;1461.77014160156;0
563.0295;1411.51672363281;0
565.4106;1362.86145019531;0
567.7911;1307.56787109375;0
570.169;1202.76550292969;0
572.5462;1137.91760253906;0
574.9229;1188.66845703125;0
577.2968;1226.60522460938;0
579.6721;1290.13586425781;0
582.0449;1223.70544433594;0
584.417;1152.203125;0
586.7885;977.182495117188;0
589.1553;853.375305175781;0
591.5255;887.200439453125;0
593.8931;865.328735351563;0
596.2601;802.789733886719;0
598.6265;715.758117675781;0
600.9902;799.632019042969;0
603.3554;876.679016113281;0
605.7179;1020.77600097656;0
608.0778;1000.47045898438;0
610.4391;958.148132324219;0
612.7977;787.017395019531;0
615.1558;899.108825683594;0
617.5132;1032.04846191406;0
619.8701;1170.88134765625;0
622.2263;1166.8193359375;0
624.5779;1283.80554199219;0
626.9308;1341.76782226563;0
629.2852;1321.95581054687;0
631.6349;1343.45251464844;0
633.9841;1548.67993164063;0
636.3326;1690.6796875;0
638.6805;1652.03479003906;0
641.0279;1433.40979003906;0
643.3746;1437.20593261719;0
645.7187;1438.12036132813;0
648.0621;1501.83874511719;0
650.405;1408.5771484375;0
652.7453;1424.96301269531;0
655.087;1463.25952148437;0
657.426;1515.24548339844;0
659.7645;1487.52429199219;0
662.1024;1430.47631835937;0
664.4376;1360.11462402344;0
666.7742;1244.89575195312;0
669.1063;1110.92016601563;0
671.4398;1074.85144042969;0
673.7726;1064.26623535156;0
676.1048;1060.56884765625;0
678.4324;1102.42712402344;0
680.7635;1087.37890625;0
683.0919;1165.98681640625;0
685.4158;1087.19702148438;0
687.743;1100.00476074219;0
690.0696;1043.57983398438;0
692.3937;1025.16430664063;0
694.7151;1007.37774658203;0
697.038;1058.79724121094;0
699.3583;1096.43688964844;0
701.6779;1164.80334472656;0
703.995;1184.634765625;0
706.3155;1278.28088378906;0
708.6294;1191.41174316406;0
710.9467;1179.83459472656;0
713.2594;1141.18334960938;0
715.5735;1132.88415527344;0
717.887;1103.11743164063;0
720.1979;1095.58044433594;0
722.5083;1282.95922851562;0
724.818;1374.59265136719;0
727.1252;1343.03833007812;0
729.4357;1240.29907226562;0
731.7418;1209.484375;0
734.0452;1280.03015136719;0
736.35;1309.26147460937;0
738.6522;1212.06066894531;0
740.9539;1067.37414550781;0
743.2569;1023.50848388672;0
745.5554;1114.54565429688;0
747.8553;1175.92333984375;0
750.1545;1128.74829101562;0
752.4513;1029.24560546875;0
754.7474;800.044860839844;0
757.043;708.869445800781;0
759.336;705.173278808594;0
761.6304;856.991516113281;0
763.9222;749.378295898438;0
766.2114;565.459289550781;0
768.5041;526.927795410156;0
770.7922;526.471008300781;0
773.0777;624.424072265625;0
775.3647;655.099426269531;0
777.651;813.844604492188;0
779.9368;799.833618164063;0
782.22;837.048522949219;0
784.5026;813.869812011719;0
786.7847;935.728576660156;0
789.0662;968.524963378906;0
791.3451;1046.58142089844;0
793.6254;991.968505859375;0
795.9012;1000.90466308594;0
798.1784;1092.96911621094;0
800.455;1040.70593261719;0
802.7291;1044.89013671875;0
805.0026;960.739440917969;0
807.2755;1185.29125976563;0
809.5478;1204.38342285156;0
811.8176;1270.44750976563;0
814.0869;1313.06750488281;0
816.3535;1378.88671875;0
818.6235;1487.9072265625;0
820.8911;1391.81274414063;0
823.156;1380.93151855469;0
825.4204;1295.70178222656;0
827.6823;1303.88220214844;0
829.9474;1349.61682128906;0
832.2082;1297.84008789062;0
834.4683;1364.0751953125;0
836.7279;1312.06811523438;0
838.9869;1329.29699707031;0
841.2453;1275.73706054687;0
843.5012;1297.60095214844;0
845.7565;1370.63134765625;0
848.0133;1367.52490234375;0
850.2655;1388.07177734375;0
852.5153;1263.20202636719;0
854.7703;1270.10717773438;0
857.0189;1115.76489257813;0
859.2668;1098.83422851563;0
861.5182;1004.42407226563;0
863.7651;1008.30914306641;0
866.0114;972.601379394531;0
868.2592;805.529968261719;0
870.5024;829.844299316406;0
872.7451;820.169860839844;0
874.9872;949.737915039063;0
877.2307;933.626586914063;0
879.4717;870.942932128906;0
881.7101;793.243835449219;0
883.95;676.5302734375;0
886.1854;679.498657226563;0
888.4202;671.909545898438;0
890.6604;687.979187011719;0
892.8941;631.504028320313;0
895.1253;761.195617675781;0
897.3599;887.956787109375;0
899.59;915.00048828125;0
901.8195;834.733093261719;0
904.0504;809.169799804688;0
906.2789;921.42822265625;0
908.5087;1108.59423828125;0
910.7341;1176.82141113281;0
912.9589;1167.42175292969;0
915.1851;1084.27783203125;0
917.4088;1060.86987304688;0
919.63;1038.9921875;0
921.8526;861.002136230469;0
924.0727;936.7177734375;0
926.2922;1024.03479003906;0
928.5112;1193.8125;0
930.7277;1073.02880859375;0
932.9476;975.134155273438;0
935.163;910.684204101563;0
937.3739;783.567810058594;0
939.5901;827.509521484375;0
941.8019;754.455627441406;0
944.0151;773.0263671875;0
946.2258;711.688293457031;0
948.4341;663.090026855469;0
950.6456;699.88671875;0
952.8527;519.878601074219;0
955.0593;525.752746582031;0
957.2653;397.284301757813;0
959.4689;488.402282714844;0
961.6738;453.963836669922;0
963.8782;370.17431640625;0
966.0782;351.292694091797;0
968.2815;401.620880126953;0
970.4803;455.943145751953;0
972.6787;449.931243896484;0
974.8784;475.813934326172;0
977.0757;501.26220703125;0
979.2704;503.39111328125;0
981.4667;448.095581054688;0
983.6603;547.372985839844;0
985.8535;620.559814453125;0
988.0461;664.325622558594;0
990.2363;651.117065429688;0
992.4297;811.330017089844;0
994.6169;985.227661132813;0
996.8035;1185.78930664063;0
998.9933;1235.28881835938;0
1001.179;1305.70056152344;0
1003.364;1324.19750976562;0
1005.55;1228.87927246094;0
1007.732;1336.20434570312;0
1009.916;1297.07849121094;0
1012.096;1417.33471679687;0
1014.275;1277.13549804688;0
1016.459;1378.02978515625;0
1018.636;1479.31018066406;0
1020.813;1554.35131835938;0
1022.991;1533.35717773437;0
1025.165;1373.49780273438;0
1027.34;1328.42590332031;0
1029.515;1199.92846679688;0
1031.687;1135.04467773437;0
1033.859;1117.92126464844;0
1036.03;1172.34973144531;0
1038.199;1266.67431640625;0
1040.369;1192.41040039062;0
1042.536;1267.80358886719;0
1044.704;1218.71447753906;0
1046.87;1313.14819335938;0
1049.034;1202.55261230469;0
1051.198;1152.2666015625;0
1053.363;1021.00085449219;0
1055.526;1016.19274902344;0
1057.686;991.597351074219;0
1059.845;1029.09094238281;0
1062.005;1015.55218505859;0
1064.165;1056.86987304688;0
1066.323;996.942199707031;0
1068.477;899.906677246094;0
1070.634;897.964660644531;0
1072.788;786.671875;0
1074.942;832.331115722656;0
1077.096;814.038940429688;0
1079.247;1112.66064453125;0
1081.397;1158.38916015625;0
1083.547;1316.43701171875;0
1085.695;1168.02734375;0
1087.844;1134.83129882813;0
1089.992;942.734802246094;0
1092.138;861.854125976563;0
1094.284;923.443481445313;0
1096.425;1031.21325683594;0
1098.571;1147.19360351562;0
1100.711;1224.37438964844;0
1102.851;1263.18786621094;0
1104.994;1378.53247070312;0
1107.132;1374.00549316406;0
1109.271;1314.23071289063;0
1111.408;1353.95422363281;0
1113.543;1466.14306640625;0
1115.682;1551.19543457031;0
1117.816;1402.111328125;0
1119.947;1380.71716308594;0
1122.08;1353.86083984375;0
1124.213;1410.11853027344;0
1126.343;1309.88525390625;0
1128.474;1352.00036621094;0
1130.602;1193.44482421875;0
1132.728;1019.33331298828;0
1134.856;997.238159179688;0
1136.982;1058.87036132813;0
1139.109;1283.74877929688;0
1141.234;1366.517578125;0
1143.356;1438.5927734375;0
1145.479;1365.25537109375;0
1147.599;1263.25317382813;0
1149.719;1292.14782714844;0
1151.839;1293.83801269531;0
1153.957;1131.435546875;0
1156.076;903.715942382813;0
1158.191;766.567565917969;0
1160.305;877.0400390625;0
1162.423;925.268859863282;0
1164.536;1039.17761230469;0
1166.647;973.433227539063;0
1168.761;1110.43078613281;0
1170.871;1128.30798339844;0
1172.983;1159.60949707031;0
1175.092;1280.13195800781;0
1177.2;1357.99328613281;0
1179.306;1398.19494628906;0
1181.413;1315.22143554687;0
1183.518;1273.34875488281;0
1185.623;1136.69519042969;0
1187.725;1036.60229492188;0
1189.826;947.400329589844;0
1191.929;1095.26501464844;0
1194.032;1196.68981933594;0
1196.13;1214.59753417969;0
1198.23;1202.90417480469;0
1200.327;1244.40905761719;0
1202.423;1347.92370605469;0
1204.52;1495.35278320313;0
1206.613;1413.53393554688;0
1208.71;1492.73986816406;0
1210.801;1403.25439453125;0
1212.892;1538.61242675781;0
1214.987;1489.8349609375;0
1217.075;1541.24865722656;0
1219.166;1418.0478515625;0
1221.256;1509.78295898438;0
1223.342;1455.49475097656;0
1225.43;1516.083984375;0
1227.515;1270.56311035156;0
1229.597;1231.14660644531;0
1231.685;1314.65319824219;0
1233.767;1406.18896484375;0
1235.85;1480.30688476562;0
1237.931;1401.48059082031;0
1240.009;1361.31323242187;0
1242.09;1262.58642578125;0
1244.168;1186.75244140625;0
1246.245;1126.486328125;0
1248.321;1110.60876464844;0
1250.397;1146.5654296875;0
1252.472;1335.50073242188;0
1254.547;1371.45043945312;0
1256.618;1283.19738769531;0
1258.69;1087.51953125;0
1260.761;1139.92004394531;0
1262.83;1200.31018066406;0
1264.901;1270.43566894531;0
1266.969;1208.04235839844;0
1269.035;1176.83557128906;0
1271.102;1303.24829101563;0
1273.167;1219.80200195313;0
1275.233;1260.712890625;0
1277.295;1116.64465332031;0
1279.359;1210.77697753906;0
1281.42;1109.14318847656;0
1283.482;1075.978515625;0
1285.542;975.306884765625;0
1287.6;1059.72229003906;0
1289.659;1131.97717285156;0
1291.714;1273.95336914063;0
1293.774;1392.99169921875;0
1295.828;1285.52392578125;0
1297.881;1196.86254882813;0
1299.936;1130.88659667969;0
1301.987;1289.47326660156;0
1304.041;1546.70202636719;0
1306.09;1610.51354980469;0
1308.139;1577.80187988281;0
1310.19;1390.45837402344;0
1312.238;1405.66772460937;0
1314.286;1443.8359375;0
1316.331;1619.44921875;0
1318.376;1688.49792480469;0
1320.422;1644.7373046875;0
1322.466;1526.51159667969;0
1324.508;1636.92163085938;0
1326.549;1646.31396484375;0
1328.59;1674.87927246094;0
1330.632;1461.34509277344;0
1332.67;1544.75903320312;0
1334.707;1521.47265625;0
1336.746;1530.24279785156;0
1338.78;1483.41162109375;0
1340.816;1457.64306640625;0
1342.852;1249.7919921875;0
1344.885;1107.56652832031;0
1346.916;995.190490722656;0
1348.948;1179.47143554688;0
1350.979;1285.40380859375;0
1353.011;1313.21520996094;0
1355.04;1335.734375;0
1357.066;1294.33435058594;0
1359.094;1310.01599121094;0
1361.121;1126.88879394531;0
1363.145;1130.61572265625;0
1365.171;969.966796875;0
1367.192;914.600158691406;0
1369.216;875.695251464844;0
1371.239;985.777893066407;0
1373.258;1091.0625;0
1375.28;1030.06921386719;0
1377.298;886.793212890625;0
1379.316;744.230285644531;0
1381.335;784.204772949219;0
1383.35;998.40966796875;0
1385.366;1061.27294921875;0
1387.38;1092.38977050781;0
1389.394;920.942077636719;0
1391.409;1031.16162109375;0
1393.42;827.408264160156;0
1395.43;949.052429199218;0
1397.44;844.388671875;0
1399.451;963.460021972656;0
1401.458;847.34716796875;0
1403.466;731.714538574219;0
1405.472;647.429382324219;0
1407.478;612.458679199219;0
1409.483;861.921569824219;0
1411.486;951.613037109375;0
1413.49;1123.62878417969;0
1415.492;962.469421386719;0
1417.492;928.023803710938;0
1419.495;924.613952636719;0
1421.494;1049.38940429688;0
1423.492;1164.25378417969;0
1425.49;1197.73522949219;0
1427.487;1250.88366699219;0
1429.482;1435.23864746094;0
1431.477;1433.97839355469;0
1433.471;1451.25122070313;0
1435.466;1462.69201660156;0
1437.456;1547.7763671875;0
1439.447;1549.69812011719;0
1441.441;1470.57312011719;0
1443.427;1497.95166015625;0
1445.417;1601.61169433594;0
1447.406;1585.44738769531;0
1449.392;1487.79235839844;0
1451.381;1473.54150390625;0
1453.365;1513.47265625;0
1455.348;1518.25305175781;0
1457.333;1400.43469238281;0
1459.314;1398.01220703125;0
1461.296;1373.09130859375;0
1463.276;1279.33410644531;0
1465.256;1093.73779296875;0
1467.237;1067.46984863281;0
1469.215;1102.68298339844;0
1471.19;1154.03698730469;0
1473.167;1209.14868164062;0
1475.145;1301.306640625;0
1477.118;1384.28857421875;0
1479.092;1270.09484863281;0
1481.065;1151.39172363281;0
1483.038;1033.29052734375;0
1485.008;1018.21948242187;0
1486.979;1004.39227294922;0
1488.949;1053.76147460938;0
1490.917;1123.51721191406;0
1492.883;1137.32641601563;0
1494.852;1055.41052246094;0
1496.817;1111.11059570313;0
1498.782;1145.59729003906;0
1500.748;1060.13989257812;0
1502.708;974.645568847656;0
1504.673;923.667602539063;0
1506.634;881.874938964844;0
1508.594;726.7138671875;0
1510.554;757.360473632813;0
1512.512;930.339599609375;0
1514.471;1071.91320800781;0
1516.428;1096.345703125;0
1518.384;1146.18908691406;0
1520.34;1039.88659667969;0
1522.294;979.127685546875;0
1524.249;877.880798339844;0
1526.202;991.36669921875;0
1528.153;980.285217285157;0
1530.103;1124.86633300781;0
1532.054;967.300842285156;0
1534.004;1004.81079101563;0
1535.951;1016.85919189453;0
1537.899;1081.31640625;0
1539.847;1002.53375244141;0
1541.793;773.825561523438;0
1543.738;783.697570800781;0
1545.681;728.494567871094;0
1547.625;695.523498535156;0
1549.566;581.711364746094;0
1551.509;607.695129394531;0
1553.45;569.714294433594;0
1555.389;670.705505371094;0
1557.33;572.308471679688;0
1559.266;710.084716796875;0
1561.204;799.356262207031;0
1563.141;905.787170410156;0
1565.074;841.82177734375;0
1567.009;703.009460449219;0
1568.943;684.683532714844;0
1570.877;734.843444824219;0
1572.808;731.378112792969;0
1574.741;589.731628417969;0
1576.67;508.348510742188;0
1578.6;457.784301757813;0
1580.528;582.878356933594;0
1582.455;522.268676757813;0
1584.382;567.695617675781;0
1586.307;517.965270996094;0
1588.234;657.680358886719;0
1590.157;673.883178710938;0
1592.081;658.3515625;0
1594.002;534.085510253906;0
1595.927;437.973846435547;0
1597.845;381.349975585938;0
1599.767;407.230041503906;0
1601.685;355.845916748047;0
1603.602;402.604705810547;0
1605.523;271.511993408203;0
1607.438;469.639373779297;0
1609.354;619.164855957031;0
1611.269;809.403076171875;0
1613.181;676.794067382813;0
1615.096;641.89013671875;0
1617.008;453.143218994141;0
1618.92;614.001220703125;0
1620.83;568.462280273438;0
1622.74;743.214782714844;0
1624.649;634.154174804688;0
1626.557;517.517822265625;0
1628.464;493.529144287109;0
1630.37;564.259033203125;0
1632.275;696.040893554688;0
1634.18;689.250183105469;0
1636.085;692.389404296875;0
1637.988;871.460144042968;0
1639.888;941.80419921875;0
1641.791;985.298461914062;0
1643.691;794.1650390625;0
1645.588;790.737365722656;0
1647.489;874.016418457031;0
1649.387;982.222900390625;0
1651.284;1131.01892089844;0
1653.18;1061.51794433594;0
1655.075;1226.83410644531;0
1656.972;1333.08642578125;0
1658.864;1515.61401367188;0
1660.754;1449.30712890625;0
1662.65;1348.05651855469;0
1664.539;1212.28100585938;0
1666.428;1151.90710449219;0
1668.32;1083.46850585937;0
1670.207;1130.98693847656;0
1672.096;1127.67321777344;0
1673.982;1101.64990234375;0
1675.867;1042.25024414063;0
1677.754;996.58544921875;0
1679.638;1036.98876953125;0
1681.52;948.126831054688;0
1683.403;846.110778808594;0
1685.285;582.0517578125;0
1687.166;545.394226074219;0
1689.048;622.3603515625;0
1690.924;742.950134277344;0
1692.804;820.768737792969;0
1694.682;750.759643554688;0
1696.558;800.925903320312;0
1698.435;685.714050292969;0
1700.308;611.790832519531;0
1702.184;480.711791992188;0
1704.057;386.476928710938;0
1705.929;322.863983154297;0
1707.801;303.09521484375;0
1709.674;385.504486083984;0
1711.542;576.648010253906;0
1713.412;667.859375;0
1715.28;519.027465820313;0
1717.145;412.707946777344;0
1719.015;333.940277099609;0
1720.88;420.988616943359;0
1722.746;244.863021850586;0
1724.61;129.231063842773;0
1726.471;183.653015136719;0
1728.334;302.004638671875;0
1730.197;333.618835449219;0
1732.057;232.273162841797;0
1733.919;195.72590637207;0
1735.777;264.583160400391;0
1737.634;288.864501953125;0
1739.493;338.642425537109;0
1741.349;376.694763183594;0
1743.205;364.354797363281;0
1745.061;407.691528320313;0
1746.915;322.420196533203;0
1748.77;423.313354492188;0
1750.621;402.037475585938;0
1752.473;397.150146484375;0
1754.323;327.429168701172;0
1756.173;302.207855224609;0
1758.022;378.596343994141;0
1759.87;307.588958740234;0
1761.718;209.069351196289;0
1763.566;159.368545532227;0
1765.411;334.923217773438;0
1767.256;395.693511962891;0
1769.101;523.654724121094;0
1770.945;544.819152832031;0
1772.787;785.458312988281;0
1774.629;734.120239257813;0
1776.469;862.806213378906;0
1778.309;767.071899414063;0
1780.15;841.697875976563;0
1781.987;793.350708007813;0
1783.826;708.919372558594;0
1785.662;695.95947265625;0
1787.498;705.693054199219;0
1789.334;730.009216308594;0
1791.169;855.241149902344;0
1793.002;804.388854980469;0
1794.834;931.230163574219;0
1796.667;940.320678710938;0
1798.498;1009.32696533203;0
1800.328;1053.13916015625;0
1802.157;948.534912109375;0
1803.986;919.400756835938;0
1805.813;881.844970703125;0
1807.639;911.420715332031;0
1809.467;974.350402832031;0
1811.292;1056.85607910156;0
1813.117;1193.82678222656;0
1814.94;1159.1513671875;0
1816.763;1093.27416992188;0
1818.585;968.750366210938;0
1820.407;740.579223632813;0
1822.227;698.759399414063;0
1824.048;613.290893554688;0
1825.865;726.0703125;0
1827.683;578.992736816406;0
1829.501;585.285522460938;0
1831.317;501.06494140625;0
1833.135;582.997741699219;0
1834.948;360.412933349609;0
1836.761;328.762512207031;0
1838.577;311.380737304688;0
1840.388;428.189147949219;0
1842.198;467.712493896484;0
1844.009;548.165710449219;0
1845.819;511.953857421875;0
1847.629;553.561889648438;0
1849.436;358.213897705078;0
1851.244;274.021240234375;0
1853.052;244.983947753906;0
1854.858;346.389190673828;0
1856.661;479.949279785156;0
1858.466;558.441345214844;0
1860.269;491.414306640625;0
1862.073;560.196533203125;0
1863.875;466.01025390625;0
1865.673;461.077667236328;0
1867.476;349.954376220703;0
1869.275;297.418121337891;0
1871.072;311.468902587891;0
1872.872;459.555877685547;0
1874.667;451.377746582031;0
1876.464;492.069122314453;0
1878.26;458.949249267578;0
1880.053;519.967407226563;0
1881.849;485.682861328125;0
1883.64;386.538787841797;0
1885.431;361.757354736328;0
1887.226;381.892486572266;0
1889.014;342.61376953125;0
1890.803;455.699005126953;0
1892.594;458.814880371094;0
1894.38;618.627990722656;0
1896.167;516.360656738281;0
1897.955;559.457214355469;0
1899.74;489.806640625;0
1901.526;470.076110839844;0
1903.309;571.376770019531;0
1905.091;563.042236328125;0
1906.876;506.516693115234;0
1908.658;155.134658813477;0
1910.438;154.007614135742;0
1912.217;238.913330078125;0
1913.996;312.629608154297;0
1915.775;283.48974609375;0
1917.553;244.49870300293;0
1919.33;299.546447753906;0
1921.106;292.522918701172;0
1922.881;305.651397705078;0
1924.655;298.931945800781;0
1926.431;283.809478759766;0
1928.202;168.841033935547;0
1929.974;107.917221069336;0
1931.746;168.266342163086;0
1933.516;352.427490234375;0
1935.286;466.840423583984;0
1937.055;375.952819824219;0
1938.823;324.768035888672;0
1940.592;287.84423828125;0
1942.356;440.345245361328;0
1944.122;449.547943115234;0
1945.888;514.309326171875;0
1947.651;457.660949707031;0
1949.416;364.712341308594;0
1951.178;340.017181396484;0
1952.939;300.351379394531;0
1954.699;345.382141113281;0
1956.459;333.442474365234;0
1958.219;248.41374206543;0
1959.979;345.161315917969;0
1961.735;481.893707275391;0
1963.491;671.435791015625;0
1965.249;610.011901855469;0
1967.003;734.852172851563;0
1968.761;809.404479980469;0
1970.512;1038.22998046875;0
1972.265;1068.88427734375;0
1974.018;1101.59118652344;0
1975.769;964.801696777344;0
1977.522;856.518432617188;0
1979.271;698.746520996094;0
1981.018;663.375854492188;0
1982.766;572.191467285156;0
1984.516;683.6376953125;0
1986.261;618.716674804688;0
1988.009;647.983947753906;0
1989.754;535.440368652344;0
1991.498;568.975524902344;0
1993.241;643.372680664063;0
1994.984;717.299621582031;0
1996.727;608.646362304688;0
1998.468;524.857177734375;0
2000.206;530.600036621094;0
2001.946;690.654296875;0
2003.686;705.9091796875;0
2005.424;643.03076171875;0
2007.161;686.463806152344;0
2008.898;698.320556640625;0
2010.634;810.937072753906;0
2012.369;807.534484863281;0
2014.103;724.445739746094;0
2015.836;631.450134277344;0
2017.57;797.883728027343;0
2019.299;810.747619628906;0
2021.032;853.371276855469;0
2022.762;641.088012695313;0
2024.491;735.231140136719;0
2026.221;756.577392578125;0
2027.947;650.015686035156;0
2029.676;559.989868164063;0
2031.403;569.165161132813;0
2033.128;617.984375;0
2034.852;690.989074707031;0
2036.577;610.414794921875;0
2038.299;815.268859863281;0
2040.022;738.436889648438;0
2041.744;517.138305664063;0
2043.465;409.370147705078;0
2045.184;435.966674804688;0
2046.903;654.765502929688;0
2048.621;609.433898925781;0
2050.339;574.303466796875;0
2052.057;491.819305419922;0
2053.774;464.093719482422;0
2055.488;325.016571044922;0
2057.203;349.475524902344;0
2058.917;247.471618652344;0
2060.631;234.46142578125;0
2062.344;112.960159301758;0
2064.053;173.666198730469;0
2065.765;337.208679199219;0
2067.476;520.51708984375;0
2069.185;553.478393554688;0
2070.892;606.756896972656;0
2072.6;623.014770507813;0
2074.308;691.141906738281;0
2076.014;664.693420410156;0
2077.72;591.441467285156;0
2079.425;501.940032958984;0
2081.13;502.851898193359;0
2082.833;464.954772949219;0
2084.532;489.798095703125;0
2086.236;336.605194091797;0
2087.936;339.374145507813;0
2089.635;342.710540771484;0
2091.335;396.807525634766;0
2093.034;425.867828369141;0
2094.731;416.106201171875;0
2096.427;460.967132568359;0
2098.124;669.449829101563;0
2099.82;869.444274902344;0
2101.515;1068.83837890625;0
2103.207;1013.09533691406;0
2104.902;1077.52770996094;0
2106.594;1059.74987792969;0
2108.286;1282.40100097656;0
2109.976;1296.37097167969;0
2111.667;1305.83557128906;0
2113.355;1144.03503417969;0
2115.044;1069.19128417969;0
2116.732;1078.9697265625;0
2118.42;1043.85266113281;0
2120.105;1127.71838378906;0
2121.79;1144.45581054688;0
2123.476;1334.84265136719;0
2125.16;1302.96240234375;0
2126.844;1318.16491699219;0
2128.524;1258.32446289062;0
2130.207;1257.73120117188;0
2131.888;1392.25048828125;0
2133.567;1388.72741699219;0
2135.247;1457.72253417969;0
2136.927;1371.86926269531;0
2138.603;1345.77514648438;0
2140.281;1235.3291015625;0
2141.957;1258.50744628906;0
2143.633;1143.86608886719;0
2145.308;1303.31335449219;0
2146.981;1193.93872070313;0
2148.654;1354.96569824219;0
2150.328;1096.39733886719;0
2152;1100.90087890625;0
2153.669;1071.24755859375;0
2155.34;1103.77526855469;0
2157.01;1218.81640625;0
2158.677;1147.70300292969;0
2160.347;1266.41186523437;0
2162.013;1105.95520019531;0
2163.681;1194.15771484375;0
2165.347;1234.37622070313;0
2167.011;1202.55883789063;0
2168.674;1144.32055664062;0
2170.337;1048.58312988281;0
2172.002;1032.93774414063;0
2173.662;1002.79107666016;0
2175.324;933.142028808594;0
2176.985;1017.10070800781;0
2178.645;872.999267578125;0
2180.304;928.283020019532;0
2181.961;978.618225097657;0
2183.618;1179.70532226563;0
2185.275;1001.51861572266;0
2186.932;924.950622558594;0
2188.586;863.564025878906;0
2190.242;1083.98913574219;0
2191.896;948.947570800781;0
2193.547;978.771606445313;0
2195.2;991.433227539063;0
2196.851;1100.40405273438;0
2198.502;1168.41052246094;0
2200.153;999.7373046875;0
2201.799;1044.77111816406;0
2203.447;861.406372070313;0
2205.097;928.904235839843;0
2206.742;925.435302734375;0
2208.391;1037.6708984375;0
2210.035;1177.76635742188;0
2211.679;1247.39892578125;0
2213.324;1148.28601074219;0
2214.966;994.819458007813;0
2216.608;839.625610351563;0
2218.252;935.269470214844;0
2219.89;950.638793945313;0
2221.531;1039.15014648438;0
2223.172;1014.49670410156;0
2224.809;998.77294921875;0
2226.449;974.771423339844;0
2228.086;940.424865722656;0
2229.72;991.098266601563;0
2231.358;1006.41491699219;0
2232.992;901.924438476563;0
2234.625;898.303039550781;0
2236.26;830.864624023438;0
2237.893;954.793579101563;0
2239.524;1000.34002685547;0
2241.156;984.420349121094;0
2242.785;1046.37719726563;0
2244.416;1041.537109375;0
2246.044;1170.78747558594;0
2247.672;1106.01440429687;0
2249.301;1050.21691894531;0
2250.926;1140.51293945313;0
2252.554;1108.89782714844;0
2254.177;1160.92810058594;0
2255.803;1094.71618652344;0
2257.427;1200.50390625;0
2259.051;1277.72570800781;0
2260.671;1094.83190917969;0
2262.294;1028.01281738281;0
2263.914;901.503173828125;0
2265.533;1001.91003417969;0
2267.153;910.311706542969;0
2268.773;961.339233398438;0
2270.392;988.252563476563;0
2272.006;1006.49719238281;0
2273.624;1099.29650878906;0
2275.239;1122.87377929688;0
2276.854;1140.5615234375;0
2278.468;1045.80444335938;0
2280.084;1074.90234375;0
2281.695;1075.880859375;0
2283.305;1058.0693359375;0
2284.919;815.519775390625;0
2286.527;810.519226074219;0
2288.14;794.810180664063;0
2289.748;923.436767578125;0
2291.354;871.069030761719;0
2292.964;848.307067871093;0
2294.569;870.315368652343;0
2296.174;901.808837890625;0
2297.782;912.880920410156;0
2299.386;905.247009277343;0
2300.99;819.784484863282;0
2302.594;862.975646972656;0
2304.195;889.47998046875;0
2305.798;869.935729980469;0
2307.399;695.01611328125;0
2308.998;619.606323242188;0
2310.598;626.662109375;0
2312.197;698.107727050781;0
2313.795;801.275451660156;0
2315.392;1005.66632080078;0
2316.988;1033.44494628906;0
2318.585;986.721740722656;0
2320.18;960.717590332032;0
2321.774;983.986267089844;0
2323.368;990.081237792968;0
2324.961;931.993896484375;0
2326.553;812.923034667968;0
2328.145;871.865966796875;0
2329.735;848.175842285157;0
2331.324;993.416381835938;0
2332.916;929.581237792969;0
2334.503;796.546203613281;0
2336.092;614.651672363281;0
2337.677;578.584411621094;0
2339.263;592.302795410156;0
2340.85;655.579711914063;0
2342.434;658.746032714844;0
2344.018;693.131591796875;0
2345.602;704.35400390625;0
2347.185;631.904724121094;0
2348.768;549.117248535156;0
2350.347;521.878601074219;0
2351.928;539.409851074219;0
2353.51;712.485717773438;0
2355.087;714.430419921875;0
2356.665;679.194274902344;0
2358.243;583.477844238281;0
2359.819;607.729187011719;0
2361.396;553.501098632813;0
2362.972;492.571014404297;0
2364.547;439.388458251953;0
2366.121;506.623107910156;0
2367.694;560.360534667969;0
2369.267;528.13916015625;0
2370.839;431.306335449219;0
2372.411;424.718658447266;0
2373.982;582.874145507813;0
2375.55;719.372436523438;0
2377.118;583.553405761719;0
2378.687;549.720153808594;0
2380.254;529.740051269531;0
2381.821;741.505493164063;0
2383.387;737.639404296875;0
2384.954;837.611694335937;0
2386.516;848.015502929688;0
2388.082;835.807922363281;0
2389.644;801.587768554688;0
2391.209;740.392517089844;0
2392.769;506.690338134766;0
2394.33;500.405853271484;0
2395.892;531.447448730469;0
2397.449;741.7861328125;0
2399.008;759.892944335938;0
2400.568;778.619995117187;0
2402.125;672.254150390625;0
2403.68;581.557312011719;0
2405.238;595.161865234375;0
2406.792;715.847106933594;0
2408.349;791.77978515625;0
2409.902;870.045654296875;0
2411.455;921.313232421875;0
2413.007;1053.37573242188;0
2414.558;1106.42663574219;0
2416.11;1104.43017578125;0
2417.66;1110.33093261719;0
2419.21;977.79150390625;0
2420.758;1016.37182617188;0
2422.307;889.295715332031;0
2423.855;928.328308105469;0
2425.402;898.358947753906;0
2426.947;899.654052734375;0
2428.492;855.845458984375;0
2430.038;780.2177734375;0
2431.58;756.835998535156;0
2433.124;865.481872558594;0
2434.667;856.934753417969;0
2436.208;838.085998535156;0
2437.75;884.42822265625;0
2439.291;938.024536132813;0
2440.83;1005.31842041016;0
2442.369;1026.97729492188;0
2443.906;1103.11267089844;0
2445.444;1102.94665527344;0
2446.981;967.0380859375;0
2448.517;946.213500976562;0
2450.053;1049.32690429688;0
2451.587;1025.2626953125;0
2453.12;1194.68933105469;0
2454.655;1090.82727050781;0
2456.187;1187.45166015625;0
2457.718;1086.00451660156;0
2459.25;1096.6220703125;0
2460.781;1000.65252685547;0
2462.31;881.079772949219;0
2463.84;925.047424316406;0
2465.368;923.392272949219;0
2466.896;882.228820800781;0
2468.423;817.468322753906;0
2469.949;935.155578613281;0
2471.474;1046.55090332031;0
2472.998;1098.65368652344;0
2474.522;954.655334472656;0
2476.045;990.740600585938;0
2477.568;931.165954589844;0
2479.09;970.97119140625;0
2480.612;905.334167480468;0
2482.132;800.713134765625;0
2483.653;758.9375;0
2485.171;694.217834472656;0
2486.689;966.351806640625;0
2488.208;1077.70202636719;0
2489.725;1178.49108886719;0
2491.242;1141.71997070313;0
2492.757;1175.16271972656;0
2494.271;1142.81909179687;0
2495.785;1096.90930175781;0
2497.3;1187.76599121094;0
2498.812;1277.83239746094;0
2500.325;1253.55163574219;0
2501.837;1049.58923339844;0
2503.345;844.597778320313;0
2504.856;812.607849121094;0
2506.366;843.880004882813;0
2507.875;949.025146484375;0
2509.382;945.158569335938;0
2510.889;921.358337402344;0
2512.397;810.048889160156;0
2513.901;600.420593261719;0
2515.406;415.801330566406;0
2516.911;454.923492431641;0
2518.415;502.224578857422;0
2519.918;505.152069091797;0
2521.421;470.911560058594;0
2522.922;387.298095703125;0
2524.423;497.090667724609;0
2525.924;536.975341796875;0
2527.422;564.323974609375;0
2528.923;492.425415039063;0
2530.419;483.93212890625;0
2531.916;410.399536132813;0
2533.415;463.605255126953;0
2534.909;262.326934814453;0
2536.404;326.005767822266;0
2537.899;42.0847396850586;0
2539.394;152.897064208984;0
2540.887;222.353775024414;0
2542.38;502.121612548828;0
2543.871;323.791442871094;0
2545.363;186.865997314453;0
2546.852;94.1233291625977;0
2548.345;57.5660858154297;0
2549.833;55.4160346984863;0
2551.321;91.5624694824219;0
2552.811;465.673645019531;0
2554.296;578.221313476563;0
2555.78;588.950439453125;0
2557.267;487.043029785156;0
2558.752;556.392822265625;0
2560.237;499.496551513672;0
2561.721;406.643768310547;0
2563.203;343.350799560547;0
2564.687;419.975067138672;0
2566.168;522.099975585938;0
2567.648;619.726928710938;0
2569.129;605.189086914063;0
2570.607;570.597229003906;0
2572.086;610.396850585938;0
2573.565;643.588745117188;0
2575.041;697.953247070313;0
2576.518;707.491760253906;0
2577.994;827.5390625;0
2579.469;988.483215332031;0
2580.945;1031.61437988281;0
2582.418;1052.09338378906;0
2583.892;1087.64868164063;0
2585.365;1150.83752441406;0
2586.835;1169.55029296875;0
2588.307;1138.8994140625;0
2589.778;993.66357421875;0
2591.248;981.280090332031;0
2592.717;991.746765136719;0
2594.186;1030.84057617188;0
2595.652;1056.22802734375;0
2597.121;925.799987792969;0
2598.585;895.923767089844;0
2600.052;903.281066894531;0
2601.518;937.091796875;0
2602.982;1018.84942626953;0
2604.446;947.121398925781;0
2605.907;997.46923828125;0
2607.371;945.555236816406;0
2608.83;1038.17272949219;0
2610.293;1023.75250244141;0
2611.752;1036.95922851563;0
2613.213;1035.66247558594;0
2614.672;1026.49243164063;0
2616.13;1194.71594238281;0
2617.587;1210.68151855469;0
2619.043;1352.94360351562;0
2620.501;1236.16772460938;0
2621.957;1275.46411132812;0
2623.409;1256.39013671875;0
2624.864;1328.2802734375;0
2626.318;1273.68896484375;0
2627.771;1135.09020996094;0
2629.222;1057.67944335938;0
2630.673;1099.16149902344;0
2632.124;1224.05712890625;0
2633.575;1332.3984375;0
2635.023;1344.29211425781;0
2636.473;1275.48913574219;0
2637.922;1295.75170898437;0
2639.368;1251.89611816406;0
2640.816;1215.33618164062;0
2642.261;1074.38903808594;0
2643.705;930.064147949219;0
2645.151;946.676391601563;0
2646.596;896.153564453125;0
2648.037;918.196960449219;0
2649.48;818.539611816406;0
2650.923;715.193237304688;0
2652.364;781.430358886719;0
2653.804;747.249572753906;0
2655.243;874.098693847656;0
2656.683;802.203491210938;0
2658.121;779.232360839844;0
2659.559;596.743225097656;0
2660.997;605.070434570313;0
2662.433;737.1025390625;0
2663.868;927.505004882813;0
2665.305;845.781127929688;0
2666.737;775.645812988281;0
2668.173;708.050415039063;0
2669.606;770.492492675781;0
2671.038;724.970703125;0
2672.47;666.929443359375;0
2673.901;506.590515136719;0
2675.331;645.508605957031;0
2676.761;620.027282714844;0
2678.189;688.367797851563;0
2679.619;296.641204833984;0
2681.045;266.450439453125;0
2682.473;274.787170410156;0
2683.9;476.27099609375;0
2685.324;458.349578857422;0
2686.749;456.578948974609;0
2688.176;473.847930908203;0
2689.599;526.485412597656;0
2691.021;517.714660644531;0
2692.444;554.534484863281;0
2693.865;551.949401855469;0
2695.287;422.743927001953;0
2696.707;274.696990966797;0
2698.125;151.807006835938;0
2699.545;227.516418457031;0
2700.963;248.269989013672;0
2702.381;298.290649414063;0
2703.798;382.02392578125;0
2705.214;404.695648193359;0
2706.629;466.669799804688;0
2708.046;531.811462402344;0
2709.458;562.254638671875;0
2710.872;597.137878417969;0
2712.285;480.203491210938;0
2713.699;431.124755859375;0
2715.111;405.168121337891;0
2716.52;444.984924316406;0
2717.93;501.427429199219;0
2719.342;414.220855712891;0
2720.749;339.25341796875;0
2722.159;407.996032714844;0
2723.565;507.630249023438;0
2724.971;651.7119140625;0
2726.38;613.901733398438;0
2727.785;552.528686523438;0
2729.19;613.037719726563;0
2730.594;671.762390136719;0
2731.997;804.2646484375;0
2733.401;834.104248046875;0
2734.803;785.39794921875;0
2736.204;812.480712890625;0
2737.606;873.798034667969;0
2739.005;1018.01397705078;0
2740.405;1038.57165527344;0
2741.806;980.247375488281;0
2743.202;1035.15222167969;0
2744.602;1157.28540039063;0
2745.998;1133.97998046875;0
2747.395;1064.20874023438;0
2748.79;925.738830566406;0
2750.185;987.333862304688;0
2751.58;948.596740722656;0
2752.975;1020.97320556641;0
2754.366;1066.79650878906;0
2755.759;1077.39758300781;0
2757.151;1084.77490234375;0
2758.542;1050.8291015625;0
2759.933;1165.89331054688;0
2761.322;1170.41528320313;0
2762.71;1129.62573242188;0
2764.1;1014.96820068359;0
2765.486;966.616577148438;0
2766.875;915.59912109375;0
2768.26;880.085205078125;0
2769.646;891.43212890625;0
2771.031;943.907165527344;0
2772.418;957.848327636719;0
2773.799;967.366943359375;0
2775.184;1004.37835693359;0
2776.565;1090.82727050781;0
2777.946;1141.17846679688;0
2779.328;1253.81604003906;0
2780.708;1252.6796875;0
2782.09;1307.6044921875;0
2783.469;1292.8720703125;0
2784.847;1323.36987304688;0
2786.226;1332.09814453125;0
2787.603;1315.38916015625;0
2788.978;1356.93383789063;0
2790.355;1291.03674316406;0
2791.731;1240.89794921875;0
2793.104;1266.04650878906;0
2794.479;1280.01684570313;0
2795.853;1214.71667480469;0
2797.225;1134.14001464844;0
2798.596;1079.16687011719;0
2799.967;977.467590332031;0
2801.341;822.31787109375;0
2802.71;699.856323242188;0
2804.077;609.962646484375;0
2805.447;552.525756835938;0
2806.815;520.434875488281;0
2808.183;531.697143554688;0
2809.551;459.318939208984;0
2810.915;435.745269775391;0
2812.282;411.6455078125;0
2813.646;370.462036132813;0
2815.011;329.638336181641;0
2816.375;249.838088989258;0
2817.736;298.073791503906;0
2819.099;275.235107421875;0
2820.462;304.295043945313;0
2821.821;387.795288085938;0
2823.182;424.649291992188;0
2824.542;543.341552734375;0
2825.901;650.091918945313;0
2827.261;724.103942871094;0
2828.617;728.814880371094;0
2829.974;589.359008789063;0
2831.33;611.142517089844;0
2832.686;478.528503417969;0
2834.043;423.462127685547;0
2835.395;382.975738525391;0
2836.75;609.840515136719;0
2838.104;789.390319824219;0
2839.456;856.834594726563;0
2840.807;762.392639160156;0
2842.16;662.828979492188;0
2843.509;629.738037109375;0
2844.858;641.923034667969;0
2846.209;577.326049804688;0
2847.556;570.740234375;0
2848.906;486.222900390625;0
2850.253;720.084899902344;0
2851.6;607.280029296875;0
2852.946;663.470703125;0
2854.29;455.350250244141;0
2855.635;468.842346191406;0
2856.98;452.814270019531;0
2858.323;387.775543212891;0
2859.665;375.584594726563;0
2861.008;339.994140625;0
2862.349;520.096923828125;0
2863.691;592.644592285156;0
2865.031;544.341064453125;0
2866.37;516.568542480469;0
2867.709;437.023498535156;0
2869.048;530.072692871094;0
2870.385;514.590637207031;0
2871.722;623.549682617188;0
2873.059;744.085998535156;0
2874.394;807.368286132813;0
2875.73;844.654602050781;0
2877.064;770.827392578125;0
2878.398;721.559631347656;0
2879.731;733.363342285156;0
2881.063;812.822387695313;0
2882.395;870.5546875;0
2883.727;955.09423828125;0
2885.059;908.618103027344;0
2886.387;928.016174316406;0
2887.717;895.620422363281;0
2889.046;947.655578613281;0
2890.374;1001.27661132813;0
2891.699;1057.77026367188;0
2893.028;1086.84887695313;0
2894.354;1019.46124267578;0
2895.679;949.692077636719;0
2897.004;977.884765625;0
2898.328;996.260437011719;0
2899.653;963.883239746094;0
2900.976;928.996398925781;0
2902.297;928.497985839844;0
2903.619;954.51220703125;0
2904.941;930.6083984375;0
2906.26;923.3330078125;0
2907.58;989.053344726563;0
2908.898;911.182006835938;0
2910.217;939.063232421875;0
2911.536;835.5458984375;0
2912.852;937.694702148438;0
2914.171;996.851440429688;0
2915.485;1111.76123046875;0
2916.799;1170.60375976563;0
2918.116;1095.39953613281;0
2919.428;1009.94177246094;0
2920.743;946.988952636719;0
2922.056;987.842712402344;0
2923.367;1102.2138671875;0
2924.679;1164.54821777344;0
2925.99;1252.20092773438;0
2927.299;1253.455078125;0
2928.609;1289.39172363281;0
2929.918;1227.21032714844;0
2931.226;1118.68005371094;0
2932.535;1076.11437988281;0
2933.841;1094.91748046875;0
2935.149;1215.55310058594;0
2936.455;1121.70166015625;0
2937.758;1137.78747558594;0
2939.064;1123.13977050781;0
2940.368;1191.21875;0
2941.67;1120.89697265625;0
2942.973;1118.51049804688;0
2944.277;1059.88330078125;0
2945.577;1069.31945800781;0
2946.878;1086.95385742188;0
2948.178;1153.00109863281;0
2949.477;1124.70031738281;0
2950.776;1109.51928710938;0
2952.073;1129.52954101563;0
2953.372;1166.90881347656;0
2954.669;1170.17297363281;0
2955.965;1194.71179199219;0
2957.261;1254.50646972656;0
2958.556;1204.83508300781;0
2959.849;1181.98754882813;0
2961.145;1218.99169921875;0
2962.436;1315.05505371094;0
2963.732;1342.23608398438;0
2965.022;1380.75854492188;0
2966.313;1282.95397949219;0
2967.603;1238.11206054688;0
2968.893;1082.16809082031;0
2970.182;1036.04052734375;0
2971.471;1005.03924560547;0
2972.759;1066.52111816406;0
2974.047;1121.9072265625;0
2975.334;1093.9765625;0
2976.62;1028.58020019531;0
2977.907;985.043212890625;0
2979.192;960.553955078125;0
2980.475;934.056884765625;0
2981.76;1019.87121582031;0
2983.043;1024.68933105469;0
2984.326;969.511169433594;0
2985.607;859.9072265625;0
2986.888;849.473083496094;0
2988.17;932.059020996094;0
2989.449;884.983703613281;0
2990.728;767.095092773438;0
2992.007;663.21142578125;0
2993.284;606.044555664063;0
2994.562;666.919372558594;0
2995.84;607.477478027344;0
2997.115;611.187438964844;0
2998.393;569.7001953125;0
2999.666;617.010864257813;0
3000.94;646.217590332031;0
3002.215;657.52294921875;0
3003.486;572.598205566406;0
3004.76;541.860534667969;0
3006.033;580.444702148438;0
3007.303;600.69091796875;0
3008.573;509.700531005859;0
3009.844;392.791381835938;0
3011.114;393.796325683594;0
3012.383;487.606140136719;0
3013.649;525.182739257813;0
3014.917;488.096099853516;0
3016.185;476.180541992188;0
3017.451;373.860443115234;0
3018.716;306.094024658203;0
3019.983;201.369338989258;0
3021.246;350.415069580078;0
3022.509;398.356811523438;0
3023.774;501.714660644531;0
3025.035;410.721801757813;0
3026.299;386.712524414063;0
3027.56;337.521575927734;0
3028.819;332.861999511719;0
3030.081;294.180541992188;0
3031.339;205.805557250977;0
3032.598;248.405868530273;0
3033.856;257.452758789063;0
3035.114;326.261474609375;0
3036.372;281.035064697266;0
3037.628;461.360260009766;0
3038.883;457.819885253906;0
3040.138;468.150268554688;0
3041.394;377.125793457031;0
3042.646;405.18798828125;0
3043.9;340.999450683594;0
3045.152;445.822692871094;0
3046.405;451.837158203125;0
3047.657;543.341613769531;0
3048.906;557.287475585938;0
3050.158;585.569885253906;0
3051.407;710.560913085938;0
3052.656;606.789855957031;0
3053.904;701.479431152344;0
3055.153;654.49853515625;0
3056.398;705.459838867188;0
3057.647;703.394348144531;0
3058.892;752.412292480469;0
3060.137;821.178466796875;0
3061.382;857.582092285156;0
3062.625;840.292053222656;0
3063.869;829.304138183594;0
3065.112;845.341857910156;0
3066.353;858.62060546875;0
3067.595;806.529968261719;0
3068.838;819.058898925781;0
3070.075;907.500793457031;0
3071.317;1010.15454101563;0
3072.557;946.777404785156;0
3073.795;799.703369140625;0
3075.032;762.279907226563;0
3076.27;781.72900390625;0
3077.507;901.710571289063;0
3078.742;923.221374511719;0
3079.978;931.204833984375;0
3081.212;897.604187011719;0
3082.446;926.307189941406;0
3083.681;815.455078125;0
3084.913;852.015747070313;0
3086.147;807.988342285156;0
3087.38;915.188049316406;0
3088.61;875.375793457031;0
3089.84;959.269775390625;0
3091.071;928.4404296875;0
3092.3;903.347290039063;0
3093.529;815.973327636719;0
3094.755;870.475646972656;0
3095.984;959.730163574219;0
3097.211;941.896057128906;0
3098.438;843.039733886719;0
3099.663;856.383972167969;0
3100.888;839.139465332031;0
3102.112;885.370971679688;0
3103.335;795.111694335938;0
3104.56;851.082824707031;0
3105.782;867.247253417969;0
3107.005;905.716735839844;0
3108.226;840.270935058594;0
3109.447;846.032958984375;0
3110.667;763.041259765625;0
3111.887;807.379821777344;0
3113.104;876.598571777344;0
3114.324;902.347106933594;0
3115.541;962.085876464844;0
3116.758;878.916076660156;0
3117.976;908.132385253906;0
3119.192;869.960021972656;0
3120.408;853.820861816406;0
3121.622;784.075439453125;0
3122.835;689.387756347656;0
3124.05;648.390014648438;0
3125.262;656.336730957031;0
3126.476;674.532470703125;0
3127.687;675.251037597656;0
3128.897;730.770568847656;0
3130.108;859.507019042969;0
3131.319;896.016723632813;0
3132.528;894.526489257813;0
3133.737;819.258361816406;0
3134.945;803.211303710938;0
3136.152;715.058410644531;0
3137.358;718.791809082031;0
3138.565;783.706298828125;0
3139.772;807.523254394531;0
3140.976;714.241882324219;0
3142.18;589.692321777344;0
3143.385;624.363342285156;0
3144.588;632.720764160156;0
3145.79;735.87109375;0
3146.993;751.478881835938;0
3148.194;660.879516601563;0
3149.395;589.233337402344;0
3150.596;523.490173339844;0
3151.794;579.423156738281;0
3152.994;572.220642089844;0
3154.193;540.932800292969;0
3155.39;565.520874023438;0
3156.587;600.574035644531;0
3157.784;612.646240234375;0
3158.982;607.959533691406;0
3160.177;462.607025146484;0
3161.37;379.981506347656;0
3162.565;320.959594726563;0
3163.759;391.08447265625;0
3164.952;371.341339111328;0
3166.146;418.286804199219;0
3167.337;373.563537597656;0
3168.527;425.278991699219;0
3169.719;378.341918945312;0
3170.91;427.147064208984;0
3172.098;377.290557861328;0
3173.288;359.033935546875;0
3174.475;300.592651367188;0
3175.663;357.562744140625;0
3176.849;466.603668212891;0
3178.037;516.804321289063;0
3179.223;489.817626953125;0
3180.408;369.386505126953;0
3181.592;368.177734375;0
3182.777;385.465454101563;0
3183.96;464.074310302735;0
3185.143;411.023529052734;0
3186.325;451.141326904297;0
3187.507;417.727294921875;0
3188.688;417.038391113281;0
3189.869;370.741912841797;0
3191.049;379.004821777344;0
3192.228;495.399963378906;0
3193.406;425.145904541016;0
3194.585;449.107482910156;0
3195.763;440.394653320312;0
3196.939;556.765258789063;0
3198.116;557.991943359375;0
3199.292;585.217346191406;0
3200.466;572.1064453125;0
3201.643;611.437072753906;0
3202.816;626.772888183594;0
3203.991;633.449829101562;0
3205.161;632.467834472656;0
3206.334;571.155151367188;0
3207.504;641.189758300781;0
3208.677;640.939147949219;0
3209.846;676.785339355469;0
3211.017;700.393676757813;0
3212.187;757.572692871094;0
3213.356;750.626037597656;0
3214.524;822.555541992188;0
3215.69;791.142944335938;0
3216.859;864.600341796875;0
3218.024;833.503540039062;0
3219.189;957.606750488281;0
3220.354;853.352783203125;0
3221.519;778.658020019531;0
3222.682;724.454040527344;0
3223.845;831.184631347656;0
3225.01;930.434448242188;0
3226.171;998.664245605469;0
3227.332;980.211791992188;0
3228.494;1062.67248535156;0
3229.655;1056.66125488281;0
3230.814;1130.18090820313;0
3231.973;1067.07543945312;0
3233.13;1094.89782714844;0
3234.29;997.928161621094;0
3235.447;962.302917480469;0
3236.605;920.532897949219;0
3237.76;994.653869628906;0
3238.916;959.526245117187;0
3240.071;947.657836914063;0
3241.224;932.679870605469;0
3242.381;980.22998046875;0
3243.532;927.437255859375;0
3244.685;921.147155761719;0
3245.839;878.018920898438;0
3246.99;822.629760742187;0
3248.141;823.214477539063;0
3249.292;889.252746582031;0
3250.439;979.958190917969;0
3251.589;916;0
3252.739;846.710693359375;0
3253.886;802.980224609375;0
3255.034;728.189270019531;0
3256.18;760.04248046875;0
3257.326;657.095458984375;0
3258.472;764.348876953125;0
3259.617;754.471374511719;0
3260.761;820.399047851563;0
3261.905;806.666748046875;0
3263.048;847.729187011719;0
3264.19;797.362060546875;0
3265.333;761.837646484375;0
3266.475;708.352844238281;0
3267.617;793.641845703125;0
3268.757;777.817993164063;0
3269.896;758.552062988281;0
3271.036;676.059814453125;0
3272.175;734.687927246094;0
3273.313;721.467529296875;0
3274.449;767.510375976563;0
3275.586;740.940368652344;0
3276.722;843.874084472656;0
3277.859;819.544189453125;0
3278.993;764.92041015625;0
3280.13;598.275146484375;0
3281.263;702.357604980469;0
3282.395;735.737548828125;0
3283.529;795.056335449219;0
3284.66;729.063842773437;0
3285.794;784.447631835937;0
3286.924;829.461853027344;0
3288.054;810.027893066406;0
3289.185;767.763061523437;0
3290.313;703.824401855469;0
3291.443;747.002136230469;0
3292.571;810.547729492188;0
3293.698;831.109008789062;0
3294.824;818.684875488281;0
3295.952;766.236450195313;0
3297.077;801.038696289063;0
3298.203;795.315185546875;0
3299.328;812.717346191406;0
3300.45;797.535278320313;0
3301.574;765.932556152344;0
3302.698;715.625183105469;0
3303.819;707.713928222656;0
3304.942;705.9375;0
3306.064;674.317687988281;0
3307.182;689.438049316406;0
3308.303;603.761169433594;0
3309.423;646.550842285156;0
3310.542;547.47314453125;0
3311.66;545.195861816406;0
3312.778;492.054077148438;0
3313.895;497.823944091797;0
3315.012;531.063903808594;0
3316.128;590.25390625;0
3317.243;581.004821777344;0
3318.357;570.875183105469;0
3319.471;506.204711914063;0
3320.586;575.122863769531;0
3321.698;675.633850097656;0
3322.813;812.639892578125;0
3323.923;821.809448242187;0
3325.034;859.700439453125;0
3326.146;697.802795410156;0
3327.255;611.074401855469;0
3328.366;463.231262207031;0
3329.474;530.921203613281;0
3330.582;584.810729980469;0
3331.691;605.120727539063;0
3332.797;637.295715332031;0
3333.905;668.55712890625;0
3335.011;701.514587402344;0
3336.116;705.9990234375;0
3337.22;691.212219238281;0
3338.327;656.938598632813;0
3339.429;635.371337890625;0
3340.534;591.738586425781;0
3341.635;633.149780273438;0
3342.737;564.154357910156;0
3343.84;544.232482910156;0
3344.94;540.379516601563;0
3346.041;543.289428710937;0
3347.142;530.91162109375;0
3348.24;468.810089111328;0
3349.337;493.912200927734;0
3350.437;480.475494384766;0
3351.534;496.589599609375;0
3352.633;496.351776123047;0
3353.727;505.459381103516;0
3354.823;530.457397460938;0
3355.919;478.090393066406;0
3357.013;567.148010253906;0
3358.108;539.23291015625;0
3359.201;651.51806640625;0
3360.293;579.015563964844;0
3361.385;598.832763671875;0
3362.478;535.633361816406;0
3363.569;551.74853515625;0
3364.661;573.242858886719;0
3365.75;638.6044921875;0
3366.838;608.64111328125;0
3367.929;635.539916992188;0
3369.017;648.277587890625;0
3370.105;669.331115722656;0
3371.193;587.952392578125;0
3372.279;548.904174804687;0
3373.364;602.932678222656;0
3374.45;701.300598144531;0
3375.534;727.041687011719;0
3376.62;710.159851074219;0
3377.704;663.993347167969;0
3378.786;669.455261230469;0
3379.871;689.111633300781;0
3380.951;689.843688964844;0
3382.034;677.063598632812;0
3383.114;611.02587890625;0
3384.195;706.260009765625;0
3385.276;776.069519042969;0
3386.354;920.150390625;0
3387.433;867.987976074219;0
3388.511;864.821228027344;0
3389.588;825.525085449219;0
3390.664;828.454650878906;0
3391.742;785.654235839844;0
3392.816;876.374206542969;0
3393.893;909.940551757812;0
3394.968;1004.91644287109;0
3396.042;937.765197753906;0
3397.115;902.002990722656;0
3398.189;779.39599609375;0
3399.262;688.187133789063;0
3400.333;702.7275390625;0
3401.404;755.581115722656;0
3402.474;774.075622558594;0
3403.545;801.8359375;0
3404.615;767.800354003906;0
3405.685;773.091796875;0
3406.752;741.462951660156;0
3407.82;800.589294433594;0
3408.888;856.172180175781;0
3409.955;890.952880859375;0
3411.021;840.531433105469;0
3412.085;823.247863769531;0
3413.151;780.495788574219;0
3414.215;734.70556640625;0
3415.279;689.748413085938;0
3416.343;669.644653320313;0
3417.406;722.67431640625;0
3418.468;716.813110351563;0
3419.53;724.327697753906;0
3420.592;658.706237792969;0
3421.652;687.752075195313;0
3422.712;699.278686523438;0
3423.773;741.2255859375;0
3424.83;771.200805664063;0
3425.889;842.062927246094;0
3426.946;875.739562988281;0
3428.005;890.787902832031;0
3429.061;844.187316894531;0
3430.117;858.477416992187;0
3431.172;843.282287597656;0
3432.227;870.81103515625;0
3433.281;839.461364746094;0
3434.335;822.565185546875;0
3435.389;755.760864257812;0
3436.44;756.941711425781;0
3437.492;799.241638183594;0
3438.546;852.924987792969;0
3439.598;857.61962890625;0
3440.646;827.268005371094;0
3441.697;780.107299804688;0
3442.745;733.784484863281;0
3443.793;778.294311523438;0
3444.842;764.386596679688;0
3445.891;813.218627929687;0
3446.937;741.87060546875;0
3447.984;736.599243164062;0
3449.031;723.164001464844;0
3450.075;736.296508789063;0
3451.12;800.063110351563;0
3452.164;797.896667480469;0
3453.207;768.323181152344;0
3454.251;664.125549316406;0
3455.293;637.276428222656;0
3456.336;685.564758300781;0
3457.378;770.319885253906;0
3458.417;737.853393554687;0
3459.458;645.033935546875;0
3460.498;619.182556152344;0
3461.539;677.591369628906;0
3462.577;694.164306640625;0
3463.614;669.016784667969;0
3464.651;663.433349609375;0
3465.689;640.020080566406;0
3466.726;646.610961914062;0
3467.763;592.81640625;0
3468.798;593.499145507813;0
3469.831;541.581481933594;0
3470.866;560.8515625;0
3471.9;577.812316894531;0
3472.933;539.962463378906;0
3473.966;492.240447998047;0
3474.999;512.758911132813;0
3476.029;650.866088867187;0
3477.061;669.193054199219;0
3478.09;643.835693359375;0
3479.121;613.130737304687;0
3480.15;645.728515625;0
3481.178;660.164367675781;0
3482.205;633.152526855469;0
3483.234;627.851684570313;0
3484.26;616.069213867187;0
3485.288;572.302734375;0
3486.313;568.523254394531;0
3487.337;532.15234375;0
3488.364;536.919128417969;0
3489.387;530.215942382813;0
3490.411;574.893188476563;0
3491.434;634.660034179688;0
3492.456;637.339538574219;0
3493.479;553.963684082031;0
3494.5;455.126007080078;0
3495.521;347.342864990234;0
3496.543;291.642852783203;0
3497.561;239.142150878906;0
3498.579;154.599594116211;0
3499.6;156.096084594727;0
3500.618;62.8979682922363;0
3501.636;2.6013765335083;0
3502.653;11.4981546401978;0
3503.669;6.48655700683594;0
3504.685;40.7246131896973;0
3505.699;-58.8173751831055;0
3506.716;-109.188659667969;0
3507.729;-129.002700805664;0
3508.743;-94.1996536254883;0
3509.755;-45.1041679382324;0
