98.64605;0;0
101.2353;0;0
103.8217;0;0
106.4096;-9.18518543243408;0
108.9945;15.222222328186;0
111.5767;35.2857131958008;0
114.1602;66.6790161132813;0
116.7409;78.7676773071289;0
119.3209;18.3760681152344;0
121.9002;-78.1111145019531;0
124.4788;-101.091506958008;0
127.0566;-127.426902770996;0
129.6317;-122.613754272461;0
132.2038;-134.483093261719;0
134.7796;-128.906661987305;0
137.3503;-64.5061721801758;0
139.9204;-34.0076637268066;0
142.4919;260.66665649414;0
145.0584;391.050506591797;0
147.6242;553.041259765625;0
150.1914;658.231201171875;0
152.7579;824.823364257812;0
155.3216;754.658508300781;0
157.8846;897.06201171875;0
160.4448;984.772827148438;0
163.0085;1239.34985351562;0
165.5672;1246.23583984375;0
168.1232;1264.53161621094;0
170.6826;1283.85327148437;0
173.2372;1307.73132324219;0
175.7931;1290.92004394531;0
178.3463;1308.98303222656;0
180.8966;1416.60070800781;0
183.4504;1533.46520996094;0
185.9993;1613.77587890625;0
188.5476;1605.33898925781;0
191.0972;1718.03198242188;0
193.644;1773.22790527344;0
196.1859;1913.34838867188;0
198.7335;1915.61022949219;0
201.2761;1916.42565917969;0
203.8201;1999.2900390625;0
206.3593;2070.90771484375;0
208.8998;2274.65356445313;0
211.4397;2181.09790039063;0
213.9746;2258.86254882813;0
216.5109;2230.65161132813;0
219.0487;2381.50463867188;0
221.5816;2409.14135742188;0
224.1158;2567.15063476563;0
226.6473;2610.73828125;0
229.176;2716.71557617188;0
231.7082;2808.98315429688;0
234.2355;2886.6572265625;0
236.7643;2890.83618164063;0
239.2902;2796.72314453125;0
241.8133;2699.3125;0
244.3379;2561.6064453125;0
246.8618;2587.74951171875;0
249.3828;2598.48974609375;0
251.9053;2789.80981445313;0
254.423;2797.33715820313;0
256.942;2808.19580078125;0
259.4603;2799.20336914063;0
261.9759;2766.71948242188;0
264.4887;2711.53857421875;0
267.005;2630.19580078125;0
269.5164;2653.64965820313;0
272.0292;2825.93408203125;0
274.5393;2996.91528320313;0
277.0466;2970.2900390625;0
279.5574;2965.7607421875;0
282.0654;2867.47827148438;0
284.5686;2866.5029296875;0
287.0752;2904.40478515625;0
289.5791;2785.73071289063;0
292.0803;2719.21850585938;0
294.5828;2469.83422851563;0
297.0826;2443.736328125;0
299.5838;2275.19775390625;0
302.0801;2267.01684570313;0
304.5758;2188.77783203125;0
307.0749;2329.82104492188;0
309.5672;2239.70239257813;0
312.0608;2244.51416015625;0
314.5558;2045.47265625;0
317.044;2101.59521484375;0
319.5377;2009.60070800781;0
322.0266;2050.64038085938;0
324.5127;1978.08288574219;0
327.0023;2050.263671875;0
329.4871;2001.89758300781;0
331.9691;2076.2216796875;0
334.4547;2084.51684570313;0
336.9353;2166.03637695313;0
339.4174;2260.14672851563;0
341.901;2397.54223632813;0
344.3776;2524.490234375;0
346.8577;2526.76293945313;0
349.333;2458.40356445313;0
351.8076;2394.23388671875;0
354.2857;2369.515625;0
356.7569;2325.54907226563;0
359.2296;2303.716796875;0
361.7015;2154.34008789063;0
364.1729;2121.82983398438;0
366.6414;2027.99096679688;0
369.1093;1980.84045410156;0
371.5745;2005.43786621094;0
374.0432;1950.61450195312;0
376.507;2126.2568359375;0
378.9702;2027.849609375;0
381.4348;1974.81872558594;0
383.8947;1936.30419921875;0
386.3538;2074.11376953125;0
388.8144;2273.58032226563;0
391.2722;2442.30615234375;0
393.7314;2405.890625;0
396.1859;2532.47827148438;0
398.6418;2503.11108398438;0
401.0949;2775.70434570313;0
403.5475;2558.7568359375;0
405.9972;2546.86791992188;0
408.4505;2506.68725585938;0
410.899;2694.98193359375;0
413.3468;2752.55297851563;0
415.796;2649.1005859375;0
418.2405;2679.29638671875;0
420.6884;2594.2607421875;0
423.1295;2527.63598632813;0
425.572;2537.59375;0
428.0159;2469.798828125;0
430.455;2382.17236328125;0
432.8956;2166.27856445313;0
435.3335;2218.232421875;0
437.7707;2131.60083007813;0
440.2093;2234.33154296875;0
442.6432;2161.6357421875;0
445.0764;2300.64306640625;0
447.511;2265.421875;0
449.9429;2277.310546875;0
452.3721;2256.44140625;0
454.8048;2101.5986328125;0
457.2328;2086.24975585938;0
459.66;1999.05322265625;0
462.0847;2049.77661132813;0
464.5127;1979.35534667969;0
466.9381;2029.16564941406;0
469.3587;2122.31176757813;0
471.7807;2233.66333007813;0
474.2042;2386.42700195313;0
476.6229;2548.24731445313;0
479.041;2659.58325195313;0
481.4604;2614.70654296875;0
483.8752;2546.94677734375;0
486.2934;2467.23950195313;0
488.7068;2478.16528320313;0
491.1197;2397.01245117188;0
493.5339;2435.30688476563;0
495.9435;2218.64013671875;0
498.3544;2145.3486328125;0
500.7667;2138.47998046875;0
503.1723;2199.97827148438;0
505.5793;2102.82666015625;0
507.9856;1865.27966308594;0
510.3913;1688.30688476563;0
512.7944;1705.17907714844;0
515.1968;1642.61340332031;0
517.5986;1710.0478515625;0
519.9997;1730.14184570313;0
522.3982;1797.23181152344;0
524.798;1787.29956054687;0
527.1973;1731.07604980469;0
529.5919;1810.93493652344;0
531.9899;1745.53039550781;0
534.3832;1860.88720703125;0
536.7758;1800.41943359375;0
539.1699;1935.71105957031;0
541.5593;1749.68579101562;0
543.9481;1801.83532714844;0
546.3382;1882.63452148437;0
548.7257;2007.53955078125;0
551.1146;1986.76330566406;0
553.4968;1993.59155273438;0
555.8824;2134.97705078125;0
558.2675;2211.49389648438;0
560.6478;2336.9931640625;0
563.0295;2281.70263671875;0
565.4106;2182.84423828125;0
567.7911;1958.64392089844;0
570.169;1896.32238769531;0
572.5462;1786.2119140625;0
574.9229;1898.68127441406;0
577.2968;1801.30883789063;0
579.6721;1959.81555175781;0
582.0449;1873.94274902344;0
584.417;1819.0498046875;0
586.7885;1662.25170898438;0
589.1553;1586.18176269531;0
591.5255;1600.603515625;0
593.8931;1459.78381347656;0
596.2601;1445.02673339844;0
598.6265;1359.11474609375;0
600.9902;1481.52416992188;0
603.3554;1489.03173828125;0
605.7179;1517.54443359375;0
608.0778;1543.41516113281;0
610.4391;1461.30981445312;0
612.7977;1578.78662109375;0
615.1558;1528.97375488281;0
617.5132;1728.26733398437;0
619.8701;1566.92797851563;0
622.2263;1473.64807128906;0
624.5779;1414.87585449219;0
626.9308;1695.75805664063;0
629.2852;2046.44592285156;0
631.6349;2256.99536132813;0
633.9841;2305.765625;0
636.3326;2278.1767578125;0
638.6805;2227.63671875;0
641.0279;2215.36596679688;0
643.3746;2282.46142578125;0
645.7187;2294.3935546875;0
648.0621;2263.26000976563;0
650.405;2101.72534179688;0
652.7453;2228.859375;0
655.087;2276.20971679688;0
657.426;2352.97387695313;0
659.7645;2348.55297851563;0
662.1024;2231.76782226563;0
664.4376;2172.6044921875;0
666.7742;2171.73583984375;0
669.1063;2187.9443359375;0
671.4398;2345.236328125;0
673.7726;2296.2451171875;0
676.1048;2162.37744140625;0
678.4324;2063.77563476563;0
680.7635;2099.3896484375;0
683.0919;2253.5078125;0
685.4158;2082.5029296875;0
687.743;1850.75708007812;0
690.0696;1735.15502929687;0
692.3937;1850.92834472656;0
694.7151;1700.65490722656;0
697.038;1832.23486328125;0
699.3583;1732.57824707031;0
701.6779;1900.05102539063;0
703.995;1811.16650390625;0
706.3155;1892.29541015625;0
708.6294;1969.12341308594;0
710.9467;1927.10144042969;0
713.2594;2010.73522949219;0
715.5735;1817.66186523438;0
717.887;1957.30480957031;0
720.1979;2121.82934570312;0
722.5083;2485.76611328125;0
724.818;2486.10717773438;0
727.1252;2182.40649414063;0
729.4357;2024.87963867188;0
731.7418;2056.29711914063;0
734.0452;2263.00219726563;0
736.35;2343.40380859375;0
738.6522;2403.2578125;0
740.9539;2325.474609375;0
743.2569;2234.904296875;0
745.5554;2081.43823242188;0
747.8553;1979.89855957031;0
750.1545;1843.21923828125;0
752.4513;1833.18969726563;0
754.7474;1493.162109375;0
757.043;1494.07116699219;0
759.336;1507.13671875;0
761.6304;1790.35107421875;0
763.9222;1645.33850097656;0
766.2114;1196.50109863281;0
768.5041;953.336608886719;0
770.7922;748.481079101563;0
773.0777;880.796081542969;0
775.3647;1054.94055175781;0
777.651;1420.828125;0
779.9368;1471.04650878906;0
782.22;1457.74682617188;0
784.5026;1361.93835449219;0
786.7847;1476.34826660156;0
789.0662;1479.00463867188;0
791.3451;1714.03955078125;0
793.6254;1920.92883300781;0
795.9012;2157.34008789063;0
798.1784;2097.23193359375;0
800.455;2036.52014160156;0
802.7291;1957.03247070313;0
805.0026;1839.89868164063;0
807.2755;1990.29992675781;0
809.5478;1943.34143066406;0
811.8176;2042.76879882813;0
814.0869;2092.21899414062;0
816.3535;2318.50317382813;0
818.6235;2493.86010742187;0
820.8911;2359.45043945313;0
823.156;2354.92846679688;0
825.4204;2319.72412109375;0
827.6823;2411.05053710938;0
829.9474;2341.47631835938;0
832.2082;2396.54174804688;0
834.4683;2270.03247070313;0
836.7279;2198.13500976562;0
838.9869;2146.43798828125;0
841.2453;2080.900390625;0
843.5012;2346.82983398438;0
845.7565;2270.3359375;0
848.0133;2454.65625;0
850.2655;2258.63037109375;0
852.5153;2019.59936523437;0
854.7703;1989.73986816406;0
857.0189;1724.51867675781;0
859.2668;1751.93725585938;0
861.5182;1596.43640136719;0
863.7651;1783.12707519531;0
866.0114;1734.35034179688;0
868.2592;1356.89270019531;0
870.5024;1194.99987792969;0
872.7451;1097.78662109375;0
874.9872;1371.50085449219;0
877.2307;1354.38061523438;0
879.4717;1456.17321777344;0
881.7101;1365.19958496094;0
883.95;1313.22399902344;0
886.1854;1400.38720703125;0
888.4202;1478.23706054688;0
890.6604;1611.97314453125;0
892.8941;1351.26196289063;0
895.1253;1544.23937988281;0
897.3599;1676.35229492188;0
899.59;1664.27746582031;0
901.8195;1331.01867675781;0
904.0504;1251.91076660156;0
906.2789;1587.99462890625;0
908.5087;1882.38317871094;0
910.7341;1884.55029296875;0
912.9589;1731.02124023438;0
915.1851;1685.41052246094;0
917.4088;1782.26452636719;0
919.63;1718.75146484375;0
921.8526;1294.24694824219;0
924.0727;1370.94885253906;0
926.2922;1710.16955566406;0
928.5112;2009.43103027344;0
930.7277;1730.03820800781;0
932.9476;1235.55847167969;0
935.163;1202.87866210938;0
937.3739;962.668884277344;0
939.5901;1117.99340820312;0
941.8019;1119.69677734375;0
944.0151;1196.02795410156;0
946.2258;1098.2373046875;0
948.4341;805.284057617188;0
950.6456;867.689331054688;0
952.8527;770.641479492188;0
955.0593;953.730651855469;0
957.2653;717.831481933594;0
959.4689;791.98828125;0
961.6738;725.146057128906;0
963.8782;751.193298339844;0
966.0782;735.714172363281;0
968.2815;880.670104980469;0
970.4803;1009.35852050781;0
972.6787;975.079040527344;0
974.8784;918.281005859375;0
977.0757;1013.00848388672;0
979.2704;1037.07788085938;0
981.4667;1032.73461914063;0
983.6603;1023.79388427734;0
985.8535;1164.20080566406;0
988.0461;1220.78479003906;0
990.2363;1133.52807617188;0
992.4297;1278.46325683594;0
994.6169;1508.73620605469;0
996.8035;1913.06115722656;0
998.9933;2215.4345703125;0
1001.179;2272.95947265625;0
1003.364;2221.078125;0
1005.55;1850.09753417969;0
1007.732;2009.38977050781;0
1009.916;1906.58740234375;0
1012.096;2157.37255859375;0
1014.275;1862.29919433594;0
1016.459;1962.5517578125;0
1018.636;2075.91284179688;0
1020.813;2475.84936523438;0
1022.991;2753.25048828125;0
1025.165;2775.30639648438;0
1027.34;2490.45703125;0
1029.515;2267.13159179688;0
1031.687;2066.54809570313;0
1033.859;2184.93408203125;0
1036.03;2171.41455078125;0
1038.199;2195.26098632812;0
1040.369;2043.31762695312;0
1042.536;1972.15319824219;0
1044.704;1730.98828125;0
1046.87;1520.724609375;0
1049.034;1145.24365234375;0
1051.198;1029.77099609375;0
1053.363;1140.20275878906;0
1055.526;1367.65466308594;0
1057.686;1592.025390625;0
1059.845;1618.25549316406;0
1062.005;1583.29846191406;0
1064.165;1513.81799316406;0
1066.323;1488.70703125;0
1068.477;1495.15393066406;0
1070.634;1521.6474609375;0
1072.788;1285.41333007812;0
1074.942;1187.57312011719;0
1077.096;1143.40319824219;0
1079.247;1486.833984375;0
1081.397;1622.59436035156;0
1083.547;1736.17297363281;0
1085.695;1627.92297363281;0
1087.844;1726.14892578125;0
1089.992;1797.12487792969;0
1092.138;1768.26208496094;0
1094.284;1851.13708496094;0
1096.425;1894.3544921875;0
1098.571;1982.02233886719;0
1100.711;1922.29931640625;0
1102.851;1842.07397460938;0
1104.994;1925.32983398438;0
1107.132;1954.484375;0
1109.271;1940.21826171875;0
1111.408;1951.06005859375;0
1113.543;2006.58239746094;0
1115.682;2181.8115234375;0
1117.816;2080.53369140625;0
1119.947;2072.49829101563;0
1122.08;1952.115234375;0
1124.213;2082.22509765625;0
1126.343;2032.38708496094;0
1128.474;1973.71362304688;0
1130.602;1733.32788085938;0
1132.728;1661.453125;0
1134.856;1709.02307128906;0
1136.982;1656.1083984375;0
1139.109;1682.92749023438;0
1141.234;1669.49255371094;0
1143.356;1715.92016601563;0
1145.479;1732.43225097656;0
1147.599;1745.3623046875;0
1149.719;1856.93920898438;0
1151.839;1930.05920410156;0
1153.957;1866.05712890625;0
1156.076;1655.27221679688;0
1158.191;1238.48193359375;0
1160.305;1123.13879394531;0
1162.423;1123.73779296875;0
1164.536;1506.66040039063;0
1166.647;1471.77563476563;0
1168.761;1714.90869140625;0
1170.871;1614.11267089844;0
1172.983;1666.49658203125;0
1175.092;1777.88159179688;0
1177.2;1988.07470703125;0
1179.306;2090.8662109375;0
1181.413;2120.267578125;0
1183.518;2047.71545410156;0
1185.623;1976.93005371094;0
1187.725;1825.39453125;0
1189.826;1796.70654296875;0
1191.929;2048.86450195312;0
1194.032;2151.26879882813;0
1196.13;2038.24768066406;0
1198.23;1944.908203125;0
1200.327;1957.35131835938;0
1202.423;1958.85729980469;0
1204.52;2007.95568847656;0
1206.613;1623.0048828125;0
1208.71;1797.61328125;0
1210.801;1789.21997070313;0
1212.892;2101.59692382813;0
1214.987;1982.84448242188;0
1217.075;2049.1142578125;0
1219.166;1911.03442382813;0
1221.256;2018.37951660156;0
1223.342;1761.3046875;0
1225.43;1835.57751464844;0
1227.515;1597.09191894531;0
1229.597;1622.13171386719;0
1231.685;1784.56103515625;0
1233.767;1864.38000488281;0
1235.85;1918.14343261719;0
1237.931;1734.44885253906;0
1240.009;1702.33203125;0
1242.09;1487.5908203125;0
1244.168;1430.90222167969;0
1246.245;1456.83386230469;0
1248.321;1584.24621582031;0
1250.397;1642.73364257813;0
1252.472;1750.07373046875;0
1254.547;1643.14379882813;0
1256.618;1523.17065429688;0
1258.69;1284.27331542969;0
1260.761;1336.6533203125;0
1262.83;1338.5302734375;0
1264.901;1408.24523925781;0
1266.969;1364.12768554688;0
1269.035;1201.62170410156;0
1271.102;1363.22192382813;0
1273.167;1365.82177734375;0
1275.233;1710.17553710938;0
1277.295;1645.7998046875;0
1279.359;1745.69396972656;0
1281.42;1378.96899414062;0
1283.482;1273.05517578125;0
1285.542;1012.84619140625;0
1287.6;1205.16784667969;0
1289.659;981.3720703125;0
1291.714;1248.41381835938;0
1293.774;1385.90466308594;0
1295.828;1552.22399902344;0
1297.881;1556.77282714844;0
1299.936;1544.857421875;0
1301.987;1701.24597167969;0
1304.041;1839.05297851563;0
1306.09;1627.94665527344;0
1308.139;1452.37707519531;0
1310.19;1275.90551757813;0
1312.238;1475.8974609375;0
1314.286;1442.93957519531;0
1316.331;1456.07995605469;0
1318.376;1596.31848144531;0
1320.422;1642.09985351563;0
1322.466;1634.31286621094;0
1324.508;1510.41552734375;0
1326.549;1506.08349609375;0
1328.59;1411.66064453125;0
1330.632;1265.47265625;0
1332.67;1353.52966308594;0
1334.707;1500.8232421875;0
1336.746;1629.25390625;0
1338.78;1611.38171386719;0
1340.816;1423.31457519531;0
1342.852;1003.82843017578;0
1344.885;877.923522949219;0
1346.916;828.377502441406;0
1348.948;1136.46166992188;0
1350.979;1153.03540039063;0
1353.011;1173.00280761719;0
1355.04;1093.66442871094;0
1357.066;1048.46203613281;0
1359.094;1133.84191894531;0
1361.121;1027.24877929688;0
1363.145;1121.67529296875;0
1365.171;944.000305175781;0
1367.192;922.87841796875;0
1369.216;796.782287597656;0
1371.239;925.451110839844;0
1373.258;1085.44030761719;0
1375.28;1062.41674804688;0
1377.298;872.487426757813;0
1379.316;621.649291992188;0
1381.335;589.799682617188;0
1383.35;669.830322265625;0
1385.366;807.061340332031;0
1387.38;758.492797851563;0
1389.394;703.680236816406;0
1391.409;716.120178222656;0
1393.42;523.354736328125;0
1395.43;539.185180664063;0
1397.44;442.872589111328;0
1399.451;577.084350585938;0
1401.458;458.709442138672;0
1403.466;205.52294921875;0
1405.472;285.191802978516;0
1407.478;449.215545654297;0
1409.483;834.812072753906;0
1411.486;997.198059082031;0
1413.49;1076.71740722656;0
1415.492;1069.90563964844;0
1417.492;1001.43908691406;0
1419.495;936.53759765625;0
1421.494;946.256958007813;0
1423.492;1080.08044433594;0
1425.49;1213.22534179688;0
1427.487;1287.013671875;0
1429.482;1262.12609863281;0
1431.477;1217.49645996094;0
1433.471;1190.42150878906;0
1435.466;1180.90112304688;0
1437.456;1124.3798828125;0
1439.447;1109.45471191406;0
1441.441;1148.44262695313;0
1443.427;1346.91394042969;0
1445.417;1450.47387695313;0
1447.406;1499.90380859375;0
1449.392;1457.20520019531;0
1451.381;1386.82312011719;0
1453.365;1346.97497558594;0
1455.348;1191.65966796875;0
1457.333;1159.42785644531;0
1459.314;1161.27575683594;0
1461.296;1282.30993652344;0
1463.276;1168.7529296875;0
1465.256;1133.16015625;0
1467.237;1303.36889648438;0
1469.215;1611.65063476563;0
1471.19;1649.11499023438;0
1473.167;1577.20397949219;0
1475.145;1546.35778808594;0
1477.118;1548.68347167969;0
1479.092;1452.18090820313;0
1481.065;1329.07238769531;0
1483.038;1228.58264160156;0
1485.008;1122.60278320313;0
1486.979;1104.57763671875;0
1488.949;999.840270996094;0
1490.917;923.72412109375;0
1492.883;816.895812988281;0
1494.852;820.464538574219;0
1496.817;821.881225585938;0
1498.782;875.591247558594;0
1500.748;975.483581542969;0
1502.708;921.66845703125;0
1504.673;853.695434570313;0
1506.634;680.123107910156;0
1508.594;537.851135253906;0
1510.554;548.495544433594;0
1512.512;619.939147949219;0
1514.471;870.91259765625;0
1516.428;722.749328613281;0
1518.384;740.560302734375;0
1520.34;471.794799804688;0
1522.294;598.057861328125;0
1524.249;416.296478271484;0
1526.202;672.348999023438;0
1528.153;515.390075683594;0
1530.103;719.753112792969;0
1532.054;465.299346923828;0
1534.004;613.274291992188;0
1535.951;695.308288574219;0
1537.899;824.780822753906;0
1539.847;833.531860351563;0
1541.793;579.788269042969;0
1543.738;525.672546386719;0
1545.681;471.840637207031;0
1547.625;509.617614746094;0
1549.566;559.225646972656;0
1551.509;562.998107910156;0
1553.45;694.6015625;0
1555.389;790.216918945313;0
1557.33;662.637939453125;0
1559.266;676.168701171875;0
1561.204;662.086120605469;0
1563.141;757.270935058594;0
1565.074;613.610717773438;0
1567.009;479.321411132813;0
1568.943;524.514221191406;0
1570.877;551.855773925781;0
1572.808;450.123840332031;0
1574.741;353.429534912109;0
1576.67;324.661773681641;0
1578.6;370.042785644531;0
1580.528;498.796447753906;0
1582.455;529.586975097656;0
1584.382;582.077575683594;0
1586.307;471.490478515625;0
1588.234;538.603393554688;0
1590.157;636.527465820313;0
1592.081;699.818298339844;0
1594.002;553.698059082031;0
1595.927;369.833465576172;0
1597.845;213.888702392578;0
1599.767;225.639053344727;0
1601.685;174.417846679688;0
1603.602;243.891723632813;0
1605.523;119.505157470703;0
1607.438;419.210144042969;0
1609.354;484.844299316406;0
1611.269;679.62646484375;0
1613.181;371.000152587891;0
1615.096;347.965270996094;0
1617.008;152.967102050781;0
1618.92;391.236755371094;0
1620.83;478.908630371094;0
1622.74;729.396301269531;0
1624.649;640.752624511719;0
1626.557;444.316986083984;0
1628.464;399.914306640625;0
1630.37;505.993743896484;0
1632.275;674.775573730469;0
1634.18;686.925231933594;0
1636.085;678.002746582031;0
1637.988;687.909851074219;0
1639.888;618.930297851563;0
1641.791;565.118469238281;0
1643.691;638.800964355469;0
1645.588;697.311157226563;0
1647.489;880.949462890625;0
1649.387;837.527709960938;0
1651.284;995.162719726563;0
1653.18;924.971313476563;0
1655.075;1089.06665039063;0
1656.972;1138.00415039063;0
1658.864;1278.78063964844;0
1660.754;1189.28491210938;0
1662.65;994.18359375;0
1664.539;757.476684570313;0
1666.428;745.386779785156;0
1668.32;770.360595703125;0
1670.207;936.627197265625;0
1672.096;809.631042480469;0
1673.982;832.483337402344;0
1675.867;798.517333984375;0
1677.754;889.177429199219;0
1679.638;874.908203125;0
1681.52;791.4873046875;0
1683.403;659.248168945313;0
1685.285;446.857391357422;0
1687.166;288.759460449219;0
1689.048;395.398773193359;0
1690.924;570.442016601563;0
1692.804;811.776428222656;0
1694.682;836.401977539063;0
1696.558;951.985290527344;0
1698.435;781.193054199219;0
1700.308;628.358642578125;0
1702.184;420.370941162109;0
1704.057;458.007659912109;0
1705.929;398.713317871094;0
1707.801;466.154510498047;0
1709.674;441.664642333984;0
1711.542;666.354797363281;0
1713.412;659.002746582031;0
1715.28;479.38623046875;0
1717.145;289.7275390625;0
1719.015;247.852447509766;0
1720.88;300.366088867188;0
1722.746;119.929313659668;0
1724.61;134.137847900391;0
1726.471;293.30712890625;0
1728.334;446.746032714844;0
1730.197;415.236785888672;0
1732.057;387.755828857422;0
1733.919;449.112335205078;0
1735.777;473.528289794922;0
1737.634;427.225921630859;0
1739.493;507.205230712891;0
1741.349;486.239318847656;0
1743.205;462.107788085938;0
1745.061;358.254364013672;0
1746.915;365.458557128906;0
1748.77;501.964782714844;0
1750.621;526.724792480469;0
1752.473;527.404174804688;0
1754.323;430.891937255859;0
1756.173;537.411010742188;0
1758.022;630.294738769531;0
1759.87;593.430908203125;0
1761.718;347.480438232422;0
1763.566;342.437591552734;0
1765.411;374.268402099609;0
1767.256;402.560455322266;0
1769.101;478.426544189453;0
1770.945;531.978149414063;0
1772.787;723.994079589844;0
1774.629;519.030456542969;0
1776.469;562.198181152344;0
1778.309;561.607604980469;0
1780.15;645.475219726563;0
1781.987;620.578857421875;0
1783.826;384.585144042969;0
1785.662;453.049621582031;0
1787.498;490.419799804688;0
1789.334;599.3623046875;0
1791.169;578.543823242188;0
1793.002;513.631042480469;0
1794.834;574.068359375;0
1796.667;615.5224609375;0
1798.498;692.771179199219;0
1800.328;804.147766113281;0
1802.157;700.318969726563;0
1803.986;728.395812988281;0
1805.813;658.267211914063;0
1807.639;793.7109375;0
1809.467;840.949279785156;0
1811.292;895.204406738281;0
1813.117;827.254089355469;0
1814.94;796.098388671875;0
1816.763;756.070556640625;0
1818.585;727.170593261719;0
1820.407;432.176330566406;0
1822.227;362.309997558594;0
1824.048;316.900177001953;0
1825.865;530.724914550781;0
1827.683;380.013977050781;0
1829.501;378.21337890625;0
1831.317;234.88459777832;0
1833.135;438.987396240234;0
1834.948;206.984146118164;0
1836.761;234.575027465821;0
1838.577;246.754974365235;0
1840.388;487.076751708984;0
1842.198;519.315979003906;0
1844.009;534.583984375;0
1845.819;591.769653320312;0
1847.629;544.432739257813;0
1849.436;393.687316894531;0
1851.244;249.533309936523;0
1853.052;286.748504638672;0
1854.858;327.768890380859;0
1856.661;342.224090576172;0
1858.466;491.600036621094;0
1860.269;473.007781982422;0
1862.073;629.114013671875;0
1863.875;485.473449707031;0
1865.673;475.086151123047;0
1867.476;347.285430908203;0
1869.275;313.29345703125;0
1871.072;441.776977539063;0
1872.872;569.656799316406;0
1874.667;476.901031494141;0
1876.464;344.063415527344;0
1878.26;310.588043212891;0
1880.053;322.585083007813;0
1881.849;338.053924560547;0
1883.64;346.216644287109;0
1885.431;551.960693359375;0
1887.226;678.951477050781;0
1889.014;442.637420654297;0
1890.803;426.129669189453;0
1892.594;328.656463623047;0
1894.38;615.44189453125;0
1896.167;591.154113769531;0
1897.955;689.126525878906;0
1899.74;646.581237792969;0
1901.526;658.851684570313;0
1903.309;612.048950195313;0
1905.091;538.50927734375;0
1906.876;540.901123046875;0
1908.658;372.892974853516;0
1910.438;463.929351806641;0
1912.217;435.343505859375;0
1913.996;556.136962890625;0
1915.775;445.976409912109;0
1917.553;446.750671386719;0
1919.33;494.793151855469;0
1921.106;512.881591796875;0
1922.881;426.129364013672;0
1924.655;431.536529541016;0
1926.431;392.991943359375;0
1928.202;251.384536743164;0
1929.974;6.05230617523193;0
1931.746;50.7313613891602;0
1933.516;211.199478149414;0
1935.286;329.64404296875;0
1937.055;399.801208496094;0
1938.823;498.792419433594;0
1940.592;487.884613037109;0
1942.356;434.351287841797;0
1944.122;495.089385986328;0
1945.888;563.654968261719;0
1947.651;535.381286621094;0
1949.416;278.046264648438;0
1951.178;293.649810791016;0
1952.939;227.077194213867;0
1954.699;432.106597900391;0
1956.459;531.962646484375;0
1958.219;643.762939453125;0
1959.979;796.619384765625;0
1961.735;885.976379394531;0
1963.491;1017.833984375;0
1965.249;839.747680664063;0
1967.003;914.050842285156;0
1968.761;903.079895019531;0
1970.512;1044.61853027344;0
1972.265;1002.55572509766;0
1974.018;914.224731445313;0
1975.769;839.626708984375;0
1977.522;791.605285644531;0
1979.271;902.9599609375;0
1981.018;865.602172851563;0
1982.766;643.682495117188;0
1984.516;581.303588867188;0
1986.261;597.328979492188;0
1988.009;741.041137695313;0
1989.754;718.820434570313;0
1991.498;584.666931152344;0
1993.241;604.578979492188;0
1994.984;599.819458007813;0
1996.727;532.124694824219;0
1998.468;476.156585693359;0
2000.206;504.135833740234;0
2001.946;665.173522949219;0
2003.686;732.602966308594;0
2005.424;572.313110351563;0
2007.161;628.415405273438;0
2008.898;643.020141601563;0
2010.634;768.348999023438;0
2012.369;707.845947265625;0
2014.103;613.956787109375;0
2015.836;647.793823242188;0
2017.57;820.468017578125;0
2019.299;953.203002929688;0
2021.032;906.888916015625;0
2022.762;751.527038574219;0
2024.491;677.450805664063;0
2026.221;726.435546875;0
2027.947;732.70361328125;0
2029.676;603.699401855469;0
2031.403;585.642333984375;0
2033.128;559.745544433594;0
2034.852;675.274719238281;0
2036.577;688.556579589844;0
2038.299;758.41064453125;0
2040.022;677.43408203125;0
2041.744;316.949890136719;0
2043.465;246.913345336914;0
2045.184;323.376953125;0
2046.903;621.337219238281;0
2048.621;673.57275390625;0
2050.339;686.529357910156;0
2052.057;589.430541992188;0
2053.774;573.387634277344;0
2055.488;391.622222900391;0
2057.203;468.021911621094;0
2058.917;474.142883300781;0
2060.631;548.424438476563;0
2062.344;435.311584472656;0
2064.053;411.026458740234;0
2065.765;396.013580322266;0
2067.476;563.606262207031;0
2069.185;563.137817382813;0
2070.892;623.611755371094;0
2072.6;623.134582519531;0
2074.308;543.263061523438;0
2076.014;470.220794677734;0
2077.72;345.785736083984;0
2079.425;342.891967773438;0
2081.13;324.295654296875;0
2082.833;313.974243164063;0
2084.532;317.665924072266;0
2086.236;285.052459716797;0
2087.936;258.160522460938;0
2089.635;352.375671386719;0
2091.335;372.576385498047;0
2093.034;379.728607177734;0
2094.731;206.129669189453;0
2096.427;352.135894775391;0
2098.124;619.548950195313;0
2099.82;881.464050292969;0
2101.515;983.436584472656;0
2103.207;846.133422851563;0
2104.902;899.998840332031;0
2106.594;866.166625976563;0
2108.286;980.907531738281;0
2109.976;974.585693359375;0
2111.667;1039.65270996094;0
2113.355;1138.21826171875;0
2115.044;1131.40368652344;0
2116.732;1027.52954101563;0
2118.42;918.816833496094;0
2120.105;977.154052734375;0
2121.79;1151.09729003906;0
2123.476;1297.18115234375;0
2125.16;1335.98083496094;0
2126.844;1304.94079589844;0
2128.524;1263.94995117188;0
2130.207;1257.45275878906;0
2131.888;1272.11877441406;0
2133.567;1223.40307617188;0
2135.247;1265.08837890625;0
2136.927;1342.62158203125;0
2138.603;1458.74841308594;0
2140.281;1515.05603027344;0
2141.957;1496.76416015625;0
2143.633;1374.76171875;0
2145.308;1300.49475097656;0
2146.981;1232.73754882813;0
2148.654;1316.37817382813;0
2150.328;1140.30541992188;0
2152;1086.22900390625;0
2153.669;1036.0732421875;0
2155.34;1087.54736328125;0
2157.01;1160.6044921875;0
2158.677;1129.27807617188;0
2160.347;1220.23376464844;0
2162.013;1153.80346679688;0
2163.681;1208.65368652344;0
2165.347;1201.78466796875;0
2167.011;1183.0146484375;0
2168.674;1114.48510742188;0
2170.337;1172.12854003906;0
2172.002;1201.05688476563;0
2173.662;1331.38464355469;0
2175.324;1270.11047363281;0
2176.985;1323.56457519531;0
2178.645;1203.73071289063;0
2180.304;1203.95727539063;0
2181.961;1240.46569824219;0
2183.618;1366.14477539063;0
2185.275;1183.6533203125;0
2186.932;1104.2109375;0
2188.586;978.816162109375;0
2190.242;1137.77893066406;0
2191.896;856.012634277344;0
2193.547;743.115295410156;0
2195.2;722.239074707031;0
2196.851;844.061950683594;0
2198.502;894.15869140625;0
2200.153;784.866271972656;0
2201.799;837.630249023438;0
2203.447;741.766967773438;0
2205.097;714.192565917969;0
2206.742;682.916748046875;0
2208.391;706.579345703125;0
2210.035;734.513427734375;0
2211.679;703.718872070313;0
2213.324;756.184509277344;0
2214.966;803.699279785156;0
2216.608;837.929992675781;0
2218.252;850.764465332031;0
2219.89;748.561645507813;0
2221.531;870.785766601563;0
2223.172;944.305908203125;0
2224.809;1022.56652832031;0
2226.449;978.234313964844;0
2228.086;988.198181152344;0
2229.72;1092.38854980469;0
2231.358;1058.88488769531;0
2232.992;963.72998046875;0
2234.625;837.654052734375;0
2236.26;959.460144042969;0
2237.893;1106.33862304688;0
2239.524;1228.01745605469;0
2241.156;1035.92895507813;0
2242.785;1042.77648925781;0
2244.416;991.556335449219;0
2246.044;1128.82397460938;0
2247.672;1024.10974121094;0
2249.301;963.087219238281;0
2250.926;923.054443359375;0
2252.554;784.025146484375;0
2254.177;903.191162109375;0
2255.803;980.960388183594;0
2257.427;1204.91845703125;0
2259.051;1223.95422363281;0
2260.671;961.2900390625;0
2262.294;859.592407226563;0
2263.914;721.799255371094;0
2265.533;979.992004394531;0
2267.153;926.795959472656;0
2268.773;1009.09906005859;0
2270.392;878.452209472656;0
2272.006;863.327453613281;0
2273.624;862.170837402344;0
2275.239;1045.10998535156;0
2276.854;1265.90747070313;0
2278.468;1313.20788574219;0
2280.084;1241.01574707031;0
2281.695;1171.22766113281;0
2283.305;1217.76123046875;0
2284.919;1002.11309814453;0
2286.527;981.186340332031;0
2288.14;919.540161132813;0
2289.748;1098.85485839844;0
2291.354;1012.58349609375;0
2292.964;952.392822265625;0
2294.569;989.835205078125;0
2296.174;1039.57360839844;0
2297.782;1090.8291015625;0
2299.386;1013.61578369141;0
2300.99;780.290344238281;0
2302.594;762.939453125;0
2304.195;788.557250976563;0
2305.798;905.135437011719;0
2307.399;763.339294433594;0
2308.998;680.946594238281;0
2310.598;700.303833007813;0
2312.197;832.609741210938;0
2313.795;1061.87451171875;0
2315.392;1321.06860351563;0
2316.988;1512.08068847656;0
2318.585;1507.35534667969;0
2320.18;1389.67041015625;0
2321.774;1250.91455078125;0
2323.368;1163.75463867188;0
2324.961;1167.451171875;0
2326.553;1008.40344238281;0
2328.145;1074.70751953125;0
2329.735;1073.97399902344;0
2331.324;1253.76147460938;0
2332.916;1082.64685058594;0
2334.503;779.396911621094;0
2336.092;568.428039550781;0
2337.677;594.656433105469;0
2339.263;841.042419433594;0
2340.85;931.583312988281;0
2342.434;979.079772949219;0
2344.018;939.705322265625;0
2345.602;872.734985351563;0
2347.185;829.934143066406;0
2348.768;829.490173339844;0
2350.347;1089.95861816406;0
2351.928;1202.97583007813;0
2353.51;1254.09753417969;0
2355.087;995.879211425781;0
2356.665;829.08544921875;0
2358.243;537.615051269531;0
2359.819;529.471557617188;0
2361.396;592.833679199219;0
2362.972;799.639892578125;0
2364.547;930.781311035156;0
2366.121;955.676208496094;0
2367.694;1065.10314941406;0
2369.267;1010.17340087891;0
2370.839;752.553527832031;0
2372.411;609.601806640625;0
2373.982;663.323425292969;0
2375.55;875.718383789063;0
2377.118;652.31640625;0
2378.687;626.980712890625;0
2380.254;610.501892089844;0
2381.821;1051.37194824219;0
2383.387;1136.23657226563;0
2384.954;1311.38732910156;0
2386.516;1215.95837402344;0
2388.082;1249.76501464844;0
2389.644;1152.12634277344;0
2391.209;1096.59887695313;0
2392.769;931.053588867188;0
2394.33;1075.35815429688;0
2395.892;1233.24975585938;0
2397.449;1363.37097167969;0
2399.008;1294.16650390625;0
2400.568;1216.19372558594;0
2402.125;1112.78637695313;0
2403.68;1096.59802246094;0
2405.238;1173.54162597656;0
2406.792;1306.38610839844;0
2408.349;1302.57995605469;0
2409.902;1265.56921386719;0
2411.455;1270.79992675781;0
2413.007;1351.60705566406;0
2414.558;1381.19946289063;0
2416.11;1345.49572753906;0
2417.66;1304.73474121094;0
2419.21;1206.76440429688;0
2420.758;1197.66259765625;0
2422.307;1161.64233398438;0
2423.855;1109.369140625;0
2425.402;1064.1044921875;0
2426.947;997.088256835938;0
2428.492;1026.22924804688;0
2430.038;1020.68316650391;0
2431.58;1096.04553222656;0
2433.124;1258.54260253906;0
2434.667;1122.05627441406;0
2436.208;1070.59326171875;0
2437.75;1183.40307617188;0
2439.291;1371.91589355469;0
2440.83;1431.97924804688;0
2442.369;1377.52429199219;0
2443.906;1473.21936035156;0
2445.444;1496.84375;0
2446.981;1258.02526855469;0
2448.517;1087.29968261719;0
2450.053;1060.97961425781;0
2451.587;973.023864746094;0
2453.12;1243.05053710938;0
2454.655;1233.45349121094;0
2456.187;1512.56555175781;0
2457.718;1487.49816894531;0
2459.25;1585.58532714844;0
2460.781;1385.076171875;0
2462.31;1290.3896484375;0
2463.84;1372.0615234375;0
2465.368;1553.87377929688;0
2466.896;1458.26599121094;0
2468.423;1165.12280273438;0
2469.949;1182.30541992188;0
2471.474;1341.21887207031;0
2472.998;1471.33825683594;0
2474.522;1211.59387207031;0
2476.045;1147.35913085938;0
2477.568;1156.72155761719;0
2479.09;1272.421875;0
2480.612;1338.91857910156;0
2482.132;1048.09948730469;0
2483.653;922.53955078125;0
2485.171;730.853271484375;0
2486.689;1186.38024902344;0
2488.208;1307.92895507813;0
2489.725;1233.1728515625;0
2491.242;1103.22265625;0
2492.757;1119.18811035156;0
2494.271;1201.73388671875;0
2495.785;1262.08154296875;0
2497.3;1397.78540039063;0
2498.812;1533.06579589844;0
2500.325;1356.47668457031;0
2501.837;1101.01647949219;0
2503.345;740.350158691406;0
2504.856;676.046813964844;0
2506.366;763.741943359375;0
2507.875;1009.11938476563;0
2509.382;1130.40148925781;0
2510.889;1178.69616699219;0
2512.397;1071.00048828125;0
2513.901;826.757751464844;0
2515.406;800.348266601563;0
2516.911;986.482727050781;0
2518.415;1177.06921386719;0
2519.918;1102.99487304688;0
2521.421;1017.37054443359;0
2522.922;875.529541015625;0
2524.423;915.036865234375;0
2525.924;750.216613769531;0
2527.422;822.996765136719;0
2528.923;728.5625;0
2530.419;981.397827148438;0
2531.916;893.022888183594;0
2533.415;1012.55310058594;0
2534.909;704.357604980469;0
2536.404;671.446655273438;0
2537.899;277.420654296875;0
2539.394;424.852722167969;0
2540.887;522.879455566406;0
2542.38;857.141235351563;0
2543.871;705.486267089844;0
2545.363;681.060913085938;0
2546.852;774.22265625;0
2548.345;493.525451660156;0
2549.833;359.5498046875;0
2551.321;215.502868652344;0
2552.811;670.188049316406;0
2554.296;702.739685058594;0
2555.78;649.046569824219;0
2557.267;512.326965332031;0
2558.752;521.027526855469;0
2560.237;271.482238769531;0
2561.721;330.620727539062;0
2563.203;512.175842285156;0
2564.687;933.367797851563;0
2566.168;902.974975585938;0
2567.648;929.554443359375;0
2569.129;780.107971191406;0
2570.607;823.962463378906;0
2572.086;895.670959472656;0
2573.565;1016.56030273438;0
2575.041;1198.29870605469;0
2576.518;1175.88134765625;0
2577.994;1352.63598632813;0
2579.469;1453.00903320313;0
2580.945;1639.447265625;0
2582.418;1406.73168945313;0
2583.892;1359.42004394531;0
2585.365;1253.95812988281;0
2586.835;1475.12548828125;0
2588.307;1626.14587402344;0
2589.778;1681.02001953125;0
2591.248;1706.28967285156;0
2592.717;1706.6181640625;0
2594.186;1471.45703125;0
2595.652;1558.80419921875;0
2597.121;1186.8896484375;0
2598.585;1314.2705078125;0
2600.052;1138.61804199219;0
2601.518;1289.71032714844;0
2602.982;1316.55004882813;0
2604.446;1332.03051757813;0
2605.907;1387.81994628906;0
2607.371;1296.03283691406;0
2608.83;1410.89282226563;0
2610.293;1365.28674316406;0
2611.752;1412.43676757813;0
2613.213;1458.0048828125;0
2614.672;1498.98400878906;0
2616.13;1761.71423339844;0
2617.587;1640.64221191406;0
2619.043;1884.20715332031;0
2620.501;1663.51599121094;0
2621.957;1775.63928222656;0
2623.409;1656.38305664063;0
2624.864;1730.61755371094;0
2626.318;1717.69104003906;0
2627.771;1697.50561523438;0
2629.222;1708.17248535156;0
2630.673;1701.95581054688;0
2632.124;1761.70910644531;0
2633.575;1937.18640136719;0
2635.023;1775.49658203125;0
2636.473;1556.25061035156;0
2637.922;1330.92895507813;0
2639.368;1403.19165039063;0
2640.816;1266.40124511719;0
2642.261;1210.88952636719;0
2643.705;799.41357421875;0
2645.151;767.43701171875;0
2646.596;674.295043945313;0
2648.037;923.986083984375;0
2649.48;908.845825195313;0
2650.923;889.879089355469;0
2652.364;939.2001953125;0
2653.804;942.366516113281;0
2655.243;881.157348632813;0
2656.683;900.134582519531;0
2658.121;939.858032226563;0
2659.559;881.075012207031;0
2660.997;786.462158203125;0
2662.433;924.487731933594;0
2663.868;1101.59460449219;0
2665.305;925.783386230469;0
2666.737;834.167541503906;0
2668.173;845.638244628906;0
2669.606;1033.416015625;0
2671.038;1119.72131347656;0
2672.47;929.108032226563;0
2673.901;711.352478027344;0
2675.331;686.453857421875;0
2676.761;812.31494140625;0
2678.189;1003.55865478516;0
2679.619;750.670654296875;0
2681.045;620.539245605469;0
2682.473;747.700317382813;0
2683.9;1076.5810546875;0
2685.324;1055.34338378906;0
2686.749;947.424255371094;0
2688.176;649.938171386719;0
2689.599;660.996398925781;0
2691.021;587.595458984375;0
2692.444;800.28173828125;0
2693.865;887.570556640625;0
2695.287;832.537719726563;0
2696.707;726.386657714844;0
2698.125;676.125061035156;0
2699.545;789.386535644531;0
2700.963;634.430297851562;0
2702.381;457.102111816406;0
2703.798;490.480346679688;0
2705.214;624.976623535156;0
2706.629;735.115539550781;0
2708.046;711.220031738281;0
2709.458;766.574768066406;0
2710.872;946.50244140625;0
2712.285;966.098999023438;0
2713.699;913.647705078125;0
2715.111;797.014404296875;0
2716.52;864.494873046875;0
2717.93;844.640563964844;0
2719.342;921.563781738281;0
2720.749;803.200256347656;0
2722.159;1002.46228027344;0
2723.565;1190.44140625;0
2724.971;1206.51477050781;0
2726.38;1132.45849609375;0
2727.785;1051.63122558594;0
2729.19;1341.90063476562;0
2730.594;1374.37231445313;0
2731.997;1597.26708984375;0
2733.401;1543.80456542969;0
2734.803;1508.31359863281;0
2736.204;1361.68005371094;0
2737.606;1503.01574707031;0
2739.005;1673.99206542969;0
2740.405;1483.60925292969;0
2741.806;1330.31018066406;0
2743.202;1182.4677734375;0
2744.602;1376.85717773438;0
2745.998;1347.45483398437;0
2747.395;1460.92749023438;0
2748.79;1407.763671875;0
2750.185;1567.42224121094;0
2751.58;1647.05688476563;0
2752.975;1710.77868652344;0
2754.366;1621.81005859375;0
2755.759;1688.91516113281;0
2757.151;1720.83825683594;0
2758.542;1700.13488769531;0
2759.933;1592.18151855469;0
2761.322;1644.11889648438;0
2762.71;1731.16479492188;0
2764.1;1700.69543457031;0
2765.486;1649.82153320313;0
2766.875;1697.18017578125;0
2768.26;1720.60620117187;0
2769.646;1801.88391113281;0
2771.031;1819.7880859375;0
2772.418;1909.20593261719;0
2773.799;1882.361328125;0
2775.184;1886.15075683594;0
2776.565;1855.05737304687;0
2777.946;2019.78369140625;0
2779.328;2026.23583984375;0
2780.708;1998.96667480469;0
2782.09;1867.11865234375;0
2783.469;1752.10034179687;0
2784.847;1705.28649902344;0
2786.226;1543.70825195312;0
2787.603;1528.95239257813;0
2788.978;1449.38598632812;0
2790.355;1480.57580566406;0
2791.731;1303.35498046875;0
2793.104;1360.40051269531;0
2794.479;1282.28173828125;0
2795.853;1217.49133300781;0
2797.225;1261.27294921875;0
2798.596;1403.10693359375;0
2799.967;1566.3291015625;0
2801.341;1379.71801757812;0
2802.71;1156.341796875;0
2804.077;857.292846679687;0
2805.447;873.321411132813;0
2806.815;712.986328125;0
2808.183;778.844177246094;0
2809.551;713.560546875;0
2810.915;846.916564941406;0
2812.282;940.663513183594;0
2813.646;1028.49633789063;0
2815.011;1061.94104003906;0
2816.375;1063.75671386719;0
2817.736;885.279907226563;0
2819.099;982.565307617188;0
2820.462;631.051208496094;0
2821.821;691.850036621094;0
2823.182;549.846618652344;0
2824.542;919.586853027344;0
2825.901;1107.51318359375;0
2827.261;1154.75573730469;0
2828.617;1173.04748535156;0
2829.974;1061.72033691406;0
2831.33;1076.85046386719;0
2832.686;1004.94671630859;0
2834.043;1099.787109375;0
2835.395;1182.14916992187;0
2836.75;1280.93542480469;0
2838.104;1317.73486328125;0
2839.456;1144.32531738281;0
2840.807;1169.43579101562;0
2842.16;1083.5302734375;0
2843.509;1223.12475585938;0
2844.858;1077.21179199219;0
2846.209;986.13720703125;0
2847.556;693.840148925781;0
2848.906;669.953918457031;0
2850.253;753.367431640625;0
2851.6;857.302917480469;0
2852.946;889.427062988281;0
2854.29;710.849670410156;0
2855.635;810.846923828125;0
2856.98;681.735168457031;0
2858.323;772.653625488281;0
2859.665;701.696472167969;0
2861.008;682.811706542969;0
2862.349;731.437622070313;0
2863.691;660.345886230469;0
2865.031;655.199829101563;0
2866.37;599.106323242188;0
2867.709;481.065368652344;0
2869.048;284.073028564453;0
2870.385;217.573165893555;0
2871.722;377.557647705078;0
2873.059;656.804260253906;0
2874.394;664.531066894531;0
2875.73;736.068359375;0
2877.064;748.037963867188;0
2878.398;732.389770507813;0
2879.731;714.781127929688;0
2881.063;797.018981933594;0
2882.395;954.2822265625;0
2883.727;1100.69787597656;0
2885.059;1193.64453125;0
2886.387;1367.56530761719;0
2887.717;1387.57165527344;0
2889.046;1349.33312988281;0
2890.374;1260.84790039063;0
2891.699;1224.25537109375;0
2893.028;1164.63818359375;0
2894.354;1107.19396972656;0
2895.679;1063.16320800781;0
2897.004;1316.57861328125;0
2898.328;1381.51550292969;0
2899.653;1508.0888671875;0
2900.976;1470.04223632812;0
2902.297;1401.095703125;0
2903.619;1404.53210449219;0
2904.941;1307.4287109375;0
2906.26;1252.986328125;0
2907.58;1192.69482421875;0
2908.898;1373.953125;0
2910.217;1570.11157226563;0
2911.536;1597.05725097656;0
2912.852;1504.23315429688;0
2914.171;1615.19421386719;0
2915.485;1632.60705566406;0
2916.799;1749.13854980469;0
2918.116;1688.78662109375;0
2919.428;1764.66796875;0
2920.743;1696.00122070313;0
2922.056;1569.33911132812;0
2923.367;1587.421875;0
2924.679;1369.25305175781;0
2925.99;1509.71887207031;0
2927.299;1473.07946777344;0
2928.609;1705.11303710937;0
2929.918;1730.15710449219;0
2931.226;1685.32336425781;0
2932.535;1608.724609375;0
2933.841;1376.97314453125;0
2935.149;1323.41979980469;0
2936.455;1218.92492675781;0
2937.758;1333.61669921875;0
2939.064;1354.76953125;0
2940.368;1460.05615234375;0
2941.67;1539.92700195313;0
2942.973;1679.49682617188;0
2944.277;1794.65844726563;0
2945.577;1676.8564453125;0
2946.878;1762.98376464844;0
2948.178;1792.15209960938;0
2949.477;1954.03479003906;0
2950.776;1821.85485839844;0
2952.073;1836.72802734375;0
2953.372;1667.21325683594;0
2954.669;1675.79956054688;0
2955.965;1475.98156738281;0
2957.261;1493.99096679688;0
2958.556;1424.68737792969;0
2959.849;1528.44750976563;0
2961.145;1575.03491210937;0
2962.436;1690.00671386719;0
2963.732;1656.69787597656;0
2965.022;1843.443359375;0
2966.313;1862.68933105469;0
2967.603;1907.10302734375;0
2968.893;1911.01684570313;0
2970.182;1795.43029785156;0
2971.471;1680.95300292969;0
2972.759;1469.58532714844;0
2974.047;1463.51501464844;0
2975.334;1509.16479492187;0
2976.62;1440.89599609375;0
2977.907;1195.55322265625;0
2979.192;1111.11242675781;0
2980.475;932.850952148438;0
2981.76;1118.03564453125;0
2983.043;917.514831542969;0
2984.326;883.951110839844;0
2985.607;634.122375488281;0
2986.888;711.584350585937;0
2988.17;820.560729980469;0
2989.449;772.719909667969;0
2990.728;699.062438964844;0
2992.007;694.255065917969;0
2993.284;822.519653320313;0
2994.562;869.168212890625;0
2995.84;878.092346191406;0
2997.115;955.870056152344;0
2998.393;1026.16235351563;0
2999.666;953.714904785156;0
3000.94;905.792297363281;0
3002.215;899.153991699219;0
3003.486;898.688659667969;0
3004.76;880.753784179688;0
3006.033;896.320678710938;0
3007.303;817.316162109375;0
3008.573;654.479309082031;0
3009.844;576.467895507813;0
3011.114;672.94921875;0
3012.383;897.695556640625;0
3013.649;746.508361816406;0
3014.917;433.252807617188;0
3016.185;211.484527587891;0
3017.451;172.022689819336;0
3018.716;112.019821166992;0
3019.983;55.1039619445801;0
3021.246;193.453079223633;0
3022.509;381.844909667969;0
3023.774;466.280517578125;0
3025.035;352.318176269531;0
3026.299;295.826934814453;0
3027.56;348.679656982422;0
3028.819;276.639190673828;0
3030.081;88.9830932617188;0
3031.339;-79.2532272338867;0
3032.598;-84.0693359375;0
3033.856;117.532043457031;0
3035.114;123.885726928711;0
3036.372;144.991561889648;0
3037.628;264.293853759766;0
3038.883;256.236907958984;0
3040.138;336.265014648438;0
3041.394;362.265960693359;0
3042.646;561.302307128906;0
3043.9;608.302490234375;0
3045.152;665.7724609375;0
3046.405;687.400817871094;0
3047.657;770.166320800781;0
3048.906;837.565979003906;0
3050.158;852.710693359375;0
3051.407;897.119567871094;0
3052.656;742.41650390625;0
3053.904;764.130859375;0
3055.153;691.931579589844;0
3056.398;801.801208496094;0
3057.647;801.557800292969;0
3058.892;857.205200195312;0
3060.137;916.693054199219;0
3061.382;996.687805175781;0
3062.625;1020.18933105469;0
3063.869;1109.64196777344;0
3065.112;1118.22790527344;0
3066.353;1122.18176269531;0
3067.595;1012.90466308594;0
3068.838;961.184509277344;0
3070.075;1080.35559082031;0
3071.317;1050.47033691406;0
3072.557;1063.06457519531;0
3073.795;928.025268554688;0
3075.032;1005.86633300781;0
3076.27;1031.47570800781;0
3077.507;1039.84155273437;0
3078.742;1143.91577148437;0
3079.978;1088.90148925781;0
3081.212;1182.52294921875;0
3082.446;1173.93200683594;0
3083.681;1239.80517578125;0
3084.913;1271.2529296875;0
3086.147;1277.39147949219;0
3087.38;1368.75280761719;0
3088.61;1363.02709960938;0
3089.84;1307.21411132812;0
3091.071;1287.05004882813;0
3092.3;1310.6044921875;0
3093.529;1424.47143554688;0
3094.755;1478.91723632813;0
3095.984;1683.64184570313;0
3097.211;1583.09252929687;0
3098.438;1500.35791015625;0
3099.663;1299.35339355469;0
3100.888;1242.07019042969;0
3102.112;1164.30102539063;0
3103.335;973.768005371094;0
3104.56;1026.43566894531;0
3105.782;1069.63684082031;0
3107.005;1132.48510742188;0
3108.226;1155.53442382812;0
3109.447;1033.00537109375;0
3110.667;1050.22973632813;0
3111.887;1067.42797851563;0
3113.104;1185.04296875;0
3114.324;1245.74060058594;0
3115.541;1246.34643554688;0
3116.758;1237.15515136719;0
3117.976;1198.77392578125;0
3119.192;1107.40478515625;0
3120.408;1103.29248046875;0
3121.622;1059.49377441406;0
3122.835;1081.78576660156;0
3124.05;1040.37280273438;0
3125.262;1033.07885742188;0
3126.476;1031.83642578125;0
3127.687;986.087524414062;0
3128.897;1026.61169433594;0
3130.108;1039.6328125;0
3131.319;1186.70788574219;0
3132.528;1251.88891601563;0
3133.737;1336.28869628906;0
3134.945;1380.79760742188;0
3136.152;1322.083984375;0
3137.358;1259.63391113281;0
3138.565;1280.10290527344;0
3139.772;1288.86767578125;0
3140.976;1323.16186523438;0
3142.18;1322.53881835937;0
3143.385;1350.59362792969;0
3144.588;1330.35229492188;0
3145.79;1191.84643554688;0
3146.993;1173.14831542969;0
3148.194;1049.87463378906;0
3149.395;1019.58947753906;0
3150.596;915.428894042969;0
3151.794;904.049987792969;0
3152.994;810.047424316406;0
3154.193;816.4599609375;0
3155.39;709.390808105469;0
3156.587;736.397033691406;0
3157.784;775.813171386719;0
3158.982;858.974060058594;0
3160.177;786.103637695312;0
3161.37;659.866638183594;0
3162.565;674.817993164063;0
3163.759;793.847595214844;0
3164.952;834.845947265625;0
3166.146;885.8310546875;0
3167.337;854.771179199219;0
3168.527;825.997192382813;0
3169.719;727.419494628906;0
3170.91;651.022094726562;0
3172.098;581.9365234375;0
3173.288;476.052917480469;0
3174.475;460.928192138672;0
3175.663;468.784576416016;0
3176.849;396.176422119141;0
3178.037;460.879913330078;0
3179.223;480.226928710938;0
3180.408;511.771514892578;0
3181.592;315.181030273438;0
3182.777;305.348297119141;0
3183.96;429.158233642578;0
3185.143;580.83642578125;0
3186.325;606.162292480469;0
3187.507;573.912353515625;0
3188.688;555.308776855469;0
3189.869;502.795715332031;0
3191.049;492.704956054688;0
3192.228;541.812805175781;0
3193.406;503.894653320313;0
3194.585;473.858245849609;0
3195.763;518.775939941406;0
3196.939;556.828491210938;0
3198.116;717.687438964844;0
3199.292;734.905212402344;0
3200.466;838.589782714844;0
3201.643;900.961791992188;0
3202.816;944.689514160156;0
3203.991;1057.32946777344;0
3205.161;948.657836914062;0
3206.334;1009.22845458984;0
3207.504;983.816040039062;0
3208.677;1060.19958496094;0
3209.846;1047.71508789062;0
3211.017;1114.4755859375;0
3212.187;1191.02038574219;0
3213.356;1047.3125;0
3214.524;1074.34765625;0
3215.69;951.731079101563;0
3216.859;1073.35705566406;0
3218.024;1050.97900390625;0
3219.189;1175.26354980469;0
3220.354;1048.91662597656;0
3221.519;1049.86096191406;0
3222.682;967.77001953125;0
3223.845;1166.89660644531;0
3225.01;1208.36010742187;0
3226.171;1306.16174316406;0
3227.332;1256.63732910156;0
3228.494;1330.45202636719;0
3229.655;1245.26965332031;0
3230.814;1165.53625488281;0
3231.973;1000.03167724609;0
3233.13;1010.86590576172;0
3234.29;978.480346679687;0
3235.447;1032.9677734375;0
3236.605;1046.88000488281;0
3237.76;1232.43579101563;0
3238.916;1128.41040039063;0
3240.071;1136.36669921875;0
3241.224;1070.97326660156;0
3242.381;1135.00500488281;0
3243.532;1183.68139648437;0
3244.685;1238.1162109375;0
3245.839;1218.86645507813;0
3246.99;1104.82592773437;0
3248.141;1069.88366699219;0
3249.292;1167.37292480469;0
3250.439;1314.95935058594;0
3251.589;1272.97277832031;0
3252.739;1240.30432128906;0
3253.886;1111.72705078125;0
3255.034;1087.79321289063;0
3256.18;989.950927734375;0
3257.326;934.31005859375;0
3258.472;910.210205078125;0
3259.617;973.651428222656;0
3260.761;993.967041015625;0
3261.905;1090.82287597656;0
3263.048;1062.88488769531;0
3264.19;1169.93334960938;0
3265.333;1100.64074707031;0
3266.475;1170.78649902344;0
3267.617;1153.48913574219;0
3268.757;1123.5322265625;0
3269.896;1124.47326660156;0
3271.036;992.088684082031;0
3272.175;1092.93298339844;0
3273.313;975.11865234375;0
3274.449;1095.86987304688;0
3275.586;1006.85504150391;0
3276.722;1112.29455566406;0
3277.859;1203.29699707031;0
3278.993;1273.64501953125;0
3280.13;1277.46447753906;0
3281.263;1176.34692382813;0
3282.395;1193.40649414063;0
3283.529;1241.81616210937;0
3284.66;1334.27795410156;0
3285.794;1374.44445800781;0
3286.924;1316.64758300781;0
3288.054;1249.17883300781;0
3289.185;1055.50073242188;0
3290.313;892.251037597656;0
3291.443;852.582641601562;0
3292.571;897.828674316406;0
3293.698;999.654418945312;0
3294.824;946.278686523438;0
3295.952;957.480895996094;0
3297.077;933.928833007812;0
3298.203;928.1787109375;0
3299.328;995.451354980469;0
3300.45;977.080383300781;0
3301.574;1011.39959716797;0
3302.698;876.963562011719;0
3303.819;865.661804199219;0
3304.942;805.367736816406;0
3306.064;786.859375;0
3307.182;931.975158691406;0
3308.303;769.454162597656;0
3309.423;918.529235839844;0
3310.542;730.584899902344;0
3311.66;771.3349609375;0
3312.778;656.450500488281;0
3313.895;724.26416015625;0
3315.012;739.753051757813;0
3316.128;720.031799316406;0
3317.243;680.181335449219;0
3318.357;729.051635742188;0
3319.471;728.594787597656;0
3320.586;624.074157714844;0
3321.698;714.357971191406;0
3322.813;695.370788574219;0
3323.923;686.121887207031;0
3325.034;684.832214355469;0
3326.146;779.637084960938;0
3327.255;959.647705078125;0
3328.366;931.200012207031;0
3329.474;856.558044433594;0
3330.582;849.395324707031;0
3331.691;801.980590820313;0
3332.797;844.197692871094;0
3333.905;843.931091308594;0
3335.011;887.764709472656;0
3336.116;845.017639160156;0
3337.22;801.218994140625;0
3338.327;704.591003417969;0
3339.429;616.983581542969;0
3340.534;512.303955078125;0
3341.635;631.4404296875;0
3342.737;667.313110351563;0
3343.84;755.480346679688;0
3344.94;757.942993164063;0
3346.041;800.897033691406;0
3347.142;804.964538574219;0
3348.24;696.922180175781;0
3349.337;782.075378417969;0
3350.437;685.8544921875;0
3351.534;677.995666503906;0
3352.633;547.896606445313;0
3353.727;603.447143554688;0
3354.823;620.236145019531;0
3355.919;686.237487792969;0
3357.013;668.490295410156;0
3358.108;698.756713867188;0
3359.201;878.001403808594;0
3360.293;920.210083007813;0
3361.385;940.418884277344;0
3362.478;797.383544921875;0
3363.569;856.669738769531;0
3364.661;905.26611328125;0
3365.75;983.488708496094;0
3366.838;974.873596191406;0
3367.929;1055.06591796875;0
3369.017;1102.36083984375;0
3370.105;1185.8349609375;0
3371.193;1084.24389648438;0
3372.279;960.070495605469;0
3373.364;922.844665527344;0
3374.45;1064.45532226563;0
3375.534;1168.28820800781;0
3376.62;1226.37841796875;0
3377.704;1245.359375;0
3378.786;1154.02490234375;0
3379.871;1131.20971679688;0
3380.951;1060.02612304687;0
3382.034;1134.00476074219;0
3383.114;1062.31018066406;0
3384.195;1087.43713378906;0
3385.276;1050.81298828125;0
3386.354;1036.01403808594;0
3387.433;1097.630859375;0
3388.511;1231.42590332031;0
3389.588;1345.13330078125;0
3390.664;1362.17883300781;0
3391.742;1261.20971679687;0
3392.816;1216.84057617187;0
3393.893;1145.53515625;0
3394.968;1283.88256835938;0
3396.042;1354.99816894531;0
3397.115;1347.75805664063;0
3398.189;1229.94409179687;0
3399.262;1204.20642089844;0
3400.333;1299.32775878906;0
3401.404;1335.66821289063;0
3402.474;1271.55163574219;0
3403.545;1225.19482421875;0
3404.615;1165.669921875;0
3405.685;1318.93139648438;0
3406.752;1294.21398925781;0
3407.82;1370.91821289062;0
3408.888;1323.17138671875;0
3409.955;1322.42956542969;0
3411.021;1295.85754394531;0
3412.085;1181.5908203125;0
3413.151;1120.89929199219;0
3414.215;1076.76989746094;0
3415.279;1156.04846191406;0
3416.343;1159.7685546875;0
3417.406;1193.40563964844;0
3418.468;1156.71862792969;0
3419.53;1075.943359375;0
3420.592;910.336303710938;0
3421.652;928.429504394531;0
3422.712;999.324279785156;0
3423.773;1007.89215087891;0
3424.83;957.667114257813;0
3425.889;950.231750488281;0
3426.946;1070.47204589844;0
3428.005;1070.18615722656;0
3429.061;1113.91467285156;0
3430.117;1141.44836425781;0
3431.172;1300.1357421875;0
3432.227;1348.63598632813;0
3433.281;1432.17370605469;0
3434.335;1346.0810546875;0
3435.389;1357.2958984375;0
3436.44;1236.26428222656;0
3437.492;1235.63586425781;0
3438.546;1138.87976074219;0
3439.598;1215.55041503906;0
3440.646;1232.62744140625;0
3441.697;1239.70007324219;0
3442.745;1241.53515625;0
3443.793;1303.61865234375;0
3444.842;1355.41381835938;0
3445.891;1414.21838378906;0
3446.937;1329.08972167969;0
3447.984;1373.36022949219;0
3449.031;1220.03002929688;0
3450.075;1273.74560546875;0
3451.12;1336.76306152344;0
3452.164;1492.32727050781;0
3453.207;1461.39807128906;0
3454.251;1379.15234375;0
3455.293;1251.05541992188;0
3456.336;1168.16137695313;0
3457.378;1037.91271972656;0
3458.417;947.568481445313;0
3459.458;856.967346191406;0
3460.498;846.777099609375;0
3461.539;862.458984375;0
3462.577;851.906066894531;0
3463.614;836.00537109375;0
3464.651;875.266662597656;0
3465.689;883.937561035156;0
3466.726;934.609619140625;0
3467.763;805.070251464844;0
3468.798;871.116638183594;0
3469.831;849.431640625;0
3470.866;962.126342773438;0
3471.9;945.784545898438;0
3472.933;898.439514160156;0
3473.966;838.182861328125;0
3474.999;879.2548828125;0
3476.029;890.653564453125;0
3477.061;926.772583007813;0
3478.09;783.980712890625;0
3479.121;760.146423339844;0
3480.15;764.344665527344;0
3481.178;745.19482421875;0
3482.205;773.626770019531;0
3483.234;754.49560546875;0
3484.26;869.413146972656;0
3485.288;956.58935546875;0
3486.313;1038.31701660156;0
3487.337;1051.69421386719;0
3488.364;1008.638671875;0
3489.387;972.202331542969;0
3490.411;1034.13671875;0
3491.434;1067.58276367188;0
3492.456;984.190612792969;0
3493.479;754.354370117188;0
3494.5;674.783935546875;0
3495.521;483.150482177734;0
3496.543;392.753753662109;0
3497.561;318.511688232422;0
3498.579;207.924179077148;0
3499.6;153.499435424805;0
3500.618;-106.852897644043;0
3501.636;-223.110778808594;0
3502.653;-242.854614257813;0
3503.669;-194.970504760742;0
3504.685;-27.9540100097656;0
3505.699;49.4033355712891;0
3506.716;62.017017364502;0
3507.729;-12.8662805557251;0
3508.743;-163.083908081055;0
3509.755;-140.02082824707;0
