98.64605;0;0
101.2353;0;0
103.8217;0;0
106.4096;26.037036895752;0
108.9945;-52.8444442749023;0
111.5767;5.06349229812622;0
114.1602;60.8765449523926;0
116.7409;86.181816101074;0
119.3209;67.8546981811521;0
121.9002;-11.9407405853271;0
124.4788;0.156862750649452;0
127.0566;-66.5964889526367;0
129.6317;-103.788360595703;0
132.2038;-77.2234649658203;0
134.7796;-169.903366088867;0
137.3503;-57.9022941589355;0
139.9204;-55.6983032226563;0
142.4919;338.228454589844;0
145.0584;500.409912109375;0
147.6242;657.694396972656;0
150.1914;778.452697753906;0
152.7579;882.648864746094;0
155.3216;893.319091796875;0
157.8846;817.627258300781;0
160.4448;844.92529296875;0
163.0085;952.190856933594;0
165.5672;1100.91320800781;0
168.1232;1085.85131835938;0
170.6826;1149.13305664062;0
173.2372;1263.15649414063;0
175.7931;1468.94836425781;0
178.3463;1530.01977539063;0
180.8966;1576.63928222656;0
183.4504;1559.84643554688;0
185.9993;1647.84838867188;0
188.5476;1699.27392578125;0
191.0972;1786.59411621094;0
193.644;1783.85217285156;0
196.1859;1707.36254882813;0
198.7335;1687.8408203125;0
201.2761;1598.40771484375;0
203.8201;1629.17797851563;0
206.3593;1686.59033203125;0
208.8998;1887.64685058594;0
211.4397;1929.53759765625;0
213.9746;2064.7861328125;0
216.5109;2096.13842773438;0
219.0487;2267.24194335938;0
221.5816;2340.09497070312;0
224.1158;2488.37573242188;0
226.6473;2495.16674804687;0
229.176;2577.4169921875;0
231.7082;2658.32666015625;0
234.2355;2842.27587890625;0
236.7643;2850.96948242188;0
239.2902;2806.02783203125;0
241.8133;2704.91674804688;0
244.3379;2481.26684570313;0
246.8618;2395.55517578125;0
249.3828;2299.97680664063;0
251.9053;2418.45141601563;0
254.423;2393.25;0
256.942;2407.98999023438;0
259.4603;2477.38940429688;0
261.9759;2486.37622070313;0
264.4887;2392.34423828125;0
267.005;2321.2255859375;0
269.5164;2316.09936523438;0
272.0292;2556.21044921875;0
274.5393;2730.20483398438;0
277.0466;2847.72827148438;0
279.5574;2799.984375;0
282.0654;2702.60791015625;0
284.5686;2655.19921875;0
287.0752;2709.03344726563;0
289.5791;2659.89208984375;0
292.0803;2641.54370117188;0
294.5828;2404.3271484375;0
297.0826;2365.95239257813;0
299.5838;2242.58520507813;0
302.0801;2251.65112304688;0
304.5758;2178.00317382813;0
307.0749;2163.83569335938;0
309.5672;2102.14697265625;0
312.0608;2112.7119140625;0
314.5558;1959.66284179688;0
317.044;1940.51977539062;0
319.5377;1769.53674316406;0
322.0266;1869.14306640625;0
324.5127;1978.80224609375;0
327.0023;2201.59326171875;0
329.4871;2422.67993164063;0
331.9691;2579.54418945313;0
334.4547;2662.67431640625;0
336.9353;2662.83984375;0
339.4174;2584.5517578125;0
341.901;2668.04321289062;0
344.3776;2677.103515625;0
346.8577;2760.423828125;0
349.333;2672.412109375;0
351.8076;2683.90258789063;0
354.2857;2728.95922851563;0
356.7569;2660.84765625;0
359.2296;2645.55517578125;0
361.7015;2325.4384765625;0
364.1729;2328.24243164063;0
366.6414;2362.31811523438;0
369.1093;2462.63452148437;0
371.5745;2472.00341796875;0
374.0432;2296.24926757813;0
376.507;2348.4033203125;0
378.9702;2092.56762695313;0
381.4348;2013.59375;0
383.8947;1890.69958496094;0
386.3538;1975.47436523438;0
388.8144;2149.71337890625;0
391.2722;2292.04443359375;0
393.7314;2326.38891601563;0
396.1859;2339.47021484375;0
398.6418;2403.17993164063;0
401.0949;2622.61083984375;0
403.5475;2435.27978515625;0
405.9972;2372.4150390625;0
408.4505;2283.71142578125;0
410.899;2546.75439453125;0
413.3468;2539.06713867188;0
415.796;2577.39721679687;0
418.2405;2524.39721679688;0
420.6884;2571.0185546875;0
423.1295;2457.66577148438;0
425.572;2382.85815429687;0
428.0159;2391.38427734375;0
430.455;2493.81225585938;0
432.8956;2372.43237304688;0
435.3335;2381.9521484375;0
437.7707;2080.08618164062;0
440.2093;2160.8408203125;0
442.6432;2116.3212890625;0
445.0764;2187.68310546875;0
447.511;2074.42626953125;0
449.9429;2033.1826171875;0
452.3721;2124.482421875;0
454.8048;2208.60205078125;0
457.2328;2124.9736328125;0
459.66;2118.3671875;0
462.0847;2120.26440429688;0
464.5127;2184.81127929688;0
466.9381;2321.67333984375;0
469.3587;2502.57250976563;0
471.7807;2645.0478515625;0
474.2042;2664.9423828125;0
476.6229;2714.20385742188;0
479.041;2690.21899414063;0
481.4604;2502.95458984375;0
483.8752;2481.279296875;0
486.2934;2463.25244140625;0
488.7068;2619.92749023437;0
491.1197;2451.96508789063;0
493.5339;2346.6552734375;0
495.9435;2144.46655273437;0
498.3544;2021.41186523438;0
500.7667;2110.82006835938;0
503.1723;2181.68603515625;0
505.5793;2220.44360351563;0
507.9856;2116.30078125;0
510.3913;1913.73315429688;0
512.7944;1808.80541992188;0
515.1968;1560.0966796875;0
517.5986;1589.26684570313;0
519.9997;1644.19812011719;0
522.3982;1773.36108398438;0
524.798;1739.65563964844;0
527.1973;1649.59228515625;0
529.5919;1751.48181152344;0
531.9899;1689.17492675781;0
534.3832;1840.93188476563;0
536.7758;1793.75927734375;0
539.1699;2010.01232910156;0
541.5593;1791.38830566406;0
543.9481;1750.44860839844;0
546.3382;1710.93872070313;0
548.7257;1895.81726074219;0
551.1146;1978.49047851563;0
553.4968;2036.81188964844;0
555.8824;2164.34057617188;0
558.2675;2218.82958984375;0
560.6478;2307.76831054688;0
563.0295;2325.6650390625;0
565.4106;2322.41870117188;0
567.7911;2271.47216796875;0
570.169;2177.33276367187;0
572.5462;2051.38452148438;0
574.9229;1952.06848144531;0
577.2968;1695.8173828125;0
579.6721;1704.07214355469;0
582.0449;1619.8720703125;0
584.417;1574.04418945313;0
586.7885;1382.65832519531;0
589.1553;1388.12768554688;0
591.5255;1492.73522949219;0
593.8931;1468.29931640625;0
596.2601;1429.37536621094;0
598.6265;1322.73352050781;0
600.9902;1431.18212890625;0
603.3554;1426.31396484375;0
605.7179;1470.78894042969;0
608.0778;1378.43505859375;0
610.4391;1332.45825195313;0
612.7977;1452.90576171875;0
615.1558;1589.80773925781;0
617.5132;1815.01733398438;0
619.8701;1701.62158203125;0
622.2263;1591.947265625;0
624.5779;1627.77075195313;0
626.9308;1884.203125;0
629.2852;2100.23315429688;0
631.6349;2154.77905273437;0
633.9841;2321.5390625;0
636.3326;2407.84448242187;0
638.6805;2440.19116210938;0
641.0279;2265.46899414063;0
643.3746;2414.84814453125;0
645.7187;2586.49926757812;0
648.0621;2650.19653320313;0
650.405;2300.8271484375;0
652.7453;2272.27270507813;0
655.087;2343.31665039063;0
657.426;2466.96215820313;0
659.7645;2448.21240234375;0
662.1024;2292.47973632813;0
664.4376;2099.08471679687;0
666.7742;1885.62902832031;0
669.1063;1631.88244628906;0
671.4398;1820.75756835938;0
673.7726;1876.54187011719;0
676.1048;2021.88891601563;0
678.4324;2062.5380859375;0
680.7635;1968.61071777344;0
683.0919;2147.27612304687;0
685.4158;1955.77880859375;0
687.743;1955.48315429688;0
690.0696;1777.10107421875;0
692.3937;1953.30126953125;0
694.7151;1906.80322265625;0
697.038;2066.04345703125;0
699.3583;1981.59460449219;0
701.6779;1998.90551757812;0
703.995;2028.74914550781;0
706.3155;1992.90270996094;0
708.6294;2133.82373046875;0
710.9467;2035.92370605469;0
713.2594;2183.4306640625;0
715.5735;1951.67138671875;0
717.887;1837.09411621094;0
720.1979;1882.33557128906;0
722.5083;2180.95263671875;0
724.818;2306.625;0
727.1252;2145.34008789062;0
729.4357;2057.1728515625;0
731.7418;2067.98217773438;0
734.0452;2192.05444335937;0
736.35;2233.82080078125;0
738.6522;2249.81201171875;0
740.9539;2200.07080078125;0
743.2569;2114.81420898438;0
745.5554;2047.38586425781;0
747.8553;1970.84436035156;0
750.1545;1899.69921875;0
752.4513;1957.53259277344;0
754.7474;1717.36730957031;0
757.043;1540.99694824219;0
759.336;1586.53259277344;0
761.6304;1758.96154785156;0
763.9222;1863.17028808594;0
766.2114;1311.28112792969;0
768.5041;1165.26501464844;0
770.7922;934.309692382813;0
773.0777;1237.759765625;0
775.3647;1304.55236816406;0
777.651;1603.42822265625;0
779.9368;1480.47192382813;0
782.22;1546.78430175781;0
784.5026;1450.54138183594;0
786.7847;1709.048828125;0
789.0662;1543.44506835938;0
791.3451;1646.61669921875;0
793.6254;1597.96545410156;0
795.9012;1853.45812988281;0
798.1784;1997.50695800781;0
800.455;2078.46484375;0
802.7291;2076.77661132812;0
805.0026;1777.98889160156;0
807.2755;1907.748046875;0
809.5478;1760.6220703125;0
811.8176;1963.07568359375;0
814.0869;1970.26867675781;0
816.3535;2192.9609375;0
818.6235;2484.74194335938;0
820.8911;2394.97485351563;0
823.156;2494.98950195312;0
825.4204;2227.10131835938;0
827.6823;2299.45532226562;0
829.9474;2156.89379882812;0
832.2082;2197.12744140625;0
834.4683;2203.90283203125;0
836.7279;2162.09643554687;0
838.9869;2114.8203125;0
841.2453;1890.18444824219;0
843.5012;2147.66625976563;0
845.7565;2180.68798828125;0
848.0133;2269.9140625;0
850.2655;2079.12158203125;0
852.5153;1875.30139160156;0
854.7703;1921.14489746094;0
857.0189;1757.3125;0
859.2668;1723.78454589844;0
861.5182;1557.57214355469;0
863.7651;1670.23742675781;0
866.0114;1762.44091796875;0
868.2592;1517.40966796875;0
870.5024;1507.94067382813;0
872.7451;1379.4775390625;0
874.9872;1640.77001953125;0
877.2307;1639.73596191406;0
879.4717;1664.12963867188;0
881.7101;1592.400390625;0
883.95;1451.88537597656;0
886.1854;1476.89074707031;0
888.4202;1461.75390625;0
890.6604;1592.44934082031;0
892.8941;1550.00354003906;0
895.1253;1728.3642578125;0
897.3599;1769.43359375;0
899.59;1698.54895019531;0
901.8195;1502.2744140625;0
904.0504;1520.38330078125;0
906.2789;1763.30310058594;0
908.5087;2047.93627929687;0
910.7341;1996.88586425781;0
912.9589;1799.22241210938;0
915.1851;1694.57019042969;0
917.4088;1792.52014160156;0
919.63;1777.21069335938;0
921.8526;1289.16650390625;0
924.0727;1343.24499511719;0
926.2922;1674.36437988281;0
928.5112;2099.03442382812;0
930.7277;1930.29504394531;0
932.9476;1538.12719726563;0
935.163;1483.41357421875;0
937.3739;1310.82983398438;0
939.5901;1565.74621582031;0
941.8019;1552.3447265625;0
944.0151;1523.15466308594;0
946.2258;1275.07592773438;0
948.4341;1009.06756591797;0
950.6456;1152.66040039063;0
952.8527;1117.25451660156;0
955.0593;1278.63659667969;0
957.2653;986.821350097656;0
959.4689;978.903198242188;0
961.6738;1038.96337890625;0
963.8782;959.311096191406;0
966.0782;975.151977539063;0
968.2815;974.956420898438;0
970.4803;1150.50476074219;0
972.6787;1084.29821777344;0
974.8784;947.400390625;0
977.0757;1088.16052246094;0
979.2704;1078.84973144531;0
981.4667;1177.10583496094;0
983.6603;1141.18420410156;0
985.8535;1386.80651855469;0
988.0461;1619.69848632813;0
990.2363;1544.65576171875;0
992.4297;1830.44714355469;0
994.6169;1910.68823242188;0
996.8035;2293.92358398438;0
998.9933;2379.55419921875;0
1001.179;2377.23950195313;0
1003.364;2326.31079101562;0
1005.55;2055.45751953125;0
1007.732;2177.11938476562;0
1009.916;2136.68383789063;0
1012.096;2328.2666015625;0
1014.275;2023.66491699219;0
1016.459;2020.87646484375;0
1018.636;2000.48876953125;0
1020.813;2339.68798828125;0
1022.991;2539.66870117187;0
1025.165;2622.76416015625;0
1027.34;2476.51928710937;0
1029.515;2371.15209960938;0
1031.687;2153.32055664063;0
1033.859;2263.70874023438;0
1036.03;2178.88012695313;0
1038.199;2194.6123046875;0
1040.369;2074.4580078125;0
1042.536;2151.42114257813;0
1044.704;2099.72436523438;0
1046.87;2093.15356445313;0
1049.034;1869.14733886719;0
1051.198;1668.71142578125;0
1053.363;1547.10205078125;0
1055.526;1654.86120605469;0
1057.686;1793.25769042969;0
1059.845;1871.03137207031;0
1062.005;1661.84899902344;0
1064.165;1632.48815917969;0
1066.323;1523.72106933594;0
1068.477;1532.75793457031;0
1070.634;1535.82800292969;0
1072.788;1256.04211425781;0
1074.942;1205.6015625;0
1077.096;1196.16442871094;0
1079.247;1535.53137207031;0
1081.397;1763.1943359375;0
1083.547;1875.462890625;0
1085.695;1732.11486816406;0
1087.844;1626.57470703125;0
1089.992;1574.29870605469;0
1092.138;1545.05859375;0
1094.284;1559.00500488281;0
1096.425;1533.44921875;0
1098.571;1561.93542480469;0
1100.711;1525.51867675781;0
1102.851;1515.85791015625;0
1104.994;1677.9755859375;0
1107.132;1756.51257324219;0
1109.271;1828.78247070312;0
1111.408;1918.37878417969;0
1113.543;2003.85290527344;0
1115.682;2154.8876953125;0
1117.816;1985.73327636719;0
1119.947;2055.58056640625;0
1122.08;1908.39868164062;0
1124.213;2125.732421875;0
1126.343;2013.88220214844;0
1128.474;2040.07238769531;0
1130.602;1725.86828613281;0
1132.728;1790.53576660156;0
1134.856;1713.11157226563;0
1136.982;1681.52038574219;0
1139.109;1704.31591796875;0
1141.234;1766.50158691406;0
1143.356;1879.76928710938;0
1145.479;1787.08837890625;0
1147.599;1759.63415527344;0
1149.719;1799.97216796875;0
1151.839;1876.166015625;0
1153.957;1817.99377441406;0
1156.076;1642.11828613281;0
1158.191;1239.65368652344;0
1160.305;1266.43371582031;0
1162.423;1290.142578125;0
1164.536;1556.97900390625;0
1166.647;1359.64331054688;0
1168.761;1503.73815917969;0
1170.871;1455.65856933594;0
1172.983;1507.22106933594;0
1175.092;1631.57861328125;0
1177.2;1769.49157714844;0
1179.306;1883.52416992187;0
1181.413;1909.96887207031;0
1183.518;1922.30444335938;0
1185.623;1866.45568847656;0
1187.725;1680.30944824219;0
1189.826;1624.97473144531;0
1191.929;1797.77087402344;0
1194.032;1913.04614257813;0
1196.13;1683.01477050781;0
1198.23;1600.4521484375;0
1200.327;1584.95458984375;0
1202.423;1830.78601074219;0
1204.52;1894.86999511719;0
1206.613;1547.1689453125;0
1208.71;1583.43994140625;0
1210.801;1598.95837402344;0
1212.892;1985.96142578125;0
1214.987;1864.80224609375;0
1217.075;1889.45776367188;0
1219.166;1695.85144042969;0
1221.256;1858.02978515625;0
1223.342;1721.40319824219;0
1225.43;1812.02978515625;0
1227.515;1641.86657714844;0
1229.597;1699.80554199219;0
1231.685;1802.09265136719;0
1233.767;1798.63598632812;0
1235.85;1809.71374511719;0
1237.931;1735.06701660156;0
1240.009;1741.18176269531;0
1242.09;1505.69384765625;0
1244.168;1425.42407226563;0
1246.245;1427.9638671875;0
1248.321;1601.20861816406;0
1250.397;1583.9794921875;0
1252.472;1688.16528320313;0
1254.547;1547.5341796875;0
1256.618;1412.6044921875;0
1258.69;1234.41918945313;0
1260.761;1265.06323242188;0
1262.83;1390.71179199219;0
1264.901;1422.24157714844;0
1266.969;1518.97985839844;0
1269.035;1371.36486816406;0
1271.102;1547.87670898438;0
1273.167;1418.91870117188;0
1275.233;1555.16003417969;0
1277.295;1393.70947265625;0
1279.359;1504.681640625;0
1281.42;1237.18493652344;0
1283.482;1281.48364257813;0
1285.542;1129.22265625;0
1287.6;1399.7705078125;0
1289.659;1172.07177734375;0
1291.714;1277.60595703125;0
1293.774;1415.02722167969;0
1295.828;1517.21081542969;0
1297.881;1497.18591308594;0
1299.936;1375.41223144531;0
1301.987;1481.5361328125;0
1304.041;1644.1044921875;0
1306.09;1595.10327148438;0
1308.139;1484.86791992188;0
1310.19;1383.62280273438;0
1312.238;1555.55712890625;0
1314.286;1571.91809082031;0
1316.331;1640.94128417969;0
1318.376;1759.29345703125;0
1320.422;1702.64147949219;0
1322.466;1630.07434082031;0
1324.508;1559.12536621094;0
1326.549;1729.07629394531;0
1328.59;1740.70520019531;0
1330.632;1577.16772460937;0
1332.67;1636.17980957031;0
1334.707;1771.94934082031;0
1336.746;1943.83874511719;0
1338.78;1885.84851074219;0
1340.816;1666.86694335937;0
1342.852;1147.62585449219;0
1344.885;1051.28234863281;0
1346.916;969.225036621094;0
1348.948;1357.9072265625;0
1350.979;1356.72705078125;0
1353.011;1373.19995117188;0
1355.04;1337.81298828125;0
1357.066;1324.89428710938;0
1359.094;1452.32641601563;0
1361.121;1372.6650390625;0
1363.145;1488.12097167969;0
1365.171;1262.35607910156;0
1367.192;1185.07153320313;0
1369.216;971.295349121094;0
1371.239;1130.62658691406;0
1373.258;1180.16589355469;0
1375.28;1184.13879394531;0
1377.298;989.983093261719;0
1379.316;860.698059082031;0
1381.335;838.709655761719;0
1383.35;948.497375488281;0
1385.366;1067.20397949219;0
1387.38;988.207824707031;0
1389.394;900.287109375;0
1391.409;1047.02905273438;0
1393.42;910.168640136719;0
1395.43;1011.30432128906;0
1397.44;814.173156738281;0
1399.451;1031.47534179688;0
1401.458;931.180053710938;0
1403.466;723.692626953125;0
1405.472;722.793151855469;0
1407.478;787.460083007813;0
1409.483;985.944213867188;0
1411.486;1022.27630615234;0
1413.49;1128.07702636719;0
1415.492;1166.76989746094;0
1417.492;1163.62939453125;0
1419.495;1038.43908691406;0
1421.494;1045.54345703125;0
1423.492;1160.57482910156;0
1425.49;1251.77160644531;0
1427.487;1290.46704101563;0
1429.482;1319.43896484375;0
1431.477;1412.12109375;0
1433.471;1426.59057617188;0
1435.466;1411.27075195313;0
1437.456;1369.16198730469;0
1439.447;1362.04296875;0
1441.441;1398.14233398438;0
1443.427;1460.66967773438;0
1445.417;1549.61462402344;0
1447.406;1590.31298828125;0
1449.392;1577.65600585937;0
1451.381;1488.43212890625;0
1453.365;1412.08581542969;0
1455.348;1254.72692871094;0
1457.333;1248.46398925781;0
1459.314;1185.189453125;0
1461.296;1235.45556640625;0
1463.276;1063.37341308594;0
1465.256;906.161926269531;0
1467.237;957.116027832031;0
1469.215;1123.7978515625;0
1471.19;1263.66955566406;0
1473.167;1214.61474609375;0
1475.145;1208.18359375;0
1477.118;1175.26159667969;0
1479.092;1145.84851074219;0
1481.065;1091.16577148438;0
1483.038;1033.21472167969;0
1485.008;995.9970703125;0
1486.979;1056.84619140625;0
1488.949;1073.97399902344;0
1490.917;1055.39074707031;0
1492.883;998.426635742188;0
1494.852;874.192749023438;0
1496.817;874.136413574219;0
1498.782;858.899658203125;0
1500.748;983.821350097656;0
1502.708;946.409484863281;0
1504.673;861.182739257813;0
1506.634;759.811950683594;0
1508.594;627.673706054688;0
1510.554;675.409973144531;0
1512.512;763.857177734375;0
1514.471;964.056396484375;0
1516.428;868.307312011719;0
1518.384;890.305297851563;0
1520.34;668.4228515625;0
1522.294;706.440002441406;0
1524.249;530.0234375;0
1526.202;721.669738769531;0
1528.153;690.774719238281;0
1530.103;852.893310546875;0
1532.054;663.908996582031;0
1534.004;744.038024902344;0
1535.951;793.168640136719;0
1537.899;930.525390625;0
1539.847;928.219360351563;0
1541.793;692.0283203125;0
1543.738;601.507873535156;0
1545.681;548.221313476563;0
1547.625;545.437683105469;0
1549.566;453.843963623047;0
1551.509;358.328979492188;0
1553.45;451.329650878906;0
1555.389;586.437866210938;0
1557.33;474.063812255859;0
1559.266;507.109619140625;0
1561.204;539.895446777344;0
1563.141;695.640380859375;0
1565.074;570.342163085938;0
1567.009;535.54296875;0
1568.943;616.57470703125;0
1570.877;714.767028808594;0
1572.808;629.564453125;0
1574.741;542.740112304688;0
1576.67;460.294036865234;0
1578.6;525.225524902344;0
1580.528;557.994018554688;0
1582.455;577.791015625;0
1584.382;530.555053710938;0
1586.307;446.93017578125;0
1588.234;530.138549804688;0
1590.157;585.513610839844;0
1592.081;639.8330078125;0
1594.002;539.319091796875;0
1595.927;414.305114746094;0
1597.845;357.567199707031;0
1599.767;357.325408935547;0
1601.685;275.248168945313;0
1603.602;294.335571289063;0
1605.523;213.476440429688;0
1607.438;403.050262451172;0
1609.354;484.901489257813;0
1611.269;602.138916015625;0
1613.181;386.094818115234;0
1615.096;294.656951904297;0
1617.008;176.490600585938;0
1618.92;399.610076904297;0
1620.83;517.197387695313;0
1622.74;664.056640625;0
1624.649;601.070983886719;0
1626.557;399.694213867188;0
1628.464;360.376892089844;0
1630.37;422.937561035156;0
1632.275;547.517761230469;0
1634.18;543.274963378906;0
1636.085;483.873260498047;0
1637.988;496.25439453125;0
1639.888;467.421600341797;0
1641.791;480.658569335938;0
1643.691;496.761779785156;0
1645.588;503.925354003906;0
1647.489;608.262512207031;0
1649.387;612.214477539063;0
1651.284;686.892028808594;0
1653.18;575.408447265625;0
1655.075;615.543579101563;0
1656.972;651.077209472656;0
1658.864;790.114074707031;0
1660.754;759.541564941406;0
1662.65;702.581787109375;0
1664.539;644.790405273438;0
1666.428;648.286010742188;0
1668.32;577.253173828125;0
1670.207;577.722045898438;0
1672.096;495.346069335938;0
1673.982;602.694030761719;0
1675.867;662.543701171875;0
1677.754;762.783935546875;0
1679.638;756.528381347656;0
1681.52;684.778503417969;0
1683.403;581.871276855469;0
1685.285;361.806671142578;0
1687.166;251.473587036133;0
1689.048;281.097991943359;0
1690.924;437.888946533203;0
1692.804;553.956176757813;0
1694.682;574.973022460938;0
1696.558;589.606262207031;0
1698.435;541.855895996094;0
1700.308;447.166259765625;0
1702.184;333.537445068359;0
1704.057;340.636108398438;0
1705.929;283.239990234375;0
1707.801;327.238006591797;0
1709.674;281.185729980469;0
1711.542;402.860900878906;0
1713.412;457.372772216797;0
1715.28;382.165832519531;0
1717.145;354.684478759766;0
1719.015;312.660339355469;0
1720.88;301.133972167969;0
1722.746;170.993911743164;0
1724.61;151.123901367188;0
1726.471;264.154174804688;0
1728.334;404.897369384766;0
1730.197;329.5634765625;0
1732.057;268.188568115234;0
1733.919;170.637481689453;0
1735.777;215.799270629883;0
1737.634;217.266189575195;0
1739.493;375.301544189453;0
1741.349;388.779113769531;0
1743.205;309.226043701172;0
1745.061;247.262680053711;0
1746.915;265.350189208984;0
1748.77;430.967956542969;0
1750.621;382.059265136719;0
1752.473;348.945037841797;0
1754.323;293.0478515625;0
1756.173;298.840209960938;0
1758.022;352.208953857422;0
1759.87;346.263092041016;0
1761.718;270.778350830078;0
1763.566;276.752624511719;0
1765.411;256.183868408203;0
1767.256;254.736679077148;0
1769.101;321.631896972656;0
1770.945;326.202880859375;0
1772.787;485.227416992188;0
1774.629;359.709350585938;0
1776.469;390.539306640625;0
1778.309;316.828460693359;0
1780.15;353.911010742188;0
1781.987;334.675811767578;0
1783.826;181.90071105957;0
1785.662;246.212783813477;0
1787.498;278.550506591797;0
1789.334;376.057922363281;0
1791.169;387.251068115234;0
1793.002;390.90771484375;0
1794.834;489.694488525391;0
1796.667;531.389221191406;0
1798.498;585.4326171875;0
1800.328;672.726623535156;0
1802.157;556.925903320313;0
1803.986;572.5791015625;0
1805.813;499.352966308594;0
1807.639;623.358581542969;0
1809.467;669.373779296875;0
1811.292;755.620727539063;0
1813.117;800.98828125;0
1814.94;815.143188476563;0
1816.763;836.974304199219;0
1818.585;757.592712402344;0
1820.407;596.553955078125;0
1822.227;532.524780273438;0
1824.048;518.39404296875;0
1825.865;553.773620605469;0
1827.683;404.052307128906;0
1829.501;379.234191894531;0
1831.317;370.874725341797;0
1833.135;445.529541015625;0
1834.948;229.566772460938;0
1836.761;211.515670776367;0
1838.577;275.265716552734;0
1840.388;488.483581542969;0
1842.198;539.38916015625;0
1844.009;494.867492675781;0
1845.819;461.326416015625;0
1847.629;405.278900146484;0
1849.436;304.92529296875;0
1851.244;193.376724243164;0
1853.052;201.188720703125;0
1854.858;215.231597900391;0
1856.661;226.861999511719;0
1858.466;254.297378540039;0
1860.269;229.427474975586;0
1862.073;358.252288818359;0
1863.875;285.549560546875;0
1865.673;342.985992431641;0
1867.476;269.672668457031;0
1869.275;258.609619140625;0
1871.072;343.019073486328;0
1872.872;397.45654296875;0
1874.667;331.699829101563;0
1876.464;258.193389892578;0
1878.26;210.048294067383;0
1880.053;272.709045410156;0
1881.849;231.171752929688;0
1883.64;284.545745849609;0
1885.431;320.164398193359;0
1887.226;411.137878417969;0
1889.014;276.688446044922;0
1890.803;304.260528564453;0
1892.594;263.893676757813;0
1894.38;399.536651611328;0
1896.167;443.490509033203;0
1897.955;447.46142578125;0
1899.74;441.782775878906;0
1901.526;362.568572998047;0
1903.309;348.820190429688;0
1905.091;316.31689453125;0
1906.876;348.392028808594;0
1908.658;241.601150512695;0
1910.438;265.944244384766;0
1912.217;221.643569946289;0
1913.996;249.477615356445;0
1915.775;260.335296630859;0
1917.553;275.662567138672;0
1919.33;346.016296386719;0
1921.106;295.507995605469;0
1922.881;235.805862426758;0
1924.655;207.909927368164;0
1926.431;145.486831665039;0
1928.202;134.425476074219;0
1929.974;33.6147613525391;0
1931.746;160.076507568359;0
1933.516;189.788131713867;0
1935.286;279.749633789063;0
1937.055;257.849884033203;0
1938.823;312.428070068359;0
1940.592;336.040649414063;0
1942.356;310.012420654297;0
1944.122;327.787231445313;0
1945.888;335.587341308594;0
1947.651;336.081237792969;0
1949.416;193.491516113281;0
1951.178;155.597930908203;0
1952.939;121.28670501709;0
1954.699;216.777359008789;0
1956.459;268.069885253906;0
1958.219;306.721374511719;0
1959.979;387.621398925781;0
1961.735;408.547760009766;0
1963.491;454.499542236328;0
1965.249;414.920349121094;0
1967.003;465.256378173828;0
1968.761;437.62109375;0
1970.512;437.796936035156;0
1972.265;420.561676025391;0
1974.018;456.359771728516;0
1975.769;493.746765136719;0
1977.522;488.278198242188;0
1979.271;443.065216064453;0
1981.018;395.663391113281;0
1982.766;248.183776855469;0
1984.516;219.737503051758;0
1986.261;155.435699462891;0
1988.009;233.389465332031;0
1989.754;253.821029663086;0
1991.498;297.397064208984;0
1993.241;330.453887939453;0
1994.984;312.128143310547;0
1996.727;153.846496582031;0
1998.468;88.7254104614258;0
2000.206;96.3197479248047;0
2001.946;259.185089111328;0
2003.686;291.321411132813;0
2005.424;257.8369140625;0
2007.161;296.841339111328;0
2008.898;348.999847412109;0
2010.634;380.205383300781;0
2012.369;333.235656738281;0
2014.103;269.090728759766;0
2015.836;271.881652832031;0
2017.57;262.829986572266;0
2019.299;259.384307861328;0
2021.032;210.880508422852;0
2022.762;192.650619506836;0
2024.491;181.583129882813;0
2026.221;201.898696899414;0
2027.947;226.375106811523;0
2029.676;205.01237487793;0
2031.403;260.588256835938;0
2033.128;234.10107421875;0
2034.852;341.361602783203;0
2036.577;328.892395019531;0
2038.299;434.693481445313;0
2040.022;416.431518554688;0
2041.744;264.100860595703;0
2043.465;207.81169128418;0
2045.184;155.564010620117;0
2046.903;271.915985107422;0
2048.621;234.983627319336;0
2050.339;237.653915405273;0
2052.057;242.926544189453;0
2053.774;246.688385009766;0
2055.488;188.717224121094;0
2057.203;233.678894042969;0
2058.917;263.462280273438;0
2060.631;351.843627929688;0
2062.344;322.377563476563;0
2064.053;309.952911376953;0
2065.765;252.125305175781;0
2067.476;223.116912841797;0
2069.185;235.037139892578;0
2070.892;264.328552246094;0
2072.6;309.663940429688;0
2074.308;301.713287353516;0
2076.014;328.367126464844;0
2077.72;312.180999755859;0
2079.425;321.488220214844;0
2081.13;326.401092529297;0
2082.833;335.697326660156;0
2084.532;362.154754638672;0
2086.236;341.440032958984;0
2087.936;265.335205078125;0
2089.635;246.840774536133;0
2091.335;208.290054321289;0
2093.034;194.905242919922;0
2094.731;102.016693115234;0
2096.427;152.322067260742;0
2098.124;254.160171508789;0
2099.82;410.149810791016;0
2101.515;453.179840087891;0
2103.207;434.258728027344;0
2104.902;421.489135742188;0
2106.594;397.871063232422;0
2108.286;459.293395996094;0
2109.976;456.203552246094;0
2111.667;474.26416015625;0
2113.355;467.80859375;0
2115.044;473.5712890625;0
2116.732;472.151123046875;0
2118.42;444.117736816406;0
2120.105;455.211883544922;0
2121.79;501.651702880859;0
2123.476;556.932556152344;0
2125.16;570.358459472656;0
2126.844;542.707275390625;0
2128.524;558.867919921875;0
2130.207;534.618103027344;0
2131.888;549.068969726563;0
2133.567;520.892822265625;0
2135.247;542.645202636719;0
2136.927;583.659423828125;0
2138.603;606.927001953125;0
2140.281;584.556457519531;0
2141.957;546.007385253906;0
2143.633;485.949798583984;0
2145.308;508.719787597656;0
2146.981;520.872131347656;0
2148.654;586.846435546875;0
2150.328;550.866271972656;0
2152;537.710510253906;0
2153.669;505.797332763672;0
2155.34;517.043640136719;0
2157.01;549.71044921875;0
2158.677;570.65087890625;0
2160.347;597.976013183594;0
2162.013;563.3525390625;0
2163.681;621.335998535156;0
2165.347;653.993286132813;0
2167.011;653.144470214844;0
2168.674;599.655029296875;0
2170.337;602.216430664063;0
2172.002;587.819458007813;0
2173.662;616.689208984375;0
2175.324;547.82421875;0
2176.985;528.557678222656;0
2178.645;479.445220947266;0
2180.304;513.263488769531;0
2181.961;602.012390136719;0
2183.618;642.358703613281;0
2185.275;558.306396484375;0
2186.932;535.295532226563;0
2188.586;530.214599609375;0
2190.242;674.211486816406;0
2191.896;570.438537597656;0
2193.547;547.960144042969;0
2195.2;542.132263183594;0
2196.851;651.522705078125;0
2198.502;619.509033203125;0
2200.153;499.757934570313;0
2201.799;533.260925292969;0
2203.447;534.915344238281;0
2205.097;597.165649414063;0
2206.742;566.171264648438;0
2208.391;573.887512207031;0
2210.035;616.875671386719;0
2211.679;566.135864257813;0
2213.324;580.608703613281;0
2214.966;551.992858886719;0
2216.608;529.803466796875;0
2218.252;533.571411132813;0
2219.89;505.074584960938;0
2221.531;622.373168945313;0
2223.172;696.163024902344;0
2224.809;714.888610839844;0
2226.449;672.549926757813;0
2228.086;686.591430664063;0
2229.72;732.914245605469;0
2231.358;767.628112792969;0
2232.992;654.844177246094;0
2234.625;528.673583984375;0
2236.26;517.387512207031;0
2237.893;647.503662109375;0
2239.524;799.010559082031;0
2241.156;659.848388671875;0
2242.785;663.210327148438;0
2244.416;643.403015136719;0
2246.044;753.870910644531;0
2247.672;678.834838867188;0
2249.301;612.741455078125;0
2250.926;700.951293945313;0
2252.554;626.326232910156;0
2254.177;752.717407226563;0
2255.803;696.161437988281;0
2257.427;817.214904785156;0
2259.051;802.878784179688;0
2260.671;656.598510742188;0
2262.294;606.529418945313;0
2263.914;493.2958984375;0
2265.533;670.224670410156;0
2267.153;678.431640625;0
2268.773;754.181762695313;0
2270.392;638.985778808594;0
2272.006;670.06591796875;0
2273.624;646.136840820313;0
2275.239;812.153503417969;0
2276.854;848.783386230469;0
2278.468;899.472045898438;0
2280.084;898.219482421875;0
2281.695;849.576293945313;0
2283.305;870.7685546875;0
2284.919;647.462890625;0
2286.527;631.289245605469;0
2288.14;580.652893066406;0
2289.748;734.381713867188;0
2291.354;714.076782226563;0
2292.964;684.516174316406;0
2294.569;739.588684082031;0
2296.174;814.624877929688;0
2297.782;844.735778808594;0
2299.386;800.921447753906;0
2300.99;618.54150390625;0
2302.594;703.854675292969;0
2304.195;739.791564941406;0
2305.798;857.901916503906;0
2307.399;692.073852539063;0
2308.998;596.07666015625;0
2310.598;502.958709716797;0
2312.197;612.619873046875;0
2313.795;700.783813476563;0
2315.392;929.226745605469;0
2316.988;1031.39318847656;0
2318.585;1049.17199707031;0
2320.18;976.785339355469;0
2321.774;897.344360351563;0
2323.368;897.960205078125;0
2324.961;923.176208496094;0
2326.553;747.878540039063;0
2328.145;772.622802734375;0
2329.735;713.771484375;0
2331.324;922.319885253906;0
2332.916;820.237976074219;0
2334.503;701.939880371094;0
2336.092;588.385986328125;0
2337.677;613.059326171875;0
2339.263;779.852905273438;0
2340.85;831.394775390625;0
2342.434;915.744323730469;0
2344.018;893.515930175781;0
2345.602;874.568420410156;0
2347.185;803.532958984375;0
2348.768;762.741882324219;0
2350.347;808.416442871094;0
2351.928;842.333435058594;0
2353.51;954.047485351563;0
2355.087;890.000366210938;0
2356.665;846.300720214844;0
2358.243;569.94384765625;0
2359.819;497.751586914063;0
2361.396;473.600494384766;0
2362.972;546.307861328125;0
2364.547;599.467834472656;0
2366.121;500.415344238281;0
2367.694;623.546752929688;0
2369.267;678.907165527344;0
2370.839;591.051208496094;0
2372.411;460.463989257813;0
2373.982;466.890716552734;0
2375.55;716.669677734375;0
2377.118;594.241516113281;0
2378.687;583.349914550781;0
2380.254;562.246948242188;0
2381.821;857.716491699219;0
2383.387;910.646911621094;0
2384.954;957.914916992188;0
2386.516;933.964538574219;0
2388.082;990.020629882813;0
2389.644;891.642761230469;0
2391.209;805.387817382813;0
2392.769;622.1044921875;0
2394.33;838.030029296875;0
2395.892;924.117736816406;0
2397.449;913.551513671875;0
2399.008;725.999267578125;0
2400.568;740.0185546875;0
2402.125;673.05078125;0
2403.68;733.4130859375;0
2405.238;720.678588867188;0
2406.792;961.292053222656;0
2408.349;1063.92175292969;0
2409.902;1064.12329101563;0
2411.455;1032.45300292969;0
2413.007;1055.69396972656;0
2414.558;1137.91625976563;0
2416.11;1126.89392089844;0
2417.66;1059.564453125;0
2419.21;959.928955078125;0
2420.758;944.766540527344;0
2422.307;856.826843261719;0
2423.855;790.315551757813;0
2425.402;739.737243652344;0
2426.947;713.225769042969;0
2428.492;750.897705078125;0
2430.038;724.824890136719;0
2431.58;716.473876953125;0
2433.124;845.427856445313;0
2434.667;718.978332519531;0
2436.208;660.953063964844;0
2437.75;702.160278320313;0
2439.291;888.969116210938;0
2440.83;961.936401367188;0
2442.369;977.618835449219;0
2443.906;1023.5732421875;0
2445.444;1107.24133300781;0
2446.981;970.745178222656;0
2448.517;928.639526367188;0
2450.053;847.919372558594;0
2451.587;700.568786621094;0
2453.12;942.458374023438;0
2454.655;1061.8349609375;0
2456.187;1301.70690917969;0
2457.718;1227.40563964844;0
2459.25;1166.49401855469;0
2460.781;946.195068359375;0
2462.31;772.289123535156;0
2463.84;839.288818359375;0
2465.368;963.007019042969;0
2466.896;943.546691894531;0
2468.423;802.685546875;0
2469.949;899.6123046875;0
2471.474;1048.78198242188;0
2472.998;1168.05065917969;0
2474.522;1025.65100097656;0
2476.045;1052.73120117188;0
2477.568;1120.95825195313;0
2479.09;1232.99609375;0
2480.612;1248.84362792969;0
2482.132;1007.49945068359;0
2483.653;919.112060546875;0
2485.171;786.084350585938;0
2486.689;1193.15612792969;0
2488.208;1351.47680664063;0
2489.725;1460.37854003906;0
2491.242;1351.74890136719;0
2492.757;1373.47692871094;0
2494.271;1344.01062011719;0
2495.785;1369.79235839844;0
2497.3;1389.59997558594;0
2498.812;1541.54443359375;0
2500.325;1408.62573242188;0
2501.837;1236.95422363281;0
2503.345;783.41357421875;0
2504.856;680.044738769531;0
2506.366;776.740295410156;0
2507.875;940.229553222656;0
2509.382;1041.17785644531;0
2510.889;958.250610351563;0
2512.397;750.888427734375;0
2513.901;494.737548828125;0
2515.406;451.807525634766;0
2516.911;724.322265625;0
2518.415;815.266418457031;0
2519.918;790.223022460938;0
2521.421;687.194946289063;0
2522.922;541.192932128906;0
2524.423;506.864715576172;0
2525.924;437.872650146484;0
2527.422;473.548858642578;0
2528.923;358.003204345703;0
2530.419;573.456665039063;0
2531.916;590.241333007813;0
2533.415;859.578247070313;0
2534.909;565.247863769531;0
2536.404;512.018737792969;0
2537.899;68.5994110107422;0
2539.394;293.959320068359;0
2540.887;445.983184814453;0
2542.38;858.900634765625;0
2543.871;588.748413085938;0
2545.363;530.27001953125;0
2546.852;417.583831787109;0
2548.345;167.130569458008;0
2549.833;59.2804412841797;0
2551.321;-76.9353561401367;0
2552.811;499.482299804688;0
2554.296;601.811889648438;0
2555.78;768.947937011719;0
2557.267;588.222595214844;0
2558.752;563.100341796875;0
2560.237;200.266311645508;0
2561.721;213.138565063477;0
2563.203;248.971893310547;0
2564.687;573.640808105469;0
2566.168;492.857727050781;0
2567.648;602.846374511719;0
2569.129;503.163879394531;0
2570.607;528.253967285156;0
2572.086;582.116882324219;0
2573.565;732.970458984375;0
2575.041;880.705139160156;0
2576.518;808.766845703125;0
2577.994;934.823852539063;0
2579.469;1095.68334960938;0
2580.945;1329.18286132813;0
2582.418;1188.07165527344;0
2583.892;1235.45349121094;0
2585.365;1148.10754394531;0
2586.835;1239.45361328125;0
2588.307;1127.09326171875;0
2589.778;1114.85461425781;0
2591.248;1111.72668457031;0
2592.717;1127.486328125;0
2594.186;978.135009765625;0
2595.652;1085.00756835938;0
2597.121;863.772216796875;0
2598.585;1010.43060302734;0
2600.052;1035.76098632813;0
2601.518;1136.76391601563;0
2602.982;1157.44104003906;0
2604.446;1077.79504394531;0
2605.907;1257.15576171875;0
2607.371;1171.19104003906;0
2608.83;1335.56127929688;0
2610.293;1338.60070800781;0
2611.752;1439.20043945313;0
2613.213;1518.47497558594;0
2614.672;1524.86938476563;0
2616.13;1705.6064453125;0
2617.587;1551.57568359375;0
2619.043;1689.88879394531;0
2620.501;1417.54711914063;0
2621.957;1434.55041503906;0
2623.409;1284.67700195313;0
2624.864;1464.11096191406;0
2626.318;1385.115234375;0
2627.771;1441.36340332031;0
2629.222;1382.30456542969;0
2630.673;1478.85986328125;0
2632.124;1544.27136230469;0
2633.575;1621.24719238281;0
2635.023;1477.50500488281;0
2636.473;1324.38830566406;0
2637.922;1250.58361816406;0
2639.368;1442.19653320313;0
2640.816;1474.72387695313;0
2642.261;1509.38635253906;0
2643.705;1104.9609375;0
2645.151;1029.04858398438;0
2646.596;955.354675292969;0
2648.037;1169.04064941406;0
2649.48;992.171813964844;0
2650.923;799.724060058594;0
2652.364;791.096435546875;0
2653.804;904.068237304688;0
2655.243;964.419738769531;0
2656.683;988.373840332031;0
2658.121;1027.822265625;0
2659.559;899.547180175781;0
2660.997;836.436279296875;0
2662.433;814.600463867188;0
2663.868;1065.15368652344;0
2665.305;1015.95538330078;0
2666.737;1068.40185546875;0
2668.173;1149.41174316406;0
2669.606;1192.88977050781;0
2671.038;1136.72302246094;0
2672.47;887.607971191406;0
2673.901;704.942687988281;0
2675.331;767.899353027344;0
2676.761;811.599792480469;0
2678.189;861.822937011719;0
2679.619;521.01171875;0
2681.045;325.497863769531;0
2682.473;435.043548583984;0
2683.9;664.856262207031;0
2685.324;711.033508300781;0
2686.749;647.627502441406;0
2688.176;494.721496582031;0
2689.599;439.655456542969;0
2691.021;442.909973144531;0
2692.444;596.57666015625;0
2693.865;679.546264648438;0
2695.287;455.933502197266;0
2696.707;362.307189941406;0
2698.125;270.111175537109;0
2699.545;524.236206054688;0
2700.963;528.015014648438;0
2702.381;646.893188476563;0
2703.798;749.314575195313;0
2705.214;765.615051269531;0
2706.629;815.68408203125;0
2708.046;735.072021484375;0
2709.458;800.670593261719;0
2710.872;869.244750976563;0
2712.285;888.364196777344;0
2713.699;783.337585449219;0
2715.111;614.074279785156;0
2716.52;621.7724609375;0
2717.93;583.674560546875;0
2719.342;526.612915039063;0
2720.749;478.243133544922;0
2722.159;595.290893554688;0
2723.565;806.298278808594;0
2724.971;778.932373046875;0
2726.38;742.084777832031;0
2727.785;708.524719238281;0
2729.19;900.584350585938;0
2730.594;966.165466308594;0
2731.997;1103.37939453125;0
2733.401;1002.44665527344;0
2734.803;953.59326171875;0
2736.204;897.376037597656;0
2737.606;1110.23828125;0
2739.005;1342.84814453125;0
2740.405;1353.986328125;0
2741.806;1425.98645019531;0
2743.202;1527.18212890625;0
2744.602;1654.12890625;0
2745.998;1454.71459960938;0
2747.395;1368.26928710938;0
2748.79;1250.57006835938;0
2750.185;1365.16552734375;0
2751.58;1302.05578613281;0
2752.975;1398.123046875;0
2754.366;1384.8125;0
2755.759;1462.33764648438;0
2757.151;1510.58801269531;0
2758.542;1555.23010253906;0
2759.933;1750.70910644531;0
2761.322;1803.802734375;0
2762.71;1827.40026855469;0
2764.1;1644.50207519531;0
2765.486;1627.12255859375;0
2766.875;1624.60852050781;0
2768.26;1683.97607421875;0
2769.646;1573.61840820313;0
2771.031;1567.89611816406;0
2772.418;1465.91333007813;0
2773.799;1539.18811035156;0
2775.184;1654.73876953125;0
2776.565;1749.89868164063;0
2777.946;1846.99731445313;0
2779.328;1849.4658203125;0
2780.708;1788.30432128906;0
2782.09;1823.28845214844;0
2783.469;1855.751953125;0
2784.847;2018.24890136719;0
2786.226;2065.22412109375;0
2787.603;2090.11840820313;0
2788.978;2062.04272460938;0
2790.355;2064.55786132813;0
2791.731;1913.88256835937;0
2793.104;1992.02966308594;0
2794.479;1786.47802734375;0
2795.853;1639.62353515625;0
2797.225;1586.59582519531;0
2798.596;1665.28833007813;0
2799.967;1684.56555175781;0
2801.341;1412.94274902344;0
2802.71;1179.50170898438;0
2804.077;920.020080566406;0
2805.447;842.409362792969;0
2806.815;649.226318359375;0
2808.183;682.469543457031;0
2809.551;657.818115234375;0
2810.915;839.609741210938;0
2812.282;861.736083984375;0
2813.646;790.976501464844;0
2815.011;700.766418457031;0
2816.375;691.913452148438;0
2817.736;719.248779296875;0
2819.099;769.031982421875;0
2820.462;415.703674316406;0
2821.821;393.373352050781;0
2823.182;294.689178466797;0
2824.542;652.2060546875;0
2825.901;856.399841308594;0
2827.261;971.518432617188;0
2828.617;923.510437011719;0
2829.974;759.94482421875;0
2831.33;648.178527832031;0
2832.686;362.084350585938;0
2834.043;370.330902099609;0
2835.395;389.806030273438;0
2836.75;737.848327636719;0
2838.104;746.79248046875;0
2839.456;699.861877441406;0
2840.807;833.057739257813;0
2842.16;861.159118652344;0
2843.509;1024.16723632813;0
2844.858;907.52490234375;0
2846.209;846.674011230469;0
2847.556;623.605041503906;0
2848.906;644.4423828125;0
2850.253;871.182189941406;0
2851.6;928.934997558594;0
2852.946;923.91796875;0
2854.29;631.130798339844;0
2855.635;631.683410644531;0
2856.98;433.774993896484;0
2858.323;471.880218505859;0
2859.665;418.009735107422;0
2861.008;468.155609130859;0
2862.349;556.025695800781;0
2863.691;655.578186035156;0
2865.031;633.5595703125;0
2866.37;717.668579101563;0
2867.709;445.799530029297;0
2869.048;408.826202392578;0
2870.385;467.093902587891;0
2871.722;849.856079101563;0
2873.059;1082.63415527344;0
2874.394;1082.92626953125;0
2875.73;1109.12036132813;0
2877.064;1099.67712402344;0
2878.398;959.392883300781;0
2879.731;1060.51953125;0
2881.063;1140.24328613281;0
2882.395;1288.16162109375;0
2883.727;1214.53771972656;0
2885.059;1272.25439453125;0
2886.387;1483.98937988281;0
2887.717;1629.52209472656;0
2889.046;1689.0732421875;0
2890.374;1627.19702148438;0
2891.699;1549.26525878906;0
2893.028;1468.09155273438;0
2894.354;1431.1787109375;0
2895.679;1361.7548828125;0
2897.004;1563.71044921875;0
2898.328;1498.90112304688;0
2899.653;1677.12133789063;0
2900.976;1534.03625488281;0
2902.297;1543.99743652344;0
2903.619;1471.78308105469;0
2904.941;1514.02807617188;0
2906.26;1326.70642089844;0
2907.58;1333.09057617188;0
2908.898;1153.16784667969;0
2910.217;1253.357421875;0
2911.536;1108.78503417969;0
2912.852;1301.89172363281;0
2914.171;1482.78881835938;0
2915.485;1621.80822753906;0
2916.799;1720.17065429688;0
2918.116;1622.20776367188;0
2919.428;1599.36267089844;0
2920.743;1523.078125;0
2922.056;1494.24157714844;0
2923.367;1552.40991210938;0
2924.679;1317.91870117188;0
2925.99;1388.77734375;0
2927.299;1436.30529785156;0
2928.609;1757.17297363281;0
2929.918;1873.26953125;0
2931.226;1615.59973144531;0
2932.535;1470.94128417969;0
2933.841;1139.29528808594;0
2935.149;1370.12878417969;0
2936.455;1157.966796875;0
2937.758;1345.24291992188;0
2939.064;1199.29809570313;0
2940.368;1259.75744628906;0
2941.67;1171.10693359375;0
2942.973;1229.82214355469;0
2944.277;1347.31506347656;0
2945.577;1210.13549804688;0
2946.878;1227.29833984375;0
2948.178;1226.90246582031;0
2949.477;1478.80505371094;0
2950.776;1444.15258789063;0
2952.073;1490.84191894531;0
2953.372;1320.65881347656;0
2954.669;1438.4814453125;0
2955.965;1373.42602539063;0
2957.261;1503.75244140625;0
2958.556;1363.20727539063;0
2959.849;1395.29833984375;0
2961.145;1362.42932128906;0
2962.436;1606.4951171875;0
2963.732;1554.37341308594;0
2965.022;1714.39587402344;0
2966.313;1555.00866699219;0
2967.603;1567.32434082031;0
2968.893;1472.30395507813;0
2970.182;1436.46716308594;0
2971.471;1395.87609863281;0
2972.759;1256.48840332031;0
2974.047;1139.02697753906;0
2975.334;1027.93139648438;0
2976.62;998.296447753906;0
2977.907;904.678649902344;0
2979.192;869.189392089844;0
2980.475;741.936950683594;0
2981.76;872.256042480469;0
2983.043;878.028686523437;0
2984.326;860.254821777344;0
2985.607;682.594665527344;0
2986.888;664.71630859375;0
2988.17;844.283203125;0
2989.449;773.741333007812;0
2990.728;718.090637207031;0
2992.007;600.332458496094;0
2993.284;545.581176757812;0
2994.562;501.836853027344;0
2995.84;268.432769775391;0
2997.115;362.012268066406;0
2998.393;316.353149414063;0
2999.666;252.566467285156;0
3000.94;164.737091064453;0
3002.215;177.128295898438;0
3003.486;255.853378295899;0
3004.76;304.238037109375;0
3006.033;391.15542602539;0
3007.303;414.161163330078;0
3008.573;201.117263793945;0
3009.844;124.000091552735;0
3011.114;207.097290039062;0
3012.383;335.358276367187;0
3013.649;292.254913330078;0
3014.917;75.3412170410156;0
3016.185;166.83935546875;0
3017.451;122.952499389649;0
3018.716;129.55339050293;0
3019.983;44.0813140869141;0
3021.246;270.680328369141;0
3022.509;441.460632324219;0
3023.774;523.865051269531;0
3025.035;376.671417236328;0
3026.299;196.100692749023;0
3027.56;82.5563583374023;0
3028.819;12.5087327957153;0
3030.081;-12.8853139877319;0
3031.339;-25.2896595001221;0
3032.598;-20.2584476470947;0
3033.856;-7.48213577270508;0
3035.114;67.9278106689453;0
3036.372;52.5285301208496;0
3037.628;282.078826904297;0
3038.883;280.731323242188;0
3040.138;347.484466552735;0
3041.394;368.535491943359;0
3042.646;464.217803955078;0
3043.9;437.896423339844;0
3045.152;464.365936279297;0
3046.405;409.819152832031;0
3047.657;426.700653076172;0
3048.906;457.785522460937;0
3050.158;524.959533691406;0
3051.407;608.1103515625;0
3052.656;588.017456054687;0
3053.904;775.901428222656;0
3055.153;946.319091796875;0
3056.398;891.267456054688;0
3057.647;823.418701171875;0
3058.892;818.661437988281;0
3060.137;973.337524414063;0
3061.382;1085.115234375;0
3062.625;1042.66357421875;0
3063.869;1137.20495605469;0
3065.112;1069.96020507813;0
3066.353;1128.37109375;0
3067.595;1103.54382324219;0
3068.838;1124.1435546875;0
3070.075;1293.27978515625;0
3071.317;1377.19934082031;0
3072.557;1339.90173339844;0
3073.795;1094.94604492188;0
3075.032;938.915344238281;0
3076.27;1020.544921875;0
3077.507;1194.16564941406;0
3078.742;1286.78356933594;0
3079.978;1279.41284179688;0
3081.212;1219.16320800781;0
3082.446;1174.06396484375;0
3083.681;1173.92236328125;0
3084.913;1128.56628417969;0
3086.147;1214.15747070313;0
3087.38;1271.001953125;0
3088.61;1403.21240234375;0
3089.84;1297.3427734375;0
3091.071;1186.41320800781;0
3092.3;1096.99597167969;0
3093.529;1226.42956542969;0
3094.755;1257.56823730469;0
3095.984;1396.96899414063;0
3097.211;1391.18762207031;0
3098.438;1387.67102050781;0
3099.663;1322.41918945313;0
3100.888;1275.69519042969;0
3102.112;1276.13891601563;0
3103.335;1142.70495605469;0
3104.56;1056.39233398438;0
3105.782;1174.19909667969;0
3107.005;1296.48083496094;0
3108.226;1297.236328125;0
3109.447;977.240356445313;0
3110.667;835.065856933594;0
3111.887;888.669738769531;0
3113.104;1200.05212402344;0
3114.324;1248.56958007812;0
3115.541;1227.66528320313;0
3116.758;1081.861328125;0
3117.976;1062.02880859375;0
3119.192;1132.08728027344;0
3120.408;1122.26171875;0
3121.622;1047.33081054688;0
3122.835;947.406982421875;0
3124.05;970.045959472656;0
3125.262;1007.90985107422;0
3126.476;989.557250976563;0
3127.687;846.878173828125;0
3128.897;806.319030761719;0
3130.108;898.88134765625;0
3131.319;1084.00964355469;0
3132.528;1091.70227050781;0
3133.737;1108.17785644531;0
3134.945;1108.63659667969;0
3136.152;1016.48516845703;0
3137.358;970.200134277344;0
3138.565;899.899169921875;0
3139.772;882.361633300781;0
3140.976;725.033447265625;0
3142.18;544.473327636719;0
3143.385;609.903930664063;0
3144.588;635.882690429687;0
3145.79;798.290344238281;0
3146.993;894.408752441406;0
3148.194;788.845275878906;0
3149.395;715.156616210937;0
3150.596;613.568115234375;0
3151.794;767.971740722656;0
3152.994;626.235900878906;0
3154.193;559.136962890625;0
3155.39;405.019653320312;0
3156.587;557.212280273438;0
3157.784;680.160888671875;0
3158.982;726.311462402344;0
3160.177;493.776611328125;0
3161.37;350.224700927734;0
3162.565;316.095001220703;0
3163.759;424.719696044922;0
3164.952;407.655944824219;0
3166.146;343.906768798828;0
3167.337;373.362060546875;0
3168.527;454.135986328125;0
3169.719;462.913970947266;0
3170.91;414.339904785156;0
3172.098;212.234085083008;0
3173.288;197.782913208008;0
3174.475;172.308410644531;0
3175.663;273.993041992188;0
3176.849;318.484161376953;0
3178.037;441.884674072265;0
3179.223;495.455780029297;0
3180.408;499.217224121094;0
3181.592;348.059997558594;0
3182.777;264.206237792969;0
3183.96;339.588043212891;0
3185.143;396.335357666015;0
3186.325;489.443206787109;0
3187.507;502.634033203125;0
3188.688;537.548461914063;0
3189.869;495.605010986328;0
3191.049;464.406219482422;0
3192.228;634.912841796875;0
3193.406;642.770324707031;0
3194.585;643.260498046875;0
3195.763;548.716552734375;0
3196.939;506.802154541015;0
3198.116;578.29541015625;0
3199.292;714.850646972656;0
3200.466;742.604248046875;0
3201.643;867.98583984375;0
3202.816;961.922302246094;0
3203.991;1196.14465332031;0
3205.161;1058.57958984375;0
3206.334;987.422058105469;0
3207.504;1052.59997558594;0
3208.677;1203.33093261719;0
3209.846;1263.39099121094;0
3211.017;1243.04052734375;0
3212.187;1376.30187988281;0
3213.356;1257.6201171875;0
3214.524;1363.12231445313;0
3215.69;1275.94799804688;0
3216.859;1468.56115722656;0
3218.024;1410.83349609375;0
3219.189;1460.54638671875;0
3220.354;1287.69897460937;0
3221.519;1292.59936523437;0
3222.682;1193.61755371094;0
3223.845;1326.98022460937;0
3225.01;1422.248046875;0
3226.171;1665.86499023438;0
3227.332;1714.27795410156;0
3228.494;1751.46057128906;0
3229.655;1719.47900390625;0
3230.814;1857.26916503906;0
3231.973;1918.19177246094;0
3233.13;1965.00158691406;0
3234.29;1889.4013671875;0
3235.447;1813.34924316406;0
3236.605;1776.56359863281;0
3237.76;1782.12182617187;0
3238.916;1672.89001464844;0
3240.071;1609.8916015625;0
3241.224;1511.19677734375;0
3242.381;1596.95422363281;0
3243.532;1489.17504882813;0
3244.685;1475.56506347656;0
3245.839;1357.92150878906;0
3246.99;1379.02941894531;0
3248.141;1384.29565429688;0
3249.292;1500.92626953125;0
3250.439;1499.36450195313;0
3251.589;1460.94360351562;0
3252.739;1485.62060546875;0
3253.886;1458.5986328125;0
3255.034;1371.99255371094;0
3256.18;1300.63354492187;0
3257.326;1257.76867675781;0
3258.472;1349.75793457031;0
3259.617;1296.72192382813;0
3260.761;1216.25537109375;0
3261.905;1288.07751464844;0
3263.048;1395.72961425781;0
3264.19;1561.65454101563;0
3265.333;1526.26196289063;0
3266.475;1395.01782226563;0
3267.617;1346.0439453125;0
3268.757;1259.31604003906;0
3269.896;1285.51574707031;0
3271.036;1238.9384765625;0
3272.175;1325.41003417969;0
3273.313;1319.91650390625;0
3274.449;1484.85083007813;0
3275.586;1421.36889648438;0
3276.722;1502.13671875;0
3277.859;1426.26684570313;0
3278.993;1436.83703613281;0
3280.13;1342.26928710938;0
3281.263;1310.34069824219;0
3282.395;1378.25769042969;0
3283.529;1361.77355957031;0
3284.66;1547.80932617188;0
3285.794;1497.66687011719;0
3286.924;1617.56530761719;0
3288.054;1424.49975585937;0
3289.185;1273.16076660156;0
3290.313;1092.75317382812;0
3291.443;975.493774414063;0
3292.571;1079.58654785156;0
3293.698;1124.59106445312;0
3294.824;1256.17016601563;0
3295.952;1156.90808105469;0
3297.077;1141.06994628906;0
3298.203;1044.27697753906;0
3299.328;1206.17236328125;0
3300.45;1174.4462890625;0
3301.574;1239.287109375;0
3302.698;1025.62426757812;0
3303.819;1057.29309082031;0
3304.942;961.214721679687;0
3306.064;982.719604492188;0
3307.182;1027.2529296875;0
3308.303;943.812927246094;0
3309.423;1049.80358886719;0
3310.542;898.355712890625;0
3311.66;864.649536132813;0
3312.778;711.361328125;0
3313.895;724.636474609375;0
3315.012;669.204223632813;0
3316.128;707.586975097656;0
3317.243;726.069152832031;0
3318.357;856.469055175781;0
3319.471;897.544067382813;0
3320.586;889.10498046875;0
3321.698;1004.03857421875;0
3322.813;1050.3505859375;0
3323.923;1045.07202148437;0
3325.034;1144.46667480469;0
3326.146;1104.64074707031;0
3327.255;1232.58996582031;0
3328.366;1094.17541503906;0
3329.474;1142.79614257813;0
3330.582;1007.45379638672;0
3331.691;1004.96490478516;0
3332.797;1014.62731933594;0
3333.905;1037.06762695312;0
3335.011;950.779479980469;0
3336.116;964.505004882813;0
3337.22;977.937255859375;0
3338.327;980.90966796875;0
3339.429;982.978942871094;0
3340.534;904.492980957031;0
3341.635;954.410461425781;0
3342.737;756.50244140625;0
3343.84;743.882995605469;0
3344.94;665.310791015625;0
3346.041;658.040222167969;0
3347.142;589.940307617188;0
3348.24;553.463989257813;0
3349.337;608.780090332031;0
3350.437;628.134765625;0
3351.534;640.655822753906;0
3352.633;646.494873046875;0
3353.727;718.650390625;0
3354.823;727.345581054687;0
3355.919;840.253784179688;0
3357.013;895.491882324219;0
3358.108;933.671447753906;0
3359.201;1046.91162109375;0
3360.293;1066.40393066406;0
3361.385;1053.22924804688;0
3362.478;908.496826171875;0
3363.569;963.7578125;0
3364.661;974.304443359375;0
3365.75;1018.59875488281;0
3366.838;911.81787109375;0
3367.929;991.596374511719;0
3369.017;947.695251464844;0
3370.105;1040.00512695312;0
3371.193;1029.90991210938;0
3372.279;1072.47509765625;0
3373.364;1118.05651855469;0
3374.45;1211.93542480469;0
3375.534;1190.82238769531;0
3376.62;1195.82946777344;0
3377.704;1238.0810546875;0
3378.786;1259.1298828125;0
3379.871;1260.40002441406;0
3380.951;1242.32299804688;0
3382.034;1340.40588378906;0
3383.114;1279.73706054687;0
3384.195;1296.49450683594;0
3385.276;1371.44653320313;0
3386.354;1399.33435058594;0
3387.433;1360.8798828125;0
3388.511;1306.97082519531;0
3389.588;1450.83837890625;0
3390.664;1553.14697265625;0
3391.742;1544.76867675781;0
3392.816;1534.48645019531;0
3393.893;1476.45031738281;0
3394.968;1537.95007324219;0
3396.042;1450.54357910156;0
3397.115;1397.04516601563;0
3398.189;1362.57739257812;0
3399.262;1331.63439941406;0
3400.333;1383.59411621094;0
3401.404;1269.20458984375;0
3402.474;1201.54516601563;0
3403.545;1185.21691894531;0
3404.615;1225.81372070312;0
3405.685;1393.94653320313;0
3406.752;1315.90771484375;0
3407.82;1329.54724121094;0
3408.888;1344.21423339844;0
3409.955;1460.97705078125;0
3411.021;1461.75024414063;0
3412.085;1325.75854492188;0
3413.151;1203.50866699219;0
3414.215;1183.54772949219;0
3415.279;1185.31665039062;0
3416.343;1287.34387207031;0
3417.406;1361.18615722656;0
3418.468;1415.544921875;0
3419.53;1330.08081054688;0
3420.592;1227.06604003906;0
3421.652;1273.14587402344;0
3422.712;1291.42749023438;0
3423.773;1211.14245605469;0
3424.83;1169.71545410156;0
3425.889;1180.62145996094;0
3426.946;1265.74975585938;0
3428.005;1262.08178710938;0
3429.061;1278.18139648438;0
3430.117;1347.87121582031;0
3431.172;1409.94812011719;0
3432.227;1348.41638183594;0
3433.281;1309.10498046875;0
3434.335;1256.572265625;0
3435.389;1270.60949707031;0
3436.44;1288.84912109375;0
3437.492;1288.29699707031;0
3438.546;1321.208984375;0
3439.598;1289.86364746094;0
3440.646;1192.49206542969;0
3441.697;1143.32507324219;0
3442.745;1097.7607421875;0
3443.793;1140.79089355469;0
3444.842;1159.5390625;0
3445.891;1302.689453125;0
3446.937;1405.52551269531;0
3447.984;1499.85131835938;0
3449.031;1367.70739746094;0
3450.075;1379.01513671875;0
3451.12;1335.95642089844;0
3452.164;1399.52294921875;0
3453.207;1416.98120117188;0
3454.251;1317.42236328125;0
3455.293;1343.08666992188;0
3456.336;1206.18322753906;0
3457.378;1249.20080566406;0
3458.417;1186.67443847656;0
3459.458;1143.33459472656;0
3460.498;1108.646484375;0
3461.539;1136.435546875;0
3462.577;1160.58654785156;0
3463.614;1192.22387695313;0
3464.651;1124.68957519531;0
3465.689;1179.244140625;0
3466.726;1214.662109375;0
3467.763;1076.48852539063;0
3468.798;992.867736816406;0
3469.831;837.67041015625;0
3470.866;1003.86352539063;0
3471.9;974.441589355469;0
3472.933;977.512756347656;0
3473.966;883.736022949219;0
3474.999;867.832702636719;0
3476.029;951.414489746094;0
3477.061;1088.35168457031;0
3478.09;1063.72436523437;0
3479.121;1102.17895507813;0
3480.15;1037.560546875;0
3481.178;973.9921875;0
3482.205;996.993713378906;0
3483.234;933.172729492188;0
3484.26;972.79833984375;0
3485.288;965.960021972656;0
3486.313;1011.13061523437;0
3487.337;1061.52709960938;0
3488.364;970.156066894531;0
3489.387;1037.90270996094;0
3490.411;1123.36010742188;0
3491.434;1183.35510253906;0
3492.456;1018.46746826172;0
3493.479;869.364990234375;0
3494.5;721.637634277344;0
3495.521;579.591918945313;0
3496.543;453.342559814453;0
3497.561;355.384155273438;0
3498.579;367.075256347656;0
3499.6;372.413177490234;0
3500.618;279.560882568359;0
3501.636;87.823844909668;0
3502.653;-44.1930122375488;0
3503.669;-84.6336059570313;0
3504.685;-79.0536804199219;0
3505.699;-65.7037506103516;0
3506.716;-74.5476989746094;0
3507.729;-132.115356445313;0
3508.743;-212.639465332031;0
3509.755;-108.888885498047;0
