98.64605;0;0
101.2353;0;0
103.8217;0;0
106.4096;14.2962961196899;0
108.9945;-25.911111831665;0
111.5767;-22.238094329834;0
114.1602;-26.4938278198242;0
116.7409;-28.6868686676025;0
119.3209;32.0769233703613;0
121.9002;64.6444473266602;0
124.4788;121.882354736328;0
127.0566;87.6374282836914;0
129.6317;20.7671966552734;0
132.2038;-12.8743963241577;0
134.7796;-46.5644454956055;0
137.3503;-40.7489700317383;0
139.9204;-33.6743278503418;0
142.4919;78.2258071899414;0
145.0584;207.255889892578;0
147.6242;297.212707519531;0
150.1914;362.249237060547;0
152.7579;429.737884521484;0
155.3216;425.043365478516;0
157.8846;439.5400390625;0
160.4448;530.158020019531;0
163.0085;636.347534179688;0
165.5672;723.428588867188;0
168.1232;703.010864257813;0
170.6826;790.067077636719;0
173.2372;748.654296875;0
175.7931;793.539733886719;0
178.3463;797.60107421875;0
180.8966;883.186950683594;0
183.4504;912.304931640625;0
185.9993;935.522033691406;0
188.5476;903.725463867188;0
191.0972;908.676696777344;0
193.644;864.418334960938;0
196.1859;898.494873046875;0
198.7335;926.271911621094;0
201.2761;966.412353515625;0
203.8201;912.62890625;0
206.3593;843.314880371094;0
208.8998;812.128173828125;0
211.4397;890.574462890625;0
213.9746;1039.30822753906;0
216.5109;1219.91967773438;0
219.0487;1276.28271484375;0
221.5816;1221.10388183594;0
224.1158;1232.77038574219;0
226.6473;1265.86645507813;0
229.176;1388.6376953125;0
231.7082;1394.46264648438;0
234.2355;1456.57653808594;0
236.7643;1424.89611816406;0
239.2902;1372.1923828125;0
241.8133;1342.46948242188;0
244.3379;1308.98156738281;0
246.8618;1360.12084960938;0
249.3828;1312.79345703125;0
251.9053;1278.92150878906;0
254.423;1152.95251464844;0
256.942;1149.55932617188;0
259.4603;1223.09765625;0
261.9759;1284.15100097656;0
264.4887;1198.82592773438;0
267.005;1187.64392089844;0
269.5164;1207.8642578125;0
272.0292;1344.80834960938;0
274.5393;1420.46301269531;0
277.0466;1424.02563476563;0
279.5574;1519.08056640625;0
282.0654;1492.79577636719;0
284.5686;1537.75329589844;0
287.0752;1506.26123046875;0
289.5791;1523.87170410156;0
292.0803;1483.67578125;0
294.5828;1335.94458007813;0
297.0826;1264.59057617188;0
299.5838;1276.46899414063;0
302.0801;1285.7021484375;0
304.5758;1234.9052734375;0
307.0749;1199.13464355469;0
309.5672;1190.75024414063;0
312.0608;1170.34838867188;0
314.5558;1118.99291992188;0
317.044;1113.86083984375;0
319.5377;1100.1591796875;0
322.0266;1205.93017578125;0
324.5127;1229.92565917969;0
327.0023;1301.62084960938;0
329.4871;1275.36645507813;0
331.9691;1391.35131835938;0
334.4547;1423.19506835938;0
336.9353;1397.95239257813;0
339.4174;1379.75134277344;0
341.901;1385.10107421875;0
344.3776;1524.2275390625;0
346.8577;1496.173828125;0
349.333;1469.61938476562;0
351.8076;1350.80920410156;0
354.2857;1371.74035644531;0
356.7569;1351.40173339844;0
359.2296;1384.48889160156;0
361.7015;1284.41772460938;0
364.1729;1337.58386230469;0
366.6414;1290.32763671875;0
369.1093;1243.71520996094;0
371.5745;1224.38488769531;0
374.0432;1228.08264160156;0
376.507;1272.31762695313;0
378.9702;1199.01245117188;0
381.4348;1120.029296875;0
383.8947;1168.94641113281;0
386.3538;1186.68933105469;0
388.8144;1243.04016113281;0
391.2722;1236.97863769531;0
393.7314;1275.57312011719;0
396.1859;1343.14904785156;0
398.6418;1397.42822265625;0
401.0949;1526.16418457031;0
403.5475;1494.65808105469;0
405.9972;1474.68493652344;0
408.4505;1412.51513671875;0
410.899;1425.142578125;0
413.3468;1348.99621582031;0
415.796;1395.26831054688;0
418.2405;1467.67065429687;0
420.6884;1544.61499023438;0
423.1295;1431.37646484375;0
425.572;1309.953125;0
428.0159;1359.26086425781;0
430.455;1397.77258300781;0
432.8956;1477.09460449219;0
435.3335;1433.78454589844;0
437.7707;1359.75280761719;0
440.2093;1285.46838378906;0
442.6432;1248.40222167969;0
445.0764;1231.61828613281;0
447.511;1144.49462890625;0
449.9429;1174.57531738281;0
452.3721;1175.88928222656;0
454.8048;1111.56579589844;0
457.2328;1023.76336669922;0
459.66;1018.74200439453;0
462.0847;1186.79907226563;0
464.5127;1224.52319335938;0
466.9381;1302.93518066406;0
469.3587;1302.79174804688;0
471.7807;1370.92919921875;0
474.2042;1415.64855957031;0
476.6229;1448.49499511719;0
479.041;1387.42175292969;0
481.4604;1240.27697753906;0
483.8752;1193.33996582031;0
486.2934;1259.84411621094;0
488.7068;1356.546875;0
491.1197;1378.68994140625;0
493.5339;1301.60913085938;0
495.9435;1210.08435058594;0
498.3544;1102.228515625;0
500.7667;1115.13830566406;0
503.1723;1133.99450683594;0
505.5793;1221.53247070313;0
507.9856;1179.65197753906;0
510.3913;1079.11364746094;0
512.7944;932.915161132813;0
515.1968;828.670227050781;0
517.5986;822.666931152344;0
519.9997;825.504821777344;0
522.3982;819.227478027344;0
524.798;783.286560058594;0
527.1973;778.377563476563;0
529.5919;828.761962890625;0
531.9899;895.631958007813;0
534.3832;962.893127441406;0
536.7758;981.341430664063;0
539.1699;1057.99829101563;0
541.5593;1018.50463867188;0
543.9481;1003.79046630859;0
546.3382;973.632263183594;0
548.7257;1036.3671875;0
551.1146;1157.474609375;0
553.4968;1185.34399414063;0
555.8824;1159.60070800781;0
558.2675;1136.75012207031;0
560.6478;1114.20031738281;0
563.0295;1128.55541992188;0
565.4106;1102.17102050781;0
567.7911;1050.38061523438;0
570.169;1075.70568847656;0
572.5462;964.504272460938;0
574.9229;1025.02709960938;0
577.2968;882.037353515625;0
579.6721;879.169799804688;0
582.0449;853.837036132813;0
584.417;846.994262695313;0
586.7885;871.262756347656;0
589.1553;856.198059082031;0
591.5255;908.491577148438;0
593.8931;828.602478027344;0
596.2601;776.749206542969;0
598.6265;750.644836425781;0
600.9902;788.03173828125;0
603.3554;866.710327148438;0
605.7179;899.089050292969;0
608.0778;922.851379394531;0
610.4391;886.431640625;0
612.7977;918.42431640625;0
615.1558;915.874450683594;0
617.5132;961.456909179688;0
619.8701;855.411315917969;0
622.2263;892.265625;0
624.5779;942.457214355469;0
626.9308;1062.80419921875;0
629.2852;1118.31530761719;0
631.6349;1130.13232421875;0
633.9841;1233.24975585938;0
636.3326;1224.83557128906;0
638.6805;1274.28308105469;0
641.0279;1321.37768554687;0
643.3746;1342.77478027344;0
645.7187;1382.93347167969;0
648.0621;1285.66882324219;0
650.405;1254.70349121094;0
652.7453;1228.34948730469;0
655.087;1284.68054199219;0
657.426;1307.71069335938;0
659.7645;1272.51513671875;0
662.1024;1224.119140625;0
664.4376;1175.51513671875;0
666.7742;1107.96325683594;0
669.1063;969.830505371094;0
671.4398;984.099487304688;0
673.7726;920.275939941406;0
676.1048;973.213317871094;0
678.4324;972.161865234375;0
680.7635;1058.14123535156;0
683.0919;1056.24865722656;0
685.4158;998.9833984375;0
687.743;972.193786621094;0
690.0696;966.220947265625;0
692.3937;990.965942382813;0
694.7151;964.61962890625;0
697.038;979.639831542969;0
699.3583;921.463317871094;0
701.6779;857.115295410156;0
703.995;947.970520019531;0
706.3155;1088.1552734375;0
708.6294;1165.74719238281;0
710.9467;1142.04797363281;0
713.2594;1171.0537109375;0
715.5735;1203.94848632813;0
717.887;1268.1875;0
720.1979;1189.51611328125;0
722.5083;1315.87170410156;0
724.818;1228.29162597656;0
727.1252;1188.77661132812;0
729.4357;1110.01306152344;0
731.7418;1165.60180664063;0
734.0452;1269.09655761719;0
736.35;1265.66296386719;0
738.6522;1234.50903320313;0
740.9539;1124.41809082031;0
743.2569;1056.88256835938;0
745.5554;977.782775878906;0
747.8553;994.239562988281;0
750.1545;995.566223144531;0
752.4513;983.01611328125;0
754.7474;816.1376953125;0
757.043;672.242736816406;0
759.336;685.889465332031;0
761.6304;773.888122558594;0
763.9222;749.166198730469;0
766.2114;587.742736816406;0
768.5041;526.586853027344;0
770.7922;516.668273925781;0
773.0777;507.149536132813;0
775.3647;584.785827636719;0
777.651;681.182922363281;0
779.9368;736.914184570313;0
782.22;796.81005859375;0
784.5026;810.774291992188;0
786.7847;905.640991210938;0
789.0662;859.907958984375;0
791.3451;863.441772460938;0
793.6254;837.272888183594;0
795.9012;902.181091308594;0
798.1784;1044.82629394531;0
800.455;1123.29406738281;0
802.7291;1150.49243164063;0
805.0026;1112.90649414063;0
807.2755;1169.37390136719;0
809.5478;1149.04638671875;0
811.8176;1129.32922363281;0
814.0869;1143.13586425781;0
816.3535;1191.25280761719;0
818.6235;1236.97424316406;0
820.8911;1278.03662109375;0
823.156;1284.12231445313;0
825.4204;1316.68188476562;0
827.6823;1338.09558105469;0
829.9474;1366.94018554688;0
832.2082;1372.54821777344;0
834.4683;1338.58764648438;0
836.7279;1242.39306640625;0
838.9869;1073.56567382813;0
841.2453;1043.73132324219;0
843.5012;1128.83190917969;0
845.7565;1206.89514160156;0
848.0133;1220.4833984375;0
850.2655;1181.30090332031;0
852.5153;1107.92163085938;0
854.7703;1012.07208251953;0
857.0189;952.083801269531;0
859.2668;1023.62530517578;0
861.5182;1007.03216552734;0
863.7651;997.416320800781;0
866.0114;980.885070800781;0
868.2592;962.325500488281;0
870.5024;966.297790527344;0
872.7451;980.247741699219;0
874.9872;978.958679199219;0
877.2307;972.096435546875;0
879.4717;814.658630371094;0
881.7101;693.419799804688;0
883.95;589.673034667969;0
886.1854;542.158386230469;0
888.4202;496.987731933594;0
890.6604;545.056762695313;0
892.8941;604.281433105469;0
895.1253;832.779541015625;0
897.3599;986.710754394531;0
899.59;967.641723632813;0
901.8195;885.577453613281;0
904.0504;770.221374511719;0
906.2789;884.265930175781;0
908.5087;829.767700195313;0
910.7341;796.668395996094;0
912.9589;758.949645996094;0
915.1851;850.366455078125;0
917.4088;992.645935058594;0
919.63;986.074584960938;0
921.8526;886.170959472656;0
924.0727;945.980590820313;0
926.2922;1014.59124755859;0
928.5112;1079.22509765625;0
930.7277;968.111145019531;0
932.9476;822.8271484375;0
935.163;746.685485839844;0
937.3739;548.750671386719;0
939.5901;608.815856933594;0
941.8019;577.790893554688;0
944.0151;559.895263671875;0
946.2258;428.865539550781;0
948.4341;383.545104980469;0
950.6456;468.47314453125;0
952.8527;421.052947998047;0
955.0593;477.881896972656;0
957.2653;403.567291259766;0
959.4689;498.704559326172;0
961.6738;464.291442871094;0
963.8782;372.436157226563;0
966.0782;287.138702392578;0
968.2815;247.511795043945;0
970.4803;307.45166015625;0
972.6787;267.98583984375;0
974.8784;316.204681396484;0
977.0757;323.225555419922;0
979.2704;347.496520996094;0
981.4667;422.687835693359;0
983.6603;537.904968261719;0
985.8535;750.485595703125;0
988.0461;775.425415039063;0
990.2363;751.950927734375;0
992.4297;791.059936523438;0
994.6169;815.975158691406;0
996.8035;1035.45043945313;0
998.9933;1136.99206542969;0
1001.179;1262.16674804688;0
1003.364;1278.07055664063;0
1005.55;1232.74926757813;0
1007.732;1272.65197753906;0
1009.916;1221.55078125;0
1012.096;1307.60949707031;0
1014.275;1289.08361816406;0
1016.459;1367.2978515625;0
1018.636;1367.79479980469;0
1020.813;1434.61315917969;0
1022.991;1463.16125488281;0
1025.165;1429.29479980469;0
1027.34;1359.1875;0
1029.515;1229.71447753906;0
1031.687;1220.87158203125;0
1033.859;1286.99182128906;0
1036.03;1268.27819824219;0
1038.199;1188.3076171875;0
1040.369;1013.97021484375;0
1042.536;1036.55908203125;0
1044.704;1071.74084472656;0
1046.87;1235.73352050781;0
1049.034;1128.57580566406;0
1051.198;991.829223632813;0
1053.363;835.287475585938;0
1055.526;857.464599609375;0
1057.686;946.014099121094;0
1059.845;896.440551757813;0
1062.005;879.078369140625;0
1064.165;799.035766601563;0
1066.323;892.677795410156;0
1068.477;816.386047363281;0
1070.634;907.575927734375;0
1072.788;771.157348632813;0
1074.942;847.081298828125;0
1077.096;862.071472167969;0
1079.247;1024.97998046875;0
1081.397;1140.42211914063;0
1083.547;1174.71301269531;0
1085.695;1143.40637207031;0
1087.844;1084.17175292969;0
1089.992;988.122436523438;0
1092.138;864.038330078125;0
1094.284;884.434631347656;0
1096.425;872.143005371094;0
1098.571;951.156433105469;0
1100.711;970.315002441406;0
1102.851;961.632995605469;0
1104.994;995.412109375;0
1107.132;1011.13293457031;0
1109.271;1122.63977050781;0
1111.408;1097.76391601563;0
1113.543;1063.58654785156;0
1115.682;1113.61828613281;0
1117.816;1091.14184570313;0
1119.947;1191.33215332031;0
1122.08;1241.71850585938;0
1124.213;1437.1650390625;0
1126.343;1457.21325683594;0
1128.474;1361.63134765625;0
1130.602;1226.43103027344;0
1132.728;1216.44702148438;0
1134.856;1286.65698242188;0
1136.982;1326.9853515625;0
1139.109;1411.26293945313;0
1141.234;1382.3837890625;0
1143.356;1424.39453125;0
1145.479;1322.86120605469;0
1147.599;1312.74401855469;0
1149.719;1293.52709960938;0
1151.839;1287.10144042969;0
1153.957;1256.91174316406;0
1156.076;1154.07067871094;0
1158.191;985.910827636719;0
1160.305;912.991943359375;0
1162.423;886.3515625;0
1164.536;1111.16882324219;0
1166.647;1077.73876953125;0
1168.761;1153.62036132813;0
1170.871;1013.40325927734;0
1172.983;1113.69152832031;0
1175.092;1159.60974121094;0
1177.2;1262.44201660156;0
1179.306;1305.71374511719;0
1181.413;1243.03234863281;0
1183.518;1205.74438476562;0
1185.623;1107.8984375;0
1187.725;1153.43811035156;0
1189.826;1229.80517578125;0
1191.929;1385.13879394531;0
1194.032;1359.91772460938;0
1196.13;1146.27783203125;0
1198.23;1042.19836425781;0
1200.327;1106.40502929688;0
1202.423;1228.56359863281;0
1204.52;1291.36267089844;0
1206.613;1159.24743652344;0
1208.71;1205.18688964844;0
1210.801;1216.58251953125;0
1212.892;1279.29919433594;0
1214.987;1203.90209960938;0
1217.075;1240.95947265625;0
1219.166;1231.90576171875;0
1221.256;1315.83544921875;0
1223.342;1258.53234863281;0
1225.43;1187.59875488281;0
1227.515;1102.57702636719;0
1229.597;1064.60888671875;0
1231.685;1227.06042480469;0
1233.767;1221.07690429687;0
1235.85;1271.1591796875;0
1237.931;1298.39477539063;0
1240.009;1375.05346679687;0
1242.09;1265.07641601563;0
1244.168;1202.17858886719;0
1246.245;1069.39453125;0
1248.321;1066.51342773438;0
1250.397;1059.53002929688;0
1252.472;1189.97119140625;0
1254.547;1187.658203125;0
1256.618;1095.59924316406;0
1258.69;1015.36560058594;0
1260.761;1052.76708984375;0
1262.83;1097.41162109375;0
1264.901;1183.94116210937;0
1266.969;1193.08850097656;0
1269.035;1147.61218261719;0
1271.102;1202.12683105469;0
1273.167;1106.4541015625;0
1275.233;1182.03369140625;0
1277.295;1132.75549316406;0
1279.359;1283.72766113281;0
1281.42;1100.39465332031;0
1283.482;1039.640625;0
1285.542;949.757385253906;0
1287.6;1056.2431640625;0
1289.659;1041.60424804688;0
1291.714;1206.02185058594;0
1293.774;1446.32641601562;0
1295.828;1488.05102539063;0
1297.881;1448.08117675781;0
1299.936;1330.24255371094;0
1301.987;1323.86315917969;0
1304.041;1287.51611328125;0
1306.09;1281.0576171875;0
1308.139;1319.43811035156;0
1310.19;1412.57946777344;0
1312.238;1535.3447265625;0
1314.286;1602.25378417969;0
1316.331;1620.05676269531;0
1318.376;1635.08813476562;0
1320.422;1633.28393554688;0
1322.466;1544.6318359375;0
1324.508;1572.26623535156;0
1326.549;1520.57983398438;0
1328.59;1553.07360839844;0
1330.632;1526.90698242188;0
1332.67;1556.01184082031;0
1334.707;1593.96801757813;0
1336.746;1612.32116699219;0
1338.78;1638.28295898438;0
1340.816;1560.90490722656;0
1342.852;1325.15222167969;0
1344.885;1240.35607910156;0
1346.916;1140.18298339844;0
1348.948;1263.17846679687;0
1350.979;1211.91003417969;0
1353.011;1253.75610351563;0
1355.04;1140.83666992187;0
1357.066;1155.60485839844;0
1359.094;1140.89526367188;0
1361.121;1147.37524414063;0
1363.145;1104.60412597656;0
1365.171;1098.69494628906;0
1367.192;1079.75561523437;0
1369.216;1056.49499511719;0
1371.239;1006.31860351563;0
1373.258;982.255065917969;0
1375.28;917.706420898438;0
1377.298;784.78515625;0
1379.316;683.822509765625;0
1381.335;723.382751464844;0
1383.35;842.957946777344;0
1385.366;947.706787109375;0
1387.38;910.705810546875;0
1389.394;861.087768554688;0
1391.409;884.220947265625;0
1393.42;854.722900390625;0
1395.43;894.659057617188;0
1397.44;870.748352050781;0
1399.451;924.6611328125;0
1401.458;858.619140625;0
1403.466;631.72998046875;0
1405.472;615.920288085938;0
1407.478;588.730712890625;0
1409.483;796.274169921875;0
1411.486;899.133178710938;0
1413.49;1064.32312011719;0
1415.492;1119.79333496094;0
1417.492;1062.32397460938;0
1419.495;1032.58166503906;0
1421.494;1007.68951416016;0
1423.492;1046.95288085937;0
1425.49;1088.93493652344;0
1427.487;1085.96435546875;0
1429.482;1090.56616210938;0
1431.477;1159.45397949219;0
1433.471;1222.68530273437;0
1435.466;1259.46301269531;0
1437.456;1142.787109375;0
1439.447;1156.39404296875;0
1441.441;1185.0458984375;0
1443.427;1319.78356933594;0
1445.417;1390.68408203125;0
1447.406;1430.86145019531;0
1449.392;1352.87316894531;0
1451.381;1301.94372558594;0
1453.365;1317.18432617188;0
1455.348;1275.1533203125;0
1457.333;1259.29431152344;0
1459.314;1215.82946777344;0
1461.296;1354.97668457031;0
1463.276;1211.84521484375;0
1465.256;1026.43395996094;0
1467.237;932.228515625;0
1469.215;919.998046875;0
1471.19;1025.51599121094;0
1473.167;941.895629882813;0
1475.145;1009.59515380859;0
1477.118;1016.6787109375;0
1479.092;1066.81237792969;0
1481.065;1076.10205078125;0
1483.038;981.433532714844;0
1485.008;914.13623046875;0
1486.979;890.741271972657;0
1488.949;931.872741699218;0
1490.917;885.268859863281;0
1492.883;893.15087890625;0
1494.852;828.403747558594;0
1496.817;783.699035644531;0
1498.782;754.303161621094;0
1500.748;806.061950683594;0
1502.708;905.021057128906;0
1504.673;923.486450195313;0
1506.634;838.90380859375;0
1508.594;707.289123535156;0
1510.554;759.993286132813;0
1512.512;900.854919433594;0
1514.471;1104.12573242188;0
1516.428;1067.361328125;0
1518.384;1053.55932617187;0
1520.34;847.389892578125;0
1522.294;863.931579589844;0
1524.249;723.962707519531;0
1526.202;859.017883300781;0
1528.153;745.386291503906;0
1530.103;925.14013671875;0
1532.054;877.862976074219;0
1534.004;899.330261230469;0
1535.951;890.765380859375;0
1537.899;937.4140625;0
1539.847;1073.60327148437;0
1541.793;931.361083984375;0
1543.738;796.742858886719;0
1545.681;612.251159667969;0
1547.625;540.096008300781;0
1549.566;515.200378417969;0
1551.509;540.169738769531;0
1553.45;538.670837402344;0
1555.389;571.696105957031;0
1557.33;479.593811035156;0
1559.266;527.243225097656;0
1561.204;607.971069335938;0
1563.141;605.329895019531;0
1565.074;628.539978027344;0
1567.009;550.487915039063;0
1568.943;666.506896972656;0
1570.877;733.705322265625;0
1572.808;765.526489257813;0
1574.741;686.524963378906;0
1576.67;587.922973632813;0
1578.6;516.053833007813;0
1580.528;561.364013671875;0
1582.455;518.154235839844;0
1584.382;514.753234863281;0
1586.307;542.826599121094;0
1588.234;625.705017089844;0
1590.157;710.5966796875;0
1592.081;712.434265136719;0
1594.002;637.2177734375;0
1595.927;535.16943359375;0
1597.845;412.62255859375;0
1599.767;451.576019287109;0
1601.685;338.387573242188;0
1603.602;258.766479492188;0
1605.523;97.6411743164063;0
1607.438;199.500350952148;0
1609.354;415.802581787109;0
1611.269;630.587341308594;0
1613.181;648.536987304688;0
1615.096;609.272521972656;0
1617.008;431.171081542969;0
1618.92;716.136657714844;0
1620.83;736.154907226563;0
1622.74;1012.89239501953;0
1624.649;800.8857421875;0
1626.557;645.9013671875;0
1628.464;648.169067382813;0
1630.37;738.711364746094;0
1632.275;937.631103515625;0
1634.18;849.494445800782;0
1636.085;829.630859375;0
1637.988;832.371643066406;0
1639.888;756.15869140625;0
1641.791;693.436218261719;0
1643.691;746.733276367188;0
1645.588;867.078308105468;0
1647.489;1020.693359375;0
1649.387;1062.68859863281;0
1651.284;1037.51098632812;0
1653.18;922.717346191406;0
1655.075;897.861511230469;0
1656.972;1040.83422851562;0
1658.864;1213.07861328125;0
1660.754;1196.37097167969;0
1662.65;1009.26452636719;0
1664.539;994.425170898437;0
1666.428;1037.63208007812;0
1668.32;1094.88708496094;0
1670.207;999.083923339844;0
1672.096;975.222412109375;0
1673.982;1104.19152832031;0
1675.867;1157.43579101562;0
1677.754;1076.73278808594;0
1679.638;894.8603515625;0
1681.52;810.707458496094;0
1683.403;798.274108886719;0
1685.285;586.004638671875;0
1687.166;522.454711914063;0
1689.048;553.624267578125;0
1690.924;722.513305664063;0
1692.804;856.342468261718;0
1694.682;849.779724121094;0
1696.558;887.715209960937;0
1698.435;768.261352539063;0
1700.308;634.641662597656;0
1702.184;479.967224121094;0
1704.057;424.238037109375;0
1705.929;535.787414550781;0
1707.801;599.726501464844;0
1709.674;590.388671875;0
1711.542;639.107238769531;0
1713.412;662.216430664063;0
1715.28;624.16064453125;0
1717.145;344.384368896484;0
1719.015;291.732177734375;0
1720.88;225.743713378906;0
1722.746;233.821304321289;0
1724.61;176.060134887695;0
1726.471;157.678466796875;0
1728.334;149.231857299805;0
1730.197;173.371917724609;0
1732.057;285.334014892578;0
1733.919;282.232116699219;0
1735.777;234.514022827148;0
1737.634;117.401969909668;0
1739.493;202.130401611328;0
1741.349;294.907440185547;0
1743.205;287.189056396484;0
1745.061;213.414840698242;0
1746.915;169.139663696289;0
1748.77;327.933410644531;0
1750.621;431.223541259766;0
1752.473;490.447448730469;0
1754.323;480.853698730469;0
1756.173;470.969604492188;0
1758.022;402.906311035156;0
1759.87;271.997009277344;0
1761.718;203.90592956543;0
1763.566;355.074005126953;0
1765.411;441.104858398438;0
1767.256;398.060638427734;0
1769.101;369.271209716797;0
1770.945;396.352111816406;0
1772.787;650.352294921875;0
1774.629;621.605163574219;0
1776.469;759.442504882813;0
1778.309;677.640197753906;0
1780.15;725.081420898438;0
1781.987;598.099426269531;0
1783.826;560.583129882813;0
1785.662;586.19921875;0
1787.498;576.169921875;0
1789.334;464.939636230469;0
1791.169;484.952850341797;0
1793.002;521.876220703125;0
1794.834;790.265258789063;0
1796.667;810.786682128906;0
1798.498;957.662719726563;0
1800.328;975.671142578125;0
1802.157;887.700439453125;0
1803.986;880.971618652344;0
1805.813;849.816650390625;0
1807.639;929.012023925781;0
1809.467;880.556579589844;0
1811.292;822.561279296875;0
1813.117;825.248413085938;0
1814.94;856.729125976563;0
1816.763;939.003356933594;0
1818.585;963.848999023438;0
1820.407;924.932434082031;0
1822.227;817.919677734375;0
1824.048;816.032897949219;0
1825.865;793.387329101563;0
1827.683;693.769104003906;0
1829.501;510.626892089844;0
1831.317;362.516265869141;0
1833.135;359.4345703125;0
1834.948;238.826248168945;0
1836.761;159.146148681641;0
1838.577;156.69938659668;0
1840.388;328.766540527344;0
1842.198;400.314697265625;0
1844.009;489.673522949219;0
1845.819;449.510192871094;0
1847.629;384.170379638672;0
1849.436;217.091491699219;0
1851.244;128.27326965332;0
1853.052;274.585601806641;0
1854.858;319.818786621094;0
1856.661;354.736236572266;0
1858.466;397.127960205078;0
1860.269;372.996002197266;0
1862.073;453.118103027344;0
1863.875;412.716491699219;0
1865.673;440.680084228516;0
1867.476;356.008880615234;0
1869.275;195.369522094727;0
1871.072;268.265808105469;0
1872.872;358.812561035156;0
1874.667;412.946746826172;0
1876.464;400.11279296875;0
1878.26;372.804107666016;0
1880.053;372.527252197266;0
1881.849;359.282287597656;0
1883.64;365.513610839844;0
1885.431;474.999481201172;0
1887.226;547.629821777344;0
1889.014;511.405548095703;0
1890.803;458.993377685547;0
1892.594;370.837768554688;0
1894.38;461.161895751953;0
1896.167;471.856384277344;0
1897.955;475.476745605469;0
1899.74;376.356323242188;0
1901.526;255.162658691406;0
1903.309;262.451263427734;0
1905.091;286.223083496094;0
1906.876;324.033660888672;0
1908.658;204.438522338867;0
1910.438;242.993270874023;0
1912.217;254.475936889648;0
1913.996;275.336273193359;0
1915.775;215.241302490234;0
1917.553;277.413269042969;0
1919.33;315.074523925781;0
1921.106;328.117706298828;0
1922.881;232.879699707031;0
1924.655;245.693801879883;0
1926.431;179.560028076172;0
1928.202;196.033935546875;0
1929.974;111.338249206543;0
1931.746;212.265686035156;0
1933.516;264.790954589844;0
1935.286;329.244964599609;0
1937.055;388.183258056641;0
1938.823;449.496246337891;0
1940.592;431.739410400391;0
1942.356;307.124633789063;0
1944.122;313.346740722656;0
1945.888;435.793701171875;0
1947.651;559.273376464844;0
1949.416;533.341369628906;0
1951.178;525.222229003906;0
1952.939;320.647766113281;0
1954.699;236.351287841797;0
1956.459;153.798904418945;0
1958.219;206.157272338867;0
1959.979;298.000762939453;0
1961.735;388.219573974609;0
1963.491;450.147033691406;0
1965.249;350.892211914063;0
1967.003;608.345886230469;0
1968.761;759.289733886719;0
1970.512;1003.95257568359;0
1972.265;908.556762695313;0
1974.018;907.663513183594;0
1975.769;763.771179199219;0
1977.522;601.8271484375;0
1979.271;564.275756835938;0
1981.018;489.006652832031;0
1982.766;312.464233398438;0
1984.516;334.092987060547;0
1986.261;338.337310791016;0
1988.009;510.863922119141;0
1989.754;449.561187744141;0
1991.498;530.983703613281;0
1993.241;505.248901367188;0
1994.984;457.579376220703;0
1996.727;309.312347412109;0
1998.468;229.446823120117;0
2000.206;179.758865356445;0
2001.946;264.364562988281;0
2003.686;349.486145019531;0
2005.424;403.458526611328;0
2007.161;498.170593261719;0
2008.898;652.954772949219;0
2010.634;745.033752441406;0
2012.369;688.854309082031;0
2014.103;560.196899414063;0
2015.836;540.728698730469;0
2017.57;668.336303710938;0
2019.299;724.686950683594;0
2021.032;661.004089355469;0
2022.762;515.620971679688;0
2024.491;634.200561523438;0
2026.221;684.183715820313;0
2027.947;683.792663574219;0
2029.676;570.027465820313;0
2031.403;664.665832519531;0
2033.128;619.707275390625;0
2034.852;582.132751464844;0
2036.577;382.848175048828;0
2038.299;559.5205078125;0
2040.022;484.483154296875;0
2041.744;397.179565429688;0
2043.465;289.276428222656;0
2045.184;355.002532958984;0
2046.903;510.143493652344;0
2048.621;495.809539794922;0
2050.339;418.779479980469;0
2052.057;328.831085205078;0
2053.774;292.183654785156;0
2055.488;137.769561767578;0
2057.203;123.745544433594;0
2058.917;104.873100280762;0
2060.631;244.13720703125;0
2062.344;205.59162902832;0
2064.053;219.015121459961;0
2065.765;233.408676147461;0
2067.476;387.216766357422;0
2069.185;548.104553222656;0
2070.892;571.626281738281;0
2072.6;576.442993164063;0
2074.308;544.777893066406;0
2076.014;552.515319824219;0
2077.72;561.210571289063;0
2079.425;533.642517089844;0
2081.13;610.256591796875;0
2082.833;610.497436523438;0
2084.532;510.477233886719;0
2086.236;319.196990966797;0
2087.936;210.87922668457;0
2089.635;237.424163818359;0
2091.335;381.055023193359;0
2093.034;331.096496582031;0
2094.731;339.653259277344;0
2096.427;318.507751464844;0
2098.124;593.940246582031;0
2099.82;770.996032714844;0
2101.515;977.897216796875;0
2103.207;936.7236328125;0
2104.902;986.390563964843;0
2106.594;986.551940917969;0
2108.286;1059.33227539063;0
2109.976;1142.29187011719;0
2111.667;1075.3203125;0
2113.355;1118.37280273437;0
2115.044;1030.16711425781;0
2116.732;999.888854980468;0
2118.42;862.007629394532;0
2120.105;922.6591796875;0
2121.79;1045.13818359375;0
2123.476;1217.94555664062;0
2125.16;1186.9287109375;0
2126.844;1146.64318847656;0
2128.524;1118.31115722656;0
2130.207;1181.93664550781;0
2131.888;1300.45056152344;0
2133.567;1376.69775390625;0
2135.247;1414.78918457031;0
2136.927;1444.05834960938;0
2138.603;1397.96130371094;0
2140.281;1210.15258789063;0
2141.957;1100.07983398438;0
2143.633;980.301635742188;0
2145.308;1157.23791503906;0
2146.981;1201.56677246094;0
2148.654;1327.5126953125;0
2150.328;1188.63305664062;0
2152;1082.98034667969;0
2153.669;1066.56018066406;0
2155.34;1058.64489746094;0
2157.01;1250.00183105469;0
2158.677;1169.63232421875;0
2160.347;1295.84240722656;0
2162.013;1146.43518066406;0
2163.681;1249.52087402344;0
2165.347;1161.08508300781;0
2167.011;1058.6005859375;0
2168.674;1019.17071533203;0
2170.337;1042.89636230469;0
2172.002;1087.77673339844;0
2173.662;1079.48168945313;0
2175.324;978.898803710938;0
2176.985;950.582702636719;0
2178.645;791.976745605468;0
2180.304;729.413330078125;0
2181.961;781.780395507813;0
2183.618;873.411437988281;0
2185.275;795.536315917969;0
2186.932;782.932434082031;0
2188.586;777.032958984375;0
2190.242;1035.33044433594;0
2191.896;971.539916992188;0
2193.547;930.143432617187;0
2195.2;904.571105957031;0
2196.851;983.983154296875;0
2198.502;1078.607421875;0
2200.153;947.504333496094;0
2201.799;1000.37329101563;0
2203.447;968.403747558594;0
2205.097;1087.49462890625;0
2206.742;1085.19873046875;0
2208.391;1080.23425292969;0
2210.035;1053.74890136719;0
2211.679;932.621276855469;0
2213.324;946.353210449219;0
2214.966;970.012512207031;0
2216.608;991.007080078125;0
2218.252;911.588745117188;0
2219.89;838.445983886718;0
2221.531;992.527709960937;0
2223.172;1109.09741210938;0
2224.809;1088.93310546875;0
2226.449;916.145629882812;0
2228.086;881.064758300782;0
2229.72;983.652465820313;0
2231.358;964.737243652343;0
2232.992;980.862060546875;0
2234.625;930.264282226563;0
2236.26;1140.38439941406;0
2237.893;1169.23107910156;0
2239.524;1089.87255859375;0
2241.156;974.856750488282;0
2242.785;1019.70361328125;0
2244.416;1097.17272949219;0
2246.044;1065.47436523438;0
2247.672;941.495666503906;0
2249.301;933.722961425781;0
2250.926;960.781311035156;0
2252.554;933.906616210938;0
2254.177;1033.99682617188;0
2255.803;1062.15844726563;0
2257.427;1211.61499023438;0
2259.051;1218.92272949219;0
2260.671;1015.0732421875;0
2262.294;934.943969726562;0
2263.914;776.809814453125;0
2265.533;949.190063476563;0
2267.153;900.093322753906;0
2268.773;1030.4091796875;0
2270.392;1087.24548339844;0
2272.006;1130.38134765625;0
2273.624;1146.70629882812;0
2275.239;1107.2216796875;0
2276.854;1241.26159667969;0
2278.468;1207.60485839844;0
2280.084;1238.3623046875;0
2281.695;1085.19262695312;0
2283.305;1143.09582519531;0
2284.919;923.515197753906;0
2286.527;941.068481445312;0
2288.14;862.493713378907;0
2289.748;967.408752441407;0
2291.354;934.381958007813;0
2292.964;805.304626464844;0
2294.569;870.238708496094;0
2296.174;790.234252929687;0
2297.782;907.874389648438;0
2299.386;857.585388183594;0
2300.99;854.3896484375;0
2302.594;821.364868164063;0
2304.195;770.567199707031;0
2305.798;777.838012695313;0
2307.399;719.446838378906;0
2308.998;722.171203613282;0
2310.598;685.979064941406;0
2312.197;735.957336425782;0
2313.795;797.503173828125;0
2315.392;944.427124023437;0
2316.988;979.501708984375;0
2318.585;1064.50463867187;0
2320.18;1030.99157714844;0
2321.774;1109.40637207031;0
2323.368;1112.30249023438;0
2324.961;1156.89782714844;0
2326.553;966.963623046875;0
2328.145;1002.95971679688;0
2329.735;1006.86968994141;0
2331.324;1062.09497070313;0
2332.916;884.514038085937;0
2334.503;696.330871582031;0
2336.092;610.722229003906;0
2337.677;659.605102539063;0
2339.263;793.747009277344;0
2340.85;837.572631835937;0
2342.434;746.966064453125;0
2344.018;672.502868652344;0
2345.602;600.277770996094;0
2347.185;576.382507324219;0
2348.768;454.704925537109;0
2350.347;466.464996337891;0
2351.928;573.106079101563;0
2353.51;741.182800292969;0
2355.087;738.924194335938;0
2356.665;664.128601074219;0
2358.243;528.152893066406;0
2359.819;422.222259521484;0
2361.396;333.213043212891;0
2362.972;285.291809082031;0
2364.547;414.235382080078;0
2366.121;498.487182617188;0
2367.694;609.382568359375;0
2369.267;510.587249755859;0
2370.839;351.943023681641;0
2372.411;309.166351318359;0
2373.982;471.474853515625;0
2375.55;629.426818847656;0
2377.118;525.949829101563;0
2378.687;474.250549316406;0
2380.254;522.97802734375;0
2381.821;698.686218261719;0
2383.387;780.830505371093;0
2384.954;794.522277832031;0
2386.516;839.199645996094;0
2388.082;816.199584960937;0
2389.644;789.633728027344;0
2391.209;761.913452148438;0
2392.769;481.286987304688;0
2394.33;566.732482910156;0
2395.892;608.605285644531;0
2397.449;822.124450683593;0
2399.008;743.411315917969;0
2400.568;761.358215332031;0
2402.125;749.964721679687;0
2403.68;756.404602050782;0
2405.238;609.4033203125;0
2406.792;680.199401855469;0
2408.349;774.664794921875;0
2409.902;920.246032714844;0
2411.455;902.500427246094;0
2413.007;905.651794433594;0
2414.558;914.841186523437;0
2416.11;941.548095703125;0
2417.66;943.278198242188;0
2419.21;949.245361328125;0
2420.758;931.892395019531;0
2422.307;813.764831542969;0
2423.855;756.885864257812;0
2425.402;811.409606933594;0
2426.947;779.609558105468;0
2428.492;711.646789550781;0
2430.038;670.435791015625;0
2431.58;744.320373535156;0
2433.124;762.329956054687;0
2434.667;621.468322753906;0
2436.208;640.95263671875;0
2437.75;827.169189453125;0
2439.291;985.071899414062;0
2440.83;996.883178710938;0
2442.369;956.047607421875;0
2443.906;1009.12097167969;0
2445.444;1047.88208007813;0
2446.981;893.88916015625;0
2448.517;920.700134277344;0
2450.053;885.544189453125;0
2451.587;803.462158203125;0
2453.12;913.243530273438;0
2454.655;867.943237304687;0
2456.187;1049.00573730469;0
2457.718;1034.54113769531;0
2459.25;991.769958496093;0
2460.781;944.805358886719;0
2462.31;738.136901855469;0
2463.84;868.492736816406;0
2465.368;829.32470703125;0
2466.896;792.618957519531;0
2468.423;661.224487304688;0
2469.949;804.958374023438;0
2471.474;929.880432128906;0
2472.998;1010.5986328125;0
2474.522;951.194274902343;0
2476.045;871.200256347656;0
2477.568;1001.662109375;0
2479.09;966.1298828125;0
2480.612;1165.82507324219;0
2482.132;1025.74462890625;0
2483.653;1050.88244628906;0
2485.171;1007.83197021484;0
2486.689;1209.22045898437;0
2488.208;1271.71618652344;0
2489.725;1229.42980957031;0
2491.242;1149.47448730469;0
2492.757;1074.96203613281;0
2494.271;1040.82934570313;0
2495.785;924.93359375;0
2497.3;1031.80615234375;0
2498.812;1070.00219726562;0
2500.325;1191.18640136719;0
2501.837;1118.02355957031;0
2503.345;939.513122558593;0
2504.856;787.959350585938;0
2506.366;745.662536621094;0
2507.875;810.100158691406;0
2509.382;829.29736328125;0
2510.889;691.092041015625;0
2512.397;546.875427246094;0
2513.901;330.547393798828;0
2515.406;281.971588134766;0
2516.911;343.933166503906;0
2518.415;393.873962402344;0
2519.918;391.793426513672;0
2521.421;351.383453369141;0
2522.922;347.838714599609;0
2524.423;347.265777587891;0
2525.924;368.3349609375;0
2527.422;332.935943603516;0
2528.923;339.735229492188;0
2530.419;282.177185058594;0
2531.916;325.150451660156;0
2533.415;372.98828125;0
2534.909;332.022857666016;0
2536.404;173.031143188477;0
2537.899;3.83384108543396;0
2539.394;51.4192161560059;0
2540.887;152.7529296875;0
2542.38;302.615142822266;0
2543.871;188.454071044922;0
2545.363;256.314117431641;0
2546.852;375.380432128906;0
2548.345;376.770050048828;0
2549.833;364.028656005859;0
2551.321;233.284927368164;0
2552.811;500.608825683594;0
2554.296;539.939453125;0
2555.78;639.281921386719;0
2557.267;565.981994628906;0
2558.752;581.868713378906;0
2560.237;460.703155517578;0
2561.721;421.318115234375;0
2563.203;396.946441650391;0
2564.687;468.192901611328;0
2566.168;473.493927001953;0
2567.648;569.061828613281;0
2569.129;599.010070800781;0
2570.607;522.897338867188;0
2572.086;502.285461425781;0
2573.565;539.8037109375;0
2575.041;638.493835449219;0
2576.518;670.134948730469;0
2577.994;738.239196777344;0
2579.469;910.807861328125;0
2580.945;1086.39599609375;0
2582.418;1098.4453125;0
2583.892;1095.14489746094;0
2585.365;1065.59790039062;0
2586.835;1114.79028320313;0
2588.307;1161.287109375;0
2589.778;1090.40942382813;0
2591.248;1012.88623046875;0
2592.717;928.04541015625;0
2594.186;834.685974121094;0
2595.652;871.625366210938;0
2597.121;754.959533691406;0
2598.585;815.957214355469;0
2600.052;828.125305175781;0
2601.518;936.574157714844;0
2602.982;957.636108398438;0
2604.446;956.865966796875;0
2605.907;946.26513671875;0
2607.371;931.388671875;0
2608.83;1079.7646484375;0
2610.293;1081.53454589844;0
2611.752;1171.1474609375;0
2613.213;1100.93518066406;0
2614.672;1208.6748046875;0
2616.13;1270.36645507813;0
2617.587;1234.56616210938;0
2619.043;1354.60729980469;0
2620.501;1352.60131835938;0
2621.957;1374.65881347656;0
2623.409;1235.78002929688;0
2624.864;1199.7021484375;0
2626.318;1282.99328613281;0
2627.771;1312.13208007813;0
2629.222;1374.55944824219;0
2630.673;1248.67016601562;0
2632.124;1303.06359863281;0
2633.575;1288.72058105469;0
2635.023;1386.62353515625;0
2636.473;1353.80737304687;0
2637.922;1299.97973632813;0
2639.368;1174.29162597656;0
2640.816;1047.91125488281;0
2642.261;1062.5107421875;0
2643.705;1029.07861328125;0
2645.151;1044.65197753906;0
2646.596;969.088684082031;0
2648.037;973.614013671875;0
2649.48;856.466979980469;0
2650.923;726.39501953125;0
2652.364;681.142456054688;0
2653.804;709.830383300781;0
2655.243;726.790771484375;0
2656.683;692.244689941406;0
2658.121;686.633666992188;0
2659.559;688.624755859375;0
2660.997;681.106811523438;0
2662.433;859.524353027344;0
2663.868;912.144226074219;0
2665.305;992.522033691406;0
2666.737;835.215087890625;0
2668.173;825.672241210938;0
2669.606;790.711303710938;0
2671.038;770.119384765625;0
2672.47;721.467163085938;0
2673.901;685.316284179688;0
2675.331;787.068176269531;0
2676.761;793.925415039063;0
2678.189;686.338928222656;0
2679.619;514.39697265625;0
2681.045;360.299346923828;0
2682.473;460.152648925781;0
2683.9;454.335510253906;0
2685.324;473.421142578125;0
2686.749;438.996398925781;0
2688.176;451.111267089844;0
2689.599;526.004699707031;0
2691.021;505.078796386719;0
2692.444;526.555725097656;0
2693.865;532.103149414063;0
2695.287;400.507720947266;0
2696.707;329.206390380859;0
2698.125;208.198135375977;0
2699.545;358.377380371094;0
2700.963;366.521697998047;0
2702.381;464.966644287109;0
2703.798;466.267608642578;0
2705.214;443.314819335938;0
2706.629;449.553192138672;0
2708.046;440.98095703125;0
2709.458;380.595703125;0
2710.872;398.879974365234;0
2712.285;469.924133300781;0
2713.699;541.661376953125;0
2715.111;492.981628417969;0
2716.52;433.466705322266;0
2717.93;453.044769287109;0
2719.342;417.231903076172;0
2720.749;309.927307128906;0
2722.159;394.462585449219;0
2723.565;510.518249511719;0
2724.971;567.533386230469;0
2726.38;604.951721191406;0
2727.785;587.215576171875;0
2729.19;777.546752929688;0
2730.594;741.502319335938;0
2731.997;883.19921875;0
2733.401;819.860412597656;0
2734.803;744.040283203125;0
2736.204;690.960876464844;0
2737.606;749.733215332031;0
2739.005;872.916564941406;0
2740.405;912.400573730469;0
2741.806;902.632202148438;0
2743.202;958.945251464844;0
2744.602;1072.67639160156;0
2745.998;1082.49096679688;0
2747.395;1090.49877929688;0
2748.79;978.587585449219;0
2750.185;942.864624023438;0
2751.58;972.327453613281;0
2752.975;943.644409179688;0
2754.366;996.482116699219;0
2755.759;976.061828613281;0
2757.151;999.370239257813;0
2758.542;1118.01940917969;0
2759.933;1204.52258300781;0
2761.322;1274.62170410156;0
2762.71;1244.27197265625;0
2764.1;1207.55224609375;0
2765.486;1109.84338378906;0
2766.875;1043.77026367188;0
2768.26;1013.51586914063;0
2769.646;1016.14038085938;0
2771.031;990.302795410156;0
2772.418;1055.09741210938;0
2773.799;1102.01147460938;0
2775.184;1098.28540039063;0
2776.565;1050.79382324219;0
2777.946;1056.78955078125;0
2779.328;1237.52368164063;0
2780.708;1272.66345214844;0
2782.09;1314.86975097656;0
2783.469;1296.47619628906;0
2784.847;1344.36926269531;0
2786.226;1480.59777832031;0
2787.603;1442.99060058594;0
2788.978;1441.29663085938;0
2790.355;1378.45251464844;0
2791.731;1324.73815917969;0
2793.104;1252.42712402344;0
2794.479;1174.09460449219;0
2795.853;1139.03576660156;0
2797.225;1155.51611328125;0
2798.596;1219.19763183594;0
2799.967;1172.98815917969;0
2801.341;1035.60339355469;0
2802.71;818.557861328125;0
2804.077;773.1298828125;0
2805.447;704.307556152344;0
2806.815;592.763000488281;0
2808.183;492.052368164063;0
2809.551;455.06689453125;0
2810.915;466.807189941406;0
2812.282;444.277069091797;0
2813.646;443.695190429688;0
2815.011;518.729248046875;0
2816.375;484.047058105469;0
2817.736;431.871002197266;0
2819.099;410.647369384766;0
2820.462;404.484954833984;0
2821.821;407.182312011719;0
2823.182;389.130859375;0
2824.542;399.55078125;0
2825.901;463.104187011719;0
2827.261;437.457733154297;0
2828.617;470.944732666016;0
2829.974;437.009674072266;0
2831.33;527.765991210938;0
2832.686;509.881683349609;0
2834.043;553.353698730469;0
2835.395;480.291931152344;0
2836.75;514.583923339844;0
2838.104;621.227294921875;0
2839.456;626.99853515625;0
2840.807;673.340698242188;0
2842.16;534.687438964844;0
2843.509;624.620178222656;0
2844.858;674.348022460938;0
2846.209;707.822875976563;0
2847.556;606.995483398438;0
2848.906;566.188354492188;0
2850.253;696.531982421875;0
2851.6;692.201477050781;0
2852.946;716.307922363281;0
2854.29;572.851867675781;0
2855.635;570.272094726563;0
2856.98;428.335662841797;0
2858.323;382.147857666016;0
2859.665;345.56591796875;0
2861.008;349.023803710938;0
2862.349;445.004364013672;0
2863.691;469.246673583984;0
2865.031;516.125305175781;0
2866.37;508.216705322266;0
2867.709;477.245819091797;0
2869.048;453.729461669922;0
2870.385;449.522644042969;0
2871.722;625.399841308594;0
2873.059;769.71142578125;0
2874.394;791.902648925781;0
2875.73;762.93798828125;0
2877.064;714.976318359375;0
2878.398;729.670349121094;0
2879.731;690.351745605469;0
2881.063;769.349853515625;0
2882.395;858.995788574219;0
2883.727;967.053588867188;0
2885.059;987.867736816406;0
2886.387;951.105041503906;0
2887.717;984.098754882813;0
2889.046;998.182250976563;0
2890.374;1070.08911132813;0
2891.699;1068.29663085938;0
2893.028;1106.95190429688;0
2894.354;1024.02172851563;0
2895.679;990.665466308594;0
2897.004;1080.40563964844;0
2898.328;1012.56634521484;0
2899.653;981.062377929688;0
2900.976;867.04833984375;0
2902.297;899.033020019531;0
2903.619;854.02392578125;0
2904.941;799.3544921875;0
2906.26;760.913513183594;0
2907.58;814.701110839844;0
2908.898;766.494995117188;0
2910.217;866.289794921875;0
2911.536;832.851013183594;0
2912.852;889.006774902344;0
2914.171;894.040893554688;0
2915.485;879.491516113281;0
2916.799;905.691040039063;0
2918.116;897.974182128906;0
2919.428;942.11865234375;0
2920.743;890.950012207031;0
2922.056;874.82080078125;0
2923.367;889.889831542969;0
2924.679;925.181396484375;0
2925.99;1038.25744628906;0
2927.299;1176.06030273438;0
2928.609;1264.92443847656;0
2929.918;1194.56005859375;0
2931.226;1110.576171875;0
2932.535;1103.41613769531;0
2933.841;1059.75305175781;0
2935.149;1050.61059570313;0
2936.455;924.616760253906;0
2937.758;1012.34020996094;0
2939.064;917.791198730469;0
2940.368;977.041809082031;0
2941.67;936.797241210938;0
2942.973;1034.24047851563;0
2944.277;1097.96850585938;0
2945.577;1001.31353759766;0
2946.878;1000.48565673828;0
2948.178;1048.80493164063;0
2949.477;1199.00024414063;0
2950.776;1176.05798339844;0
2952.073;1120.07775878906;0
2953.372;1020.31286621094;0
2954.669;1085.05053710938;0
2955.965;1135.30981445313;0
2957.261;1207.09265136719;0
2958.556;1222.35961914063;0
2959.849;1174.205078125;0
2961.145;1252.85314941406;0
2962.436;1361.068359375;0
2963.732;1376.73950195313;0
2965.022;1365.97790527344;0
2966.313;1216.67224121094;0
2967.603;1132.64453125;0
2968.893;1135.19519042969;0
2970.182;1141.40124511719;0
2971.471;1141.73999023438;0
2972.759;1041.23876953125;0
2974.047;1019.51525878906;0
2975.334;994.314208984375;0
2976.62;935.125732421875;0
2977.907;808.19140625;0
2979.192;839.497741699219;0
2980.475;865.813842773438;0
2981.76;1015.58477783203;0
2983.043;983.699829101563;0
2984.326;979.935424804688;0
2985.607;833.845886230469;0
2986.888;784.101928710938;0
2988.17;753.936889648438;0
2989.449;685.8544921875;0
2990.728;592.125305175781;0
2992.007;620.988708496094;0
2993.284;593.777954101563;0
2994.562;565.712524414063;0
2995.84;445.125671386719;0
2997.115;542.679321289063;0
2998.393;601.039978027344;0
2999.666;623.092834472656;0
3000.94;497.594421386719;0
3002.215;531.031860351563;0
3003.486;486.608856201172;0
3004.76;568.325317382813;0
3006.033;556.917663574219;0
3007.303;500.7568359375;0
3008.573;419.598052978516;0
3009.844;363.000091552734;0
3011.114;395.542602539063;0
3012.383;395.332183837891;0
3013.649;369.47705078125;0
3014.917;295.419281005859;0
3016.185;255.159271240234;0
3017.451;164.806549072266;0
3018.716;202.803436279297;0
3019.983;231.149765014648;0
3021.246;463.317199707031;0
3022.509;484.246246337891;0
3023.774;471.837707519531;0
3025.035;289.387176513672;0
3026.299;178.565841674805;0
3027.56;184.163024902344;0
3028.819;150.730590820313;0
3030.081;207.823364257813;0
3031.339;174.882507324219;0
3032.598;233.350921630859;0
3033.856;198.828353881836;0
3035.114;284.44970703125;0
3036.372;302.784576416016;0
3037.628;461.945129394531;0
3038.883;447.599029541016;0
3040.138;413.524047851563;0
3041.394;383.715637207031;0
3042.646;406.169525146484;0
3043.9;394.107116699219;0
3045.152;392.529449462891;0
3046.405;353.326354980469;0
3047.657;336.084411621094;0
3048.906;336.883666992188;0
3050.158;315.873657226563;0
3051.407;403.870361328125;0
3052.656;382.008026123047;0
3053.904;536.844543457031;0
3055.153;611.714172363281;0
3056.398;667.84033203125;0
3057.647;636.668395996094;0
3058.892;704.937194824219;0
3060.137;742.322937011719;0
3061.382;735.972412109375;0
3062.625;738.660461425781;0
3063.869;755.646118164063;0
3065.112;796.263366699219;0
3066.353;769.134094238281;0
3067.595;812.322265625;0
3068.838;832.576782226563;0
3070.075;839.687377929688;0
3071.317;819.46240234375;0
3072.557;831.94384765625;0
3073.795;837.108825683594;0
3075.032;841.134948730469;0
3076.27;875.244140625;0
3077.507;898.040649414063;0
3078.742;883.091735839844;0
3079.978;800.1494140625;0
3081.212;752.971557617188;0
3082.446;754.694030761719;0
3083.681;822.407287597656;0
3084.913;836.394165039063;0
3086.147;874.599548339844;0
3087.38;943.521057128906;0
3088.61;1002.15502929688;0
3089.84;1014.80822753906;0
3091.071;942.989562988281;0
3092.3;944.172607421875;0
3093.529;988.939819335938;0
3094.755;1035.36437988281;0
3095.984;1051.60241699219;0
3097.211;978.180908203125;0
3098.438;855.455078125;0
3099.663;789.781066894531;0
3100.888;839.178771972656;0
3102.112;837.1357421875;0
3103.335;806.350341796875;0
3104.56;759.356811523438;0
3105.782;869.542602539063;0
3107.005;905.744384765625;0
3108.226;855.962036132813;0
3109.447;760.416015625;0
3110.667;706.106323242188;0
3111.887;800.032897949219;0
3113.104;830.974609375;0
3114.324;816.825927734375;0
3115.541;781.306823730469;0
3116.758;754.704406738281;0
3117.976;753.794860839844;0
3119.192;691.353210449219;0
3120.408;652.71728515625;0
3121.622;715.334594726563;0
3122.835;714.095581054688;0
3124.05;764.000244140625;0
3125.262;659.448669433594;0
3126.476;615.801330566406;0
3127.687;560.927612304688;0
3128.897;662.199645996094;0
3130.108;787.615966796875;0
3131.319;806.664794921875;0
3132.528;808.339721679688;0
3133.737;770.94091796875;0
3134.945;803.919372558594;0
3136.152;821.351989746094;0
3137.358;767.350463867188;0
3138.565;774.738586425781;0
3139.772;680.123901367188;0
3140.976;706.203186035156;0
3142.18;589.410583496094;0
3143.385;599.05126953125;0
3144.588;644.087158203125;0
3145.79;689.65380859375;0
3146.993;764.573547363281;0
3148.194;647.515808105469;0
3149.395;620.988159179688;0
3150.596;514.979309082031;0
3151.794;625.178405761719;0
3152.994;629.956237792969;0
3154.193;670.306335449219;0
3155.39;522.01025390625;0
3156.587;512.651489257813;0
3157.784;509.735412597656;0
3158.982;494.209136962891;0
3160.177;442.190002441406;0
3161.37;335.593536376953;0
3162.565;423.579071044922;0
3163.759;435.342651367188;0
3164.952;448.635131835938;0
3166.146;355.205718994141;0
3167.337;289.821441650391;0
3168.527;291.085632324219;0
3169.719;290.902679443359;0
3170.91;288.572937011719;0
3172.098;215.653549194336;0
3173.288;190.55029296875;0
3174.475;247.010955810547;0
3175.663;217.388854980469;0
3176.849;275.464935302734;0
3178.037;332.877563476563;0
3179.223;402.10546875;0
3180.408;384.36865234375;0
3181.592;360.648895263672;0
3182.777;342.944000244141;0
3183.96;350.251647949219;0
3185.143;315.841033935547;0
3186.325;422.0166015625;0
3187.507;402.222351074219;0
3188.688;442.895629882813;0
3189.869;339.907897949219;0
3191.049;377.813751220703;0
3192.228;395.695465087891;0
3193.406;443.506256103516;0
3194.585;411.110961914063;0
3195.763;381.209167480469;0
3196.939;353.712829589844;0
3198.116;408.585601806641;0
3199.292;490.472503662109;0
3200.466;557.357055664063;0
3201.643;638.897338867188;0
3202.816;658.704650878906;0
3203.991;681.743591308594;0
3205.161;595.281555175781;0
3206.334;564.113098144531;0
3207.504;605.599609375;0
3208.677;654.439086914063;0
3209.846;703.037841796875;0
3211.017;716.760986328125;0
3212.187;755.743530273438;0
3213.356;706.792297363281;0
3214.524;714.277893066406;0
3215.69;743.53369140625;0
3216.859;799.21044921875;0
3218.024;815.862548828125;0
3219.189;882.709838867188;0
3220.354;802.194152832031;0
3221.519;850.36572265625;0
3222.682;699.828002929688;0
3223.845;817.977355957031;0
3225.01;798.450805664063;0
3226.171;979.676513671875;0
3227.332;1067.37463378906;0
3228.494;1048.84558105469;0
3229.655;995.234802246094;0
3230.814;977.817932128906;0
3231.973;1026.61010742188;0
3233.13;1044.611328125;0
3234.29;936.934448242188;0
3235.447;901.505004882813;0
3236.605;822.647094726563;0
3237.76;894.758666992188;0
3238.916;821.837951660156;0
3240.071;918.243957519531;0
3241.224;900.064636230469;0
3242.381;1012.13812255859;0
3243.532;950.054565429688;0
3244.685;898.777038574219;0
3245.839;847.981201171875;0
3246.99;809.302917480469;0
3248.141;825.821838378906;0
3249.292;875.652770996094;0
3250.439;942.81396484375;0
3251.589;943.752136230469;0
3252.739;937.024536132813;0
3253.886;862.692626953125;0
3255.034;832.514099121094;0
3256.18;855.076171875;0
3257.326;890.750183105469;0
3258.472;931.427917480469;0
3259.617;842.445556640625;0
3260.761;802.596740722656;0
3261.905;791.040405273438;0
3263.048;877.02294921875;0
3264.19;809.485473632813;0
3265.333;782.003479003906;0
3266.475;732.413940429688;0
3267.617;818.723876953125;0
3268.757;800.247436523438;0
3269.896;777.405334472656;0
3271.036;755.283386230469;0
3272.175;780.319946289063;0
3273.313;732.406433105469;0
3274.449;794.41357421875;0
3275.586;734.679321289063;0
3276.722;809.91845703125;0
3277.859;696.0556640625;0
3278.993;773.949401855469;0
3280.13;703.889770507813;0
3281.263;718.088928222656;0
3282.395;736.506896972656;0
3283.529;815.028747558594;0
3284.66;903.959289550781;0
3285.794;865.118225097656;0
3286.924;884.519470214844;0
3288.054;810.349609375;0
3289.185;772.043884277344;0
3290.313;726.440979003906;0
3291.443;735.1513671875;0
3292.571;759.311340332031;0
3293.698;763.246948242188;0
3294.824;758.26171875;0
3295.952;722.500305175781;0
3297.077;685.262512207031;0
3298.203;598.743530273438;0
3299.328;607.704650878906;0
3300.45;563.836853027344;0
3301.574;661.245544433594;0
3302.698;631.604919433594;0
3303.819;723.277587890625;0
3304.942;744.309204101563;0
3306.064;796.264587402344;0
3307.182;813.114562988281;0
3308.303;713.003967285156;0
3309.423;712.306884765625;0
3310.542;597.765258789063;0
3311.66;599.973876953125;0
3312.778;509.645690917969;0
3313.895;445.560852050781;0
3315.012;406.051849365235;0
3316.128;487.56527709961;0
3317.243;547.6591796875;0
3318.357;575.999206542969;0
3319.471;523.586975097656;0
3320.586;509.97769165039;0
3321.698;635.455993652344;0
3322.813;552.647033691406;0
3323.923;532.745849609375;0
3325.034;521.328247070313;0
3326.146;715.220397949219;0
3327.255;763.098876953125;0
3328.366;640.332397460938;0
3329.474;612.381958007813;0
3330.582;640.704956054687;0
3331.691;665.573181152344;0
3332.797;582.315307617188;0
3333.905;551.904296875;0
3335.011;537.783386230469;0
3336.116;494.598205566406;0
3337.22;482.053314208984;0
3338.327;524.202941894531;0
3339.429;539.55517578125;0
3340.534;448.263000488281;0
3341.635;483.911346435547;0
3342.737;448.987243652344;0
3343.84;504.832641601563;0
3344.94;413.497344970703;0
3346.041;463.722137451172;0
3347.142;464.157531738281;0
3348.24;408.029510498047;0
3349.337;407.892364501953;0
3350.437;416.132110595703;0
3351.534;460.258819580078;0
3352.633;447.729095458984;0
3353.727;489.13818359375;0
3354.823;520.320373535156;0
3355.919;601.171203613281;0
3357.013;577.647399902344;0
3358.108;540.322021484375;0
3359.201;614.215881347656;0
3360.293;618.318298339844;0
3361.385;660.402282714844;0
3362.478;543.61328125;0
3363.569;562.200256347656;0
3364.661;564.842163085938;0
3365.75;541.517761230469;0
3366.838;517.113098144531;0
3367.929;528.056457519531;0
3369.017;582.0234375;0
3370.105;556.396118164062;0
3371.193;501.671875;0
3372.279;443.151611328125;0
3373.364;493.120483398438;0
3374.45;535.332946777344;0
3375.534;580.795349121094;0
3376.62;558.510498046875;0
3377.704;636.149353027344;0
3378.786;653.788757324219;0
3379.871;724.767272949219;0
3380.951;753.759033203125;0
3382.034;799.515930175781;0
3383.114;773.068908691406;0
3384.195;721.298522949219;0
3385.276;658.673400878906;0
3386.354;703.747619628906;0
3387.433;722.910583496094;0
3388.511;816.943664550781;0
3389.588;819.486145019531;0
3390.664;836.758117675781;0
3391.742;740.637084960938;0
3392.816;745.671508789063;0
3393.893;731.695129394531;0
3394.968;847.669250488281;0
3396.042;864.822326660156;0
3397.115;886.261169433594;0
3398.189;808.499389648438;0
3399.262;699.017150878906;0
3400.333;697.966491699219;0
3401.404;732.427795410156;0
3402.474;761.381896972656;0
3403.545;763.85595703125;0
3404.615;749.188720703125;0
3405.685;787.693969726563;0
3406.752;716.24169921875;0
3407.82;719.61474609375;0
3408.888;772.191528320313;0
3409.955;803.077087402344;0
3411.021;797.158874511719;0
3412.085;721.407104492187;0
3413.151;747.858825683594;0
3414.215;662.93896484375;0
3415.279;696.448913574219;0
3416.343;693.375915527344;0
3417.406;775.6455078125;0
3418.468;799.873657226563;0
3419.53;782.744384765625;0
3420.592;739.462219238281;0
3421.652;737.76171875;0
3422.712;812.156921386719;0
3423.773;824.623107910156;0
3424.83;803.446166992187;0
3425.889;738.756042480469;0
3426.946;711.688537597656;0
3428.005;755.799255371094;0
3429.061;778.634399414062;0
3430.117;799.858276367188;0
3431.172;730.480224609375;0
3432.227;650.854919433594;0
3433.281;638.808288574219;0
3434.335;648.985046386719;0
3435.389;697.708190917969;0
3436.44;759.365783691406;0
3437.492;792.8955078125;0
3438.546;747.677856445313;0
3439.598;667.839782714844;0
3440.646;561.083801269531;0
3441.697;561.232482910156;0
3442.745;552.432739257813;0
3443.793;635.545776367188;0
3444.842;668.693725585938;0
3445.891;725.759338378906;0
3446.937;715.024963378906;0
3447.984;761.208801269531;0
3449.031;730.335510253906;0
3450.075;719.615600585938;0
3451.12;624.922729492188;0
3452.164;626.293273925781;0
3453.207;633.076965332031;0
3454.251;655.22314453125;0
3455.293;645.408020019531;0
3456.336;572.582885742188;0
3457.378;548.980224609375;0
3458.417;584.862731933594;0
3459.458;571.39306640625;0
3460.498;551.760314941406;0
3461.539;558.824462890625;0
3462.577;592.793579101563;0
3463.614;630.015502929687;0
3464.651;591.773193359375;0
3465.689;602.553161621094;0
3466.726;609.504821777344;0
3467.763;565.676452636719;0
3468.798;561.001342773438;0
3469.831;572.362854003906;0
3470.866;627.402954101562;0
3471.9;612.591674804687;0
3472.933;557.534851074219;0
3473.966;457.149932861328;0
3474.999;511.962921142578;0
3476.029;540.306579589844;0
3477.061;622.08544921875;0
3478.09;522.449890136719;0
3479.121;510.85073852539;0
3480.15;523.94140625;0
3481.178;566.407897949219;0
3482.205;577.35546875;0
3483.234;537.848266601563;0
3484.26;535.76953125;0
3485.288;501.34521484375;0
3486.313;502.911865234375;0
3487.337;530.943237304688;0
3488.364;576.910217285156;0
3489.387;615.7431640625;0
3490.411;606.984252929688;0
3491.434;624.074584960938;0
3492.456;557.434387207031;0
3493.479;450.724182128906;0
3494.5;331.313537597656;0
3495.521;286.667633056641;0
3496.543;277.015441894531;0
3497.561;235.908218383789;0
3498.579;150.466247558594;0
3499.6;90.9653778076172;0
3500.618;21.8643474578857;0
3501.636;-61.5284538269043;0
3502.653;-104.028343200684;0
3503.669;-38.3917121887207;0
3504.685;-27.5164070129395;0
3505.699;3.91393947601318;0
3506.716;-30.9430313110352;0
3507.729;-40.2150459289551;0
3508.743;-74.0885391235352;0
3509.755;-85.7986145019531;0
