98.64605;0;0
101.2353;0;0
103.8217;0;0
106.4096;22.3333339691162;0
108.9945;-16.7333335876465;0
111.5767;-127.190475463867;0
114.1602;-3.9753086566925;0
116.7409;130.919189453125;0
119.3209;207.01708984375;0
121.9002;52.4222221374512;0
124.4788;-32.6535949707031;0
127.0566;-71.7543869018555;0
129.6317;31.8571434020996;0
132.2038;55.1545906066895;0
134.7796;49.5111122131348;0
137.3503;-24.5884780883789;0
139.9204;-29.781608581543;0
142.4919;104.562721252441;0
145.0584;336.127960205078;0
147.6242;519.06982421875;0
150.1914;600.471496582031;0
152.7579;674.122497558594;0
155.3216;518.9755859375;0
157.8846;518.72607421875;0
160.4448;606.301208496094;0
163.0085;852.394775390625;0
165.5672;959.718811035156;0
168.1232;945.193908691406;0
170.6826;980.698120117188;0
173.2372;1017.44445800781;0
175.7931;1098.5302734375;0
178.3463;1148.12805175781;0
180.8966;1184.63842773438;0
183.4504;1223.419921875;0
185.9993;1271.93591308594;0
188.5476;1361.9814453125;0
191.0972;1443.716796875;0
193.644;1446.66467285156;0
196.1859;1377.71862792969;0
198.7335;1403.01770019531;0
201.2761;1338.01867675781;0
203.8201;1334.54064941406;0
206.3593;1192.24975585937;0
208.8998;1356.40710449219;0
211.4397;1373.06286621094;0
213.9746;1601.39526367188;0
216.5109;1498.73083496094;0
219.0487;1516.21374511719;0
221.5816;1455.97607421875;0
224.1158;1588.58654785156;0
226.6473;1659.23681640625;0
229.176;1751.23937988281;0
231.7082;1823.38549804687;0
234.2355;2002.47424316406;0
236.7643;1957.69128417969;0
239.2902;1941.35034179688;0
241.8133;1872.69836425781;0
244.3379;1757.99743652344;0
246.8618;1773.32409667969;0
249.3828;1658.11254882813;0
251.9053;1760.36450195312;0
254.423;1688.58374023438;0
256.942;1654.16394042969;0
259.4603;1691.51611328125;0
261.9759;1684.78479003906;0
264.4887;1746.00378417969;0
267.005;1700.87731933594;0
269.5164;1790.96740722656;0
272.0292;1888.07885742188;0
274.5393;1946.07397460937;0
277.0466;1991.80541992188;0
279.5574;1994.49523925781;0
282.0654;2086.76171875;0
284.5686;2088.51684570312;0
287.0752;2109.3583984375;0
289.5791;2001.88745117187;0
292.0803;1965.59924316406;0
294.5828;1904.62561035156;0
297.0826;1978.18090820312;0
299.5838;1950.04736328125;0
302.0801;1860.24047851562;0
304.5758;1612.54638671875;0
307.0749;1525.99426269531;0
309.5672;1519.99609375;0
312.0608;1633.9580078125;0
314.5558;1552.91845703125;0
317.044;1599.72351074219;0
319.5377;1522.02990722656;0
322.0266;1621.44189453125;0
324.5127;1599.51257324219;0
327.0023;1803.43811035156;0
329.4871;1896.330078125;0
331.9691;2085.36083984375;0
334.4547;2036.3916015625;0
336.9353;2102.10766601563;0
339.4174;2084.49731445313;0
341.901;2112.37817382813;0
344.3776;2112.5146484375;0
346.8577;2081.51318359375;0
349.333;2087.94091796875;0
351.8076;2048.53100585938;0
354.2857;2040.78405761719;0
356.7569;2003.36975097656;0
359.2296;1905.35607910156;0
361.7015;1792.30090332031;0
364.1729;1807.33776855469;0
366.6414;1837.74792480469;0
369.1093;1846.97119140625;0
371.5745;1862.60473632813;0
374.0432;1824.62927246094;0
376.507;1833.63403320312;0
378.9702;1682.00500488281;0
381.4348;1566.62390136719;0
383.8947;1537.37512207031;0
386.3538;1563.890625;0
388.8144;1752.55700683594;0
391.2722;1815.33801269531;0
393.7314;1824.04467773437;0
396.1859;1856.02490234375;0
398.6418;1972.58312988281;0
401.0949;2214.02197265625;0
403.5475;2150.23364257813;0
405.9972;2157.78784179688;0
408.4505;2092.69506835938;0
410.899;2224.47119140625;0
413.3468;2116.04516601563;0
415.796;2000.64672851563;0
418.2405;1912.36193847656;0
420.6884;1865.3388671875;0
423.1295;1800.66625976562;0
425.572;1777.23779296875;0
428.0159;1771.93933105469;0
430.455;1818.60961914063;0
432.8956;1759.919921875;0
435.3335;1783.10217285156;0
437.7707;1745.94262695313;0
440.2093;1750.49450683594;0
442.6432;1716.34008789063;0
445.0764;1678.81616210937;0
447.511;1516.27880859375;0
449.9429;1508.12756347656;0
452.3721;1533.96655273437;0
454.8048;1643.47314453125;0
457.2328;1639.55859375;0
459.66;1626.7626953125;0
462.0847;1626.75842285156;0
464.5127;1651.47985839844;0
466.9381;1747.4638671875;0
469.3587;1907.68298339844;0
471.7807;2035.4580078125;0
474.2042;2075.78881835937;0
476.6229;1994.35766601562;0
479.041;1978.03564453125;0
481.4604;1866.90625;0
483.8752;1908.90295410156;0
486.2934;1841.86828613281;0
488.7068;1879.68798828125;0
491.1197;1764.21875;0
493.5339;1808.46752929688;0
495.9435;1758.56872558594;0
498.3544;1641.12902832031;0
500.7667;1584.48498535156;0
503.1723;1576.419921875;0
505.5793;1696.36962890625;0
507.9856;1619.62377929687;0
510.3913;1572.30346679688;0
512.7944;1472.53002929687;0
515.1968;1333.08752441406;0
517.5986;1221.53442382812;0
519.9997;1192.15063476562;0
522.3982;1233.22497558594;0
524.798;1287.73693847656;0
527.1973;1295.49096679688;0
529.5919;1327.31640625;0
531.9899;1277.30261230469;0
534.3832;1437.6064453125;0
536.7758;1393.28894042969;0
539.1699;1506.77258300781;0
541.5593;1315.79699707031;0
543.9481;1368.685546875;0
546.3382;1381.90051269531;0
548.7257;1451.03771972656;0
551.1146;1495.22131347656;0
553.4968;1505.55603027344;0
555.8824;1609.2001953125;0
558.2675;1655.31811523438;0
560.6478;1626.93725585937;0
563.0295;1663.17077636719;0
565.4106;1548.23681640625;0
567.7911;1603.72839355469;0
570.169;1545.79113769531;0
572.5462;1461.80969238281;0
574.9229;1455.67395019531;0
577.2968;1310.24890136719;0
579.6721;1453.21911621094;0
582.0449;1308.24694824219;0
584.417;1239.99938964844;0
586.7885;1046.03515625;0
589.1553;1025.14416503906;0
591.5255;1104.08715820313;0
593.8931;1059.3232421875;0
596.2601;1077.81530761719;0
598.6265;1066.07104492188;0
600.9902;1210.79711914063;0
603.3554;1285.76818847656;0
605.7179;1228.26232910156;0
608.0778;1289.87182617187;0
610.4391;1104.71618652344;0
612.7977;1207.40270996094;0
615.1558;1176.02819824219;0
617.5132;1458.42687988281;0
619.8701;1331.55078125;0
622.2263;1276.50463867188;0
624.5779;1267.56958007812;0
626.9308;1500.66284179688;0
629.2852;1610.15087890625;0
631.6349;1711.87109375;0
633.9841;1800.57690429688;0
636.3326;1893.24035644531;0
638.6805;1928.83483886719;0
641.0279;1882.57299804688;0
643.3746;1979.44580078125;0
645.7187;1893.68408203125;0
648.0621;1840.17810058594;0
650.405;1608.04553222656;0
652.7453;1612.0087890625;0
655.087;1716.23266601563;0
657.426;1767.71228027344;0
659.7645;1838.17309570313;0
662.1024;1683.32666015625;0
664.4376;1536.52392578125;0
666.7742;1326.26538085937;0
669.1063;1226.42663574219;0
671.4398;1342.04187011719;0
673.7726;1410.30480957031;0
676.1048;1455.89379882813;0
678.4324;1483.69677734375;0
680.7635;1387.69873046875;0
683.0919;1375.95739746094;0
685.4158;1284.92260742188;0
687.743;1276.75964355469;0
690.0696;1350.89477539062;0
692.3937;1504.47143554688;0
694.7151;1515.61120605469;0
697.038;1603.49865722656;0
699.3583;1492.90319824219;0
701.6779;1615.38671875;0
703.995;1601.39599609375;0
706.3155;1546.35632324219;0
708.6294;1642.93273925781;0
710.9467;1623.548828125;0
713.2594;1785.03051757813;0
715.5735;1575.79174804687;0
717.887;1536.42297363281;0
720.1979;1573.71313476563;0
722.5083;1820.29992675781;0
724.818;1828.93713378906;0
727.1252;1626.3916015625;0
729.4357;1529.62854003906;0
731.7418;1480.80908203125;0
734.0452;1624.75451660156;0
736.35;1531.22521972656;0
738.6522;1453.10705566406;0
740.9539;1412.94995117188;0
743.2569;1354.80541992188;0
745.5554;1384.1328125;0
747.8553;1268.03967285156;0
750.1545;1298.97033691406;0
752.4513;1421.33166503906;0
754.7474;1298.10375976562;0
757.043;1179.87744140625;0
759.336;1098.65393066406;0
761.6304;1167.8271484375;0
763.9222;1128.13403320313;0
766.2114;871.762084960938;0
768.5041;786.542846679688;0
770.7922;750.374267578125;0
773.0777;753.971984863281;0
775.3647;801.091979980469;0
777.651;924.309265136718;0
779.9368;889.632507324219;0
782.22;991.222900390625;0
784.5026;927.822021484375;0
786.7847;1143.41723632813;0
789.0662;1098.06774902344;0
791.3451;1222.65124511719;0
793.6254;1261.00451660156;0
795.9012;1394.86462402344;0
798.1784;1417.3896484375;0
800.455;1474.10522460937;0
802.7291;1389.38342285156;0
805.0026;1340.54858398438;0
807.2755;1424.12585449219;0
809.5478;1474.21166992188;0
811.8176;1503.68212890625;0
814.0869;1491.22863769531;0
816.3535;1610.80334472656;0
818.6235;1796.74963378906;0
820.8911;1680.67980957031;0
823.156;1726.92028808594;0
825.4204;1637.4775390625;0
827.6823;1799.0009765625;0
829.9474;1733.31079101563;0
832.2082;1797.09545898438;0
834.4683;1755.75207519531;0
836.7279;1743.27172851563;0
838.9869;1648.75817871094;0
841.2453;1649.88562011719;0
843.5012;1727.75964355469;0
845.7565;1800.28833007813;0
848.0133;1802.86437988281;0
850.2655;1760.29138183594;0
852.5153;1635.08630371094;0
854.7703;1539.23608398438;0
857.0189;1446.54382324219;0
859.2668;1459.36499023437;0
861.5182;1473.04223632813;0
863.7651;1379.23937988281;0
866.0114;1427.85046386719;0
868.2592;1174.57836914063;0
870.5024;1190.62829589844;0
872.7451;1006.78302001953;0
874.9872;1259.83947753906;0
877.2307;1251.10827636719;0
879.4717;1285.80395507812;0
881.7101;1070.70104980469;0
883.95;1030.001953125;0
886.1854;1032.45422363281;0
888.4202;1079.23120117187;0
890.6604;1114.9814453125;0
892.8941;1092.86267089844;0
895.1253;1185.79345703125;0
897.3599;1184.23046875;0
899.59;1174.45886230469;0
901.8195;1054.927734375;0
904.0504;1159.578125;0
906.2789;1282.57336425781;0
908.5087;1476.91357421875;0
910.7341;1406.18823242188;0
912.9589;1251.04833984375;0
915.1851;1221.10656738281;0
917.4088;1385.72143554687;0
919.63;1458.56970214844;0
921.8526;1197.083984375;0
924.0727;1168.66784667969;0
926.2922;1357.80920410156;0
928.5112;1615.09875488281;0
930.7277;1457.37805175781;0
932.9476;1195.89868164063;0
935.163;1046.06335449219;0
937.3739;837.100280761719;0
939.5901;886.865478515625;0
941.8019;891.291625976563;0
944.0151;940.310729980469;0
946.2258;825.679809570313;0
948.4341;602.748413085938;0
950.6456;762.400268554688;0
952.8527;717.013366699219;0
955.0593;893.248168945313;0
957.2653;580.358093261719;0
959.4689;696.322082519531;0
961.6738;741.256042480469;0
963.8782;879.076538085938;0
966.0782;777.876220703125;0
968.2815;734.101623535156;0
970.4803;714.289367675781;0
972.6787;717.695129394531;0
974.8784;804.608093261719;0
977.0757;920.433166503906;0
979.2704;860.373779296875;0
981.4667;757.875732421875;0
983.6603;692.608947753906;0
985.8535;839.342163085938;0
988.0461;993.641540527344;0
990.2363;930.628967285156;0
992.4297;1173.87805175781;0
994.6169;1256.07800292969;0
996.8035;1628.07531738281;0
998.9933;1702.15954589844;0
1001.179;1803.99182128906;0
1003.364;1785.82531738281;0
1005.55;1691.42114257812;0
1007.732;1814.40246582031;0
1009.916;1736.71850585937;0
1012.096;1815.921875;0
1014.275;1521.80200195313;0
1016.459;1628.95471191406;0
1018.636;1684.74890136719;0
1020.813;1967.78918457031;0
1022.991;2034.77758789062;0
1025.165;1981.57592773438;0
1027.34;1828.50415039062;0
1029.515;1760.38842773437;0
1031.687;1706.2236328125;0
1033.859;1751.18127441406;0
1036.03;1792.98413085938;0
1038.199;1726.90075683594;0
1040.369;1714.33142089844;0
1042.536;1600.50451660156;0
1044.704;1566.86584472656;0
1046.87;1503.42492675781;0
1049.034;1340.84509277344;0
1051.198;1181.79077148438;0
1053.363;1077.81945800781;0
1055.526;1210.54211425781;0
1057.686;1295.20910644531;0
1059.845;1363.20239257813;0
1062.005;1256.52197265625;0
1064.165;1186.05651855469;0
1066.323;1180.35632324219;0
1068.477;1092.75085449219;0
1070.634;1212.24682617187;0
1072.788;896.736694335938;0
1074.942;983.118103027343;0
1077.096;893.616455078125;0
1079.247;1214.64306640625;0
1081.397;1311.76086425781;0
1083.547;1431.55407714844;0
1085.695;1379.68627929688;0
1087.844;1339.65588378906;0
1089.992;1264.0927734375;0
1092.138;1250.744140625;0
1094.284;1274.34020996094;0
1096.425;1378.29919433594;0
1098.571;1455.08740234375;0
1100.711;1429.76538085938;0
1102.851;1479.9658203125;0
1104.994;1555.61804199219;0
1107.132;1605.71899414062;0
1109.271;1594.78625488281;0
1111.408;1653.77392578125;0
1113.543;1691.91809082031;0
1115.682;1749.3974609375;0
1117.816;1555.98046875;0
1119.947;1589.78283691406;0
1122.08;1492.31042480469;0
1124.213;1709.88391113281;0
1126.343;1695.26647949219;0
1128.474;1745.57336425781;0
1130.602;1511.77758789063;0
1132.728;1414.98754882813;0
1134.856;1435.92443847656;0
1136.982;1454.76342773438;0
1139.109;1664.47644042969;0
1141.234;1714.08947753906;0
1143.356;1740.26062011719;0
1145.479;1662.56140136719;0
1147.599;1545.30065917969;0
1149.719;1575.29125976562;0
1151.839;1567.98022460938;0
1153.957;1561.14501953125;0
1156.076;1434.33972167969;0
1158.191;1106.90124511719;0
1160.305;1052.05297851563;0
1162.423;1084.04467773438;0
1164.536;1341.05310058594;0
1166.647;1323.95324707031;0
1168.761;1494.58581542969;0
1170.871;1456.60546875;0
1172.983;1451.724609375;0
1175.092;1485.38537597656;0
1177.2;1676.13146972656;0
1179.306;1784.03271484375;0
1181.413;1822.46923828125;0
1183.518;1741.97326660156;0
1185.623;1725.82470703125;0
1187.725;1576.35314941406;0
1189.826;1582.29431152344;0
1191.929;1734.38916015625;0
1194.032;1890.36022949219;0
1196.13;1779.21105957031;0
1198.23;1653.94055175781;0
1200.327;1697.27514648438;0
1202.423;1763.92016601563;0
1204.52;1813.46154785156;0
1206.613;1557.45227050781;0
1208.71;1632.2548828125;0
1210.801;1669.6259765625;0
1212.892;1765.72668457031;0
1214.987;1793.02392578125;0
1217.075;1884.23803710938;0
1219.166;1745.38635253906;0
1221.256;1757.71411132813;0
1223.342;1596.55383300781;0
1225.43;1763.52563476562;0
1227.515;1573.78735351563;0
1229.597;1625.93591308594;0
1231.685;1675.57238769531;0
1233.767;1744.01904296875;0
1235.85;1706.75427246094;0
1237.931;1642.67065429687;0
1240.009;1596.69348144531;0
1242.09;1480.16613769531;0
1244.168;1408.39929199219;0
1246.245;1445.61511230469;0
1248.321;1570.14965820312;0
1250.397;1651.94091796875;0
1252.472;1688.76635742187;0
1254.547;1501.619140625;0
1256.618;1410.72497558594;0
1258.69;1336.08947753906;0
1260.761;1467.63256835937;0
1262.83;1560.59387207031;0
1264.901;1622.90478515625;0
1266.969;1645.92199707031;0
1269.035;1498.091796875;0
1271.102;1625.48278808594;0
1273.167;1611.90930175781;0
1275.233;1820.37097167969;0
1277.295;1752.42346191406;0
1279.359;1760.17956542969;0
1281.42;1506.52465820313;0
1283.482;1345.67797851562;0
1285.542;1170.83166503906;0
1287.6;1385.08337402344;0
1289.659;1319.61108398438;0
1291.714;1472.99658203125;0
1293.774;1527.85388183594;0
1295.828;1747.83166503906;0
1297.881;1805.19763183594;0
1299.936;1799.5166015625;0
1301.987;1814.55725097656;0
1304.041;1847.01647949219;0
1306.09;1760.18493652344;0
1308.139;1695.51220703125;0
1310.19;1764.01794433594;0
1312.238;1968.10754394531;0
1314.286;1966.10485839844;0
1316.331;1935.17663574219;0
1318.376;1873.76049804687;0
1320.422;1809.08068847656;0
1322.466;1747.84606933594;0
1324.508;1792.80590820313;0
1326.549;1911.74133300781;0
1328.59;1835.32739257812;0
1330.632;1734.39074707031;0
1332.67;1898.94873046875;0
1334.707;2052.5068359375;0
1336.746;2051.4853515625;0
1338.78;1890.0283203125;0
1340.816;1726.10925292969;0
1342.852;1369.40173339844;0
1344.885;1284.46301269531;0
1346.916;1127.58825683594;0
1348.948;1455.92297363281;0
1350.979;1386.43591308594;0
1353.011;1582.34887695313;0
1355.04;1529.70080566406;0
1357.066;1547.83898925781;0
1359.094;1570.0908203125;0
1361.121;1468.45617675781;0
1363.145;1482.37084960937;0
1365.171;1273.83032226563;0
1367.192;1150.978515625;0
1369.216;1056.42175292969;0
1371.239;1064.78063964844;0
1373.258;1208.59497070313;0
1375.28;1177.49084472656;0
1377.298;1101.91442871094;0
1379.316;987.3017578125;0
1381.335;1026.18957519531;0
1383.35;1087.51989746094;0
1385.366;1138.49621582031;0
1387.38;1039.31591796875;0
1389.394;994.641357421875;0
1391.409;1002.39556884766;0
1393.42;873.08935546875;0
1395.43;886.75;0
1397.44;901.366271972656;0
1399.451;1126.20166015625;0
1401.458;1138.74841308594;0
1403.466;810.228454589844;0
1405.472;633.024963378906;0
1407.478;555.636169433594;0
1409.483;815.128479003906;0
1411.486;962.902282714844;0
1413.49;1115.35827636719;0
1415.492;1185.3837890625;0
1417.492;1108.39575195313;0
1419.495;1034.73986816406;0
1421.494;977.554443359375;0
1423.492;1124.5927734375;0
1425.49;1200.57470703125;0
1427.487;1282.33251953125;0
1429.482;1401.20263671875;0
1431.477;1529.1953125;0
1433.471;1568.40368652344;0
1435.466;1551.59558105469;0
1437.456;1492.66027832031;0
1439.447;1513.35925292969;0
1441.441;1502.9560546875;0
1443.427;1675.25634765625;0
1445.417;1810.63525390625;0
1447.406;1930.09155273438;0
1449.392;1786.51733398438;0
1451.381;1593.02905273437;0
1453.365;1368.40734863281;0
1455.348;1352.93725585938;0
1457.333;1396.33459472656;0
1459.314;1597.36999511719;0
1461.296;1600.92443847656;0
1463.276;1378.33288574219;0
1465.256;1104.25842285156;0
1467.237;1225.19226074219;0
1469.215;1503.82336425781;0
1471.19;1630.30432128906;0
1473.167;1600.40686035156;0
1475.145;1426.01770019531;0
1477.118;1378.36389160156;0
1479.092;1331.08618164063;0
1481.065;1432.20434570313;0
1483.038;1370.16577148438;0
1485.008;1272.193359375;0
1486.979;1288.552734375;0
1488.949;1288.58837890625;0
1490.917;1281.20532226562;0
1492.883;1216.88842773437;0
1494.852;1116.07983398438;0
1496.817;1115.57849121094;0
1498.782;1108.57995605469;0
1500.748;1275.37817382812;0
1502.708;1129.15209960938;0
1504.673;1138.89575195312;0
1506.634;968.166870117188;0
1508.594;938.528198242188;0
1510.554;982.094116210938;0
1512.512;1126.17065429688;0
1514.471;1375.87951660156;0
1516.428;1245.17944335938;0
1518.384;1267.35070800781;0
1520.34;853.946350097656;0
1522.294;836.036010742188;0
1524.249;677.94970703125;0
1526.202;918.454772949219;0
1528.153;741.522705078125;0
1530.103;938.58984375;0
1532.054;782.314208984375;0
1534.004;1055.02941894531;0
1535.951;1066.71850585938;0
1537.899;1180.40625;0
1539.847;1195.10461425781;0
1541.793;869.470581054687;0
1543.738;775.120422363281;0
1545.681;623.150512695313;0
1547.625;632.60302734375;0
1549.566;630.312255859375;0
1551.509;643.930603027344;0
1553.45;841.864074707032;0
1555.389;960.004455566406;0
1557.33;773.199829101563;0
1559.266;763.519714355469;0
1561.204;769.361572265625;0
1563.141;907.609741210938;0
1565.074;751.594482421875;0
1567.009;643.088073730469;0
1568.943;642.754455566406;0
1570.877;712.195983886719;0
1572.808;660.583190917969;0
1574.741;658.250854492188;0
1576.67;540.868896484375;0
1578.6;591.323486328125;0
1580.528;683.1826171875;0
1582.455;768.068054199219;0
1584.382;761.614624023437;0
1586.307;621.87255859375;0
1588.234;773.417236328125;0
1590.157;949.470825195312;0
1592.081;970.361633300782;0
1594.002;776.8935546875;0
1595.927;489.60107421875;0
1597.845;447.370056152344;0
1599.767;372.749877929688;0
1601.685;326.587829589844;0
1603.602;277.374298095703;0
1605.523;211.99821472168;0
1607.438;488.761810302734;0
1609.354;664.860961914063;0
1611.269;971.565063476563;0
1613.181;775.099792480469;0
1615.096;697.240051269532;0
1617.008;495.096954345703;0
1618.92;675.115051269531;0
1620.83;747.5302734375;0
1622.74;976.233215332031;0
1624.649;964.879272460938;0
1626.557;845.581298828125;0
1628.464;833.395385742188;0
1630.37;903.176452636719;0
1632.275;989.156555175781;0
1634.18;970.984619140625;0
1636.085;1006.32043457031;0
1637.988;1136.27905273438;0
1639.888;1091.86560058594;0
1641.791;970.185791015625;0
1643.691;991.800842285156;0
1645.588;1043.13623046875;0
1647.489;1210.62377929687;0
1649.387;1195.275390625;0
1651.284;1286.65075683594;0
1653.18;1187.86486816406;0
1655.075;1290.4775390625;0
1656.972;1363.71228027344;0
1658.864;1569.34838867188;0
1660.754;1499.41674804688;0
1662.65;1465.36938476563;0
1664.539;1273.12048339844;0
1666.428;1284.48852539063;0
1668.32;1118.15222167969;0
1670.207;1229.44763183594;0
1672.096;1117.81909179688;0
1673.982;1171.15563964844;0
1675.867;1154.12377929688;0
1677.754;1272.6123046875;0
1679.638;1323.06604003906;0
1681.52;1241.04077148438;0
1683.403;1092.76196289063;0
1685.285;750.898315429688;0
1687.166;528.450073242188;0
1689.048;614.528259277344;0
1690.924;808.021728515625;0
1692.804;1105.03088378906;0
1694.682;991.229858398438;0
1696.558;1046.39624023438;0
1698.435;882.419067382813;0
1700.308;786.187133789063;0
1702.184;631.923095703125;0
1704.057;536.404968261719;0
1705.929;537.410339355469;0
1707.801;628.939392089844;0
1709.674;702.658630371094;0
1711.542;787.901794433594;0
1713.412;685.222717285156;0
1715.28;579.507629394531;0
1717.145;488.534301757813;0
1719.015;468.111572265625;0
1720.88;323.266265869141;0
1722.746;168.379013061523;0
1724.61;157.113677978516;0
1726.471;309.227294921875;0
1728.334;354.629486083984;0
1730.197;286.548126220703;0
1732.057;272.523071289063;0
1733.919;264.4404296875;0
1735.777;313.369049072266;0
1737.634;267.472839355469;0
1739.493;397.185150146484;0
1741.349;474.650085449219;0
1743.205;472.101135253906;0
1745.061;524.745727539063;0
1746.915;582.584045410156;0
1748.77;790.807006835938;0
1750.621;730.523254394531;0
1752.473;626.173767089844;0
1754.323;513.64697265625;0
1756.173;620.278503417969;0
1758.022;767.066467285156;0
1759.87;767.677001953125;0
1761.718;565.549560546875;0
1763.566;530.902465820313;0
1765.411;541.008422851563;0
1767.256;620.963562011719;0
1769.101;664.49560546875;0
1770.945;760.8251953125;0
1772.787;893.509094238282;0
1774.629;805.325378417969;0
1776.469;817.272216796875;0
1778.309;871.794372558594;0
1780.15;964.005004882812;0
1781.987;999.017700195313;0
1783.826;735.499145507813;0
1785.662;704.782653808594;0
1787.498;697.424682617188;0
1789.334;793.203002929688;0
1791.169;873.894775390625;0
1793.002;847.27490234375;0
1794.834;990.785461425781;0
1796.667;1069.42651367187;0
1798.498;1122.75341796875;0
1800.328;1145.21081542969;0
1802.157;1034.57470703125;0
1803.986;959.726623535156;0
1805.813;917.332397460938;0
1807.639;977.614196777344;0
1809.467;1096.23876953125;0
1811.292;1163.87219238281;0
1813.117;1127.29235839844;0
1814.94;1149.16564941406;0
1816.763;1139.04797363281;0
1818.585;1167.82788085938;0
1820.407;966.505310058594;0
1822.227;901.6357421875;0
1824.048;770.330261230469;0
1825.865;834.155090332031;0
1827.683;599.002197265625;0
1829.501;542.871154785156;0
1831.317;333.098846435547;0
1833.135;458.908325195313;0
1834.948;194.431335449219;0
1836.761;334.576232910156;0
1838.577;393.424438476563;0
1840.388;585.315002441406;0
1842.198;538.35986328125;0
1844.009;579.61279296875;0
1845.819;697.352783203125;0
1847.629;672.316528320313;0
1849.436;531.50732421875;0
1851.244;365.131317138672;0
1853.052;417.335357666016;0
1854.858;377.784149169922;0
1856.661;343.285095214844;0
1858.466;374.171478271484;0
1860.269;220.995483398438;0
1862.073;456.312652587891;0
1863.875;421.565124511719;0
1865.673;552.532592773438;0
1867.476;534.992736816406;0
1869.275;430.056793212891;0
1871.072;573.724670410156;0
1872.872;617.052917480469;0
1874.667;621.38427734375;0
1876.464;576.762817382813;0
1878.26;631.299133300781;0
1880.053;633.214172363281;0
1881.849;602.285339355469;0
1883.64;534.5126953125;0
1885.431;628.675659179688;0
1887.226;746.880676269531;0
1889.014;537.682678222656;0
1890.803;586.637145996094;0
1892.594;428.299682617188;0
1894.38;702.891540527344;0
1896.167;646.195861816406;0
1897.955;615.101440429688;0
1899.74;479.831878662109;0
1901.526;403.168273925781;0
1903.309;551.443969726563;0
1905.091;566.882263183594;0
1906.876;591.372009277344;0
1908.658;369.357604980469;0
1910.438;360.061340332031;0
1912.217;358.149841308594;0
1913.996;469.956481933594;0
1915.775;469.3701171875;0
1917.553;535.835998535156;0
1919.33;627.022216796875;0
1921.106;579.26220703125;0
1922.881;556.000427246094;0
1924.655;474.236785888672;0
1926.431;527.193542480469;0
1928.202;328.981811523438;0
1929.974;89.0460433959961;0
1931.746;35.1533966064453;0
1933.516;131.683990478516;0
1935.286;262.636871337891;0
1937.055;299.407562255859;0
1938.823;490.447418212891;0
1940.592;577.646545410156;0
1942.356;541.631469726563;0
1944.122;565.431884765625;0
1945.888;651.934936523438;0
1947.651;680.36474609375;0
1949.416;340.611602783203;0
1951.178;208.569717407227;0
1952.939;127.907623291016;0
1954.699;394.237548828125;0
1956.459;509.837615966797;0
1958.219;646.711669921875;0
1959.979;706.416564941406;0
1961.735;795.39794921875;0
1963.491;768.9892578125;0
1965.249;597.857177734375;0
1967.003;774.674438476563;0
1968.761;847.442443847656;0
1970.512;1031.38464355469;0
1972.265;988.502319335938;0
1974.018;958.462524414063;0
1975.769;1033.37707519531;0
1977.522;882.46875;0
1979.271;828.515319824219;0
1981.018;635.966796875;0
1982.766;451.48974609375;0
1984.516;389.195281982422;0
1986.261;383.15869140625;0
1988.009;486.935546875;0
1989.754;528.131164550781;0
1991.498;448.173095703125;0
1993.241;536.957580566406;0
1994.984;532.702514648438;0
1996.727;402.859222412109;0
1998.468;292.540161132813;0
2000.206;356.074615478516;0
2001.946;574.351806640625;0
2003.686;706.037048339844;0
2005.424;634.682495117188;0
2007.161;773.400146484375;0
2008.898;850.303527832031;0
2010.634;970.062377929688;0
2012.369;888.3447265625;0
2014.103;689.373962402344;0
2015.836;648.595886230469;0
2017.57;846.456176757813;0
2019.299;952.844970703125;0
2021.032;944.985107421875;0
2022.762;650.209594726563;0
2024.491;712.519775390625;0
2026.221;792.693359375;0
2027.947;918.063659667968;0
2029.676;843.0751953125;0
2031.403;835.9501953125;0
2033.128;799.910827636719;0
2034.852;927.513366699219;0
2036.577;823.264099121094;0
2038.299;939.506164550781;0
2040.022;805.95654296875;0
2041.744;660.831726074219;0
2043.465;552.242919921875;0
2045.184;586.636352539063;0
2046.903;700.125244140625;0
2048.621;685.151306152344;0
2050.339;605.158264160156;0
2052.057;595.368408203125;0
2053.774;475.888488769531;0
2055.488;401.270172119141;0
2057.203;430.455810546875;0
2058.917;518.168518066406;0
2060.631;476.850219726563;0
2062.344;414.389770507813;0
2064.053;411.898315429688;0
2065.765;512.488159179688;0
2067.476;586.160705566406;0
2069.185;720.355407714844;0
2070.892;690.961059570313;0
2072.6;771.64453125;0
2074.308;769.627868652344;0
2076.014;846.023132324218;0
2077.72;799.49755859375;0
2079.425;713.051879882813;0
2081.13;617.798522949219;0
2082.833;549.195251464844;0
2084.532;550.003479003906;0
2086.236;433.224548339844;0
2087.936;314.031097412109;0
2089.635;253.177703857422;0
2091.335;344.796508789063;0
2093.034;387.055511474609;0
2094.731;247.724517822266;0
2096.427;295.364776611328;0
2098.124;511.314514160156;0
2099.82;850.11669921875;0
2101.515;1006.95654296875;0
2103.207;952.7724609375;0
2104.902;1006.43933105469;0
2106.594;1071.42016601563;0
2108.286;1156.92041015625;0
2109.976;1173.72131347656;0
2111.667;1102.265625;0
2113.355;1218.44091796875;0
2115.044;1149.69030761719;0
2116.732;1128.6796875;0
2118.42;990.253112792969;0
2120.105;992.921447753906;0
2121.79;1118.10766601563;0
2123.476;1331.25939941406;0
2125.16;1366.59765625;0
2126.844;1382.90026855469;0
2128.524;1274.38940429688;0
2130.207;1331.84289550781;0
2131.888;1366.14953613281;0
2133.567;1349.75378417969;0
2135.247;1358.32531738281;0
2136.927;1284.75305175781;0
2138.603;1285.18664550781;0
2140.281;1168.63330078125;0
2141.957;1261.81506347656;0
2143.633;1237.73303222656;0
2145.308;1368.08471679688;0
2146.981;1333.81359863281;0
2148.654;1430.36462402344;0
2150.328;1193.57275390625;0
2152;1132.65673828125;0
2153.669;1113.67370605469;0
2155.34;1268.44543457031;0
2157.01;1414.23425292969;0
2158.677;1366.74243164063;0
2160.347;1378.96838378906;0
2162.013;1176.72448730469;0
2163.681;1307.67590332031;0
2165.347;1312.60375976562;0
2167.011;1310.80004882813;0
2168.674;1130.37451171875;0
2170.337;1142.88159179688;0
2172.002;1123.44482421875;0
2173.662;1168.64184570313;0
2175.324;1039.97326660156;0
2176.985;1032.26928710937;0
2178.645;935.816772460938;0
2180.304;923.326232910156;0
2181.961;982.77978515625;0
2183.618;1099.20825195313;0
2185.275;905.056945800782;0
2186.932;936.406494140625;0
2188.586;898.388793945312;0
2190.242;1238.62548828125;0
2191.896;1033.57312011719;0
2193.547;984.564025878906;0
2195.2;844.930358886719;0
2196.851;887.66015625;0
2198.502;855.422668457031;0
2200.153;784.63134765625;0
2201.799;871.458435058594;0
2203.447;800.6572265625;0
2205.097;912.849426269531;0
2206.742;1007.83154296875;0
2208.391;1062.85180664062;0
2210.035;1182.69165039063;0
2211.679;1044.5732421875;0
2213.324;1092.94104003906;0
2214.966;949.905883789062;0
2216.608;933.844299316406;0
2218.252;1003.46655273438;0
2219.89;1078.90405273438;0
2221.531;1251.40979003906;0
2223.172;1252.42834472656;0
2224.809;1216.51525878906;0
2226.449;1143.11499023438;0
2228.086;1263.12182617187;0
2229.72;1376.712890625;0
2231.358;1285.76147460937;0
2232.992;1104.07336425781;0
2234.625;971.7666015625;0
2236.26;1194.68249511719;0
2237.893;1299.40661621094;0
2239.524;1339.86120605469;0
2241.156;1056.65185546875;0
2242.785;1026.79504394531;0
2244.416;1015.01300048828;0
2246.044;1180.52758789063;0
2247.672;1107.05932617188;0
2249.301;1133.50061035156;0
2250.926;1186.23876953125;0
2252.554;1101.56298828125;0
2254.177;1079.98889160156;0
2255.803;1080.14758300781;0
2257.427;1281.92919921875;0
2259.051;1424.85522460937;0
2260.671;1119.03784179688;0
2262.294;945.473876953125;0
2263.914;800.204711914063;0
2265.533;1098.2314453125;0
2267.153;1127.55554199219;0
2268.773;1262.71997070313;0
2270.392;1183.70263671875;0
2272.006;1247.11413574219;0
2273.624;1096.01306152344;0
2275.239;1293.03698730469;0
2276.854;1388.73754882813;0
2278.468;1513.8173828125;0
2280.084;1418.26306152344;0
2281.695;1316.29321289063;0
2283.305;1296.46923828125;0
2284.919;1009.68188476563;0
2286.527;913.903869628907;0
2288.14;762.308532714844;0
2289.748;985.947143554688;0
2291.354;1009.47735595703;0
2292.964;1081.45471191406;0
2294.569;1150.88659667969;0
2296.174;1168.28112792969;0
2297.782;1154.92053222656;0
2299.386;1089.78234863281;0
2300.99;937.201904296875;0
2302.594;946.943115234375;0
2304.195;866.897155761719;0
2305.798;890.614685058594;0
2307.399;765.947326660156;0
2308.998;738.376831054687;0
2310.598;711.955139160156;0
2312.197;738.178894042969;0
2313.795;806.904663085938;0
2315.392;1080.61389160156;0
2316.988;1304.048828125;0
2318.585;1361.65393066406;0
2320.18;1315.65148925781;0
2321.774;1201.93029785156;0
2323.368;1194.37377929687;0
2324.961;1209.80493164063;0
2326.553;931.572570800781;0
2328.145;909.284729003907;0
2329.735;810.626525878907;0
2331.324;1114.16979980469;0
2332.916;1002.70672607422;0
2334.503;742.678466796875;0
2336.092;572.240295410156;0
2337.677;667.126342773438;0
2339.263;939.711059570313;0
2340.85;943.325988769532;0
2342.434;920.516479492188;0
2344.018;937.961364746094;0
2345.602;965.763610839843;0
2347.185;947.474914550781;0
2348.768;833.461547851563;0
2350.347;864.943176269531;0
2351.928;824.807373046875;0
2353.51;829.052917480469;0
2355.087;794.563598632812;0
2356.665;776.78125;0
2358.243;666.258850097656;0
2359.819;642.757629394531;0
2361.396;659.917785644531;0
2362.972;797.673522949219;0
2364.547;889.692260742188;0
2366.121;909.861633300781;0
2367.694;990.397033691406;0
2369.267;863.90673828125;0
2370.839;628.902221679688;0
2372.411;481.020050048828;0
2373.982;547.618286132813;0
2375.55;744.032592773438;0
2377.118;688.413024902344;0
2378.687;673.417236328125;0
2380.254;745.522766113281;0
2381.821;933.659301757812;0
2383.387;1064.890625;0
2384.954;1124.22705078125;0
2386.516;1041.44592285156;0
2388.082;1148.33154296875;0
2389.644;1028.77844238281;0
2391.209;1078.50512695313;0
2392.769;777.146423339844;0
2394.33;887.510375976563;0
2395.892;957.256652832031;0
2397.449;1035.67260742188;0
2399.008;991.426208496094;0
2400.568;1054.22143554688;0
2402.125;960.576904296875;0
2403.68;980.772583007812;0
2405.238;864.421691894531;0
2406.792;995.225341796875;0
2408.349;1071.81311035156;0
2409.902;1180.51831054688;0
2411.455;1290.00769042969;0
2413.007;1339.46826171875;0
2414.558;1346.58544921875;0
2416.11;1324.015625;0
2417.66;1249.75964355469;0
2419.21;1153.62231445313;0
2420.758;1226.96520996094;0
2422.307;1225.24877929687;0
2423.855;1189.67687988281;0
2425.402;1038.67785644531;0
2426.947;887.609069824219;0
2428.492;841.818298339844;0
2430.038;789.300415039063;0
2431.58;866.124328613282;0
2433.124;876.624084472657;0
2434.667;773.697570800781;0
2436.208;662.998107910156;0
2437.75;867.643981933593;0
2439.291;911.860107421875;0
2440.83;1048.6123046875;0
2442.369;1046.3466796875;0
2443.906;1269.396484375;0
2445.444;1367.09521484375;0
2446.981;1231.55810546875;0
2448.517;1214.11987304687;0
2450.053;1144.44860839844;0
2451.587;1146.78210449219;0
2453.12;1302.70104980469;0
2454.655;1258.49255371094;0
2456.187;1444.15454101563;0
2457.718;1332.79760742187;0
2459.25;1309.76330566406;0
2460.781;944.292907714844;0
2462.31;821.943542480469;0
2463.84;957.373840332032;0
2465.368;1084.33752441406;0
2466.896;976.278381347657;0
2468.423;712.488098144531;0
2469.949;802.647888183594;0
2471.474;982.646850585938;0
2472.998;1259.40551757812;0
2474.522;1138.39233398438;0
2476.045;1195.16174316406;0
2477.568;1108.26953125;0
2479.09;1232.59948730469;0
2480.612;1247.37292480469;0
2482.132;1106.703125;0
2483.653;1048.45336914063;0
2485.171;952.06103515625;0
2486.689;1244.54431152344;0
2488.208;1356.02490234375;0
2489.725;1409.27905273437;0
2491.242;1400.75085449219;0
2492.757;1285.77014160156;0
2494.271;1235.11535644531;0
2495.785;1208.00549316406;0
2497.3;1409.10498046875;0
2498.812;1548.63635253906;0
2500.325;1468.37731933594;0
2501.837;1184.66125488281;0
2503.345;796.637390136719;0
2504.856;653.620239257813;0
2506.366;744.286926269531;0
2507.875;934.414367675781;0
2509.382;966.640808105469;0
2510.889;907.660766601563;0
2512.397;670.299194335938;0
2513.901;425.782501220703;0
2515.406;383.400665283203;0
2516.911;574.814208984375;0
2518.415;723.021301269531;0
2519.918;740.131774902344;0
2521.421;739.824035644531;0
2522.922;828.534301757813;0
2524.423;811.245971679688;0
2525.924;633.083862304688;0
2527.422;519.157592773438;0
2528.923;509.800323486328;0
2530.419;699.456420898438;0
2531.916;647.792297363281;0
2533.415;705.363464355469;0
2534.909;550.503051757813;0
2536.404;558.547119140625;0
2537.899;279.869537353516;0
2539.394;409.434143066406;0
2540.887;481.336547851563;0
2542.38;757.912658691406;0
2543.871;476.620849609375;0
2545.363;412.018463134766;0
2546.852;288.557556152344;0
2548.345;265.236694335938;0
2549.833;251.828521728516;0
2551.321;177.80583190918;0
2552.811;489.521057128906;0
2554.296;541.59521484375;0
2555.78;688.251525878906;0
2557.267;626.9326171875;0
2558.752;576.017944335938;0
2560.237;346.260711669922;0
2561.721;374.892669677734;0
2563.203;430.743927001953;0
2564.687;668.437438964844;0
2566.168;534.268859863281;0
2567.648;727.657470703125;0
2569.129;630.131774902344;0
2570.607;652.898986816406;0
2572.086;591.224182128906;0
2573.565;731.346252441406;0
2575.041;836.183410644531;0
2576.518;746.135070800781;0
2577.994;876.203063964844;0
2579.469;1005.49987792969;0
2580.945;1219.25280761719;0
2582.418;1154.79235839844;0
2583.892;1193.35168457031;0
2585.365;1203.37658691406;0
2586.835;1300.09069824219;0
2588.307;1298.95300292969;0
2589.778;1317.16125488281;0
2591.248;1261.265625;0
2592.717;1395.15515136719;0
2594.186;1144.39245605469;0
2595.652;1207.40966796875;0
2597.121;868.438720703125;0
2598.585;1076.11572265625;0
2600.052;1020.79541015625;0
2601.518;1104.69812011719;0
2602.982;1086.60815429688;0
2604.446;1062.310546875;0
2605.907;1237.91784667969;0
2607.371;1102.32067871094;0
2608.83;1288.173828125;0
2610.293;1164.81884765625;0
2611.752;1318.16137695312;0
2613.213;1280.8544921875;0
2614.672;1363.78845214844;0
2616.13;1561.96362304688;0
2617.587;1482.82446289063;0
2619.043;1691.70471191406;0
2620.501;1470.16003417969;0
2621.957;1581.96826171875;0
2623.409;1417.23815917969;0
2624.864;1463.92895507813;0
2626.318;1380.63244628906;0
2627.771;1356.14208984375;0
2629.222;1469.67761230469;0
2630.673;1507.94885253906;0
2632.124;1684.07202148437;0
2633.575;1610.75231933594;0
2635.023;1567.32067871094;0
2636.473;1368.45288085937;0
2637.922;1388.880859375;0
2639.368;1474.20373535156;0
2640.816;1595.97900390625;0
2642.261;1555.76013183594;0
2643.705;1276.65795898438;0
2645.151;1162.17419433594;0
2646.596;1128.28942871094;0
2648.037;1215.5849609375;0
2649.48;1059.09143066406;0
2650.923;961.407958984375;0
2652.364;927.121398925781;0
2653.804;1029.98522949219;0
2655.243;1042.30651855469;0
2656.683;1140.65307617188;0
2658.121;1029.21240234375;0
2659.559;819.191772460938;0
2660.997;674.454650878906;0
2662.433;866.712707519531;0
2663.868;1058.63427734375;0
2665.305;1058.21801757813;0
2666.737;982.021057128906;0
2668.173;1054.1591796875;0
2669.606;1132.63317871094;0
2671.038;1117.14147949219;0
2672.47;934.650268554688;0
2673.901;788.723266601563;0
2675.331;803.806701660156;0
2676.761;882.367309570313;0
2678.189;909.829528808594;0
2679.619;615.630676269531;0
2681.045;423.727416992188;0
2682.473;385.085632324219;0
2683.9;520.197265625;0
2685.324;513.96826171875;0
2686.749;494.188995361328;0
2688.176;401.527069091797;0
2689.599;401.20703125;0
2691.021;428.586486816406;0
2692.444;437.656280517578;0
2693.865;473.290893554688;0
2695.287;218.490646362305;0
2696.707;230.045883178711;0
2698.125;215.068969726563;0
2699.545;506.678131103516;0
2700.963;510.428680419922;0
2702.381;519.432250976563;0
2703.798;557.801574707031;0
2705.214;556.423034667969;0
2706.629;628.687377929688;0
2708.046;575.896789550781;0
2709.458;610.023803710938;0
2710.872;600.367309570313;0
2712.285;642.845031738281;0
2713.699;651.675354003906;0
2715.111;608.794128417969;0
2716.52;668.4619140625;0
2717.93;743.577697753906;0
2719.342;730.992797851563;0
2720.749;645.974975585938;0
2722.159;647.127807617188;0
2723.565;754.612121582031;0
2724.971;794.469665527344;0
2726.38;765.035034179688;0
2727.785;787.412841796875;0
2729.19;995.044921875;0
2730.594;1095.82702636719;0
2731.997;1197.65393066406;0
2733.401;933.189270019531;0
2734.803;833.654357910156;0
2736.204;796.502258300781;0
2737.606;1024.78393554688;0
2739.005;1229.4404296875;0
2740.405;1254.69458007812;0
2741.806;1323.208984375;0
2743.202;1366.20715332031;0
2744.602;1402.3544921875;0
2745.998;1304.65161132813;0
2747.395;1137.0986328125;0
2748.79;1105.25085449219;0
2750.185;1049.21337890625;0
2751.58;1205.984375;0
2752.975;1229.89440917969;0
2754.366;1278.80322265625;0
2755.759;1226.515625;0
2757.151;1267.90075683594;0
2758.542;1302.20556640625;0
2759.933;1465.52294921875;0
2761.322;1509.6513671875;0
2762.71;1402.255859375;0
2764.1;1267.72595214844;0
2765.486;1117.64318847656;0
2766.875;1205.85070800781;0
2768.26;1246.220703125;0
2769.646;1352.85180664063;0
2771.031;1403.96520996094;0
2772.418;1308.44702148438;0
2773.799;1228.4951171875;0
2775.184;1300.22985839844;0
2776.565;1528.10961914063;0
2777.946;1754.91198730469;0
2779.328;1738.17956542969;0
2780.708;1693.02221679688;0
2782.09;1732.21044921875;0
2783.469;1818.29968261719;0
2784.847;1703.73400878906;0
2786.226;1516.62255859375;0
2787.603;1499.52319335938;0
2788.978;1459.26745605469;0
2790.355;1538.66394042969;0
2791.731;1467.07336425781;0
2793.104;1527.19677734375;0
2794.479;1498.11450195312;0
2795.853;1344.7216796875;0
2797.225;1328.56726074219;0
2798.596;1145.60766601563;0
2799.967;1182.18481445313;0
2801.341;950.815979003906;0
2802.71;944.924499511719;0
2804.077;630.913818359375;0
2805.447;644.785522460938;0
2806.815;445.095153808594;0
2808.183;605.065856933594;0
2809.551;481.818511962891;0
2810.915;628.136413574219;0
2812.282;544.91455078125;0
2813.646;558.258728027344;0
2815.011;454.84033203125;0
2816.375;469.904327392578;0
2817.736;433.070251464844;0
2819.099;488.353424072266;0
2820.462;273.789611816406;0
2821.821;405.517730712891;0
2823.182;288.403259277344;0
2824.542;533.184692382813;0
2825.901;570.162231445313;0
2827.261;700.592102050781;0
2828.617;750.399658203125;0
2829.974;705.907775878906;0
2831.33;726.721496582031;0
2832.686;640.654357910156;0
2834.043;680.357543945313;0
2835.395;795.060668945313;0
2836.75;975.543640136719;0
2838.104;1029.47021484375;0
2839.456;953.726989746094;0
2840.807;774.534851074219;0
2842.16;708.448303222656;0
2843.509;755.420288085938;0
2844.858;898.842956542969;0
2846.209;926.693664550781;0
2847.556;747.033142089844;0
2848.906;643.953491210938;0
2850.253;761.788635253906;0
2851.6;807.613586425781;0
2852.946;864.315124511719;0
2854.29;590.205261230469;0
2855.635;541.191223144531;0
2856.98;336.463043212891;0
2858.323;349.848907470703;0
2859.665;264.702789306641;0
2861.008;314.100921630859;0
2862.349;370.417053222656;0
2863.691;562.375244140625;0
2865.031;612.355895996094;0
2866.37;695.099975585938;0
2867.709;494.941345214844;0
2869.048;443.108245849609;0
2870.385;457.482543945313;0
2871.722;621.281799316406;0
2873.059;813.618957519531;0
2874.394;797.46435546875;0
2875.73;968.282897949219;0
2877.064;1027.46862792969;0
2878.398;962.052185058594;0
2879.731;859.260620117188;0
2881.063;855.578186035156;0
2882.395;1012.53485107422;0
2883.727;1113.25329589844;0
2885.059;1162.17590332031;0
2886.387;1295.74560546875;0
2887.717;1335.85241699219;0
2889.046;1316.16271972656;0
2890.374;1262.16235351563;0
2891.699;1236.03356933594;0
2893.028;1258.39221191406;0
2894.354;1207.28759765625;0
2895.679;1222.15063476563;0
2897.004;1292.75744628906;0
2898.328;1270.11059570313;0
2899.653;1301.51818847656;0
2900.976;1232.04528808594;0
2902.297;1273.47790527344;0
2903.619;1224.49035644531;0
2904.941;1317.35400390625;0
2906.26;1221.74987792969;0
2907.58;1218.54418945313;0
2908.898;1065.28576660156;0
2910.217;1124.74682617188;0
2911.536;1118.20690917969;0
2912.852;1215.17590332031;0
2914.171;1372.8671875;0
2915.485;1418.39208984375;0
2916.799;1506.44506835938;0
2918.116;1417.26708984375;0
2919.428;1459.4658203125;0
2920.743;1375.23046875;0
2922.056;1416.07507324219;0
2923.367;1499.12231445313;0
2924.679;1430.17236328125;0
2925.99;1442.275390625;0
2927.299;1415.33862304688;0
2928.609;1565.36022949219;0
2929.918;1640.93359375;0
2931.226;1495.283203125;0
2932.535;1512.76330566406;0
2933.841;1206.68908691406;0
2935.149;1206.87023925781;0
2936.455;1047.25634765625;0
2937.758;1135.82666015625;0
2939.064;1109.28271484375;0
2940.368;1098.69445800781;0
2941.67;1121.78283691406;0
2942.973;1195.05615234375;0
2944.277;1245.21801757813;0
2945.577;1243.04516601563;0
2946.878;1310.42077636719;0
2948.178;1287.01831054688;0
2949.477;1377.16381835938;0
2950.776;1268.99011230469;0
2952.073;1336.96105957031;0
2953.372;1203.16577148438;0
2954.669;1221.67041015625;0
2955.965;1153.55578613281;0
2957.261;1300.64099121094;0
2958.556;1297.07995605469;0
2959.849;1365.65283203125;0
2961.145;1418.01513671875;0
2962.436;1655.05883789063;0
2963.732;1577.89392089844;0
2965.022;1520.4072265625;0
2966.313;1322.11791992188;0
2967.603;1310.013671875;0
2968.893;1303.64855957031;0
2970.182;1251.78503417969;0
2971.471;1224.50341796875;0
2972.759;1228.3271484375;0
2974.047;1255.74279785156;0
2975.334;1308.95678710938;0
2976.62;1218.29333496094;0
2977.907;1142.98876953125;0
2979.192;1123.55065917969;0
2980.475;1075.35327148438;0
2981.76;1166.42980957031;0
2983.043;1147.50598144531;0
2984.326;1184.67456054688;0
2985.607;1111.94555664063;0
2986.888;1040.50085449219;0
2988.17;1040.24621582031;0
2989.449;947.683227539063;0
2990.728;880.365173339844;0
2992.007;790.6279296875;0
2993.284;792.777160644531;0
2994.562;838.238464355469;0
2995.84;813.848999023438;0
2997.115;702.862365722656;0
2998.393;566.2578125;0
2999.666;491.297607421875;0
3000.94;557.867919921875;0
3002.215;654.641357421875;0
3003.486;576.986999511719;0
3004.76;621.642517089844;0
3006.033;529.161560058594;0
3007.303;464.093170166016;0
3008.573;283.418426513672;0
3009.844;327.930725097656;0
3011.114;416.292449951172;0
3012.383;547.940734863281;0
3013.649;523.764587402344;0
3014.917;401.430023193359;0
3016.185;291.157928466797;0
3017.451;139.502807617188;0
3018.716;284.446807861328;0
3019.983;275.898590087891;0
3021.246;513.437866210938;0
3022.509;556.594909667969;0
3023.774;623.701538085938;0
3025.035;531.882202148438;0
3026.299;447.478698730469;0
3027.56;326.509857177734;0
3028.819;338.397766113281;0
3030.081;249.724304199219;0
3031.339;381.000305175781;0
3032.598;401.893310546875;0
3033.856;462.619415283203;0
3035.114;504.422546386719;0
3036.372;492.066589355469;0
3037.628;596.199645996094;0
3038.883;552.068542480469;0
3040.138;477.785095214844;0
3041.394;493.710296630859;0
3042.646;474.59423828125;0
3043.9;548.397338867188;0
3045.152;515.825439453125;0
3046.405;578.731750488281;0
3047.657;560.588745117188;0
3048.906;641.970520019531;0
3050.158;661.038757324219;0
3051.407;683.968811035156;0
3052.656;582.186645507813;0
3053.904;591.86865234375;0
3055.153;682.556213378906;0
3056.398;823.975463867188;0
3057.647;877.7958984375;0
3058.892;894.466613769531;0
3060.137;958.434875488281;0
3061.382;995.696838378906;0
3062.625;949.441467285156;0
3063.869;988.476623535156;0
3065.112;987.626892089844;0
3066.353;1078.18090820313;0
3067.595;993.804016113281;0
3068.838;1066.16198730469;0
3070.075;1237.14172363281;0
3071.317;1328.29870605469;0
3072.557;1343.52319335938;0
3073.795;1124.630859375;0
3075.032;1072.38842773438;0
3076.27;983.367248535156;0
3077.507;1077.60021972656;0
3078.742;1096.23571777344;0
3079.978;1046.16125488281;0
3081.212;1004.38177490234;0
3082.446;998.475341796875;0
3083.681;1065.76159667969;0
3084.913;1067.24719238281;0
3086.147;1154.93957519531;0
3087.38;1288.27404785156;0
3088.61;1369.26892089844;0
3089.84;1295.47143554688;0
3091.071;1164.54992675781;0
3092.3;1160.29943847656;0
3093.529;1179.478515625;0
3094.755;1244.95092773438;0
3095.984;1336.85278320313;0
3097.211;1302.07507324219;0
3098.438;1306.72802734375;0
3099.663;1142.30346679688;0
3100.888;1110.13305664063;0
3102.112;1014.09020996094;0
3103.335;985.996704101563;0
3104.56;1004.08135986328;0
3105.782;1059.3046875;0
3107.005;1100.8935546875;0
3108.226;1140.99389648438;0
3109.447;1024.96484375;0
3110.667;992.601135253906;0
3111.887;1047.88232421875;0
3113.104;1170.25012207031;0
3114.324;1153.49206542969;0
3115.541;1088.93994140625;0
3116.758;1083.22766113281;0
3117.976;1091.82739257813;0
3119.192;1127.31030273438;0
3120.408;1093.11572265625;0
3121.622;1093.33715820313;0
3122.835;1020.36883544922;0
3124.05;964.366394042969;0
3125.262;948.348937988281;0
3126.476;886.096984863281;0
3127.687;828.283996582031;0
3128.897;827.397155761719;0
3130.108;938.398132324219;0
3131.319;978.728698730469;0
3132.528;1051.61535644531;0
3133.737;991.507995605469;0
3134.945;1075.88525390625;0
3136.152;923.166809082031;0
3137.358;878.083618164063;0
3138.565;837.680297851563;0
3139.772;837.625610351563;0
3140.976;824.364868164063;0
3142.18;784.349853515625;0
3143.385;828.029846191406;0
3144.588;870.961730957031;0
3145.79;868.77587890625;0
3146.993;890.661987304688;0
3148.194;774.751770019531;0
3149.395;744.978210449219;0
3150.596;755.234619140625;0
3151.794;774.828002929688;0
3152.994;714.013793945313;0
3154.193;596.784973144531;0
3155.39;605.695190429688;0
3156.587;655.297546386719;0
3157.784;733.2587890625;0
3158.982;690.478698730469;0
3160.177;591.161987304688;0
3161.37;421.207733154297;0
3162.565;470.500823974609;0
3163.759;540.519775390625;0
3164.952;561.895324707031;0
3166.146;486.296356201172;0
3167.337;507.252319335938;0
3168.527;580.47265625;0
3169.719;582.136779785156;0
3170.91;531.148559570313;0
3172.098;431.340087890625;0
3173.288;388.465545654297;0
3174.475;205.267776489258;0
3175.663;169.225875854492;0
3176.849;171.489181518555;0
3178.037;349.074554443359;0
3179.223;441.7998046875;0
3180.408;502.626220703125;0
3181.592;465.503479003906;0
3182.777;427.775268554688;0
3183.96;395.849700927734;0
3185.143;394.417877197266;0
3186.325;403.516632080078;0
3187.507;494.962524414063;0
3188.688;478.366973876953;0
3189.869;496.147277832031;0
3191.049;392.037109375;0
3192.228;523.046936035156;0
3193.406;511.611053466797;0
3194.585;549.173217773438;0
3195.763;526.52294921875;0
3196.939;551.767761230469;0
3198.116;543.569274902344;0
3199.292;638.532165527344;0
3200.466;658.087890625;0
3201.643;798.893676757813;0
3202.816;897.584045410156;0
3203.991;982.812805175781;0
3205.161;941.993286132813;0
3206.334;820.215026855469;0
3207.504;851.532775878906;0
3208.677;865.833862304688;0
3209.846;844.231506347656;0
3211.017;889.115966796875;0
3212.187;995.107543945313;0
3213.356;1014.26678466797;0
3214.524;1005.56756591797;0
3215.69;891.691955566406;0
3216.859;943.090454101563;0
3218.024;1020.79510498047;0
3219.189;1067.58264160156;0
3220.354;990.785888671875;0
3221.519;969.143493652344;0
3222.682;1032.25061035156;0
3223.845;1174.57470703125;0
3225.01;1136.5283203125;0
3226.171;1233.55590820313;0
3227.332;1202.10241699219;0
3228.494;1293.17272949219;0
3229.655;1204.52941894531;0
3230.814;1287.25280761719;0
3231.973;1251.75537109375;0
3233.13;1374.92602539063;0
3234.29;1321.93493652344;0
3235.447;1319.71911621094;0
3236.605;1169.94567871094;0
3237.76;1194.33471679688;0
3238.916;1154.81970214844;0
3240.071;1185.98046875;0
3241.224;1093.25183105469;0
3242.381;1178.01159667969;0
3243.532;1180.28149414063;0
3244.685;1216.28308105469;0
3245.839;1173.57250976562;0
3246.99;1144.12841796875;0
3248.141;1165.29748535156;0
3249.292;1181.89794921875;0
3250.439;1210.20385742188;0
3251.589;1151.54064941406;0
3252.739;1168.17248535156;0
3253.886;1134.85241699219;0
3255.034;1195.099609375;0
3256.18;1150.21496582031;0
3257.326;1107.58605957031;0
3258.472;1122.4677734375;0
3259.617;1062.01525878906;0
3260.761;1066.33276367188;0
3261.905;1081.09338378906;0
3263.048;1175.63989257813;0
3264.19;1220.68493652344;0
3265.333;1212.28002929688;0
3266.475;1146.32580566406;0
3267.617;1135.33374023438;0
3268.757;1124.97229003906;0
3269.896;1192.17114257813;0
3271.036;1139.86865234375;0
3272.175;1113.01281738281;0
3273.313;1060.87707519531;0
3274.449;1131.1455078125;0
3275.586;1181.48449707031;0
3276.722;1177.95361328125;0
3277.859;1186.69750976563;0
3278.993;1140.75329589844;0
3280.13;1139.59545898438;0
3281.263;1128.04370117188;0
3282.395;1153.99169921875;0
3283.529;1119.5673828125;0
3284.66;1257.57873535156;0
3285.794;1192.95068359375;0
3286.924;1297.33203125;0
3288.054;1124.77575683594;0
3289.185;1067.79431152344;0
3290.313;923.948974609375;0
3291.443;894.888854980469;0
3292.571;969.425659179688;0
3293.698;979.131469726563;0
3294.824;1026.32409667969;0
3295.952;964.218566894531;0
3297.077;981.830383300781;0
3298.203;913.85693359375;0
3299.328;982.776733398438;0
3300.45;978.249389648438;0
3301.574;993.700439453125;0
3302.698;825.829833984375;0
3303.819;883.558837890625;0
3304.942;847.902282714844;0
3306.064;975.899475097656;0
3307.182;954.933959960938;0
3308.303;877.64697265625;0
3309.423;818.253967285156;0
3310.542;754.253295898437;0
3311.66;709.426574707031;0
3312.778;642.519165039063;0
3313.895;591.34375;0
3315.012;646.126953125;0
3316.128;770.315246582031;0
3317.243;726.690002441406;0
3318.357;786.135986328125;0
3319.471;738.458312988281;0
3320.586;816.856628417969;0
3321.698;911.445617675781;0
3322.813;934.223327636719;0
3323.923;964.860778808594;0
3325.034;986.242614746094;0
3326.146;1027.73596191406;0
3327.255;1047.74194335938;0
3328.366;965.881042480469;0
3329.474;898.669799804688;0
3330.582;890.610595703125;0
3331.691;841.87451171875;0
3332.797;852.339660644531;0
3333.905;892.667602539063;0
3335.011;869.383117675781;0
3336.116;893.936096191406;0
3337.22;781.751037597656;0
3338.327;856.225891113281;0
3339.429;843.787231445313;0
3340.534;849.991271972656;0
3341.635;888.983947753906;0
3342.737;762.179504394531;0
3343.84;697.876586914062;0
3344.94;629.200317382813;0
3346.041;631.266235351563;0
3347.142;628.533325195313;0
3348.24;586.1259765625;0
3349.337;617.459289550781;0
3350.437;632.660461425781;0
3351.534;584.622985839844;0
3352.633;595.480895996094;0
3353.727;553.7353515625;0
3354.823;584.723449707031;0
3355.919;632.258972167969;0
3357.013;644.67529296875;0
3358.108;612.469116210937;0
3359.201;668.871398925781;0
3360.293;734.567504882813;0
3361.385;784.336547851563;0
3362.478;738.9423828125;0
3363.569;788.967956542969;0
3364.661;757.639953613281;0
3365.75;783.475158691406;0
3366.838;707.57080078125;0
3367.929;721.047180175781;0
3369.017;669.334777832031;0
3370.105;691.07275390625;0
3371.193;726.990600585938;0
3372.279;719.874389648438;0
3373.364;793.361877441406;0
3374.45;859.376281738281;0
3375.534;818.094848632813;0
3376.62;772.987487792969;0
3377.704;812.276916503906;0
3378.786;896.142150878906;0
3379.871;982.268005371094;0
3380.951;939.454162597656;0
3382.034;897.421508789062;0
3383.114;756.115417480469;0
3384.195;856.680053710938;0
3385.276;880.148071289063;0
3386.354;1019.60467529297;0
3387.433;928.362487792969;0
3388.511;991.542602539062;0
3389.588;913.300476074219;0
3390.664;923.770385742187;0
3391.742;900.02734375;0
3392.816;955.489379882813;0
3393.893;969.30029296875;0
3394.968;1047.267578125;0
3396.042;1036.62438964844;0
3397.115;1035.04577636719;0
3398.189;994.489013671875;0
3399.262;1029.11901855469;0
3400.333;1066.17614746094;0
3401.404;1101.759765625;0
3402.474;1038.01452636719;0
3403.545;1077.48315429688;0
3404.615;990.314270019531;0
3405.685;1070.73034667969;0
3406.752;995.269897460938;0
3407.82;1079.69201660156;0
3408.888;1102.56494140625;0
3409.955;1029.40844726563;0
3411.021;992.43798828125;0
3412.085;899.774719238281;0
3413.151;989.160278320313;0
3414.215;919.763488769531;0
3415.279;1019.81158447266;0
3416.343;1016.20434570313;0
3417.406;1013.34191894531;0
3418.468;936.928283691406;0
3419.53;767.979248046875;0
3420.592;799.999328613281;0
3421.652;845.920654296875;0
3422.712;949.845153808594;0
3423.773;954.687438964844;0
3424.83;999.803833007812;0
3425.889;1069.09106445312;0
3426.946;1155.865234375;0
3428.005;1110.88293457031;0
3429.061;1145.40563964844;0
3430.117;1149.09802246094;0
3431.172;1102.44299316406;0
3432.227;1054.05126953125;0
3433.281;988.8681640625;0
3434.335;1016.31329345703;0
3435.389;1024.23657226562;0
3436.44;1059.22192382813;0
3437.492;1126.46105957031;0
3438.546;1128.41857910156;0
3439.598;1131.70666503906;0
3440.646;1110.75244140625;0
3441.697;1068.27404785156;0
3442.745;999.565063476563;0
3443.793;952.094177246094;0
3444.842;967.749755859375;0
3445.891;1080.90014648438;0
3446.937;1126.2802734375;0
3447.984;1135.66394042969;0
3449.031;986.877624511719;0
3450.075;986.837707519531;0
3451.12;1026.47314453125;0
3452.164;1126.13732910156;0
3453.207;1096.03918457031;0
3454.251;989.966918945312;0
3455.293;927.856994628906;0
3456.336;859.297973632813;0
3457.378;939.211791992188;0
3458.417;897.419250488281;0
3459.458;946.920471191406;0
3460.498;852.918762207031;0
3461.539;854.4306640625;0
3462.577;759.679077148438;0
3463.614;781.218811035156;0
3464.651;790.365478515625;0
3465.689;820.845275878906;0
3466.726;778.612182617188;0
3467.763;676.360229492187;0
3468.798;603.470642089844;0
3469.831;622.055114746094;0
3470.866;801.330810546875;0
3471.9;831.458251953125;0
3472.933;785.714172363281;0
3473.966;655.013305664063;0
3474.999;733.263916015625;0
3476.029;768.28173828125;0
3477.061;824.366455078125;0
3478.09;715.755432128906;0
3479.121;708.78515625;0
3480.15;673.719970703125;0
3481.178;656.636352539062;0
3482.205;742.611755371094;0
3483.234;753.477111816406;0
3484.26;839.315612792969;0
3485.288;831.404052734375;0
3486.313;883.683532714844;0
3487.337;837.220581054688;0
3488.364;725.683044433594;0
3489.387;744.350463867188;0
3490.411;824.758728027344;0
3491.434;854.898620605469;0
3492.456;766.667785644531;0
3493.479;643.808715820313;0
3494.5;550.010498046875;0
3495.521;433.608245849609;0
3496.543;358.364074707031;0
3497.561;353.924621582031;0
3498.579;299.642364501953;0
3499.6;308.531402587891;0
3500.618;169.276412963867;0
3501.636;106.166198730469;0
3502.653;-6.00791215896606;0
3503.669;-81.9116973876953;0
3504.685;-75.7047882080078;0
3505.699;-85.3689727783203;0
3506.716;-44.8889961242676;0
3507.729;-127.457481384277;0
3508.743;-155.833908081055;0
3509.755;-77.9375;0
