98.64605;0;0
101.2353;0;0
103.8217;0;0
106.4096;-7.33333349227905;0
108.9945;-5.02222204208374;0
111.5767;31;0
114.1602;38.6049385070801;0
116.7409;68.9393920898438;0
119.3209;106.820510864258;0
121.9002;30.6962966918945;0
124.4788;6.21568632125854;0
127.0566;-76.4502944946289;0
129.6317;-132.873016357422;0
132.2038;-135.101455688477;0
134.7796;-190.382217407227;0
137.3503;-101.15225982666;0
139.9204;-83.544059753418;0
142.4919;233.143371582031;0
145.0584;440.525238037109;0
147.6242;652.130187988281;0
150.1914;804.369384765625;0
152.7579;896.113952636719;0
155.3216;760.203247070313;0
157.8846;850.751953125;0
160.4448;957.316040039062;0
163.0085;1249.37121582031;0
165.5672;1303.62817382813;0
168.1232;1268.12634277344;0
170.6826;1265.30187988281;0
173.2372;1240.49291992188;0
175.7931;1373.53796386719;0
178.3463;1399.06774902344;0
180.8966;1541.05456542969;0
183.4504;1633.58569335937;0
185.9993;1754.8681640625;0
188.5476;1754.10546875;0
191.0972;1841.46520996094;0
193.644;1817.07348632813;0
196.1859;1722.24853515625;0
198.7335;1709.80224609375;0
201.2761;1633.93591308594;0
203.8201;1789.80224609375;0
206.3593;1721.90014648437;0
208.8998;1952.95288085938;0
211.4397;1931.33898925781;0
213.9746;2097.5498046875;0
216.5109;2050.7099609375;0
219.0487;2219.6044921875;0
221.5816;2273.57250976563;0
224.1158;2422.84545898437;0
226.6473;2456.40307617188;0
229.176;2498.32958984375;0
231.7082;2659.212890625;0
234.2355;2806.7099609375;0
236.7643;2921.4482421875;0
239.2902;2795.46899414063;0
241.8133;2776.35400390625;0
244.3379;2488.57250976563;0
246.8618;2530.2919921875;0
249.3828;2346.2373046875;0
251.9053;2543.841796875;0
254.423;2570.03588867187;0
256.942;2615.96240234375;0
259.4603;2674.77026367188;0
261.9759;2591.02270507813;0
264.4887;2561.90771484375;0
267.005;2457.7080078125;0
269.5164;2515.1337890625;0
272.0292;2610.06396484375;0
274.5393;2770.56494140625;0
277.0466;2777.27490234375;0
279.5574;2863.62719726563;0
282.0654;2776.20336914062;0
284.5686;2788.58569335937;0
287.0752;2711.03002929687;0
289.5791;2725.1298828125;0
292.0803;2656.54614257812;0
294.5828;2485.87939453125;0
297.0826;2429.09594726563;0
299.5838;2319.37280273437;0
302.0801;2314.64965820313;0
304.5758;2076.14868164063;0
307.0749;2093.87768554687;0
309.5672;2092.46337890625;0
312.0608;2204.51220703125;0
314.5558;2042.09228515625;0
317.044;2063.73071289062;0
319.5377;1977.98120117188;0
322.0266;2161.48974609375;0
324.5127;2203.103515625;0
327.0023;2411.19409179688;0
329.4871;2434.72705078125;0
331.9691;2548.44067382812;0
334.4547;2500.28442382813;0
336.9353;2566.634765625;0
339.4174;2495.3125;0
341.901;2631.9755859375;0
344.3776;2805.91333007813;0
346.8577;2908.82666015625;0
349.333;2818.740234375;0
351.8076;2595.88500976562;0
354.2857;2423.11645507812;0
356.7569;2303.67114257812;0
359.2296;2363.09252929688;0
361.7015;2167.00610351562;0
364.1729;2275.52026367188;0
366.6414;2123.78979492188;0
369.1093;2247.248046875;0
371.5745;2317.24609375;0
374.0432;2379.09545898438;0
376.507;2464.07861328125;0
378.9702;2176.68798828125;0
381.4348;2079.62329101562;0
383.8947;2048.98608398438;0
386.3538;2198.78735351562;0
388.8144;2322.26538085937;0
391.2722;2377.14038085938;0
393.7314;2378.42944335938;0
396.1859;2524.99658203125;0
398.6418;2696.67358398438;0
401.0949;2975.17626953125;0
403.5475;2838.45581054688;0
405.9972;2717.04272460938;0
408.4505;2576.09814453125;0
410.899;2753.56030273438;0
413.3468;2796.93310546875;0
415.796;2914.0126953125;0
418.2405;2878.25732421875;0
420.6884;2908.36987304688;0
423.1295;2715.02001953125;0
425.572;2630.42919921875;0
428.0159;2486.70922851563;0
430.455;2534.47973632812;0
432.8956;2425.32495117187;0
435.3335;2531.7470703125;0
437.7707;2311.9072265625;0
440.2093;2369.07055664063;0
442.6432;2169.37744140625;0
445.0764;2254.95068359375;0
447.511;2079.46606445313;0
449.9429;2135.63110351563;0
452.3721;2176.24877929687;0
454.8048;2210.12524414062;0
457.2328;2236.98974609375;0
459.66;2278.90600585938;0
462.0847;2368.18115234375;0
464.5127;2448.5380859375;0
466.9381;2453.22509765625;0
469.3587;2560.50268554687;0
471.7807;2673.55737304688;0
474.2042;2723.65063476563;0
476.6229;2871.09033203125;0
479.041;2800.9287109375;0
481.4604;2666.49194335938;0
483.8752;2561.81640625;0
486.2934;2542.02612304688;0
488.7068;2751.70190429688;0
491.1197;2640.37841796875;0
493.5339;2496.18139648438;0
495.9435;2225.00610351562;0
498.3544;1997.53198242188;0
500.7667;2027.22338867188;0
503.1723;2095.7236328125;0
505.5793;2231.23510742188;0
507.9856;2093.20434570313;0
510.3913;1811.97045898438;0
512.7944;1670.31164550781;0
515.1968;1597.20935058594;0
517.5986;1741.72839355469;0
519.9997;1824.12548828125;0
522.3982;1939.59997558594;0
524.798;1801.30053710938;0
527.1973;1779.70983886719;0
529.5919;1845.18762207031;0
531.9899;1865.69177246094;0
534.3832;1933.24462890625;0
536.7758;1740.08276367187;0
539.1699;1859.29370117187;0
541.5593;1688.79895019531;0
543.9481;1802.66564941406;0
546.3382;1808.59814453125;0
548.7257;2033.05029296875;0
551.1146;2032.14831542969;0
553.4968;2174.93408203125;0
555.8824;2289.81787109375;0
558.2675;2349.1748046875;0
560.6478;2440.72387695312;0
563.0295;2303.14111328125;0
565.4106;2301.4306640625;0
567.7911;2043.59326171875;0
570.169;2040.74182128906;0
572.5462;2000.75451660156;0
574.9229;2119.74682617188;0
577.2968;1865.15185546875;0
579.6721;1908.08276367188;0
582.0449;1687.64477539063;0
584.417;1762.50280761719;0
586.7885;1473.33081054688;0
589.1553;1543.24938964844;0
591.5255;1523.89282226563;0
593.8931;1500.94421386719;0
596.2601;1471.51550292969;0
598.6265;1400.900390625;0
600.9902;1506.52221679688;0
603.3554;1504.92578125;0
605.7179;1518.29516601562;0
608.0778;1477.19140625;0
610.4391;1368.37829589844;0
612.7977;1444.80090332031;0
615.1558;1466.53466796875;0
617.5132;1711.97009277344;0
619.8701;1574.92138671875;0
622.2263;1505.6044921875;0
624.5779;1547.4296875;0
626.9308;1824.05920410156;0
629.2852;2002.41137695312;0
631.6349;2175.73413085938;0
633.9841;2261.97045898438;0
636.3326;2318.67651367188;0
638.6805;2193.2109375;0
641.0279;2177.26123046875;0
643.3746;2456.94165039062;0
645.7187;2622.23803710938;0
648.0621;2629.47631835938;0
650.405;2298.77124023438;0
652.7453;2221.8984375;0
655.087;2272.41528320312;0
657.426;2342.20361328125;0
659.7645;2326.40991210938;0
662.1024;2092.943359375;0
664.4376;1890.8740234375;0
666.7742;1796.71423339844;0
669.1063;1708.43103027344;0
671.4398;1886.96325683594;0
673.7726;1812.83911132813;0
676.1048;1813.5390625;0
678.4324;1810.8115234375;0
680.7635;1839.01196289062;0
683.0919;1929.36169433594;0
685.4158;1773.62231445313;0
687.743;1773.19079589844;0
690.0696;1742.76000976562;0
692.3937;1860.77001953125;0
694.7151;1764.23779296875;0
697.038;1958.0146484375;0
699.3583;1841.79565429688;0
701.6779;1981.24169921875;0
703.995;1860.12023925781;0
706.3155;1933.72106933594;0
708.6294;1868.63940429688;0
710.9467;1883.04296875;0
713.2594;2061.1103515625;0
715.5735;1818.27062988281;0
717.887;1768.89184570313;0
720.1979;1803.25109863281;0
722.5083;2217.57202148438;0
724.818;2257.74877929688;0
727.1252;1991.89196777344;0
729.4357;1826.90063476562;0
731.7418;1791.08972167969;0
734.0452;1969.046875;0
736.35;2014.39208984375;0
738.6522;2049.0673828125;0
740.9539;1948.16137695313;0
743.2569;1886.650390625;0
745.5554;1890.65283203125;0
747.8553;1857.16821289063;0
750.1545;1809.73376464844;0
752.4513;1844.09533691406;0
754.7474;1551.77062988281;0
757.043;1498.38427734375;0
759.336;1545.37927246094;0
761.6304;1723.44274902344;0
763.9222;1647.35681152344;0
766.2114;1095.75830078125;0
768.5041;1136.51062011719;0
770.7922;909.885986328125;0
773.0777;1065.18859863281;0
775.3647;1076.37963867188;0
777.651;1410.43664550781;0
779.9368;1474.43884277344;0
782.22;1372.36828613281;0
784.5026;1294.00268554687;0
786.7847;1368.9638671875;0
789.0662;1284.3955078125;0
791.3451;1346.15759277344;0
793.6254;1390.72827148438;0
795.9012;1631.31872558594;0
798.1784;1796.22106933594;0
800.455;1947.51489257813;0
802.7291;1914.51318359375;0
805.0026;1803.98962402344;0
807.2755;1998.84362792969;0
809.5478;1958.16845703125;0
811.8176;2019.27502441406;0
814.0869;2016.77392578125;0
816.3535;2197.36987304687;0
818.6235;2378.22338867187;0
820.8911;2201.21069335938;0
823.156;2325.23950195313;0
825.4204;2234.38134765625;0
827.6823;2248.96923828125;0
829.9474;2052.333984375;0
832.2082;1968.18310546875;0
834.4683;1945.33288574219;0
836.7279;1997.31018066406;0
838.9869;2041.40270996094;0
841.2453;1993.65417480469;0
843.5012;2276.1240234375;0
845.7565;2276.97412109375;0
848.0133;2458.24536132813;0
850.2655;2315.28686523438;0
852.5153;2092.06323242187;0
854.7703;2034.85192871094;0
857.0189;1707.20422363281;0
859.2668;1807.11669921875;0
861.5182;1605.92126464844;0
863.7651;1878.39709472656;0
866.0114;1913.74560546875;0
868.2592;1632.08996582031;0
870.5024;1344.68188476562;0
872.7451;1135.40600585938;0
874.9872;1381.53466796875;0
877.2307;1530.53564453125;0
879.4717;1596.09826660156;0
881.7101;1504.33227539062;0
883.95;1366.45922851563;0
886.1854;1401.42614746094;0
888.4202;1410.00805664063;0
890.6604;1471.69250488281;0
892.8941;1387.0693359375;0
895.1253;1573.89807128906;0
897.3599;1711.46728515625;0
899.59;1617.10534667969;0
901.8195;1435.15124511719;0
904.0504;1420.3798828125;0
906.2789;1706.81970214844;0
908.5087;1941.03552246094;0
910.7341;1883.57348632812;0
912.9589;1613.14282226563;0
915.1851;1533.90075683594;0
917.4088;1640.39880371094;0
919.63;1723.78588867188;0
921.8526;1294.24108886719;0
924.0727;1309.6708984375;0
926.2922;1568.36572265625;0
928.5112;2064.00170898438;0
930.7277;1924.064453125;0
932.9476;1580.80651855469;0
935.163;1407.46228027344;0
937.3739;1130.70349121094;0
939.5901;1321.74743652344;0
941.8019;1229.04553222656;0
944.0151;1236.46374511719;0
946.2258;1031.68762207031;0
948.4341;750.608581542969;0
950.6456;948.818786621094;0
952.8527;821.383239746094;0
955.0593;1026.54138183594;0
957.2653;679.292175292969;0
959.4689;764.813049316406;0
961.6738;804.932678222656;0
963.8782;874.272888183593;0
966.0782;907.950500488281;0
968.2815;1050.33825683594;0
970.4803;1104.87084960938;0
972.6787;1042.66003417969;0
974.8784;849.272216796875;0
977.0757;908.753723144532;0
979.2704;990.025451660157;0
981.4667;1150.62316894531;0
983.6603;1124.57568359375;0
985.8535;1189.669921875;0
988.0461;1194.4169921875;0
990.2363;1263.81506347656;0
992.4297;1487.75610351563;0
994.6169;1642.36865234375;0
996.8035;2020.60510253906;0
998.9933;2227.345703125;0
1001.179;2237.80859375;0
1003.364;2090.21411132813;0
1005.55;1678.50646972656;0
1007.732;1735.15185546875;0
1009.916;1670.18408203125;0
1012.096;1954.28076171875;0
1014.275;1677.53723144531;0
1016.459;1731.47106933594;0
1018.636;1775.38842773438;0
1020.813;2142.21875;0
1022.991;2429.18798828125;0
1025.165;2339.32055664063;0
1027.34;2153.6611328125;0
1029.515;1994.65893554688;0
1031.687;1902.30871582031;0
1033.859;2051.95361328125;0
1036.03;1996.48547363281;0
1038.199;2066.68725585937;0
1040.369;1962.77136230469;0
1042.536;2021.40881347656;0
1044.704;1905.81970214844;0
1046.87;1894.787109375;0
1049.034;1648.8642578125;0
1051.198;1521.72387695313;0
1053.363;1400.15417480469;0
1055.526;1421.37536621094;0
1057.686;1440.86291503906;0
1059.845;1425.84509277344;0
1062.005;1252.98852539063;0
1064.165;1217.29333496094;0
1066.323;1181.5380859375;0
1068.477;1138.16772460937;0
1070.634;1243.29541015625;0
1072.788;1001.58746337891;0
1074.942;1071.24987792969;0
1077.096;951.306640625;0
1079.247;1281.93103027344;0
1081.397;1408.34265136719;0
1083.547;1568.07641601563;0
1085.695;1406.86499023438;0
1087.844;1464.28002929688;0
1089.992;1441.06945800781;0
1092.138;1438.77734375;0
1094.284;1441.61450195312;0
1096.425;1404.25305175781;0
1098.571;1587.75354003906;0
1100.711;1630.19421386719;0
1102.851;1690.24194335938;0
1104.994;1688.64392089844;0
1107.132;1558.02575683594;0
1109.271;1548.7431640625;0
1111.408;1575.8994140625;0
1113.543;1632.93859863281;0
1115.682;1730.21020507813;0
1117.816;1531.82531738281;0
1119.947;1519.22351074219;0
1122.08;1420.1640625;0
1124.213;1647.94262695313;0
1126.343;1631.09680175781;0
1128.474;1565.40441894531;0
1130.602;1306.65405273438;0
1132.728;1288.54919433594;0
1134.856;1316.54187011719;0
1136.982;1311.79968261719;0
1139.109;1383.54858398438;0
1141.234;1390.69177246094;0
1143.356;1452.88122558594;0
1145.479;1347.48352050781;0
1147.599;1395.97387695313;0
1149.719;1481.548828125;0
1151.839;1630.77258300781;0
1153.957;1546.5341796875;0
1156.076;1370.27795410156;0
1158.191;917.56103515625;0
1160.305;898.921936035157;0
1162.423;910.764404296875;0
1164.536;1243.39660644531;0
1166.647;1018.22357177734;0
1168.761;1119.076171875;0
1170.871;1056.33276367188;0
1172.983;1163.65222167969;0
1175.092;1390.78076171875;0
1177.2;1605.47192382813;0
1179.306;1854.01220703125;0
1181.413;1799.96630859375;0
1183.518;1749.416015625;0
1185.623;1638.57080078125;0
1187.725;1485.42541503906;0
1189.826;1472.5341796875;0
1191.929;1516.77697753906;0
1194.032;1668.708984375;0
1196.13;1438.21484375;0
1198.23;1417.95935058594;0
1200.327;1352.39990234375;0
1202.423;1391.06909179688;0
1204.52;1491.29150390625;0
1206.613;1068.90283203125;0
1208.71;1248.85705566406;0
1210.801;1270.20568847656;0
1212.892;1725.46923828125;0
1214.987;1723.31005859375;0
1217.075;1761.90185546875;0
1219.166;1577.62219238281;0
1221.256;1614.79028320312;0
1223.342;1465.73852539062;0
1225.43;1706.50085449219;0
1227.515;1586.07702636719;0
1229.597;1594.04504394531;0
1231.685;1582.50085449219;0
1233.767;1562.88269042969;0
1235.85;1637.173828125;0
1237.931;1612.03503417969;0
1240.009;1675.16845703125;0
1242.09;1492.58361816406;0
1244.168;1325.84375;0
1246.245;1307.40356445313;0
1248.321;1400.34790039063;0
1250.397;1459.25854492188;0
1252.472;1524.69128417969;0
1254.547;1473.74633789063;0
1256.618;1297.72314453125;0
1258.69;1081.34411621094;0
1260.761;1022.71563720703;0
1262.83;1207.61633300781;0
1264.901;1303.71838378906;0
1266.969;1347.11376953125;0
1269.035;1149.14660644531;0
1271.102;1393.60229492188;0
1273.167;1323.57580566406;0
1275.233;1583.17712402344;0
1277.295;1362.40625;0
1279.359;1499.14953613281;0
1281.42;1144.9609375;0
1283.482;1100.62609863281;0
1285.542;798.044799804688;0
1287.6;1021.56372070312;0
1289.659;896.334655761718;0
1291.714;1160.75085449219;0
1293.774;1254.54284667969;0
1295.828;1310.96166992188;0
1297.881;1347.77746582031;0
1299.936;1285.2607421875;0
1301.987;1466.56225585938;0
1304.041;1603.16162109375;0
1306.09;1504.83654785156;0
1308.139;1401.482421875;0
1310.19;1266.771484375;0
1312.238;1403.482421875;0
1314.286;1352.17077636719;0
1316.331;1376.94616699219;0
1318.376;1535.3642578125;0
1320.422;1495.75964355469;0
1322.466;1413.79821777344;0
1324.508;1326.3798828125;0
1326.549;1373.40002441406;0
1328.59;1308.64001464844;0
1330.632;1150.16564941406;0
1332.67;1357.41455078125;0
1334.707;1448.6708984375;0
1336.746;1604.25378417969;0
1338.78;1445.38452148437;0
1340.816;1358.39343261719;0
1342.852;836.844482421875;0
1344.885;758.074462890625;0
1346.916;653.974243164062;0
1348.948;1058.17956542969;0
1350.979;1078.68408203125;0
1353.011;1103.18310546875;0
1355.04;1011.12701416016;0
1357.066;920.625915527344;0
1359.094;1036.34460449219;0
1361.121;944.723388671875;0
1363.145;1106.75244140625;0
1365.171;903.535522460938;0
1367.192;939.063903808594;0
1369.216;811.115417480469;0
1371.239;992.356689453125;0
1373.258;1013.78771972656;0
1375.28;932.076049804688;0
1377.298;672.332092285156;0
1379.316;597.887939453125;0
1381.335;632.245483398438;0
1383.35;768.370849609375;0
1385.366;771.434448242188;0
1387.38;690.120422363281;0
1389.394;601.859130859375;0
1391.409;721.083435058593;0
1393.42;582.911987304688;0
1395.43;637.344848632812;0
1397.44;522.381896972656;0
1399.451;700.914855957031;0
1401.458;626.610900878906;0
1403.466;417.915313720704;0
1405.472;406.910125732421;0
1407.478;609.991760253906;0
1409.483;837.609619140625;0
1411.486;1007.45861816406;0
1413.49;928.073913574219;0
1415.492;958.665161132813;0
1417.492;818.283142089844;0
1419.495;799.015808105469;0
1421.494;743.313903808594;0
1423.492;904.607604980468;0
1425.49;1032.50329589844;0
1427.487;1155.47265625;0
1429.482;1142.30773925781;0
1431.477;1101.8974609375;0
1433.471;1135.01940917969;0
1435.466;1189.78625488281;0
1437.456;1178.642578125;0
1439.447;1116.03125;0
1441.441;1105.064453125;0
1443.427;1189.6171875;0
1445.417;1270.57202148437;0
1447.406;1210.59985351563;0
1449.392;1162.36950683594;0
1451.381;1044.5595703125;0
1453.365;1010.94665527344;0
1455.348;908.418151855469;0
1457.333;855.972045898437;0
1459.314;905.496887207031;0
1461.296;910.206359863281;0
1463.276;790.770874023438;0
1465.256;649.07177734375;0
1467.237;750.68017578125;0
1469.215;1029.75695800781;0
1471.19;1065.12463378906;0
1473.167;1080.8916015625;0
1475.145;1053.61059570313;0
1477.118;1122.94836425781;0
1479.092;1012.68273925781;0
1481.065;931.923889160157;0
1483.038;843.893981933593;0
1485.008;814.146911621094;0
1486.979;831.904724121094;0
1488.949;849.389831542968;0
1490.917;874.935424804688;0
1492.883;868.207397460938;0
1494.852;796.647766113281;0
1496.817;816.92431640625;0
1498.782;817.317321777344;0
1500.748;899.955749511719;0
1502.708;868.662353515625;0
1504.673;852.434631347657;0
1506.634;697.724060058593;0
1508.594;501.979309082032;0
1510.554;465.644744873047;0
1512.512;583.523620605469;0
1514.471;788.145874023438;0
1516.428;670.733520507813;0
1518.384;696.731994628906;0
1520.34;532.36669921875;0
1522.294;588.807434082031;0
1524.249;422.770965576171;0
1526.202;560.601745605469;0
1528.153;531.481689453125;0
1530.103;690.550170898438;0
1532.054;512.133422851562;0
1534.004;573.999938964844;0
1535.951;606.370727539063;0
1537.899;723.5791015625;0
1539.847;702.161804199219;0
1541.793;491.179077148438;0
1543.738;402.268981933593;0
1545.681;355.415100097657;0
1547.625;400.47640991211;0
1549.566;409.924102783203;0
1551.509;368.647064208984;0
1553.45;415.847717285157;0
1555.389;533.323669433593;0
1557.33;403.963714599609;0
1559.266;430.767944335937;0
1561.204;392.847412109375;0
1563.141;594.860900878906;0
1565.074;584.695129394532;0
1567.009;526.445434570312;0
1568.943;519.222900390625;0
1570.877;524.138671875;0
1572.808;458.526031494141;0
1574.741;356.718353271484;0
1576.67;277.93783569336;0
1578.6;318.510711669921;0
1580.528;413.342407226563;0
1582.455;400.112518310546;0
1584.382;412.631713867188;0
1586.307;312.520538330078;0
1588.234;406.667907714844;0
1590.157;435.518280029297;0
1592.081;498.738250732422;0
1594.002;373.438995361329;0
1595.927;268.51025390625;0
1597.845;212.285339355469;0
1599.767;227.542053222657;0
1601.685;210.947067260742;0
1603.602;235.611480712891;0
1605.523;158.646408081054;0
1607.438;281.739227294922;0
1609.354;309.986297607421;0
1611.269;444.9453125;0
1613.181;254.052917480469;0
1615.096;252.974014282227;0
1617.008;152.708633422852;0
1618.92;311.973236083985;0
1620.83;350.713531494141;0
1622.74;470.151702880859;0
1624.649;429.732238769531;0
1626.557;254.763046264648;0
1628.464;219.158569335938;0
1630.37;288.267456054688;0
1632.275;382.832946777344;0
1634.18;328.648956298828;0
1636.085;327.499328613281;0
1637.988;352.946594238281;0
1639.888;341.308807373047;0
1641.791;279.264678955078;0
1643.691;335.255310058594;0
1645.588;414.722503662109;0
1647.489;558.221740722656;0
1649.387;508.641723632813;0
1651.284;542.989074707031;0
1653.18;440.602569580078;0
1655.075;512.927612304688;0
1656.972;503.521118164063;0
1658.864;625.385314941406;0
1660.754;638.661254882813;0
1662.65;632.544494628906;0
1664.539;481.701568603516;0
1666.428;452.15234375;0
1668.32;401.321472167969;0
1670.207;495.653411865234;0
1672.096;425.481475830078;0
1673.982;475.8056640625;0
1675.867;460.292633056641;0
1677.754;560.275756835938;0
1679.638;543.866088867188;0
1681.52;508.841461181641;0
1683.403;362.868499755859;0
1685.285;157.725006103516;0
1687.166;117.299865722656;0
1689.048;236.306823730469;0
1690.924;402.916320800781;0
1692.804;498.014251708985;0
1694.682;402.382385253906;0
1696.558;424.131866455078;0
1698.435;336.484924316406;0
1700.308;278.219299316407;0
1702.184;192.335006713867;0
1704.057;229.517562866211;0
1705.929;282.970336914063;0
1707.801;285.137786865234;0
1709.674;216.353225708008;0
1711.542;299.505554199218;0
1713.412;391.817016601563;0
1715.28;345.954223632813;0
1717.145;265.361694335937;0
1719.015;256.685333251953;0
1720.88;271.38296508789;0
1722.746;149.781997680664;0
1724.61;145.978210449219;0
1726.471;213.914123535156;0
1728.334;348.795043945313;0
1730.197;272.329986572265;0
1732.057;249.789794921875;0
1733.919;215.285598754883;0
1735.777;213.788101196289;0
1737.634;216.043106079101;0
1739.493;278.152282714843;0
1741.349;275.507354736328;0
1743.205;245.47459411621;0
1745.061;247.259750366211;0
1746.915;322.188018798828;0
1748.77;452.1416015625;0
1750.621;409.230743408203;0
1752.473;331.788787841797;0
1754.323;212.371322631836;0
1756.173;221.311645507813;0
1758.022;281.832000732421;0
1759.87;281.487915039063;0
1761.718;168.272811889648;0
1763.566;198.994827270507;0
1765.411;257.634124755859;0
1767.256;323.788604736328;0
1769.101;354.822387695313;0
1770.945;366.646881103515;0
1772.787;508.928833007813;0
1774.629;466.780364990234;0
1776.469;497.979217529296;0
1778.309;437.971649169922;0
1780.15;447.648773193359;0
1781.987;427.343994140625;0
1783.826;344.279510498046;0
1785.662;430.677612304687;0
1787.498;449.874176025391;0
1789.334;482.647003173829;0
1791.169;479.885009765625;0
1793.002;434.365966796875;0
1794.834;516.978698730469;0
1796.667;561.501098632813;0
1798.498;701.663757324218;0
1800.328;807.185180664063;0
1802.157;702.834106445313;0
1803.986;660.939819335938;0
1805.813;611.724548339843;0
1807.639;756.188293457031;0
1809.467;924.3310546875;0
1811.292;1029.48620605469;0
1813.117;1070.74597167969;0
1814.94;1080.57360839844;0
1816.763;1065.85803222656;0
1818.585;1022.59936523437;0
1820.407;789.019653320312;0
1822.227;643.0078125;0
1824.048;548.119506835938;0
1825.865;617.077270507813;0
1827.683;593.270935058594;0
1829.501;598.701843261719;0
1831.317;530.040588378906;0
1833.135;571.191040039063;0
1834.948;393.766235351563;0
1836.761;375.342742919922;0
1838.577;367.386688232422;0
1840.388;506.674285888672;0
1842.198;521.316650390625;0
1844.009;509.231994628907;0
1845.819;483.230010986328;0
1847.629;415.545227050781;0
1849.436;318.660705566406;0
1851.244;163.687606811523;0
1853.052;170.735366821289;0
1854.858;163.137313842773;0
1856.661;196.446701049805;0
1858.466;277.552429199219;0
1860.269;282.232208251954;0
1862.073;414.375;0
1863.875;359.31411743164;0
1865.673;371.49398803711;0
1867.476;329.136840820313;0
1869.275;263.798248291016;0
1871.072;381.553527832032;0
1872.872;509.31039428711;0
1874.667;492.58203125;0
1876.464;394.893249511719;0
1878.26;267.221771240234;0
1880.053;260.4580078125;0
1881.849;262.934356689453;0
1883.64;320.428619384766;0
1885.431;447.38345336914;0
1887.226;527.463317871094;0
1889.014;392.223602294921;0
1890.803;386.219970703125;0
1892.594;327.787628173828;0
1894.38;538.817321777344;0
1896.167;556.198791503907;0
1897.955;624.487548828125;0
1899.74;519.46142578125;0
1901.526;480.342681884766;0
1903.309;452.469146728515;0
1905.091;434.507537841797;0
1906.876;423.680084228516;0
1908.658;283.543212890625;0
1910.438;320.542083740234;0
1912.217;372.899383544922;0
1913.996;449.617736816406;0
1915.775;442.921417236328;0
1917.553;376.144927978516;0
1919.33;418.955841064453;0
1921.106;326.798645019531;0
1922.881;265.45248413086;0
1924.655;273.584014892578;0
1926.431;283.859893798828;0
1928.202;220.946823120117;0
1929.974;17.8447589874268;0
1931.746;55.0683860778809;0
1933.516;210.432205200195;0
1935.286;327.161254882813;0
1937.055;370.812133789062;0
1938.823;395.059265136719;0
1940.592;384.014587402343;0
1942.356;353.028991699218;0
1944.122;359.528137207031;0
1945.888;379.731414794921;0
1947.651;406.972259521484;0
1949.416;152.139877319336;0
1951.178;169.56787109375;0
1952.939;150.920150756836;0
1954.699;329.469665527343;0
1956.459;380.609100341797;0
1958.219;407.005126953125;0
1959.979;544.102111816407;0
1961.735;681.233520507813;0
1963.491;715.399230957031;0
1965.249;567.377075195313;0
1967.003;559.395141601562;0
1968.761;569.789916992188;0
1970.512;628.564880371093;0
1972.265;600.275634765625;0
1974.018;544.923400878907;0
1975.769;583.3994140625;0
1977.522;520.150756835937;0
1979.271;480.289001464844;0
1981.018;402.150146484375;0
1982.766;250.289505004883;0
1984.516;291.483215332031;0
1986.261;291.582427978516;0
1988.009;393.821624755859;0
1989.754;353.794982910157;0
1991.498;296.044830322266;0
1993.241;331.467834472656;0
1994.984;354.563018798828;0
1996.727;290.164489746093;0
1998.468;203.712310791016;0
2000.206;180.094451904297;0
2001.946;278.75537109375;0
2003.686;345.472869873047;0
2005.424;365.358032226563;0
2007.161;437.517395019531;0
2008.898;497.395385742188;0
2010.634;545.992065429688;0
2012.369;519.1953125;0
2014.103;395.671173095704;0
2015.836;389.975402832031;0
2017.57;464.106628417968;0
2019.299;528.841735839844;0
2021.032;462.069763183594;0
2022.762;362.124237060547;0
2024.491;378.561981201172;0
2026.221;434.603820800781;0
2027.947;454.471954345703;0
2029.676;397.499786376953;0
2031.403;440.799072265625;0
2033.128;370.145294189453;0
2034.852;439.415252685547;0
2036.577;434.18359375;0
2038.299;575.893188476562;0
2040.022;514.988647460938;0
2041.744;274.018981933594;0
2043.465;228.538940429688;0
2045.184;233.194320678711;0
2046.903;429.56234741211;0
2048.621;395.980407714843;0
2050.339;371.44955444336;0
2052.057;275.859680175782;0
2053.774;268.988189697265;0
2055.488;218.724014282227;0
2057.203;293.461700439453;0
2058.917;384.478240966796;0
2060.631;510.774841308594;0
2062.344;528.908264160156;0
2064.053;480.656311035157;0
2065.765;416.574523925782;0
2067.476;460.662933349609;0
2069.185;447.472259521484;0
2070.892;437.893218994141;0
2072.6;399.034729003906;0
2074.308;415.675750732422;0
2076.014;391.927337646485;0
2077.72;382.010650634766;0
2079.425;350.368743896484;0
2081.13;414.731964111328;0
2082.833;357.516784667969;0
2084.532;341.703430175782;0
2086.236;270.055450439453;0
2087.936;213.500595092773;0
2089.635;217.472305297851;0
2091.335;266.154174804688;0
2093.034;287.561859130859;0
2094.731;162.807479858399;0
2096.427;193.639877319336;0
2098.124;348.506439208985;0
2099.82;605.869506835937;0
2101.515;603.729064941406;0
2103.207;519.862915039063;0
2104.902;511.937744140625;0
2106.594;598.509033203125;0
2108.286;671.465698242188;0
2109.976;691.02294921875;0
2111.667;689.573486328125;0
2113.355;749.850708007813;0
2115.044;726.345275878906;0
2116.732;650.599792480469;0
2118.42;548.635620117188;0
2120.105;598.285949707031;0
2121.79;712.213500976563;0
2123.476;871.625366210938;0
2125.16;866.313110351563;0
2126.844;874.276733398438;0
2128.524;868.62744140625;0
2130.207;867.142822265625;0
2131.888;849.3779296875;0
2133.567;834.336303710938;0
2135.247;808.907775878906;0
2136.927;800.647766113281;0
2138.603;816.958312988281;0
2140.281;831.549072265625;0
2141.957;877.866882324219;0
2143.633;779.361450195313;0
2145.308;851.481994628906;0
2146.981;828.560607910156;0
2148.654;928.707214355469;0
2150.328;818.364990234375;0
2152;858.201049804688;0
2153.669;823.21533203125;0
2155.34;843.523681640625;0
2157.01;811.017211914063;0
2158.677;825.804077148438;0
2160.347;889.438659667969;0
2162.013;820.586303710938;0
2163.681;826.802673339844;0
2165.347;867.889038085938;0
2167.011;918.246520996094;0
2168.674;835.472961425781;0
2170.337;785.762023925781;0
2172.002;754.004028320313;0
2173.662;856.201110839844;0
2175.324;783.1298828125;0
2176.985;789.900207519531;0
2178.645;709.004272460938;0
2180.304;682.106628417969;0
2181.961;696.565979003906;0
2183.618;794.068786621094;0
2185.275;797.297485351563;0
2186.932;846.804260253906;0
2188.586;816.698791503906;0
2190.242;895.67138671875;0
2191.896;747.369262695313;0
2193.547;644.307373046875;0
2195.2;637.933715820313;0
2196.851;690.96484375;0
2198.502;748.382873535156;0
2200.153;698.298889160156;0
2201.799;762.046264648438;0
2203.447;741.291564941406;0
2205.097;773.368286132813;0
2206.742;737.286682128906;0
2208.391;736.285827636719;0
2210.035;740.418762207031;0
2211.679;686.780456542969;0
2213.324;647.447143554688;0
2214.966;657.764343261719;0
2216.608;648.820556640625;0
2218.252;725.67041015625;0
2219.89;647.31640625;0
2221.531;790.599609375;0
2223.172;768.28271484375;0
2224.809;852.032409667969;0
2226.449;796.900634765625;0
2228.086;847.351501464844;0
2229.72;893.244506835938;0
2231.358;881.283813476563;0
2232.992;773.688537597656;0
2234.625;655.568603515625;0
2236.26;729.409729003906;0
2237.893;860.216857910156;0
2239.524;965.287292480469;0
2241.156;846.872314453125;0
2242.785;813.809936523438;0
2244.416;804.209655761719;0
2246.044;866.849365234375;0
2247.672;879.555908203125;0
2249.301;872.106262207031;0
2250.926;946.401184082031;0
2252.554;894.1201171875;0
2254.177;949.63330078125;0
2255.803;962.162963867188;0
2257.427;1024.09167480469;0
2259.051;1070.64147949219;0
2260.671;855.372436523438;0
2262.294;789.394775390625;0
2263.914;718.796691894531;0
2265.533;871.199096679688;0
2267.153;926.628967285156;0
2268.773;1016.97375488281;0
2270.392;946.675476074219;0
2272.006;914.845458984375;0
2273.624;793.927978515625;0
2275.239;976.480041503906;0
2276.854;1104.10778808594;0
2278.468;1154.10949707031;0
2280.084;1134.02941894531;0
2281.695;1023.08917236328;0
2283.305;1060.22924804688;0
2284.919;763.240234375;0
2286.527;789.592102050781;0
2288.14;766.188903808594;0
2289.748;1014.99609375;0
2291.354;1044.7685546875;0
2292.964;1034.61877441406;0
2294.569;1082.88000488281;0
2296.174;1086.10778808594;0
2297.782;1070.74658203125;0
2299.386;993.796447753906;0
2300.99;775.5830078125;0
2302.594;801.658142089844;0
2304.195;791.678161621094;0
2305.798;859.974609375;0
2307.399;755.605224609375;0
2308.998;679.890197753906;0
2310.598;579.506164550781;0
2312.197;656.263854980469;0
2313.795;804.698120117188;0
2315.392;1088.228515625;0
2316.988;1169.80590820313;0
2318.585;1182.87463378906;0
2320.18;1098.10131835938;0
2321.774;1025.10083007813;0
2323.368;915.408935546875;0
2324.961;926.055053710938;0
2326.553;671.490905761719;0
2328.145;750.594360351563;0
2329.735;730.545776367188;0
2331.324;1059.29333496094;0
2332.916;971.40478515625;0
2334.503;783.56396484375;0
2336.092;566.001342773438;0
2337.677;644.391906738281;0
2339.263;830.513549804687;0
2340.85;979.069580078125;0
2342.434;985.087036132813;0
2344.018;942.267761230468;0
2345.602;721.757873535156;0
2347.185;710.679382324219;0
2348.768;726.991394042969;0
2350.347;998.806091308594;0
2351.928;1019.29656982422;0
2353.51;1054.68505859375;0
2355.087;972.850341796875;0
2356.665;835.102661132813;0
2358.243;688.838256835937;0
2359.819;581.584716796875;0
2361.396;638.163513183594;0
2362.972;709.11962890625;0
2364.547;787.007446289062;0
2366.121;815.604736328125;0
2367.694;918.02001953125;0
2369.267;937.536376953125;0
2370.839;663.374328613282;0
2372.411;614.231750488282;0
2373.982;675.018310546875;0
2375.55;959.961486816406;0
2377.118;699.456481933593;0
2378.687;712.899963378907;0
2380.254;699.937438964844;0
2381.821;1057.36047363281;0
2383.387;1007.68133544922;0
2384.954;1037.56103515625;0
2386.516;942.88720703125;0
2388.082;1064.548828125;0
2389.644;1105.2177734375;0
2391.209;1118.89575195313;0
2392.769;881.012451171875;0
2394.33;922.742004394531;0
2395.892;1019.11962890625;0
2397.449;1130.18041992188;0
2399.008;1070.48132324219;0
2400.568;1094.91418457031;0
2402.125;1015.48126220703;0
2403.68;1015.06164550781;0
2405.238;1016.84497070313;0
2406.792;1196.74108886719;0
2408.349;1317.10986328125;0
2409.902;1304.28454589844;0
2411.455;1346.04443359375;0
2413.007;1335.05859375;0
2414.558;1354.52062988281;0
2416.11;1240.49377441406;0
2417.66;1269.67492675781;0
2419.21;1195.8388671875;0
2420.758;1288.10754394531;0
2422.307;1166.07836914063;0
2423.855;1015.13824462891;0
2425.402;892.033508300781;0
2426.947;880.637512207031;0
2428.492;1015.13055419922;0
2430.038;999.882934570313;0
2431.58;932.894897460938;0
2433.124;1022.40344238281;0
2434.667;823.65771484375;0
2436.208;741.420715332031;0
2437.75;874.248779296875;0
2439.291;1069.8916015625;0
2440.83;1168.01623535156;0
2442.369;1110.28930664063;0
2443.906;1280.14892578125;0
2445.444;1440.04907226563;0
2446.981;1211.93676757812;0
2448.517;1098.81164550781;0
2450.053;960.081848144532;0
2451.587;901.269714355469;0
2453.12;1162.63903808594;0
2454.655;1280.93798828125;0
2456.187;1508.61157226562;0
2457.718;1449.9912109375;0
2459.25;1393.38452148437;0
2460.781;1224.08020019531;0
2462.31;1050.54931640625;0
2463.84;1125.46276855469;0
2465.368;1228.9716796875;0
2466.896;1221.626953125;0
2468.423;1010.98205566406;0
2469.949;1165.62902832031;0
2471.474;1275.42895507813;0
2472.998;1501.29821777344;0
2474.522;1272.03698730469;0
2476.045;1284.02673339844;0
2477.568;1311.37878417969;0
2479.09;1465.64868164062;0
2480.612;1375.49768066406;0
2482.132;1043.03540039063;0
2483.653;809.938781738282;0
2485.171;805.819213867188;0
2486.689;1279.4130859375;0
2488.208;1493.68579101563;0
2489.725;1536.63647460938;0
2491.242;1363.37609863281;0
2492.757;1355.79516601563;0
2494.271;1230.45202636719;0
2495.785;1285.68920898438;0
2497.3;1344.61730957031;0
2498.812;1567.01281738281;0
2500.325;1355.32006835938;0
2501.837;1159.87084960937;0
2503.345;723.551940917969;0
2504.856;635.836059570312;0
2506.366;686.548950195313;0
2507.875;882.660339355469;0
2509.382;1070.01171875;0
2510.889;1042.15856933594;0
2512.397;941.096740722656;0
2513.901;659.270690917968;0
2515.406;698.648132324219;0
2516.911;872.039672851563;0
2518.415;1047.33386230469;0
2519.918;913.197021484375;0
2521.421;767.720764160156;0
2522.922;523.538879394532;0
2524.423;578.986450195313;0
2525.924;630.038208007813;0
2527.422;794.907958984375;0
2528.923;662.606872558593;0
2530.419;694.083801269531;0
2531.916;585.00390625;0
2533.415;740.262756347657;0
2534.909;546.990051269532;0
2536.404;563.549621582032;0
2537.899;212.106063842773;0
2539.394;388.421325683594;0
2540.887;477.777862548828;0
2542.38;863.649780273438;0
2543.871;569.743774414063;0
2545.363;508.623718261719;0
2546.852;443.630035400391;0
2548.345;244.351974487305;0
2549.833;179.723678588867;0
2551.321;17.6745529174805;0
2552.811;590.402160644532;0
2554.296;597.829162597657;0
2555.78;816.622497558593;0
2557.267;647.058654785156;0
2558.752;708.804626464844;0
2560.237;291.491119384766;0
2561.721;345.013977050781;0
2563.203;386.174713134766;0
2564.687;806.14794921875;0
2566.168;739.284240722656;0
2567.648;884.922973632813;0
2569.129;808.287841796875;0
2570.607;834.369995117187;0
2572.086;849.498840332031;0
2573.565;928.674499511718;0
2575.041;1118.67590332031;0
2576.518;1129.837890625;0
2577.994;1182.16198730469;0
2579.469;1206.53857421875;0
2580.945;1323.96716308594;0
2582.418;1202.66845703125;0
2583.892;1340.19006347656;0
2585.365;1335.98962402344;0
2586.835;1429.77404785156;0
2588.307;1327.43237304688;0
2589.778;1297.13928222656;0
2591.248;1353.32373046875;0
2592.717;1441.09423828125;0
2594.186;1305.00573730469;0
2595.652;1339.94763183594;0
2597.121;1043.92993164062;0
2598.585;1171.84301757813;0
2600.052;1227.91418457031;0
2601.518;1301.58251953125;0
2602.982;1326.07373046875;0
2604.446;1189.72058105469;0
2605.907;1345.41345214844;0
2607.371;1261.82055664062;0
2608.83;1481.85095214844;0
2610.293;1462.92443847656;0
2611.752;1450.71447753906;0
2613.213;1451.22668457031;0
2614.672;1458.64538574219;0
2616.13;1672.51623535156;0
2617.587;1547.66931152344;0
2619.043;1724.21313476562;0
2620.501;1538.0380859375;0
2621.957;1605.44750976563;0
2623.409;1416.80432128906;0
2624.864;1613.38745117187;0
2626.318;1599.58569335938;0
2627.771;1791.62524414062;0
2629.222;1645.94470214844;0
2630.673;1735.76672363281;0
2632.124;1735.9716796875;0
2633.575;1925.10803222656;0
2635.023;1800.39270019531;0
2636.473;1635.49194335938;0
2637.922;1502.33898925781;0
2639.368;1569.07055664063;0
2640.816;1662.60986328125;0
2642.261;1605.49816894531;0
2643.705;1269.68908691406;0
2645.151;1226.9892578125;0
2646.596;1287.82092285156;0
2648.037;1571.13647460937;0
2649.48;1432.77966308594;0
2650.923;1229.74877929688;0
2652.364;1152.69506835938;0
2653.804;1129.83752441406;0
2655.243;1196.73327636719;0
2656.683;1200.50244140625;0
2658.121;1193.81689453125;0
2659.559;981.123779296875;0
2660.997;912.088256835937;0
2662.433;873.042236328125;0
2663.868;1163.35412597656;0
2665.305;1063.42114257813;0
2666.737;1105.37854003906;0
2668.173;1102.89282226563;0
2669.606;1221.96643066406;0
2671.038;1224.69738769531;0
2672.47;1027.04528808594;0
2673.901;799.676818847657;0
2675.331;846.083862304687;0
2676.761;883.948547363282;0
2678.189;890.384643554687;0
2679.619;628.948425292969;0
2681.045;505.528228759766;0
2682.473;646.787170410156;0
2683.9;875.931030273438;0
2685.324;823.339599609375;0
2686.749;807.434265136719;0
2688.176;529.444213867188;0
2689.599;593.2568359375;0
2691.021;513.870544433594;0
2692.444;596.957214355468;0
2693.865;616.285278320312;0
2695.287;481.752838134766;0
2696.707;516.257385253907;0
2698.125;502.353881835938;0
2699.545;701.486022949219;0
2700.963;700.653137207031;0
2702.381;677.411437988282;0
2703.798;740.320739746094;0
2705.214;712.266906738281;0
2706.629;803.918884277344;0
2708.046;785.379211425781;0
2709.458;937.317260742188;0
2710.872;947.416381835937;0
2712.285;956.024291992188;0
2713.699;826.700500488281;0
2715.111;688.013366699218;0
2716.52;712.316772460938;0
2717.93;689.159118652344;0
2719.342;815.372924804687;0
2720.749;775.17919921875;0
2722.159;886.637145996093;0
2723.565;978.530395507813;0
2724.971;936.692565917969;0
2726.38;909.5810546875;0
2727.785;959.953796386719;0
2729.19;1257.11242675781;0
2730.594;1379.55834960937;0
2731.997;1493.40734863281;0
2733.401;1425.43530273438;0
2734.803;1323.41735839844;0
2736.204;1303.01965332031;0
2737.606;1295.35510253906;0
2739.005;1460.19982910156;0
2740.405;1329.99829101562;0
2741.806;1407.75305175781;0
2743.202;1424.12829589844;0
2744.602;1549.56811523438;0
2745.998;1401.62805175781;0
2747.395;1330.71618652344;0
2748.79;1086.43334960937;0
2750.185;1154.9765625;0
2751.58;1253.89965820312;0
2752.975;1462.64465332031;0
2754.366;1512.2119140625;0
2755.759;1504.71057128906;0
2757.151;1526.92346191406;0
2758.542;1534.26977539063;0
2759.933;1717.638671875;0
2761.322;1877.37072753906;0
2762.71;1857.19421386719;0
2764.1;1660.90441894531;0
2765.486;1397.03308105469;0
2766.875;1346.77270507812;0
2768.26;1287.51953125;0
2769.646;1519.63439941406;0
2771.031;1597.21984863281;0
2772.418;1561.83129882812;0
2773.799;1438.91345214844;0
2775.184;1536.01513671875;0
2776.565;1696.92248535156;0
2777.946;1773.96557617187;0
2779.328;1823.91320800781;0
2780.708;1885.98669433594;0
2782.09;1940.18530273437;0
2783.469;2034.50817871094;0
2784.847;2024.50866699219;0
2786.226;2058.5185546875;0
2787.603;1995.76171875;0
2788.978;1976.90380859375;0
2790.355;2009.619140625;0
2791.731;1856.79565429688;0
2793.104;1875.30517578125;0
2794.479;1683.46630859375;0
2795.853;1580.38464355469;0
2797.225;1487.0458984375;0
2798.596;1512.09619140625;0
2799.967;1594.76647949219;0
2801.341;1392.44641113281;0
2802.71;1139.9150390625;0
2804.077;809.53662109375;0
2805.447;852.416076660156;0
2806.815;735.712524414063;0
2808.183;727.647766113281;0
2809.551;615.68017578125;0
2810.915;795.034973144531;0
2812.282;863.221862792969;0
2813.646;859.398193359375;0
2815.011;813.859008789063;0
2816.375;818.319396972657;0
2817.736;760.927612304688;0
2819.099;786.527648925781;0
2820.462;478.231018066406;0
2821.821;515.038818359375;0
2823.182;350.174682617188;0
2824.542;526.476379394531;0
2825.901;563.561218261719;0
2827.261;702.2421875;0
2828.617;718.234130859375;0
2829.974;695.217346191406;0
2831.33;682.3271484375;0
2832.686;668.201538085938;0
2834.043;688.95166015625;0
2835.395;758.134399414063;0
2836.75;1107.86401367187;0
2838.104;1327.69274902344;0
2839.456;1304.31396484375;0
2840.807;1214.72912597656;0
2842.16;1083.82104492187;0
2843.509;1092.42895507813;0
2844.858;995.9560546875;0
2846.209;945.679748535157;0
2847.556;763.347412109375;0
2848.906;741.560241699219;0
2850.253;894.875427246094;0
2851.6;885.961120605469;0
2852.946;875.596557617188;0
2854.29;581.671203613281;0
2855.635;669.095275878906;0
2856.98;556.909790039063;0
2858.323;673.547485351563;0
2859.665;638.069396972656;0
2861.008;671.806335449219;0
2862.349;788.263793945313;0
2863.691;872.524719238281;0
2865.031;687.146118164063;0
2866.37;712.056396484375;0
2867.709;489.532135009766;0
2869.048;588.677551269531;0
2870.385;554.835876464844;0
2871.722;827.685119628906;0
2873.059;1000.87542724609;0
2874.394;940.505859375;0
2875.73;995.577392578125;0
2877.064;920.67578125;0
2878.398;775.323547363281;0
2879.731;758.939331054688;0
2881.063;969.98876953125;0
2882.395;1206.05773925781;0
2883.727;1301.68322753906;0
2885.059;1262.57421875;0
2886.387;1470.1318359375;0
2887.717;1428.46728515625;0
2889.046;1441.69128417969;0
2890.374;1311.2646484375;0
2891.699;1370.72839355469;0
2893.028;1349.24951171875;0
2894.354;1313.42504882813;0
2895.679;1274.08996582031;0
2897.004;1516.87683105469;0
2898.328;1485.45080566406;0
2899.653;1561.2548828125;0
2900.976;1470.73229980469;0
2902.297;1491.21484375;0
2903.619;1365.64270019531;0
2904.941;1365.62084960938;0
2906.26;1254.66943359375;0
2907.58;1179.40710449219;0
2908.898;1104.15344238281;0
2910.217;1240.55102539062;0
2911.536;1292.29516601563;0
2912.852;1390.82836914063;0
2914.171;1507.14953613281;0
2915.485;1556.03540039062;0
2916.799;1583.8193359375;0
2918.116;1451.61242675781;0
2919.428;1481.08093261719;0
2920.743;1441.107421875;0
2922.056;1461.56958007813;0
2923.367;1451.15747070312;0
2924.679;1187.05944824219;0
2925.99;1255.35070800781;0
2927.299;1313.09680175781;0
2928.609;1546.62951660156;0
2929.918;1559.39172363281;0
2931.226;1428.82629394531;0
2932.535;1353.82177734375;0
2933.841;1063.24560546875;0
2935.149;1165.16784667969;0
2936.455;1043.26684570313;0
2937.758;1172.59289550781;0
2939.064;991.148254394532;0
2940.368;1056.53857421875;0
2941.67;1037.9033203125;0
2942.973;1179.12976074219;0
2944.277;1274.40075683594;0
2945.577;1238.55065917969;0
2946.878;1304.36413574219;0
2948.178;1256.49816894531;0
2949.477;1360.71899414062;0
2950.776;1264.04321289063;0
2952.073;1371.59399414062;0
2953.372;1306.37036132813;0
2954.669;1410.89758300781;0
2955.965;1317.20874023438;0
2957.261;1375.10754394531;0
2958.556;1267.79479980469;0
2959.849;1284.01965332031;0
2961.145;1295.26684570313;0
2962.436;1456.38354492188;0
2963.732;1411.08215332031;0
2965.022;1527.03076171875;0
2966.313;1374.67541503906;0
2967.603;1410.10876464844;0
2968.893;1380.94885253906;0
2970.182;1351.09020996094;0
2971.471;1217.08325195313;0
2972.759;967.934753417969;0
2974.047;988.641967773438;0
2975.334;1041.6923828125;0
2976.62;1101.08764648438;0
2977.907;884.05126953125;0
2979.192;750.695861816406;0
2980.475;660.794311523438;0
2981.76;930.56884765625;0
2983.043;994.904113769531;0
2984.326;917.908508300781;0
2985.607;631.690673828125;0
2986.888;554.585510253906;0
2988.17;602.370666503906;0
2989.449;579.602294921875;0
2990.728;422.613189697266;0
2992.007;370.514038085938;0
2993.284;407.747772216797;0
2994.562;488.757293701172;0
2995.84;358.763824462891;0
2997.115;246.325012207031;0
2998.393;203.661987304688;0
2999.666;132.661819458008;0
3000.94;80.3145751953125;0
3002.215;46.7355766296387;0
3003.486;70.7029113769531;0
3004.76;163.883239746094;0
3006.033;216.276565551758;0
3007.303;188.660675048828;0
3008.573;-4.96785926818848;0
3009.844;-63.8394927978516;0
3011.114;96.6016082763672;0
3012.383;214.24284362793;0
3013.649;192.749984741211;0
3014.917;-18.8790950775146;0
3016.185;12.354076385498;0
3017.451;-62.6631240844727;0
3018.716;-117.709197998047;0
3019.983;-191.895263671875;0
3021.246;-100.000007629395;0
3022.509;128.978515625;0
3023.774;177.597473144531;0
3025.035;203.752853393555;0
3026.299;186.108978271484;0
3027.56;245.776962280273;0
3028.819;187.868179321289;0
3030.081;2.49375653266907;0
3031.339;-93.2365341186523;0
3032.598;-106.876182556152;0
3033.856;-202.094055175781;0
3035.114;-116.225982666016;0
3036.372;-143.38249206543;0
3037.628;104.991592407227;0
3038.883;27.1208438873291;0
3040.138;33.1148643493652;0
3041.394;111.191619873047;0
3042.646;144.688598632813;0
3043.9;105.603958129883;0
3045.152;119.158889770508;0
3046.405;213.460861206055;0
3047.657;374.621276855469;0
3048.906;515.638488769531;0
3050.158;638.6220703125;0
3051.407;673.237060546875;0
3052.656;565.92626953125;0
3053.904;690.132751464844;0
3055.153;838.194580078125;0
3056.398;943.555725097656;0
3057.647;724.109619140625;0
3058.892;527.414428710938;0
3060.137;561.472412109375;0
3061.382;749.735290527344;0
3062.625;850.403747558594;0
3063.869;856.152954101563;0
3065.112;719.425842285156;0
3066.353;757.113891601563;0
3067.595;613.438415527344;0
3068.838;640.068054199219;0
3070.075;802.3349609375;0
3071.317;877.240112304688;0
3072.557;812.453186035156;0
3073.795;599.421630859375;0
3075.032;612.044799804688;0
3076.27;746.983581542969;0
3077.507;828.458374023438;0
3078.742;891.801086425781;0
3079.978;891.122192382813;0
3081.212;876.420288085938;0
3082.446;831.479125976563;0
3083.681;767.087036132813;0
3084.913;861.911437988281;0
3086.147;935.175964355469;0
3087.38;1050.10363769531;0
3088.61;1091.69665527344;0
3089.84;1002.84503173828;0
3091.071;918.550476074219;0
3092.3;775.480102539063;0
3093.529;864.078308105469;0
3094.755;951.568237304688;0
3095.984;1134.28100585938;0
3097.211;1118.43737792969;0
3098.438;1051.91882324219;0
3099.663;1012.94989013672;0
3100.888;1004.97503662109;0
3102.112;1041.3271484375;0
3103.335;985.228271484375;0
3104.56;865.901977539063;0
3105.782;869.234985351563;0
3107.005;860.229370117188;0
3108.226;967.108276367188;0
3109.447;824.31396484375;0
3110.667;714.734069824219;0
3111.887;806.80908203125;0
3113.104;1034.20556640625;0
3114.324;1068.92614746094;0
3115.541;980.856201171875;0
3116.758;876.995910644531;0
3117.976;770.901977539063;0
3119.192;764.912719726563;0
3120.408;786.584777832031;0
3121.622;817.473693847656;0
3122.835;826.801696777344;0
3124.05;683.679931640625;0
3125.262;727.663940429688;0
3126.476;683.531494140625;0
3127.687;636.949279785156;0
3128.897;689.584289550781;0
3130.108;814.213928222656;0
3131.319;1024.17150878906;0
3132.528;1098.54809570313;0
3133.737;1004.33477783203;0
3134.945;979.441833496094;0
3136.152;903.638488769531;0
3137.358;981.481689453125;0
3138.565;1007.63537597656;0
3139.772;1000.43383789063;0
3140.976;980.763793945313;0
3142.18;917.848571777344;0
3143.385;919.689575195313;0
3144.588;961.92578125;0
3145.79;983.2265625;0
3146.993;1033.46325683594;0
3148.194;865.898071289063;0
3149.395;797.19921875;0
3150.596;767.812438964844;0
3151.794;715.071594238281;0
3152.994;655.787170410156;0
3154.193;539.591064453125;0
3155.39;535.686401367188;0
3156.587;574.64501953125;0
3157.784;778.800231933594;0
3158.982;750.152038574219;0
3160.177;618.811645507813;0
3161.37;394.890014648438;0
3162.565;427.498382568359;0
3163.759;533.636657714844;0
3164.952;521.203247070313;0
3166.146;536.395751953125;0
3167.337;462.479858398438;0
3168.527;500.01953125;0
3169.719;541.311340332031;0
3170.91;529.23388671875;0
3172.098;379.686370849609;0
3173.288;297.329803466797;0
3174.475;240.763092041016;0
3175.663;266.139709472656;0
3176.849;218.490692138672;0
3178.037;314.789703369141;0
3179.223;349.662017822266;0
3180.408;384.523742675781;0
3181.592;286.359893798828;0
3182.777;284.217498779297;0
3183.96;356.154968261719;0
3185.143;434.605926513672;0
3186.325;491.030426025391;0
3187.507;451.206237792969;0
3188.688;517.800109863281;0
3189.869;417.256378173828;0
3191.049;408.686248779297;0
3192.228;423.200775146484;0
3193.406;518.577758789063;0
3194.585;501.039398193359;0
3195.763;586.252380371094;0
3196.939;593.138854980469;0
3198.116;641.187866210938;0
3199.292;576.988220214844;0
3200.466;695.842163085938;0
3201.643;856.303283691406;0
3202.816;1037.53723144531;0
3203.991;1086.43249511719;0
3205.161;1014.76690673828;0
3206.334;955.734375;0
3207.504;911.259582519531;0
3208.677;972.941833496094;0
3209.846;1067.02819824219;0
3211.017;1234.328125;0
3212.187;1231.82250976563;0
3213.356;1045.21215820313;0
3214.524;967.101013183594;0
3215.69;994.895080566406;0
3216.859;1120.61010742188;0
3218.024;1168.3193359375;0
3219.189;1248.25952148438;0
3220.354;1059.74975585938;0
3221.519;1071.18395996094;0
3222.682;952.491882324219;0
3223.845;1187.38696289063;0
3225.01;1265.73767089844;0
3226.171;1416.41564941406;0
3227.332;1437.08728027344;0
3228.494;1450.86401367188;0
3229.655;1523.07885742188;0
3230.814;1604.06518554688;0
3231.973;1527.599609375;0
3233.13;1452.45825195312;0
3234.29;1285.29699707031;0
3235.447;1321.36120605469;0
3236.605;1251.82824707031;0
3237.76;1299.46899414063;0
3238.916;1279.09631347656;0
3240.071;1352.16772460938;0
3241.224;1319.34069824219;0
3242.381;1302.068359375;0
3243.532;1266.52966308594;0
3244.685;1346.68176269531;0
3245.839;1256.4921875;0
3246.99;1264.2080078125;0
3248.141;1196.64831542969;0
3249.292;1287.177734375;0
3250.439;1255.36743164063;0
3251.589;1190.17053222656;0
3252.739;1124.97180175781;0
3253.886;1072.44885253906;0
3255.034;1075.80810546875;0
3256.18;1126.16198730469;0
3257.326;920.84375;0
3258.472;997.298034667969;0
3259.617;982.078857421875;0
3260.761;1065.74206542969;0
3261.905;1137.61975097656;0
3263.048;1084.04467773438;0
3264.19;1164.12780761719;0
3265.333;1089.06115722656;0
3266.475;1142.57800292969;0
3267.617;1155.53405761719;0
3268.757;1184.62658691406;0
3269.896;1251.97058105469;0
3271.036;1265.42138671875;0
3272.175;1318.09289550781;0
3273.313;1225.76318359375;0
3274.449;1250.57434082031;0
3275.586;1191.71411132813;0
3276.722;1221.02941894531;0
3277.859;1275.38452148438;0
3278.993;1196.30615234375;0
3280.13;1167.92578125;0
3281.263;1149.76525878906;0
3282.395;1261.57641601563;0
3283.529;1251.17175292969;0
3284.66;1340.66625976563;0
3285.794;1276.84265136719;0
3286.924;1369.7998046875;0
3288.054;1243.99829101563;0
3289.185;1175.71118164063;0
3290.313;997.422607421875;0
3291.443;977.009033203125;0
3292.571;958.841003417969;0
3293.698;989.365173339844;0
3294.824;1002.35943603516;0
3295.952;1059.71276855469;0
3297.077;1043.64807128906;0
3298.203;1022.94989013672;0
3299.328;1039.84216308594;0
3300.45;1049.99133300781;0
3301.574;1004.61328125;0
3302.698;814.709655761719;0
3303.819;841.390869140625;0
3304.942;790.211242675781;0
3306.064;756.72705078125;0
3307.182;684.050048828125;0
3308.303;573.849792480469;0
3309.423;669.234069824219;0
3310.542;657.979675292969;0
3311.66;645.979797363281;0
3312.778;510.905883789063;0
3313.895;479.207885742188;0
3315.012;556.999206542969;0
3316.128;706.949035644531;0
3317.243;824.83447265625;0
3318.357;872.212890625;0
3319.471;852.642639160156;0
3320.586;795.242065429688;0
3321.698;842.680297851563;0
3322.813;970.628356933594;0
3323.923;949.870361328125;0
3325.034;1067.85363769531;0
3326.146;973.598999023438;0
3327.255;1077.65563964844;0
3328.366;877.248962402344;0
3329.474;961.379943847656;0
3330.582;879.277038574219;0
3331.691;932.935729980469;0
3332.797;897.132202148438;0
3333.905;942.754333496094;0
3335.011;911.357482910156;0
3336.116;887.608703613281;0
3337.22;880.727294921875;0
3338.327;919.603393554688;0
3339.429;878.457885742188;0
3340.534;738.165588378906;0
3341.635;753.629333496094;0
3342.737;703.182373046875;0
3343.84;717.588806152344;0
3344.94;633.952514648438;0
3346.041;568.464050292969;0
3347.142;589.517028808594;0
3348.24;513.172485351563;0
3349.337;640.65234375;0
3350.437;686.451171875;0
3351.534;685.153198242188;0
3352.633;650.745849609375;0
3353.727;584.448791503906;0
3354.823;624.931945800781;0
3355.919;642.310546875;0
3357.013;713.029907226563;0
3358.108;818.695434570313;0
3359.201;964.22607421875;0
3360.293;939.038757324219;0
3361.385;931.070983886719;0
3362.478;758.184753417969;0
3363.569;837.492553710938;0
3364.661;768.328186035156;0
3365.75;849.570007324219;0
3366.838;737.992248535156;0
3367.929;795.012756347656;0
3369.017;809.275451660156;0
3370.105;909.36865234375;0
3371.193;930.553955078125;0
3372.279;952.706176757813;0
3373.364;980.479125976563;0
3374.45;1033.21728515625;0
3375.534;997.248291015625;0
3376.62;1057.78442382813;0
3377.704;1081.78552246094;0
3378.786;1049.611328125;0
3379.871;890.373718261719;0
3380.951;831.453674316406;0
3382.034;914.372680664063;0
3383.114;831.714721679688;0
3384.195;892.040283203125;0
3385.276;852.909118652344;0
3386.354;1008.69921875;0
3387.433;989.316223144531;0
3388.511;1010.79925537109;0
3389.588;1017.49383544922;0
3390.664;989.083557128906;0
3391.742;991.728698730469;0
3392.816;1012.04919433594;0
3393.893;979.118957519531;0
3394.968;966.175476074219;0
3396.042;951.5537109375;0
3397.115;1050.30419921875;0
3398.189;983.319946289063;0
3399.262;932.823181152344;0
3400.333;882.261596679688;0
3401.404;965.446960449219;0
3402.474;1028.74365234375;0
3403.545;1103.23583984375;0
3404.615;1171.62280273438;0
3405.685;1254.89562988281;0
3406.752;1184.16198730469;0
3407.82;1108.88464355469;0
3408.888;1041.40454101563;0
3409.955;1088.31005859375;0
3411.021;1121.65625;0
3412.085;1102.49987792969;0
3413.151;1117.84240722656;0
3414.215;1026.65832519531;0
3415.279;1023.74914550781;0
3416.343;927.792175292969;0
3417.406;989.013244628906;0
3418.468;1087.3583984375;0
3419.53;1015.27386474609;0
3420.592;1015.25463867188;0
3421.652;988.896667480469;0
3422.712;1101.19958496094;0
3423.773;1087.84448242188;0
3424.83;1155.04296875;0
3425.889;1293.74658203125;0
3426.946;1405.22033691406;0
3428.005;1299.57592773438;0
3429.061;1309.712890625;0
3430.117;1264.52111816406;0
3431.172;1351.21850585938;0
3432.227;1233.38940429688;0
3433.281;1205.80151367188;0
3434.335;1121.50634765625;0
3435.389;1122.13415527344;0
3436.44;1136.89758300781;0
3437.492;1233.310546875;0
3438.546;1257.43041992188;0
3439.598;1231.22180175781;0
3440.646;1151.56713867188;0
3441.697;1142.16687011719;0
3442.745;1140.33081054688;0
3443.793;1189.01916503906;0
3444.842;1185.18286132812;0
3445.891;1207.94970703125;0
3446.937;1157.02197265625;0
3447.984;1182.43811035156;0
3449.031;1185.060546875;0
3450.075;1256.34655761719;0
3451.12;1234.57458496094;0
3452.164;1340.94177246094;0
3453.207;1261.50769042969;0
3454.251;1264.60986328125;0
3455.293;1144.50634765625;0
3456.336;1160.93542480469;0
3457.378;1097.53515625;0
3458.417;1148.61376953125;0
3459.458;1094.34106445313;0
3460.498;1142.47680664063;0
3461.539;1107.67834472656;0
3462.577;1131.92211914063;0
3463.614;1030.99633789062;0
3464.651;1032.1884765625;0
3465.689;1041.51879882813;0
3466.726;1093.80114746094;0
3467.763;1018.10174560547;0
3468.798;950.486145019531;0
3469.831;930.960266113281;0
3470.866;1002.99249267578;0
3471.9;1082.69677734375;0
3472.933;1031.0205078125;0
3473.966;921.835571289063;0
3474.999;888.154479980469;0
3476.029;875.363647460938;0
3477.061;889.641967773438;0
3478.09;865.106140136719;0
3479.121;834.316650390625;0
3480.15;868.355590820313;0
3481.178;828.819763183594;0
3482.205;990.329345703125;0
3483.234;932.599060058594;0
3484.26;902.774841308594;0
3485.288;743.493286132812;0
3486.313;764.825073242188;0
3487.337;801.160522460937;0
3488.364;823.266662597656;0
3489.387;856.027709960938;0
3490.411;818.810913085938;0
3491.434;894.419555664062;0
3492.456;811.167724609375;0
3493.479;722.842590332031;0
3494.5;567.554321289062;0
3495.521;487.481658935547;0
3496.543;445.241119384766;0
3497.561;392.736083984375;0
3498.579;265.690887451172;0
3499.6;172.678146362305;0
3500.618;70.02587890625;0
3501.636;-11.8747272491455;0
3502.653;56.0268363952637;0
3503.669;-5.14323043823242;0
3504.685;21.4698905944824;0
3505.699;-102.638610839844;0
3506.716;-60.7415924072266;0
3507.729;-111.80046081543;0
3508.743;-162.652770996094;0
3509.755;-105;0
