98.64605;0;0
101.2353;0;0
103.8217;0;0
106.4096;-23.2222213745117;0
108.9945;18.8444442749023;0
111.5767;27.1746025085449;0
114.1602;54.1111106872559;0
116.7409;30.9090900421143;0
119.3209;28.7777786254883;0
121.9002;-18.3777770996094;0
124.4788;-49.5163383483887;0
127.0566;-71.5964889526367;0
129.6317;-173.899475097656;0
132.2038;-108.782608032227;0
134.7796;-49.1466674804688;0
137.3503;42.1687240600586;0
139.9204;10.019157409668;0
142.4919;134.376342773438;0
145.0584;234.518524169922;0
147.6242;363.834930419922;0
150.1914;481.594604492188;0
152.7579;600.039855957031;0
155.3216;548.558288574219;0
157.8846;549.914733886719;0
160.4448;573.343200683594;0
163.0085;712.907775878906;0
165.5672;737.022705078125;0
168.1232;716.939025878906;0
170.6826;781.907775878906;0
173.2372;832.54345703125;0
175.7931;954.551635742188;0
178.3463;903.738708496094;0
180.8966;995.534851074219;0
183.4504;1040.15844726563;0
185.9993;1076.58898925781;0
188.5476;1061.71264648438;0
191.0972;1042.52172851563;0
193.644;1005.70343017578;0
196.1859;983.350952148438;0
198.7335;946.641174316406;0
201.2761;940.990295410156;0
203.8201;983.220397949219;0
206.3593;1027.74877929688;0
208.8998;1121.77880859375;0
211.4397;1145.08959960938;0
213.9746;1212.81372070313;0
216.5109;1237.89172363281;0
219.0487;1332.45629882813;0
221.5816;1377.19360351563;0
224.1158;1480.14038085938;0
226.6473;1502.91650390625;0
229.176;1520.27014160156;0
231.7082;1443.34875488281;0
234.2355;1448.18762207031;0
236.7643;1498.88427734375;0
239.2902;1568.76916503906;0
241.8133;1552.87536621094;0
244.3379;1426.16638183594;0
246.8618;1389.29858398438;0
249.3828;1362.28723144531;0
251.9053;1493.78771972656;0
254.423;1489.6533203125;0
256.942;1417.41650390625;0
259.4603;1326.22180175781;0
261.9759;1293.97351074219;0
264.4887;1343.40075683594;0
267.005;1302.73571777344;0
269.5164;1321.66625976563;0
272.0292;1332.33703613281;0
274.5393;1464.49072265625;0
277.0466;1532.28930664063;0
279.5574;1611.04675292969;0
282.0654;1571.35888671875;0
284.5686;1646.26220703125;0
287.0752;1664.64660644531;0
289.5791;1684.57751464844;0
292.0803;1689.63061523438;0
294.5828;1672.4423828125;0
297.0826;1636.70471191406;0
299.5838;1459.93615722656;0
302.0801;1292.13037109375;0
304.5758;1271.13354492188;0
307.0749;1275.20324707031;0
309.5672;1354.37658691406;0
312.0608;1382.35717773438;0
314.5558;1372.47302246094;0
317.044;1326.34997558594;0
319.5377;1201.27172851563;0
322.0266;1148.89318847656;0
324.5127;1253.65954589844;0
327.0023;1377.59509277344;0
329.4871;1512.65979003906;0
331.9691;1523.8212890625;0
334.4547;1585.79052734375;0
336.9353;1647.56298828125;0
339.4174;1616.52746582031;0
341.901;1630.77075195313;0
344.3776;1610.91723632813;0
346.8577;1651.15881347656;0
349.333;1644.13208007813;0
351.8076;1671.73876953125;0
354.2857;1704.33837890625;0
356.7569;1629.04309082031;0
359.2296;1539.00903320313;0
361.7015;1384.37780761719;0
364.1729;1442.36010742188;0
366.6414;1475.88037109375;0
369.1093;1565.46862792969;0
371.5745;1520.10595703125;0
374.0432;1537.33447265625;0
376.507;1516.39611816406;0
378.9702;1528.66870117188;0
381.4348;1389.84899902344;0
383.8947;1340.43969726563;0
386.3538;1326.99694824219;0
388.8144;1415.61730957031;0
391.2722;1499.44567871094;0
393.7314;1463.63037109375;0
396.1859;1560.92114257813;0
398.6418;1520.1025390625;0
401.0949;1626.87817382813;0
403.5475;1533.50500488281;0
405.9972;1564.58911132812;0
408.4505;1478.17004394531;0
410.899;1554.65478515625;0
413.3468;1532.92236328125;0
415.796;1572.21911621094;0
418.2405;1525.65502929688;0
420.6884;1528.21520996094;0
423.1295;1482.32312011719;0
425.572;1482.77819824219;0
428.0159;1537.55749511719;0
430.455;1638.99926757813;0
432.8956;1649.91760253906;0
435.3335;1695.84558105469;0
437.7707;1604.82019042969;0
440.2093;1572.08618164063;0
442.6432;1522.98718261719;0
445.0764;1446.53088378906;0
447.511;1381.61474609375;0
449.9429;1308.51586914063;0
452.3721;1382.77124023438;0
454.8048;1404.15502929688;0
457.2328;1437.3828125;0
459.66;1395.61804199219;0
462.0847;1455.25048828125;0
464.5127;1404.17578125;0
466.9381;1476.04846191406;0
469.3587;1475.79516601563;0
471.7807;1583.23278808594;0
474.2042;1588.66711425781;0
476.6229;1607.81896972656;0
479.041;1594.95397949219;0
481.4604;1592.44299316406;0
483.8752;1605.47680664063;0
486.2934;1629.03466796875;0
488.7068;1632.626953125;0
491.1197;1704.1064453125;0
493.5339;1670.861328125;0
495.9435;1574.8427734375;0
498.3544;1352.83508300781;0
500.7667;1334.94116210938;0
503.1723;1379.78576660156;0
505.5793;1480.07214355469;0
507.9856;1336.25939941406;0
510.3913;1262.35864257813;0
512.7944;1147.849609375;0
515.1968;1205.89855957031;0
517.5986;1176.59375;0
519.9997;1153.50573730469;0
522.3982;1058.18859863281;0
524.798;1074.36328125;0
527.1973;1044.85620117188;0
529.5919;1173.14221191406;0
531.9899;1194.01135253906;0
534.3832;1344.77221679688;0
536.7758;1327.71716308594;0
539.1699;1339.53564453125;0
541.5593;1144.107421875;0
543.9481;1097.96838378906;0
546.3382;1141.58569335938;0
548.7257;1216.46997070313;0
551.1146;1293.25573730469;0
553.4968;1265.88757324219;0
555.8824;1335.59619140625;0
558.2675;1387.6064453125;0
560.6478;1389.28051757813;0
563.0295;1446.63720703125;0
565.4106;1391.92907714844;0
567.7911;1364.5390625;0
570.169;1349.49267578125;0
572.5462;1303.96447753906;0
574.9229;1353.58178710938;0
577.2968;1219.47119140625;0
579.6721;1180.296875;0
582.0449;1030.61071777344;0
584.417;1008.59362792969;0
586.7885;979.638305664063;0
589.1553;1090.32885742188;0
591.5255;1103.62487792969;0
593.8931;972.445129394531;0
596.2601;868.330688476563;0
598.6265;877.9765625;0
600.9902;1016.53240966797;0
603.3554;1129.71447753906;0
605.7179;1121.15747070313;0
608.0778;1146.66284179688;0
610.4391;1011.83953857422;0
612.7977;1039.16064453125;0
615.1558;1041.29968261719;0
617.5132;1198.60668945313;0
619.8701;1184.69970703125;0
622.2263;1186.30590820313;0
624.5779;1197.47802734375;0
626.9308;1280.12377929688;0
629.2852;1327.07495117188;0
631.6349;1355.26416015625;0
633.9841;1483.82360839844;0
636.3326;1495.51489257813;0
638.6805;1631.4375;0
641.0279;1567.49401855469;0
643.3746;1682.45349121094;0
645.7187;1595.88659667969;0
648.0621;1589.34753417969;0
650.405;1489.50476074219;0
652.7453;1552.37866210938;0
655.087;1644.28820800781;0
657.426;1658.78198242188;0
659.7645;1605.30859375;0
662.1024;1507.86767578125;0
664.4376;1451.84814453125;0
666.7742;1364.974609375;0
669.1063;1206.37744140625;0
671.4398;1202.81237792969;0
673.7726;1101.49255371094;0
676.1048;1183.96154785156;0
678.4324;1196.36352539063;0
680.7635;1344.54333496094;0
683.0919;1336.16003417969;0
685.4158;1307.45178222656;0
687.743;1267.90258789063;0
690.0696;1258.732421875;0
692.3937;1296.45495605469;0
694.7151;1189.31481933594;0
697.038;1244.47180175781;0
699.3583;1226.67065429688;0
701.6779;1357.46948242188;0
703.995;1423.30822753906;0
706.3155;1524.546875;0
708.6294;1523.60693359375;0
710.9467;1459.72668457031;0
713.2594;1425.57287597656;0
715.5735;1371.58972167969;0
717.887;1430.47241210938;0
720.1979;1456.48754882813;0
722.5083;1591.75964355469;0
724.818;1609.38623046875;0
727.1252;1516.56298828125;0
729.4357;1462.5537109375;0
731.7418;1392.46630859375;0
734.0452;1469.0751953125;0
736.35;1518.33776855469;0
738.6522;1572.57653808594;0
740.9539;1528.01916503906;0
743.2569;1443.70483398438;0
745.5554;1320.74072265625;0
747.8553;1196.67944335938;0
750.1545;1089.62243652344;0
752.4513;1209.57543945313;0
754.7474;1156.85925292969;0
757.043;1146.80212402344;0
759.336;1108.87280273438;0
761.6304;1151.59802246094;0
763.9222;1117.81188964844;0
766.2114;806.773681640625;0
768.5041;735.216735839844;0
770.7922;657.339111328125;0
773.0777;762.430053710938;0
775.3647;907.929992675781;0
777.651;1069.458984375;0
779.9368;1114.55493164063;0
782.22;1022.45123291016;0
784.5026;975.700561523438;0
786.7847;1046.40258789063;0
789.0662;1047.34851074219;0
791.3451;1123.69262695313;0
793.6254;1168.47448730469;0
795.9012;1295.91064453125;0
798.1784;1299.91455078125;0
800.455;1294.81506347656;0
802.7291;1179.50610351563;0
805.0026;1103.42956542969;0
807.2755;1218.50622558594;0
809.5478;1285.35888671875;0
811.8176;1373.400390625;0
814.0869;1357.47888183594;0
816.3535;1385.28161621094;0
818.6235;1485.30615234375;0
820.8911;1464.62170410156;0
823.156;1515.85620117188;0
825.4204;1438.12353515625;0
827.6823;1371.69067382813;0
829.9474;1365.41931152344;0
832.2082;1375.08947753906;0
834.4683;1404.25305175781;0
836.7279;1393.53234863281;0
838.9869;1380.4921875;0
841.2453;1451.66076660156;0
843.5012;1470.16345214844;0
845.7565;1425.650390625;0
848.0133;1320.00402832031;0
850.2655;1276.77404785156;0
852.5153;1220.9267578125;0
854.7703;1223.19592285156;0
857.0189;1168.83227539063;0
859.2668;1076.681640625;0
861.5182;981.410888671875;0
863.7651;1025.68225097656;0
866.0114;1135.43627929688;0
868.2592;1062.39685058594;0
870.5024;1024.46447753906;0
872.7451;918.204528808594;0
874.9872;1074.73217773438;0
877.2307;1054.04296875;0
879.4717;1008.80206298828;0
881.7101;837.230529785156;0
883.95;721.662353515625;0
886.1854;819.198608398438;0
888.4202;870.337097167969;0
890.6604;983.207641601563;0
892.8941;907.309936523438;0
895.1253;989.213745117188;0
897.3599;934.800720214844;0
899.59;955.570617675781;0
901.8195;923.422241210938;0
904.0504;1044.16174316406;0
906.2789;1173.33435058594;0
908.5087;1253.90563964844;0
910.7341;1264.61145019531;0
912.9589;1251.84753417969;0
915.1851;1169.54711914063;0
917.4088;1231.15368652344;0
919.63;1161.6748046875;0
921.8526;1030.62756347656;0
924.0727;933.658569335938;0
926.2922;1078.43542480469;0
928.5112;1192.90808105469;0
930.7277;1124.94030761719;0
932.9476;844.425354003906;0
935.163;863.954895019531;0
937.3739;821.706481933594;0
939.5901;1006.53271484375;0
941.8019;874.145202636719;0
944.0151;815.391845703125;0
946.2258;699.840759277344;0
948.4341;630.188110351563;0
950.6456;693.793518066406;0
952.8527;652.111145019531;0
955.0593;720.747924804688;0
957.2653;584.613952636719;0
959.4689;596.357421875;0
961.6738;679.643249511719;0
963.8782;736.504028320313;0
966.0782;715.380065917969;0
968.2815;703.811889648438;0
970.4803;710.139770507813;0
972.6787;675.916320800781;0
974.8784;526.9228515625;0
977.0757;528.714050292969;0
979.2704;453.851837158203;0
981.4667;622.436218261719;0
983.6603;712.571533203125;0
985.8535;973.292297363281;0
988.0461;919.928161621094;0
990.2363;973.398193359375;0
992.4297;960.595275878906;0
994.6169;1138.12231445313;0
996.8035;1245.73120117188;0
998.9933;1425.8505859375;0
1001.179;1521.2490234375;0
1003.364;1518.55310058594;0
1005.55;1421.09460449219;0
1007.732;1444.99658203125;0
1009.916;1432.12426757813;0
1012.096;1495.63464355469;0
1014.275;1450.59643554687;0
1016.459;1465.79296875;0
1018.636;1523.501953125;0
1020.813;1566.36987304687;0
1022.991;1575.78369140625;0
1025.165;1498.50402832031;0
1027.34;1393.76025390625;0
1029.515;1248.27502441406;0
1031.687;1108.1494140625;0
1033.859;1111.91381835938;0
1036.03;1260.72045898438;0
1038.199;1281.4345703125;0
1040.369;1106.24792480469;0
1042.536;1005.04907226563;0
1044.704;1048.91528320313;0
1046.87;1176.77038574219;0
1049.034;1110.05004882813;0
1051.198;951.533020019531;0
1053.363;900.555358886719;0
1055.526;1000.04742431641;0
1057.686;1127.30529785156;0
1059.845;1228.67236328125;0
1062.005;1124.03747558594;0
1064.165;1074.69152832031;0
1066.323;1009.79370117188;0
1068.477;953.895935058594;0
1070.634;977.220336914063;0
1072.788;839.206420898438;0
1074.942;950.032897949219;0
1077.096;925.185791015625;0
1079.247;1084.35925292969;0
1081.397;1146.41076660156;0
1083.547;1283.5732421875;0
1085.695;1197.29077148438;0
1087.844;1111.912109375;0
1089.992;999.827331542969;0
1092.138;940.691955566406;0
1094.284;949.069885253906;0
1096.425;907.783142089844;0
1098.571;985.651306152344;0
1100.711;940.408081054688;0
1102.851;1077.43054199219;0
1104.994;1196.19616699219;0
1107.132;1404.46484375;0
1109.271;1349.19421386719;0
1111.408;1275.95227050781;0
1113.543;1184.4814453125;0
1115.682;1140.67395019531;0
1117.816;1187.10705566406;0
1119.947;1289.18835449219;0
1122.08;1414.62145996094;0
1124.213;1485.83581542969;0
1126.343;1444.23901367187;0
1128.474;1458.94506835938;0
1130.602;1349.21057128906;0
1132.728;1373.37036132813;0
1134.856;1354.96813964844;0
1136.982;1376.47192382813;0
1139.109;1311.27819824219;0
1141.234;1383.65014648437;0
1143.356;1342.03759765625;0
1145.479;1370.77893066406;0
1147.599;1291.65209960938;0
1149.719;1386.21606445313;0
1151.839;1363.14025878906;0
1153.957;1174.64880371094;0
1156.076;959.1865234375;0
1158.191;727.425903320313;0
1160.305;803.110046386719;0
1162.423;899.308898925781;0
1164.536;1045.21313476563;0
1166.647;1076.89685058594;0
1168.761;1142.69958496094;0
1170.871;1078.783203125;0
1172.983;1020.22045898438;0
1175.092;960.571166992188;0
1177.2;1135.91650390625;0
1179.306;1304.95690917969;0
1181.413;1339.69836425781;0
1183.518;1351.46984863281;0
1185.623;1276.59619140625;0
1187.725;1239.29663085938;0
1189.826;1181.67651367188;0
1191.929;1222.49645996094;0
1194.032;1313.07592773438;0
1196.13;1220.43115234375;0
1198.23;1121.78820800781;0
1200.327;1111.94787597656;0
1202.423;1170.06591796875;0
1204.52;1311.73669433594;0
1206.613;1137.40844726563;0
1208.71;1130.48669433594;0
1210.801;1143.35717773438;0
1212.892;1295.826171875;0
1214.987;1314.05578613281;0
1217.075;1339.38732910156;0
1219.166;1220.09106445313;0
1221.256;1277.19055175781;0
1223.342;1249.80627441406;0
1225.43;1358.28186035156;0
1227.515;1270.48266601563;0
1229.597;1166.48791503906;0
1231.685;1253.72314453125;0
1233.767;1237.89428710938;0
1235.85;1230.59533691406;0
1237.931;1182.41015625;0
1240.009;1245.05187988281;0
1242.09;1252.86865234375;0
1244.168;1137.23461914063;0
1246.245;1088.8515625;0
1248.321;1030.3818359375;0
1250.397;1085.18444824219;0
1252.472;1093.75939941406;0
1254.547;1084.8212890625;0
1256.618;1059.46960449219;0
1258.69;1000.81640625;0
1260.761;1071.958984375;0
1262.83;1160.51794433594;0
1264.901;1244.89770507813;0
1266.969;1207.30810546875;0
1269.035;1075.07836914063;0
1271.102;1166.75476074219;0
1273.167;1146.78735351563;0
1275.233;1134.39831542969;0
1277.295;1092.91369628906;0
1279.359;1116.77795410156;0
1281.42;1050.65234375;0
1283.482;927.125122070313;0
1285.542;846.597106933594;0
1287.6;996.048645019531;0
1289.659;1007.02490234375;0
1291.714;1101.59094238281;0
1293.774;1300.93896484375;0
1295.828;1376.86218261719;0
1297.881;1404.36291503906;0
1299.936;1278.58154296875;0
1301.987;1282.92761230469;0
1304.041;1449.56164550781;0
1306.09;1441.45166015625;0
1308.139;1439.59838867188;0
1310.19;1319.56066894531;0
1312.238;1487.15856933594;0
1314.286;1532.33032226563;0
1316.331;1619.94836425781;0
1318.376;1676.57495117187;0
1320.422;1715.70593261719;0
1322.466;1711.79565429687;0
1324.508;1663.09741210937;0
1326.549;1652.36596679687;0
1328.59;1528.48193359375;0
1330.632;1402.58410644531;0
1332.67;1412.50512695313;0
1334.707;1595.1044921875;0
1336.746;1678.44018554688;0
1338.78;1577.50354003906;0
1340.816;1411.07238769531;0
1342.852;1176.634765625;0
1344.885;1146.46752929688;0
1346.916;1089.947265625;0
1348.948;1294.73510742187;0
1350.979;1307.71691894531;0
1353.011;1233.37414550781;0
1355.04;1174.72644042969;0
1357.066;1185.51330566406;0
1359.094;1354.15087890625;0
1361.121;1276.81811523437;0
1363.145;1266.5625;0
1365.171;1168.60046386719;0
1367.192;1038.482421875;0
1369.216;862.644836425781;0
1371.239;850.728759765625;0
1373.258;866.234069824219;0
1375.28;929.446166992188;0
1377.298;765.376831054688;0
1379.316;648.020324707031;0
1381.335;740.135437011719;0
1383.35;868.263549804688;0
1385.366;957.419555664063;0
1387.38;950.503784179688;0
1389.394;810.516235351563;0
1391.409;896.46044921875;0
1393.42;778.993713378906;0
1395.43;1043.33825683594;0
1397.44;997.943420410156;0
1399.451;1048.80932617188;0
1401.458;801.050476074219;0
1403.466;633.114929199219;0
1405.472;460.897277832031;0
1407.478;464.412658691406;0
1409.483;655.747497558594;0
1411.486;750.309204101563;0
1413.49;816.317260742188;0
1415.492;783.8125;0
1417.492;856.629028320313;0
1419.495;851.041931152344;0
1421.494;806.733276367188;0
1423.492;809.007995605469;0
1425.49;880.292663574219;0
1427.487;1003.14001464844;0
1429.482;1146.03503417969;0
1431.477;1299.40698242187;0
1433.471;1344.08996582031;0
1435.466;1281.33996582031;0
1437.456;1184.46594238281;0
1439.447;1165.36645507813;0
1441.441;1210.38916015625;0
1443.427;1309.92504882813;0
1445.417;1449.28405761719;0
1447.406;1632.02282714844;0
1449.392;1590.25500488281;0
1451.381;1484.54699707031;0
1453.365;1302.23352050781;0
1455.348;1238.53698730469;0
1457.333;1117.677734375;0
1459.314;1105.10375976563;0
1461.296;1158.47814941406;0
1463.276;1073.13537597656;0
1465.256;963.624206542969;0
1467.237;1008.66497802734;0
1469.215;1184.47595214844;0
1471.19;1235.36022949219;0
1473.167;1231.84851074219;0
1475.145;1262.49633789062;0
1477.118;1292.7490234375;0
1479.092;1151.49230957031;0
1481.065;1068.60998535156;0
1483.038;1043.634765625;0
1485.008;1021.90118408203;0
1486.979;1010.09869384766;0
1488.949;1005.22900390625;0
1490.917;993.514709472656;0
1492.883;962.733581542969;0
1494.852;882.218994140625;0
1496.817;886.873962402344;0
1498.782;854.1748046875;0
1500.748;882.143981933594;0
1502.708;890.400329589844;0
1504.673;856.941223144531;0
1506.634;880.875244140625;0
1508.594;755.985046386719;0
1510.554;902.770629882813;0
1512.512;840.175598144531;0
1514.471;1013.99743652344;0
1516.428;956.549865722656;0
1518.384;1080.38427734375;0
1520.34;1043.05163574219;0
1522.294;1043.10693359375;0
1524.249;931.990783691406;0
1526.202;960.556030273438;0
1528.153;998.78369140625;0
1530.103;1214.029296875;0
1532.054;1103.01831054688;0
1534.004;1116.806640625;0
1535.951;1148.56457519531;0
1537.899;1247.94506835937;0
1539.847;1219.17321777344;0
1541.793;998.837829589844;0
1543.738;844.163879394531;0
1545.681;776.561279296875;0
1547.625;624.011413574219;0
1549.566;563.866333007813;0
1551.509;421.348480224609;0
1553.45;511.881652832031;0
1555.389;600.865905761719;0
1557.33;598.405029296875;0
1559.266;464.212371826172;0
1561.204;465.719085693359;0
1563.141;567.047485351563;0
1565.074;681.5498046875;0
1567.009;636.8857421875;0
1568.943;655.38720703125;0
1570.877;678.720825195313;0
1572.808;690.553283691406;0
1574.741;580.881103515625;0
1576.67;495.259338378906;0
1578.6;454.464813232422;0
1580.528;579.832702636719;0
1582.455;530.628540039063;0
1584.382;516.859191894531;0
1586.307;370.554931640625;0
1588.234;584.498657226563;0
1590.157;675.154541015625;0
1592.081;700.96630859375;0
1594.002;561.711730957031;0
1595.927;471.057403564453;0
1597.845;550.913024902344;0
1599.767;434.944244384766;0
1601.685;394.350311279297;0
1603.602;304.351867675781;0
1605.523;245.615127563477;0
1607.438;360.385894775391;0
1609.354;447.33740234375;0
1611.269;749.623718261719;0
1613.181;649.169982910156;0
1615.096;629.347290039063;0
1617.008;471.339172363281;0
1618.92;656.335815429688;0
1620.83;603.041198730469;0
1622.74;703.011840820313;0
1624.649;686.747741699219;0
1626.557;661.638610839844;0
1628.464;631.220336914063;0
1630.37;528.290405273438;0
1632.275;539.961730957031;0
1634.18;606.651611328125;0
1636.085;716.536804199219;0
1637.988;762.92919921875;0
1639.888;695.590454101563;0
1641.791;695.600830078125;0
1643.691;819.914489746094;0
1645.588;871.936279296875;0
1647.489;983.332885742188;0
1649.387;1012.65887451172;0
1651.284;1118.0224609375;0
1653.18;956.649353027344;0
1655.075;1041.99206542969;0
1656.972;986.499267578125;0
1658.864;1215.50354003906;0
1660.754;1245.22412109375;0
1662.65;1308.54833984375;0
1664.539;1233.14282226562;0
1666.428;1200.47265625;0
1668.32;1153.07934570313;0
1670.207;1067.18347167969;0
1672.096;952.45166015625;0
1673.982;939.583618164063;0
1675.867;970.011596679688;0
1677.754;1034.1591796875;0
1679.638;1035.24865722656;0
1681.52;1048.724609375;0
1683.403;859.475708007813;0
1685.285;648.946533203125;0
1687.166;483.914764404297;0
1689.048;628.158264160156;0
1690.924;748.010314941406;0
1692.804;898.027221679688;0
1694.682;764.660827636719;0
1696.558;818.801696777344;0
1698.435;703.894409179688;0
1700.308;642.514221191406;0
1702.184;515.863647460938;0
1704.057;447.275909423828;0
1705.929;408.862213134766;0
1707.801;424.955963134766;0
1709.674;459.890563964844;0
1711.542;635.554931640625;0
1713.412;723.060119628906;0
1715.28;677.739501953125;0
1717.145;516.704162597656;0
1719.015;430.930603027344;0
1720.88;373.968688964844;0
1722.746;279.319396972656;0
1724.61;157.832458496094;0
1726.471;221.32453918457;0
1728.334;346.150451660156;0
1730.197;391.274444580078;0
1732.057;352.220947265625;0
1733.919;401.465911865234;0
1735.777;445.873748779297;0
1737.634;394.001831054688;0
1739.493;404.51904296875;0
1741.349;323.980987548828;0
1743.205;381.276550292969;0
1745.061;343.321563720703;0
1746.915;405.756042480469;0
1748.77;533.446411132813;0
1750.621;479.293975830078;0
1752.473;458.765625;0
1754.323;336.125915527344;0
1756.173;340.645233154297;0
1758.022;415.666320800781;0
1759.87;400.837890625;0
1761.718;460.028137207031;0
1763.566;456.762725830078;0
1765.411;504.424224853516;0
1767.256;477.110900878906;0
1769.101;647.0869140625;0
1770.945;757.527465820313;0
1772.787;905.321411132813;0
1774.629;750.917053222656;0
1776.469;896.758666992188;0
1778.309;897.177001953125;0
1780.15;906.392028808594;0
1781.987;774.515441894531;0
1783.826;542.884460449219;0
1785.662;615.610229492188;0
1787.498;681.470458984375;0
1789.334;793.243041992188;0
1791.169;895.150146484375;0
1793.002;785.413940429688;0
1794.834;914.367858886719;0
1796.667;870.456237792969;0
1798.498;1066.01245117188;0
1800.328;1089.92553710938;0
1802.157;1125.63708496094;0
1803.986;992.251037597656;0
1805.813;941.765502929688;0
1807.639;935.291687011719;0
1809.467;1105.49621582031;0
1811.292;1140.49035644531;0
1813.117;1118.27404785156;0
1814.94;1010.73602294922;0
1816.763;1051.87634277344;0
1818.585;1025.80603027344;0
1820.407;991.858337402344;0
1822.227;962.5888671875;0
1824.048;888.330993652344;0
1825.865;767.200439453125;0
1827.683;641.645385742188;0
1829.501;606.890075683594;0
1831.317;554.381103515625;0
1833.135;569.7890625;0
1834.948;427.741760253906;0
1836.761;399.223571777344;0
1838.577;434.971771240234;0
1840.388;618.427062988281;0
1842.198;694.780151367188;0
1844.009;624.388854980469;0
1845.819;561.029174804688;0
1847.629;479.032196044922;0
1849.436;304.621032714844;0
1851.244;162.685684204102;0
1853.052;163.564407348633;0
1854.858;211.434478759766;0
1856.661;242.556991577148;0
1858.466;239.488098144531;0
1860.269;193.897613525391;0
1862.073;246.785537719727;0
1863.875;309.81005859375;0
1865.673;281.406188964844;0
1867.476;191.702972412109;0
1869.275;104.386817932129;0
1871.072;194.705383300781;0
1872.872;382.60498046875;0
1874.667;374.983001708984;0
1876.464;473.125671386719;0
1878.26;450.524536132813;0
1880.053;420.1796875;0
1881.849;424.198303222656;0
1883.64;364.803039550781;0
1885.431;499.662170410156;0
1887.226;525.4423828125;0
1889.014;531.588806152344;0
1890.803;490.653106689453;0
1892.594;522.748229980469;0
1894.38;583.763061523438;0
1896.167;579.697631835938;0
1897.955;503.996307373047;0
1899.74;500.881744384766;0
1901.526;479.915191650391;0
1903.309;512.986511230469;0
1905.091;442.985626220703;0
1906.876;478.801452636719;0
1908.658;273.102508544922;0
1910.438;241.777694702148;0
1912.217;190.384765625;0
1913.996;290.368103027344;0
1915.775;317.838836669922;0
1917.553;276.685821533203;0
1919.33;275.576171875;0
1921.106;248.735595703125;0
1922.881;223.497451782227;0
1924.655;286.973266601563;0
1926.431;281.940826416016;0
1928.202;232.959075927734;0
1929.974;56.2525253295898;0
1931.746;52.1498260498047;0
1933.516;108.370460510254;0
1935.286;243.676025390625;0
1937.055;283.101989746094;0
1938.823;517.551208496094;0
1940.592;563.054992675781;0
1942.356;560.275207519531;0
1944.122;467.006408691406;0
1945.888;484.568115234375;0
1947.651;560.405639648438;0
1949.416;493.598052978516;0
1951.178;407.176513671875;0
1952.939;395.918701171875;0
1954.699;442.629333496094;0
1956.459;526.645141601563;0
1958.219;512.931823730469;0
1959.979;516.491638183594;0
1961.735;564.772521972656;0
1963.491;653.329406738281;0
1965.249;611.381469726563;0
1967.003;782.600830078125;0
1968.761;796.996398925781;0
1970.512;957.236450195313;0
1972.265;896.101135253906;0
1974.018;897.257385253906;0
1975.769;902.818664550781;0
1977.522;816.006164550781;0
1979.271;712.712036132813;0
1981.018;601.158386230469;0
1982.766;441.011932373047;0
1984.516;542.494812011719;0
1986.261;466.162506103516;0
1988.009;629.236938476563;0
1989.754;546.160888671875;0
1991.498;629.824096679688;0
1993.241;611.900512695313;0
1994.984;644.060485839844;0
1996.727;427.415496826172;0
1998.468;381.187744140625;0
2000.206;332.710601806641;0
2001.946;468.984039306641;0
2003.686;548.007690429688;0
2005.424;551.776794433594;0
2007.161;639.180969238281;0
2008.898;633.888610839844;0
2010.634;794.567504882813;0
2012.369;827.1044921875;0
2014.103;794.277465820313;0
2015.836;602.306396484375;0
2017.57;703.640197753906;0
2019.299;677.503479003906;0
2021.032;687.897338867188;0
2022.762;544.487854003906;0
2024.491;591.827270507813;0
2026.221;725.026489257813;0
2027.947;733.640808105469;0
2029.676;611.78125;0
2031.403;649.000061035156;0
2033.128;626.517028808594;0
2034.852;722.110107421875;0
2036.577;594.944885253906;0
2038.299;685.590759277344;0
2040.022;648.012329101563;0
2041.744;461.975860595703;0
2043.465;369.227905273438;0
2045.184;308.109161376953;0
2046.903;374.939819335938;0
2048.621;290.623748779297;0
2050.339;233.049911499023;0
2052.057;271.251251220703;0
2053.774;285.529998779297;0
2055.488;202.441741943359;0
2057.203;150.069961547852;0
2058.917;178.968536376953;0
2060.631;294.465118408203;0
2062.344;327.5947265625;0
2064.053;418.802856445313;0
2065.765;535.090515136719;0
2067.476;609.792053222656;0
2069.185;625.125183105469;0
2070.892;648.970886230469;0
2072.6;767.439819335938;0
2074.308;767.419372558594;0
2076.014;759.356689453125;0
2077.72;754.695983886719;0
2079.425;847.104797363281;0
2081.13;811.136657714844;0
2082.833;675.482788085938;0
2084.532;553.676208496094;0
2086.236;417.364837646484;0
2087.936;408.839691162109;0
2089.635;416.498229980469;0
2091.335;522.877258300781;0
2093.034;550.107788085938;0
2094.731;364.16162109375;0
2096.427;349.501129150391;0
2098.124;489.236358642578;0
2099.82;839.14501953125;0
2101.515;1072.20263671875;0
2103.207;1009.20141601562;0
2104.902;1023.05676269531;0
2106.594;1082.87890625;0
2108.286;1211.98303222656;0
2109.976;1312.47583007813;0
2111.667;1180.36499023438;0
2113.355;1152.72509765625;0
2115.044;983.259338378906;0
2116.732;862.079162597656;0
2118.42;775.291198730469;0
2120.105;810.87890625;0
2121.79;964.56640625;0
2123.476;1158.31457519531;0
2125.16;1214.66491699219;0
2126.844;1214.07604980469;0
2128.524;1236.45288085938;0
2130.207;1228.41955566406;0
2131.888;1388.89135742187;0
2133.567;1345.20178222656;0
2135.247;1419.79724121094;0
2136.927;1339.04345703125;0
2138.603;1395.24060058594;0
2140.281;1239.95727539062;0
2141.957;1304.97021484375;0
2143.633;1198.72692871094;0
2145.308;1398.60595703125;0
2146.981;1294.66198730469;0
2148.654;1396.00415039063;0
2150.328;1323.63073730469;0
2152;1349.65576171875;0
2153.669;1346.19030761719;0
2155.34;1289.64233398438;0
2157.01;1387.4892578125;0
2158.677;1277.9189453125;0
2160.347;1405.55187988281;0
2162.013;1272.35119628906;0
2163.681;1314.982421875;0
2165.347;1189.189453125;0
2167.011;1194.541015625;0
2168.674;1115.74768066406;0
2170.337;1152.22814941406;0
2172.002;1146.20471191406;0
2173.662;1176.90283203125;0
2175.324;1101.20812988281;0
2176.985;1050.89782714844;0
2178.645;997.970764160157;0
2180.304;985.9814453125;0
2181.961;1006.46356201172;0
2183.618;1015.11492919922;0
2185.275;927.183776855469;0
2186.932;1016.49041748047;0
2188.586;992.51220703125;0
2190.242;1143.28125;0
2191.896;986.755859375;0
2193.547;1047.48864746094;0
2195.2;1102.17163085938;0
2196.851;1100.80395507813;0
2198.502;1067.82983398438;0
2200.153;857.607177734375;0
2201.799;913.880493164063;0
2203.447;805.172790527344;0
2205.097;971.282592773438;0
2206.742;916.118041992188;0
2208.391;940.794494628906;0
2210.035;879.41455078125;0
2211.679;943.014770507813;0
2213.324;1081.15832519531;0
2214.966;993.2470703125;0
2216.608;981.406677246093;0
2218.252;908.41259765625;0
2219.89;937.431945800781;0
2221.531;943.503845214843;0
2223.172;987.975708007813;0
2224.809;896.388977050782;0
2226.449;856.505432128906;0
2228.086;899.264282226562;0
2229.72;1074.53747558594;0
2231.358;999.437561035156;0
2232.992;850.436340332031;0
2234.625;766.140319824219;0
2236.26;858.079467773438;0
2237.893;894.415161132812;0
2239.524;938.098022460938;0
2241.156;854.945617675781;0
2242.785;1037.595703125;0
2244.416;1036.43518066406;0
2246.044;1249.77087402344;0
2247.672;1053.283203125;0
2249.301;1049.85827636719;0
2250.926;958.204223632813;0
2252.554;990.334899902344;0
2254.177;961.144653320312;0
2255.803;1013.51928710938;0
2257.427;1094.09729003906;0
2259.051;1156.10192871094;0
2260.671;928.200988769531;0
2262.294;786.428344726563;0
2263.914;677.548645019531;0
2265.533;806.073547363281;0
2267.153;871.584289550781;0
2268.773;1000.63635253906;0
2270.392;995.671142578125;0
2272.006;989.02294921875;0
2273.624;967.13720703125;0
2275.239;1001.90368652344;0
2276.854;1085.21228027344;0
2278.468;1188.72802734375;0
2280.084;1251.55407714844;0
2281.695;1173.12683105469;0
2283.305;1069.09765625;0
2284.919;862.068298339844;0
2286.527;787.232543945313;0
2288.14;712.054748535156;0
2289.748;819.33642578125;0
2291.354;871.126098632813;0
2292.964;848.535949707031;0
2294.569;954.566528320313;0
2296.174;862.546569824219;0
2297.782;839.718688964844;0
2299.386;787.871765136719;0
2300.99;789.204895019531;0
2302.594;966.049987792969;0
2304.195;933.959716796875;0
2305.798;970.598510742188;0
2307.399;774.696838378906;0
2308.998;718.368896484375;0
2310.598;731.780334472656;0
2312.197;881.015075683594;0
2313.795;994.305541992188;0
2315.392;1063.65100097656;0
2316.988;1025.7177734375;0
2318.585;1000.72808837891;0
2320.18;1049.90075683594;0
2321.774;1157.01135253906;0
2323.368;1087.16271972656;0
2324.961;1173.79028320313;0
2326.553;986.559020996094;0
2328.145;1133.51892089844;0
2329.735;969.946411132813;0
2331.324;1025.1298828125;0
2332.916;795.109680175781;0
2334.503;619.007019042969;0
2336.092;475.178771972656;0
2337.677;536.575012207031;0
2339.263;714.196105957031;0
2340.85;748.86865234375;0
2342.434;833.673583984375;0
2344.018;789.166625976563;0
2345.602;787.527770996094;0
2347.185;581.890563964844;0
2348.768;503.103942871094;0
2350.347;556.089050292969;0
2351.928;668.622680664063;0
2353.51;637.703674316406;0
2355.087;565.548217773438;0
2356.665;538.593627929688;0
2358.243;510.7421875;0
2359.819;534.339416503906;0
2361.396;523.308959960938;0
2362.972;560.362548828125;0
2364.547;583.309326171875;0
2366.121;507.564788818359;0
2367.694;552.016845703125;0
2369.267;497.519500732422;0
2370.839;450.640472412109;0
2372.411;439.359985351563;0
2373.982;612.720764160156;0
2375.55;755.060119628906;0
2377.118;619.464111328125;0
2378.687;474.347625732422;0
2380.254;489.762756347656;0
2381.821;641.71142578125;0
2383.387;808.08154296875;0
2384.954;866.888549804688;0
2386.516;960.13134765625;0
2388.082;896.750061035156;0
2389.644;821.667785644531;0
2391.209;806.472717285156;0
2392.769;600.602661132813;0
2394.33;718.393005371094;0
2395.892;690.731323242188;0
2397.449;839.728881835938;0
2399.008;730.725036621094;0
2400.568;847.430603027344;0
2402.125;779.796997070313;0
2403.68;859.58935546875;0
2405.238;687.173706054688;0
2406.792;763.205871582031;0
2408.349;828.351013183594;0
2409.902;949.276672363281;0
2411.455;976.094055175781;0
2413.007;995.125854492187;0
2414.558;1037.43957519531;0
2416.11;1006.92346191406;0
2417.66;964.694458007813;0
2419.21;894.372802734375;0
2420.758;980.097717285156;0
2422.307;914.705688476563;0
2423.855;853.788452148438;0
2425.402;810.012939453125;0
2426.947;836.414245605469;0
2428.492;877.592651367188;0
2430.038;857.240417480469;0
2431.58;780.134338378906;0
2433.124;910.142883300781;0
2434.667;850.951293945313;0
2436.208;926.114868164063;0
2437.75;1015.85675048828;0
2439.291;1113.95178222656;0
2440.83;1103.40209960938;0
2442.369;1065.65209960937;0
2443.906;1156.92419433594;0
2445.444;1277.10754394531;0
2446.981;1132.76293945313;0
2448.517;1075.11877441406;0
2450.053;1077.16088867188;0
2451.587;996.320556640625;0
2453.12;1115.34008789062;0
2454.655;1054.84008789063;0
2456.187;1217.89831542969;0
2457.718;1211.65393066406;0
2459.25;1075.44116210938;0
2460.781;873.515869140625;0
2462.31;698.310180664063;0
2463.84;805.290710449219;0
2465.368;833.306884765625;0
2466.896;775.910827636719;0
2468.423;730.363159179688;0
2469.949;835.215393066406;0
2471.474;975.763244628906;0
2472.998;1088.56115722656;0
2474.522;1009.94244384766;0
2476.045;955.795959472656;0
2477.568;887.899536132813;0
2479.09;896.203674316406;0
2480.612;977.543334960938;0
2482.132;970.164794921875;0
2483.653;1061.15490722656;0
2485.171;1055.36889648438;0
2486.689;1203.47326660156;0
2488.208;1247.35693359375;0
2489.725;1265.23779296875;0
2491.242;1249.23046875;0
2492.757;1202.55834960938;0
2494.271;1118.99926757813;0
2495.785;1191.75061035156;0
2497.3;1343.71801757812;0
2498.812;1495.56726074219;0
2500.325;1268.40869140625;0
2501.837;1053.46459960938;0
2503.345;827.971252441406;0
2504.856;810.307739257813;0
2506.366;817.919311523438;0
2507.875;817.799987792969;0
2509.382;817.994995117188;0
2510.889;702.279052734375;0
2512.397;560.573059082031;0
2513.901;341.054077148438;0
2515.406;340.062133789063;0
2516.911;382.117034912109;0
2518.415;547.235900878906;0
2519.918;443.639129638672;0
2521.421;431.258850097656;0
2522.922;317.238494873047;0
2524.423;444.988677978516;0
2525.924;438.045989990234;0
2527.422;492.189300537109;0
2528.923;456.421508789063;0
2530.419;501.853515625;0
2531.916;412.485229492188;0
2533.415;448.094451904297;0
2534.909;410.014343261719;0
2536.404;361.355895996094;0
2537.899;205.006851196289;0
2539.394;226.299301147461;0
2540.887;344.675628662109;0
2542.38;514.98828125;0
2543.871;362.140167236328;0
2545.363;344.944671630859;0
2546.852;318.958465576172;0
2548.345;363.290344238281;0
2549.833;284.376525878906;0
2551.321;265.330810546875;0
2552.811;454.027770996094;0
2554.296;568.694702148438;0
2555.78;624.046325683594;0
2557.267;518.639770507813;0
2558.752;529.768371582031;0
2560.237;357.647247314453;0
2561.721;439.388702392578;0
2563.203;422.105194091797;0
2564.687;618.902221679688;0
2566.168;578.174499511719;0
2567.648;566.253479003906;0
2569.129;508.053741455078;0
2570.607;464.638275146484;0
2572.086;569.304931640625;0
2573.565;619.895935058594;0
2575.041;726.284606933594;0
2576.518;704.735961914063;0
2577.994;768.473815917969;0
2579.469;835.943176269531;0
2580.945;970.570617675781;0
2582.418;1032.9501953125;0
2583.892;1099.62316894531;0
2585.365;1147.5576171875;0
2586.835;1091.62329101563;0
2588.307;1126.96252441406;0
2589.778;1001.59234619141;0
2591.248;1000.50500488281;0
2592.717;957.366638183594;0
2594.186;943.06689453125;0
2595.652;1045.3837890625;0
2597.121;882.43017578125;0
2598.585;932.654113769531;0
2600.052;917.272094726563;0
2601.518;989.174438476563;0
2602.982;931.139587402344;0
2604.446;861.206237792969;0
2605.907;880.023986816406;0
2607.371;811.817016601563;0
2608.83;824.430969238281;0
2610.293;868.388122558594;0
2611.752;986.165954589844;0
2613.213;1105.33813476563;0
2614.672;1122.01489257813;0
2616.13;1301.64086914063;0
2617.587;1227.10522460937;0
2619.043;1347.63037109375;0
2620.501;1235.88317871094;0
2621.957;1278.97485351563;0
2623.409;1203.3515625;0
2624.864;1290.23913574219;0
2626.318;1322.75024414063;0
2627.771;1244.10949707031;0
2629.222;1163.29821777344;0
2630.673;1204.46801757813;0
2632.124;1364.98608398438;0
2633.575;1467.77600097656;0
2635.023;1323.55444335937;0
2636.473;1225.60876464844;0
2637.922;1169.453125;0
2639.368;1203.42041015625;0
2640.816;1074.50073242188;0
2642.261;930.978332519531;0
2643.705;794.63037109375;0
2645.151;949.526123046875;0
2646.596;992.976806640625;0
2648.037;981.313415527344;0
2649.48;797.868347167969;0
2650.923;730.20166015625;0
2652.364;802.138427734375;0
2653.804;851.232360839844;0
2655.243;862.925170898438;0
2656.683;900.316467285156;0
2658.121;917.1357421875;0
2659.559;809.24267578125;0
2660.997;678.765197753906;0
2662.433;704.8828125;0
2663.868;837.706665039063;0
2665.305;860.79443359375;0
2666.737;773.720947265625;0
2668.173;763.226928710938;0
2669.606;817.888549804688;0
2671.038;897.850402832031;0
2672.47;734.355224609375;0
2673.901;598.92822265625;0
2675.331;607.663330078125;0
2676.761;680.790832519531;0
2678.189;677.199951171875;0
2679.619;426.445556640625;0
2681.045;327.638458251953;0
2682.473;399.984954833984;0
2683.9;532.905395507813;0
2685.324;532.85400390625;0
2686.749;497.497406005859;0
2688.176;428.833648681641;0
2689.599;421.813873291016;0
2691.021;343.639007568359;0
2692.444;355.780853271484;0
2693.865;316.866729736328;0
2695.287;234.750198364258;0
2696.707;185.437271118164;0
2698.125;231.963851928711;0
2699.545;347.777893066406;0
2700.963;437.436218261719;0
2702.381;423.104064941406;0
2703.798;452.064117431641;0
2705.214;399.429077148438;0
2706.629;489.658416748047;0
2708.046;493.514099121094;0
2709.458;499.280883789063;0
2710.872;555.323852539063;0
2712.285;593.341735839844;0
2713.699;572.0830078125;0
2715.111;543.191101074219;0
2716.52;549.152893066406;0
2717.93;522.852478027344;0
2719.342;423.925628662109;0
2720.749;315.964508056641;0
2722.159;496.304992675781;0
2723.565;582.736694335938;0
2724.971;610.700622558594;0
2726.38;548.635864257813;0
2727.785;407.206695556641;0
2729.19;591.607238769531;0
2730.594;639.978759765625;0
2731.997;905.325805664063;0
2733.401;791.311279296875;0
2734.803;660.498046875;0
2736.204;586.556274414063;0
2737.606;674.375427246094;0
2739.005;911.956176757813;0
2740.405;1049.29992675781;0
2741.806;1100.18347167969;0
2743.202;1157.04956054688;0
2744.602;1130.01110839844;0
2745.998;1133.17932128906;0
2747.395;1009.44091796875;0
2748.79;949.127502441406;0
2750.185;944.683349609375;0
2751.58;961.439697265625;0
2752.975;961.285522460938;0
2754.366;948.665405273438;0
2755.759;971.466064453125;0
2757.151;982.023559570313;0
2758.542;1011.44952392578;0
2759.933;1040.19201660156;0
2761.322;1161.69580078125;0
2762.71;1142.07202148438;0
2764.1;1130.20983886719;0
2765.486;942.790466308594;0
2766.875;959.28564453125;0
2768.26;999.35302734375;0
2769.646;1021.77038574219;0
2771.031;1081.53967285156;0
2772.418;1045.70947265625;0
2773.799;1074.18994140625;0
2775.184;1006.28698730469;0
2776.565;975.373046875;0
2777.946;985.150146484375;0
2779.328;1113.61206054688;0
2780.708;1123.16735839844;0
2782.09;1238.03430175781;0
2783.469;1173.32287597656;0
2784.847;1226.08996582031;0
2786.226;1241.57604980469;0
2787.603;1261.03845214844;0
2788.978;1311.04406738281;0
2790.355;1272.13256835938;0
2791.731;1191.41162109375;0
2793.104;1092.81506347656;0
2794.479;951.976989746094;0
2795.853;960.873657226563;0
2797.225;971.029296875;0
2798.596;1074.77685546875;0
2799.967;1071.41845703125;0
2801.341;928.934143066406;0
2802.71;724.338134765625;0
2804.077;451.554962158203;0
2805.447;430.361938476563;0
2806.815;465.099090576172;0
2808.183;454.883972167969;0
2809.551;454.496643066406;0
2810.915;405.048217773438;0
2812.282;428.178039550781;0
2813.646;347.801208496094;0
2815.011;350.921142578125;0
2816.375;316.976043701172;0
2817.736;324.141845703125;0
2819.099;358.957122802734;0
2820.462;325.021881103516;0
2821.821;347.225006103516;0
2823.182;232.343872070313;0
2824.542;365.731536865234;0
2825.901;510.912384033203;0
2827.261;641.328857421875;0
2828.617;599.214538574219;0
2829.974;397.012939453125;0
2831.33;389.3896484375;0
2832.686;325.011901855469;0
2834.043;397.878387451172;0
2835.395;394.231079101563;0
2836.75;515.402221679688;0
2838.104;661.943481445313;0
2839.456;654.8544921875;0
2840.807;743.131530761719;0
2842.16;717.885559082031;0
2843.509;662.116394042969;0
2844.858;620.554565429688;0
2846.209;530.466186523438;0
2847.556;585.447814941406;0
2848.906;601.369750976563;0
2850.253;677.66650390625;0
2851.6;652.763916015625;0
2852.946;582.327575683594;0
2854.29;395.199584960938;0
2855.635;355.989318847656;0
2856.98;250.605667114258;0
2858.323;333.917755126953;0
2859.665;367.913909912109;0
2861.008;466.290710449219;0
2862.349;577.955932617188;0
2863.691;673.756408691406;0
2865.031;670.685485839844;0
2866.37;623.915771484375;0
2867.709;547.168151855469;0
2869.048;538.726806640625;0
2870.385;522.531005859375;0
2871.722;558.398742675781;0
2873.059;743.586303710938;0
2874.394;739.869262695313;0
2875.73;768.467468261719;0
2877.064;716.832885742188;0
2878.398;749.065002441406;0
2879.731;828.704284667969;0
2881.063;841.664855957031;0
2882.395;871.384094238281;0
2883.727;925.896606445313;0
2885.059;997.842407226563;0
2886.387;1141.66235351563;0
2887.717;1086.35803222656;0
2889.046;950.375549316406;0
2890.374;897.527465820313;0
2891.699;945.328491210938;0
2893.028;1030.28540039063;0
2894.354;1031.54443359375;0
2895.679;970.95849609375;0
2897.004;969.543762207031;0
2898.328;849.064514160156;0
2899.653;909.705932617188;0
2900.976;927.045471191406;0
2902.297;1014.20831298828;0
2903.619;975.508972167969;0
2904.941;930.601684570313;0
2906.26;815.519470214844;0
2907.58;794.328552246094;0
2908.898;777.501281738281;0
2910.217;870.55322265625;0
2911.536;869.418212890625;0
2912.852;906.433898925781;0
2914.171;996.483520507813;0
2915.485;1076.54711914063;0
2916.799;1154.181640625;0
2918.116;1209.33447265625;0
2919.428;1156.3408203125;0
2920.743;1130.5341796875;0
2922.056;1069.58532714844;0
2923.367;1143.93518066406;0
2924.679;1133.85534667969;0
2925.99;1165.92663574219;0
2927.299;1199.27612304688;0
2928.609;1277.912109375;0
2929.918;1314.85205078125;0
2931.226;1299.76245117188;0
2932.535;1269.69128417969;0
2933.841;1132.1396484375;0
2935.149;1022.0869140625;0
2936.455;952.109619140625;0
2937.758;943.514465332031;0
2939.064;945.794494628906;0
2940.368;900.556335449219;0
2941.67;881.951293945313;0
2942.973;886.211547851563;0
2944.277;974.640075683594;0
2945.577;942.476684570313;0
2946.878;976.652038574219;0
2948.178;983.588562011719;0
2949.477;1061.85083007813;0
2950.776;1107.8173828125;0
2952.073;1159.63696289063;0
2953.372;1119.23510742188;0
2954.669;1141.80419921875;0
2955.965;1114.44885253906;0
2957.261;1193.87475585938;0
2958.556;1173.06579589844;0
2959.849;1165.93518066406;0
2961.145;1276.31323242188;0
2962.436;1384.58337402344;0
2963.732;1339.85803222656;0
2965.022;1363.80249023438;0
2966.313;1246.97155761719;0
2967.603;1246.54602050781;0
2968.893;1077.49060058594;0
2970.182;1047.04663085938;0
2971.471;1072.62353515625;0
2972.759;1101.58959960938;0
2974.047;1156.41723632813;0
2975.334;1152.91564941406;0
2976.62;1090.41015625;0
2977.907;999.323059082031;0
2979.192;998.75146484375;0
2980.475;1035.02685546875;0
2981.76;1029.40905761719;0
2983.043;954.86572265625;0
2984.326;967.763244628906;0
2985.607;945.738891601563;0
2986.888;930.942321777344;0
2988.17;901.994140625;0
2989.449;791.888916015625;0
2990.728;774.833251953125;0
2992.007;630.626953125;0
2993.284;609.938049316406;0
2994.562;529.597717285156;0
2995.84;607.715637207031;0
2997.115;641.624633789063;0
2998.393;634.095886230469;0
2999.666;504.402038574219;0
3000.94;462.1171875;0
3002.215;454.619537353516;0
3003.486;493.910766601563;0
3004.76;478.61181640625;0
3006.033;489.326568603516;0
3007.303;479.498016357422;0
3008.573;428.398620605469;0
3009.844;423.868927001953;0
3011.114;424.717529296875;0
3012.383;446.229187011719;0
3013.649;363.884918212891;0
3014.917;296.604766845703;0
3016.185;308.871673583984;0
3017.451;318.323455810547;0
3018.716;327.799499511719;0
3019.983;310.374084472656;0
3021.246;369.940582275391;0
3022.509;421.257568359375;0
3023.774;415.884368896484;0
3025.035;308.027984619141;0
3026.299;280.075775146484;0
3027.56;286.574981689453;0
3028.819;270.051940917969;0
3030.081;216.732833862305;0
3031.339;213.852890014648;0
3032.598;223.192260742188;0
3033.856;262.895935058594;0
3035.114;202.234008789063;0
3036.372;271.122680664063;0
3037.628;315.096557617188;0
3038.883;378.258666992188;0
3040.138;312.255889892578;0
3041.394;243.447326660156;0
3042.646;280.171783447266;0
3043.9;360.554534912109;0
3045.152;461.301391601563;0
3046.405;446.998870849609;0
3047.657;364.216522216797;0
3048.906;391.415130615234;0
3050.158;489.956665039063;0
3051.407;622.825073242188;0
3052.656;525.987548828125;0
3053.904;516.56494140625;0
3055.153;568.471801757813;0
3056.398;730.134399414063;0
3057.647;785.318908691406;0
3058.892;765.249389648438;0
3060.137;796.481811523438;0
3061.382;919.572692871094;0
3062.625;938.188842773438;0
3063.869;890.105041503906;0
3065.112;785.629699707031;0
3066.353;779.110961914063;0
3067.595;770.563720703125;0
3068.838;824.932006835938;0
3070.075;909.616027832031;0
3071.317;895.31884765625;0
3072.557;872.376342773438;0
3073.795;885.564819335938;0
3075.032;918.045837402344;0
3076.27;954.93017578125;0
3077.507;931.216186523438;0
3078.742;995.421875;0
3079.978;974.345703125;0
3081.212;957.220153808594;0
3082.446;918.679504394531;0
3083.681;876.000915527344;0
3084.913;948.337219238281;0
3086.147;1031.42395019531;0
3087.38;1080.70654296875;0
3088.61;1046.96264648438;0
3089.84;955.662658691406;0
3091.071;901.624328613281;0
3092.3;932.697937011719;0
3093.529;1032.25402832031;0
3094.755;1110.89672851563;0
3095.984;1106.21826171875;0
3097.211;1008.48480224609;0
3098.438;975.1962890625;0
3099.663;1017.24182128906;0
3100.888;965.769165039063;0
3102.112;943.322265625;0
3103.335;748.319458007813;0
3104.56;870.082397460938;0
3105.782;879.140991210938;0
3107.005;980.455627441406;0
3108.226;989.741577148438;0
3109.447;883.885070800781;0
3110.667;859.662414550781;0
3111.887;850.415893554688;0
3113.104;906.668334960938;0
3114.324;915.491394042969;0
3115.541;835.508911132813;0
3116.758;853.366638183594;0
3117.976;841.553771972656;0
3119.192;872.846374511719;0
3120.408;799.902770996094;0
3121.622;780.816284179688;0
3122.835;723.395202636719;0
3124.05;781.266418457031;0
3125.262;705.462646484375;0
3126.476;726.529907226563;0
3127.687;722.777282714844;0
3128.897;804.339172363281;0
3130.108;936.454467773438;0
3131.319;970.903930664063;0
3132.528;1076.02197265625;0
3133.737;949.142639160156;0
3134.945;916.044677734375;0
3136.152;733.28759765625;0
3137.358;730.657287597656;0
3138.565;673.495666503906;0
3139.772;648.335266113281;0
3140.976;561.231018066406;0
3142.18;485.782684326172;0
3143.385;540.065002441406;0
3144.588;547.745849609375;0
3145.79;647.163146972656;0
3146.993;675.276550292969;0
3148.194;660.973571777344;0
3149.395;631.032165527344;0
3150.596;587.759033203125;0
3151.794;582.309631347656;0
3152.994;574.787719726563;0
3154.193;527.169372558594;0
3155.39;457.487121582031;0
3156.587;477.296844482422;0
3157.784;496.4677734375;0
3158.982;520.778930664063;0
3160.177;412.120483398438;0
3161.37;314.578308105469;0
3162.565;309.604522705078;0
3163.759;342.125946044922;0
3164.952;406.502563476563;0
3166.146;373.746002197266;0
3167.337;356.202056884766;0
3168.527;346.491058349609;0
3169.719;375.460632324219;0
3170.91;361.456359863281;0
3172.098;306.731872558594;0
3173.288;230.537078857422;0
3174.475;221.262542724609;0
3175.663;276.545074462891;0
3176.849;317.731903076172;0
3178.037;329.703704833984;0
3179.223;354.070007324219;0
3180.408;430.994506835938;0
3181.592;376.376434326172;0
3182.777;318.324493408203;0
3183.96;305.917907714844;0
3185.143;345.831115722656;0
3186.325;406.997467041016;0
3187.507;341.193420410156;0
3188.688;399.555877685547;0
3189.869;341.055633544922;0
3191.049;368.462219238281;0
3192.228;347.648223876953;0
3193.406;418.55224609375;0
3194.585;457.603851318359;0
3195.763;546.410522460938;0
3196.939;506.133056640625;0
3198.116;519.127075195313;0
3199.292;508.686492919922;0
3200.466;506.696441650391;0
3201.643;563.2646484375;0
3202.816;577.72412109375;0
3203.991;635.967956542969;0
3205.161;587.889953613281;0
3206.334;524.928955078125;0
3207.504;520.102172851563;0
3208.677;554.716369628906;0
3209.846;643.000671386719;0
3211.017;633.841491699219;0
3212.187;728.239868164063;0
3213.356;664.639099121094;0
3214.524;722.814636230469;0
3215.69;666.207641601563;0
3216.859;762.235473632813;0
3218.024;824.78857421875;0
3219.189;877.757568359375;0
3220.354;866.712158203125;0
3221.519;842.706909179688;0
3222.682;782.911682128906;0
3223.845;789.886596679688;0
3225.01;836.25732421875;0
3226.171;907.507995605469;0
3227.332;934.953857421875;0
3228.494;923.896179199219;0
3229.655;927.425354003906;0
3230.814;937.825988769531;0
3231.973;900.986877441406;0
3233.13;948.591369628906;0
3234.29;865.454956054688;0
3235.447;895.451354980469;0
3236.605;950.495178222656;0
3237.76;1043.81164550781;0
3238.916;1035.56140136719;0
3240.071;955.413696289063;0
3241.224;940.36572265625;0
3242.381;962.869262695312;0
3243.532;938.643310546875;0
3244.685;925.793212890625;0
3245.839;848.053466796875;0
3246.99;828.986999511719;0
3248.141;789.988220214844;0
3249.292;815.228881835938;0
3250.439;864.811767578125;0
3251.589;833.961303710938;0
3252.739;831.649780273437;0
3253.886;712.882934570313;0
3255.034;724.3271484375;0
3256.18;734.426635742188;0
3257.326;775.071533203125;0
3258.472;840.0400390625;0
3259.617;881.671264648438;0
3260.761;910.431823730469;0
3261.905;902.639526367188;0
3263.048;917.255798339844;0
3264.19;860.261108398437;0
3265.333;766.145080566406;0
3266.475;655.956237792969;0
3267.617;623.004821777344;0
3268.757;661.243041992188;0
3269.896;734.367736816406;0
3271.036;724.823913574219;0
3272.175;750.940673828125;0
3273.313;675.379760742187;0
3274.449;707.143859863281;0
3275.586;639.047424316406;0
3276.722;651.166687011719;0
3277.859;677.949096679687;0
3278.993;757.286010742188;0
3280.13;753.310302734375;0
3281.263;734.649353027344;0
3282.395;737.956115722656;0
3283.529;824.964538574219;0
3284.66;911.551940917969;0
3285.794;864.942993164063;0
3286.924;856.909423828125;0
3288.054;722.702819824219;0
3289.185;663.12158203125;0
3290.313;595.994079589844;0
3291.443;691.431518554688;0
3292.571;746.427490234375;0
3293.698;823.262451171875;0
3294.824;790.346313476562;0
3295.952;769.488037109375;0
3297.077;793.486389160156;0
3298.203;789.171325683594;0
3299.328;855.746154785156;0
3300.45;792.576904296875;0
3301.574;871.606628417969;0
3302.698;768.050476074219;0
3303.819;744.2724609375;0
3304.942;642.337768554688;0
3306.064;667.975524902344;0
3307.182;747.6298828125;0
3308.303;673.303039550781;0
3309.423;727.559387207031;0
3310.542;600.974060058594;0
3311.66;528.166381835937;0
3312.778;373.941650390625;0
3313.895;380.078155517578;0
3315.012;436.241241455078;0
3316.128;489.318817138672;0
3317.243;497.895355224609;0
3318.357;500.566253662109;0
3319.471;529.358276367188;0
3320.586;491.069000244141;0
3321.698;582.810913085938;0
3322.813;582.253784179687;0
3323.923;609.73486328125;0
3325.034;602.698852539062;0
3326.146;639.642700195313;0
3327.255;682.117919921875;0
3328.366;704.366943359375;0
3329.474;704.940856933594;0
3330.582;660.918640136719;0
3331.691;582.092895507812;0
3332.797;509.6162109375;0
3333.905;520.767822265625;0
3335.011;542.486755371094;0
3336.116;605.829467773438;0
3337.22;649.2001953125;0
3338.327;656.43798828125;0
3339.429;652.245300292969;0
3340.534;624.146606445313;0
3341.635;701.948364257812;0
3342.737;712.075378417969;0
3343.84;717.7177734375;0
3344.94;690.462219238281;0
3346.041;624.843139648438;0
3347.142;534.014953613281;0
3348.24;447.32699584961;0
3349.337;483.378234863281;0
3350.437;505.120208740234;0
3351.534;472.633575439453;0
3352.633;424.397552490234;0
3353.727;460.355804443359;0
3354.823;488.383209228516;0
3355.919;534.001831054687;0
3357.013;460.99072265625;0
3358.108;464.099548339844;0
3359.201;512.624694824219;0
3360.293;628.619384765625;0
3361.385;709.969970703125;0
3362.478;718.717468261719;0
3363.569;679.781066894531;0
3364.661;639.858154296875;0
3365.75;622.359497070313;0
3366.838;613.441040039063;0
3367.929;591.75146484375;0
3369.017;642.099548339844;0
3370.105;707.749633789063;0
3371.193;747.782409667969;0
3372.279;672.189270019531;0
3373.364;640.405212402344;0
3374.45;650.621398925781;0
3375.534;696.991882324219;0
3376.62;727.354675292969;0
3377.704;789.527282714844;0
3378.786;788.388977050781;0
3379.871;807.502807617188;0
3380.951;777.080200195312;0
3382.034;728.63427734375;0
3383.114;650.774475097656;0
3384.195;690.689147949219;0
3385.276;759.279968261719;0
3386.354;847.229064941406;0
3387.433;833.288818359375;0
3388.511;836.627624511719;0
3389.588;861.137817382813;0
3390.664;841.024597167969;0
3391.742;794.833435058594;0
3392.816;821.904052734375;0
3393.893;858.451477050781;0
3394.968;989.339538574219;0
3396.042;984.118591308594;0
3397.115;1043.12841796875;0
3398.189;961.040405273437;0
3399.262;870.377746582031;0
3400.333;760.488159179688;0
3401.404;789.055541992187;0
3402.474;781.900390625;0
3403.545;815.649536132813;0
3404.615;746.795654296875;0
3405.685;772.059875488281;0
3406.752;735.607666015625;0
3407.82;821.971923828125;0
3408.888;831.079345703125;0
3409.955;878.29345703125;0
3411.021;856.703002929688;0
3412.085;864.691711425781;0
3413.151;861.444213867188;0
3414.215;893.864868164063;0
3415.279;860.510986328125;0
3416.343;806.92236328125;0
3417.406;718.782165527344;0
3418.468;760.460510253906;0
3419.53;687.890502929688;0
3420.592;679.750366210937;0
3421.652;626.607421875;0
3422.712;690.905151367188;0
3423.773;721.64599609375;0
3424.83;755.107727050781;0
3425.889;804.326477050781;0
3426.946;802.453125;0
3428.005;828.148864746094;0
3429.061;832.828430175781;0
3430.117;862.682189941406;0
3431.172;839.597473144531;0
3432.227;831.777038574219;0
3433.281;813.356323242188;0
3434.335;831.450378417969;0
3435.389;822.858642578125;0
3436.44;867.750061035156;0
3437.492;883.501281738281;0
3438.546;888.879028320313;0
3439.598;842.575561523438;0
3440.646;786.791259765625;0
3441.697;732.835144042969;0
3442.745;707.558837890625;0
3443.793;768.700500488281;0
3444.842;818.044677734375;0
3445.891;842.257690429688;0
3446.937;824.594787597656;0
3447.984;887.026916503906;0
3449.031;841.045837402344;0
3450.075;808.296813964844;0
3451.12;712.016845703125;0
3452.164;742.379028320313;0
3453.207;741.83984375;0
3454.251;725.305053710937;0
3455.293;695.788391113281;0
3456.336;629.280883789063;0
3457.378;610.055236816406;0
3458.417;572.616760253906;0
3459.458;592.19091796875;0
3460.498;596.749084472656;0
3461.539;643.879577636719;0
3462.577;670.399780273437;0
3463.614;729.942687988281;0
3464.651;687.363464355469;0
3465.689;694.970825195312;0
3466.726;588.872009277344;0
3467.763;611.932739257812;0
3468.798;545.060607910156;0
3469.831;566.61328125;0
3470.866;583.513000488281;0
3471.9;637.998168945313;0
3472.933;543.276123046875;0
3473.966;499.08999633789;0
3474.999;436.498931884766;0
3476.029;605.120544433594;0
3477.061;647.000122070313;0
3478.09;660.30419921875;0
3479.121;569.045471191406;0
3480.15;590.336791992188;0
3481.178;564.190490722656;0
3482.205;609.905029296875;0
3483.234;612.842956542969;0
3484.26;656.399353027344;0
3485.288;587.756286621094;0
3486.313;583.16455078125;0
3487.337;540.858581542969;0
3488.364;614.494934082031;0
3489.387;540.801879882813;0
3490.411;595.136047363281;0
3491.434;553.429931640625;0
3492.456;554.286071777344;0
3493.479;444.901428222656;0
3494.5;434.076416015625;0
3495.521;276.792358398438;0
3496.543;221.3017578125;0
3497.561;81.8079986572266;0
3498.579;62.9740409851074;0
3499.6;21.1926708221436;0
3500.618;-44.154411315918;0
3501.636;-56.3280372619629;0
3502.653;9.73420143127441;0
3503.669;30.7754459381104;0
3504.685;-7.27408695220947;0
3505.699;-44.7996940612793;0
3506.716;-39.2535552978516;0
3507.729;-51.5597991943359;0
3508.743;-100.705436706543;0
3509.755;-49.2569427490234;0
