98.64605;0;0
101.2353;0;0
103.8217;0;0
106.4096;45.5925941467285;0
108.9945;-3.28888893127441;0
111.5767;-6.82539701461792;0
114.1602;85.3209838867188;0
116.7409;75.6262588500977;0
119.3209;19.7863254547119;0
121.9002;-56.674072265625;0
124.4788;-41.8888893127441;0
127.0566;-32.9181289672852;0
129.6317;-101.264549255371;0
132.2038;-96.6086959838867;0
134.7796;-116.49333190918;0
137.3503;-92.0946502685547;0
139.9204;-57.1647491455078;0
142.4919;219.989242553711;0
145.0584;467.703704833984;0
147.6242;587.9619140625;0
150.1914;687.036010742188;0
152.7579;791.028503417969;0
155.3216;734.065063476563;0
157.8846;783.395324707032;0
160.4448;873.355529785156;0
163.0085;1037.60046386719;0
165.5672;1029.97729492187;0
168.1232;983.104553222657;0
170.6826;1103.61010742188;0
173.2372;1364.96765136719;0
175.7931;1556.26513671875;0
178.3463;1604.65539550781;0
180.8966;1679.97924804688;0
183.4504;1831.6572265625;0
185.9993;1917.81921386719;0
188.5476;1769.04895019531;0
191.0972;1777.47839355469;0
193.644;1814.05834960937;0
196.1859;1898.580078125;0
198.7335;1859.43884277344;0
201.2761;1716.46142578125;0
203.8201;1714.46704101563;0
206.3593;1703.42749023437;0
208.8998;1802.51599121094;0
211.4397;1832.16003417969;0
213.9746;1927.83801269531;0
216.5109;2193.947265625;0
219.0487;2463.16577148438;0
221.5816;2528.73071289062;0
224.1158;2531.12060546875;0
226.6473;2436.79272460938;0
229.176;2528.62890625;0
231.7082;2669.81176757813;0
234.2355;2871.48217773437;0
236.7643;2889.77221679688;0
239.2902;2803.6064453125;0
241.8133;2725.45385742188;0
244.3379;2501.0791015625;0
246.8618;2434.98120117187;0
249.3828;2326.89819335937;0
251.9053;2629.36352539063;0
254.423;2666.17504882812;0
256.942;2719.53857421875;0
259.4603;2685.66284179688;0
261.9759;2553.29931640625;0
264.4887;2518.27294921875;0
267.005;2400.1826171875;0
269.5164;2569.77026367188;0
272.0292;2689.4990234375;0
274.5393;2843.13940429687;0
277.0466;2908.6611328125;0
279.5574;2962.736328125;0
282.0654;2904.97729492187;0
284.5686;2890.85864257812;0
287.0752;2804.32202148438;0
289.5791;2794.59326171875;0
292.0803;2591.77221679688;0
294.5828;2359.17895507813;0
297.0826;2268.66284179688;0
299.5838;2080.98486328125;0
302.0801;2048.53295898438;0
304.5758;1915.19213867188;0
307.0749;2054.77587890625;0
309.5672;2047.46887207031;0
312.0608;2122.25805664063;0
314.5558;2078.38989257813;0
317.044;2221.22412109375;0
319.5377;2057.77954101562;0
322.0266;2090.10913085938;0
324.5127;2076.21850585938;0
327.0023;2251.30517578125;0
329.4871;2268.365234375;0
331.9691;2342.95678710938;0
334.4547;2351.1865234375;0
336.9353;2405.88330078125;0
339.4174;2475.1865234375;0
341.901;2697.69482421875;0
344.3776;2837.38427734375;0
346.8577;2821.51782226563;0
349.333;2701.98486328125;0
351.8076;2628.36450195313;0
354.2857;2525.31372070313;0
356.7569;2398.46142578125;0
359.2296;2297.31640625;0
361.7015;2139.77416992187;0
364.1729;2090.16235351563;0
366.6414;2008.39465332031;0
369.1093;2070.38403320313;0
371.5745;2236.93920898437;0
374.0432;2225.49487304687;0
376.507;2394.68310546875;0
378.9702;2239.87475585938;0
381.4348;2164.4072265625;0
383.8947;2128.09936523438;0
386.3538;2161.79321289063;0
388.8144;2341.36596679687;0
391.2722;2362.19897460938;0
393.7314;2337.34741210937;0
396.1859;2407.43432617188;0
398.6418;2598.90673828125;0
401.0949;2958.88745117188;0
403.5475;2869.33056640625;0
405.9972;2716.8828125;0
408.4505;2606.79516601563;0
410.899;2747.12084960938;0
413.3468;2915.62280273438;0
415.796;2864.74145507812;0
418.2405;2892.97607421875;0
420.6884;2750.55004882813;0
423.1295;2738.78881835937;0
425.572;2738.744140625;0
428.0159;2722.98608398438;0
430.455;2718.94067382813;0
432.8956;2598.76684570313;0
435.3335;2564.29223632813;0
437.7707;2315.89916992188;0
440.2093;2298.07543945313;0
442.6432;2179.16967773438;0
445.0764;2231.759765625;0
447.511;2024.640625;0
449.9429;2059.91674804688;0
452.3721;2138.92602539063;0
454.8048;2203.12475585937;0
457.2328;2252.22998046875;0
459.66;2089.71313476563;0
462.0847;2147.125;0
464.5127;2058.71264648438;0
466.9381;2213.3056640625;0
469.3587;2279.26098632813;0
471.7807;2518.171875;0
474.2042;2567.08081054688;0
476.6229;2799.30712890625;0
479.041;2702.27758789063;0
481.4604;2690.62963867187;0
483.8752;2551.61328125;0
486.2934;2563.11499023437;0
488.7068;2497.00439453125;0
491.1197;2378.46899414063;0
493.5339;2256.52001953125;0
495.9435;2136.8310546875;0
498.3544;1938.07263183594;0
500.7667;1974.14599609375;0
503.1723;2046.43762207031;0
505.5793;2194.3037109375;0
507.9856;2072.72241210938;0
510.3913;1926.72644042969;0
512.7944;1710.75366210938;0
515.1968;1648.68737792969;0
517.5986;1686.83996582031;0
519.9997;1870.72814941406;0
522.3982;1970.12060546875;0
524.798;1934.52160644531;0
527.1973;1775.42456054688;0
529.5919;1774.22338867187;0
531.9899;1765.91381835938;0
534.3832;1977.607421875;0
536.7758;1941.232421875;0
539.1699;1991.99584960938;0
541.5593;1863.77014160156;0
543.9481;1933.12158203125;0
546.3382;1963.56030273438;0
548.7257;2019.40087890625;0
551.1146;1869.08862304688;0
553.4968;2018.66845703125;0
555.8824;2207.59643554688;0
558.2675;2314.60278320313;0
560.6478;2357.41381835938;0
563.0295;2240.22387695313;0
565.4106;2178.03588867188;0
567.7911;1943.17663574219;0
570.169;1828.30773925781;0
572.5462;1758.97985839844;0
574.9229;1817.20959472656;0
577.2968;1690.85327148438;0
579.6721;1694.68176269531;0
582.0449;1607.35864257813;0
584.417;1575.43713378906;0
586.7885;1443.80920410156;0
589.1553;1549.51733398438;0
591.5255;1632.54821777344;0
593.8931;1635.60314941406;0
596.2601;1474.33837890625;0
598.6265;1334.40209960938;0
600.9902;1447.10778808594;0
603.3554;1449.00341796875;0
605.7179;1492.29309082031;0
608.0778;1404.78210449219;0
610.4391;1336.28564453125;0
612.7977;1408.66052246094;0
615.1558;1499.14196777344;0
617.5132;1751.32409667969;0
619.8701;1616.23645019531;0
622.2263;1510.32678222656;0
624.5779;1519.83605957031;0
626.9308;1900.69982910156;0
629.2852;2216.7666015625;0
631.6349;2342.4150390625;0
633.9841;2402.79248046875;0
636.3326;2332.783203125;0
638.6805;2322.27099609375;0
641.0279;2133.45629882813;0
643.3746;2325.1259765625;0
645.7187;2433.03491210938;0
648.0621;2525.8798828125;0
650.405;2167.328125;0
652.7453;2177.59497070312;0
655.087;2338.15747070313;0
657.426;2467.97924804688;0
659.7645;2379.63232421875;0
662.1024;2063.08959960938;0
664.4376;1898.28833007813;0
666.7742;1846.34704589844;0
669.1063;1700.14770507812;0
671.4398;1914.83618164063;0
673.7726;1845.9638671875;0
676.1048;2039.85571289063;0
678.4324;2075.43920898437;0
680.7635;2007.25756835938;0
683.0919;1993.73388671875;0
685.4158;1814.66552734375;0
687.743;1812.26989746094;0
690.0696;1824.42114257813;0
692.3937;1974.07873535156;0
694.7151;1943.47692871094;0
697.038;2187.15698242188;0
699.3583;2086.39916992188;0
701.6779;2235.958984375;0
703.995;2064.74072265625;0
706.3155;2035.94494628906;0
708.6294;1996.58642578125;0
710.9467;1991.44189453125;0
713.2594;2076.04418945312;0
715.5735;1834.08361816406;0
717.887;1737.11572265625;0
720.1979;1859.30200195313;0
722.5083;2292.69384765625;0
724.818;2279.17333984375;0
727.1252;1996.36840820313;0
729.4357;1742.21081542969;0
731.7418;1773.57885742188;0
734.0452;1985.45422363281;0
736.35;2016.60278320313;0
738.6522;1924.79724121094;0
740.9539;1821.7607421875;0
743.2569;1754.56518554688;0
745.5554;1825.32397460938;0
747.8553;1807.70263671875;0
750.1545;1892.42529296875;0
752.4513;1953.86340332031;0
754.7474;1667.14184570312;0
757.043;1510.13513183594;0
759.336;1396.39184570312;0
761.6304;1393.99792480469;0
763.9222;1274.01599121094;0
766.2114;843.930847167969;0
768.5041;860.030700683593;0
770.7922;669.611145019531;0
773.0777;886.375549316406;0
775.3647;1046.23779296875;0
777.651;1387.42077636719;0
779.9368;1381.85205078125;0
782.22;1373.03967285156;0
784.5026;1289.05419921875;0
786.7847;1477.60754394531;0
789.0662;1285.54528808594;0
791.3451;1347.93933105469;0
793.6254;1352.72302246094;0
795.9012;1678.70678710937;0
798.1784;1863.04760742187;0
800.455;1920.65234375;0
802.7291;1766.51916503906;0
805.0026;1573.86340332031;0
807.2755;1847.17822265625;0
809.5478;1844.35009765625;0
811.8176;1942.73046875;0
814.0869;1886.18444824219;0
816.3535;2126.18383789062;0
818.6235;2275.65209960938;0
820.8911;2112.47729492188;0
823.156;2141.47290039062;0
825.4204;2018.17016601563;0
827.6823;2069.56860351563;0
829.9474;1924.28112792969;0
832.2082;1930.61108398438;0
834.4683;1828.7138671875;0
836.7279;1861.70227050781;0
838.9869;1882.87438964844;0
841.2453;1877.91430664063;0
843.5012;2104.755859375;0
845.7565;2193.36938476562;0
848.0133;2304.19750976563;0
850.2655;2217.46044921875;0
852.5153;1977.71362304688;0
854.7703;1968.35107421875;0
857.0189;1643.09875488281;0
859.2668;1620.302734375;0
861.5182;1553.62634277344;0
863.7651;1730.841796875;0
866.0114;1783.06530761719;0
868.2592;1432.19799804688;0
870.5024;1415.91833496094;0
872.7451;1299.55737304688;0
874.9872;1550.26525878906;0
877.2307;1566.21887207031;0
879.4717;1585.07849121094;0
881.7101;1517.84020996094;0
883.95;1293.61608886719;0
886.1854;1319.75280761719;0
888.4202;1218.35388183594;0
890.6604;1420.70922851562;0
892.8941;1401.80676269531;0
895.1253;1763.56579589844;0
897.3599;1924.83068847656;0
899.59;1804.83044433594;0
901.8195;1475.23315429687;0
904.0504;1333.59436035156;0
906.2789;1583.8857421875;0
908.5087;1778.74353027344;0
910.7341;1788.0712890625;0
912.9589;1666.64916992188;0
915.1851;1715.63061523438;0
917.4088;1743.67370605469;0
919.63;1675.84008789063;0
921.8526;1204.50842285156;0
924.0727;1250.80541992188;0
926.2922;1623.56140136719;0
928.5112;2101.85400390625;0
930.7277;1953.08190917969;0
932.9476;1446.11499023438;0
935.163;1267.28430175781;0
937.3739;1071.04187011719;0
939.5901;1310.89636230469;0
941.8019;1241.61999511719;0
944.0151;1172.55163574219;0
946.2258;913.942810058593;0
948.4341;641.706848144531;0
950.6456;805.473815917969;0
952.8527;817.026245117188;0
955.0593;1040.35095214844;0
957.2653;672.154724121093;0
959.4689;673.869262695312;0
961.6738;608.398193359375;0
963.8782;674.538146972657;0
966.0782;640.8056640625;0
968.2815;757.601867675781;0
970.4803;901.598205566406;0
972.6787;935.070129394532;0
974.8784;929.188354492187;0
977.0757;951.729614257813;0
979.2704;902.880859375;0
981.4667;978.017822265625;0
983.6603;1084.20336914062;0
985.8535;1275.97595214844;0
988.0461;1234.91687011719;0
990.2363;1148.90930175781;0
992.4297;1380.62573242187;0
994.6169;1707.015625;0
996.8035;2080.23608398438;0
998.9933;2226.95166015625;0
1001.179;2116.38403320313;0
1003.364;2049.197265625;0
1005.55;1756.13098144531;0
1007.732;1871.14611816406;0
1009.916;1750.20886230469;0
1012.096;1964.52734375;0
1014.275;1696.65734863281;0
1016.459;1772.75329589844;0
1018.636;1772.13110351563;0
1020.813;2101.15625;0
1022.991;2233.81713867188;0
1025.165;2236.1953125;0
1027.34;1946.33581542969;0
1029.515;1811.55883789063;0
1031.687;1588.64086914063;0
1033.859;1755.0458984375;0
1036.03;1880.76513671875;0
1038.199;2002.3720703125;0
1040.369;1882.41247558594;0
1042.536;1854.4443359375;0
1044.704;1738.02136230469;0
1046.87;1696.81970214844;0
1049.034;1382.50354003906;0
1051.198;1286.96728515625;0
1053.363;1212.8837890625;0
1055.526;1350.01867675781;0
1057.686;1390.52209472656;0
1059.845;1494.6162109375;0
1062.005;1286.8564453125;0
1064.165;1222.576171875;0
1066.323;1122.4443359375;0
1068.477;1253.46264648438;0
1070.634;1371.52612304688;0
1072.788;1087.74963378906;0
1074.942;914.2548828125;0
1077.096;784.156433105468;0
1079.247;1137.18811035156;0
1081.397;1364.06286621094;0
1083.547;1567.57495117187;0
1085.695;1460.02783203125;0
1087.844;1432.9228515625;0
1089.992;1370.08923339844;0
1092.138;1311.61901855469;0
1094.284;1377.466796875;0
1096.425;1447.65930175781;0
1098.571;1560.63098144531;0
1100.711;1621.33544921875;0
1102.851;1666.78112792969;0
1104.994;1797.30725097656;0
1107.132;1726.22399902344;0
1109.271;1616.38171386719;0
1111.408;1654.90478515625;0
1113.543;1700.51196289063;0
1115.682;1823.17797851563;0
1117.816;1596.34704589844;0
1119.947;1508.79052734375;0
1122.08;1364.00354003906;0
1124.213;1582.39404296875;0
1126.343;1578.39880371094;0
1128.474;1601.24011230469;0
1130.602;1351.26000976562;0
1132.728;1447.73657226562;0
1134.856;1408.35595703125;0
1136.982;1345.70971679688;0
1139.109;1325.36279296875;0
1141.234;1387.53283691406;0
1143.356;1508.60729980469;0
1145.479;1387.06469726563;0
1147.599;1351.5888671875;0
1149.719;1312.76831054688;0
1151.839;1379.60498046875;0
1153.957;1348.21008300781;0
1156.076;1258.58947753906;0
1158.191;936.632019042969;0
1160.305;887.769409179688;0
1162.423;862.374633789062;0
1164.536;1140.32080078125;0
1166.647;945.131225585938;0
1168.761;1142.59423828125;0
1170.871;1105.13427734375;0
1172.983;1198.62634277344;0
1175.092;1320.26745605469;0
1177.2;1530.18029785156;0
1179.306;1717.03393554688;0
1181.413;1751.19995117187;0
1183.518;1696.75036621094;0
1185.623;1561.01208496094;0
1187.725;1339.75939941406;0
1189.826;1300.09289550781;0
1191.929;1535.53857421875;0
1194.032;1714.84887695313;0
1196.13;1601.40393066406;0
1198.23;1514.20361328125;0
1200.327;1495.59606933594;0
1202.423;1570.11437988281;0
1204.52;1695.36022949219;0
1206.613;1356.8388671875;0
1208.71;1490.51928710938;0
1210.801;1483.17260742187;0
1212.892;1902.17272949219;0
1214.987;1895.19091796875;0
1217.075;1868.67175292969;0
1219.166;1587.48315429688;0
1221.256;1630.44091796875;0
1223.342;1502.35119628906;0
1225.43;1619.77062988281;0
1227.515;1363.13122558594;0
1229.597;1403.93310546875;0
1231.685;1405.01586914062;0
1233.767;1437.49011230469;0
1235.85;1400.14782714844;0
1237.931;1551.62084960938;0
1240.009;1644.57604980469;0
1242.09;1535.46752929688;0
1244.168;1300.75354003906;0
1246.245;1270.22229003906;0
1248.321;1345.30871582031;0
1250.397;1396.24450683594;0
1252.472;1456.25183105469;0
1254.547;1300.54418945313;0
1256.618;1202.51342773437;0
1258.69;998.993041992188;0
1260.761;1075.49670410156;0
1262.83;1156.75415039063;0
1264.901;1279.3583984375;0
1266.969;1337.5908203125;0
1269.035;1188.33435058594;0
1271.102;1288.66491699219;0
1273.167;1173.27575683594;0
1275.233;1386.44921875;0
1277.295;1262.56970214844;0
1279.359;1435.45654296875;0
1281.42;1147.84826660156;0
1283.482;1200.49523925781;0
1285.542;924.805114746094;0
1287.6;1072.33728027344;0
1289.659;797.680297851563;0
1291.714;1033.26989746094;0
1293.774;1220.46081542969;0
1295.828;1358.64440917969;0
1297.881;1364.81359863281;0
1299.936;1354.18786621094;0
1301.987;1468.98864746094;0
1304.041;1683.97692871094;0
1306.09;1529.93090820313;0
1308.139;1459.3017578125;0
1310.19;1290.31518554688;0
1312.238;1445.20373535156;0
1314.286;1355.09643554688;0
1316.331;1306.68347167969;0
1318.376;1339.91320800781;0
1320.422;1325.56323242188;0
1322.466;1221.60815429688;0
1324.508;1288.19287109375;0
1326.549;1419.88293457031;0
1328.59;1485.90759277344;0
1330.632;1219.05688476563;0
1332.67;1301.35961914063;0
1334.707;1469.33117675781;0
1336.746;1614.96667480469;0
1338.78;1506.38134765625;0
1340.816;1291.57409667969;0
1342.852;807.766418457032;0
1344.885;788.403991699218;0
1346.916;700.044921875;0
1348.948;1160.755859375;0
1350.979;1174.1103515625;0
1353.011;1200.44128417969;0
1355.04;1057.97204589844;0
1357.066;954.723327636719;0
1359.094;1100.36157226563;0
1361.121;1032.10913085938;0
1363.145;1174.400390625;0
1365.171;912.999633789063;0
1367.192;901.679382324219;0
1369.216;758.550659179688;0
1371.239;908.057983398437;0
1373.258;936.312438964844;0
1375.28;883.315734863282;0
1377.298;763.953491210938;0
1379.316;661.559143066407;0
1381.335;717.396667480469;0
1383.35;755.069702148438;0
1385.366;800.539794921875;0
1387.38;637.63671875;0
1389.394;631.690490722657;0
1391.409;739.729125976563;0
1393.42;601.495056152344;0
1395.43;602.705078125;0
1397.44;535.641723632813;0
1399.451;693.596496582031;0
1401.458;564.60888671875;0
1403.466;305.253723144532;0
1405.472;253.867828369141;0
1407.478;388.841949462891;0
1409.483;594.573486328125;0
1411.486;799.910827636718;0
1413.49;863.676086425782;0
1415.492;893.273986816407;0
1417.492;801.97021484375;0
1419.495;723.422546386719;0
1421.494;726.57421875;0
1423.492;886.088256835937;0
1425.49;1001.84973144531;0
1427.487;1067.25415039062;0
1429.482;1062.19030761719;0
1431.477;1094.89074707031;0
1433.471;1133.80395507813;0
1435.466;1216.9296875;0
1437.456;1192.37927246094;0
1439.447;1128.26416015625;0
1441.441;1089.69543457031;0
1443.427;1105.32531738281;0
1445.417;1139.14367675781;0
1447.406;1124.70544433594;0
1449.392;1082.34484863281;0
1451.381;1087.06884765625;0
1453.365;1010.87713623047;0
1455.348;910.658874511719;0
1457.333;802.076416015625;0
1459.314;758.903137207031;0
1461.296;782.466674804688;0
1463.276;701.762817382813;0
1465.256;614.232727050781;0
1467.237;727.156127929688;0
1469.215;916.452331542968;0
1471.19;1053.03515625;0
1473.167;1050.90393066406;0
1475.145;1047.50317382813;0
1477.118;993.832824707031;0
1479.092;919.337341308594;0
1481.065;889.461181640625;0
1483.038;884.759826660156;0
1485.008;843.672607421875;0
1486.979;840.310607910156;0
1488.949;774.118225097656;0
1490.917;770.651062011719;0
1492.883;742.907470703125;0
1494.852;735.220764160156;0
1496.817;750.261596679688;0
1498.782;753.25634765625;0
1500.748;851.987915039063;0
1502.708;835.5654296875;0
1504.673;808.430908203125;0
1506.634;686.364196777344;0
1508.594;570.815612792969;0
1510.554;580.570434570312;0
1512.512;661.518188476562;0
1514.471;777.103576660156;0
1516.428;647.882141113281;0
1518.384;643.743530273438;0
1520.34;458.579803466797;0
1522.294;485.389556884766;0
1524.249;352.117309570313;0
1526.202;528.054077148438;0
1528.153;502.555969238281;0
1530.103;746.027221679688;0
1532.054;585.796752929688;0
1534.004;689.633239746094;0
1535.951;602.425048828125;0
1537.899;682.56005859375;0
1539.847;708.042053222656;0
1541.793;548.430358886719;0
1543.738;488.549835205079;0
1545.681;442.400329589843;0
1547.625;358.082885742188;0
1549.566;344.482330322266;0
1551.509;246.373840332031;0
1553.45;339.424072265625;0
1555.389;371.29931640625;0
1557.33;255.555130004883;0
1559.266;353.080413818359;0
1561.204;388.097381591797;0
1563.141;545.710876464843;0
1565.074;405.475402832032;0
1567.009;326.603607177734;0
1568.943;352.317749023437;0
1570.877;443.506225585938;0
1572.808;478.168975830078;0
1574.741;382.528259277344;0
1576.67;311.584075927734;0
1578.6;280.003112792969;0
1580.528;389.123596191406;0
1582.455;396.263946533203;0
1584.382;404.125305175781;0
1586.307;331.238342285156;0
1588.234;408.047515869141;0
1590.157;481.997253417969;0
1592.081;453.865356445313;0
1594.002;413.318511962891;0
1595.927;276.801086425781;0
1597.845;243.313171386719;0
1599.767;223.854705810547;0
1601.685;194.316070556641;0
1603.602;231.030563354492;0
1605.523;92.2204360961914;0
1607.438;247.663452148438;0
1609.354;258.139801025391;0
1611.269;395.978790283203;0
1613.181;159.620697021484;0
1615.096;152.504928588867;0
1617.008;51.8556213378906;0
1618.92;210.394638061523;0
1620.83;244.284713745117;0
1622.74;363.265930175781;0
1624.649;379.374755859375;0
1626.557;257.500091552734;0
1628.464;237.974914550781;0
1630.37;277.079986572266;0
1632.275;409.697906494141;0
1634.18;365.663513183594;0
1636.085;325.980316162109;0
1637.988;334.321075439453;0
1639.888;336.671844482422;0
1641.791;305.050354003906;0
1643.691;306.453430175781;0
1645.588;318.657318115234;0
1647.489;459.773162841797;0
1649.387;432.579467773438;0
1651.284;520.415954589844;0
1653.18;419.397430419922;0
1655.075;465.523834228516;0
1656.972;523.241577148438;0
1658.864;563.883972167969;0
1660.754;587.784362792969;0
1662.65;499.720550537109;0
1664.539;469.139556884766;0
1666.428;424.041412353516;0
1668.32;338.426116943359;0
1670.207;351.293670654297;0
1672.096;289.64404296875;0
1673.982;371.366149902344;0
1675.867;456.571105957031;0
1677.754;559.147766113281;0
1679.638;508.876739501953;0
1681.52;423.535797119141;0
1683.403;313.458801269531;0
1685.285;235.534622192383;0
1687.166;185.541046142578;0
1689.048;260.922515869141;0
1690.924;364.790130615234;0
1692.804;463.588134765625;0
1694.682;378.431488037109;0
1696.558;372.986877441406;0
1698.435;273.4765625;0
1700.308;263.789398193359;0
1702.184;240.480941772461;0
1704.057;240.328979492188;0
1705.929;174.777938842773;0
1707.801;105.050071716309;0
1709.674;169.923141479492;0
1711.542;293.841583251953;0
1713.412;357.803955078125;0
1715.28;205.254684448242;0
1717.145;207.304901123047;0
1719.015;185.95458984375;0
1720.88;173.534698486328;0
1722.746;45.0452194213867;0
1724.61;92.4833145141606;0
1726.471;216.835815429688;0
1728.334;259.563171386719;0
1730.197;171.168212890625;0
1732.057;176.597244262695;0
1733.919;181.887954711915;0
1735.777;192.331298828125;0
1737.634;128.482818603516;0
1739.493;160.481903076172;0
1741.349;188.657012939453;0
1743.205;178.265228271484;0
1745.061;192.469512939454;0
1746.915;220.153289794922;0
1748.77;367.753753662109;0
1750.621;321.263153076172;0
1752.473;278.125885009765;0
1754.323;142.564178466797;0
1756.173;194.133605957031;0
1758.022;257.500823974609;0
1759.87;237.442901611328;0
1761.718;128.175628662109;0
1763.566;179.130401611328;0
1765.411;197.205535888672;0
1767.256;216.512145996094;0
1769.101;168.716888427734;0
1770.945;264.765167236328;0
1772.787;425.711578369141;0
1774.629;407.334075927734;0
1776.469;457.744537353516;0
1778.309;432.166564941406;0
1780.15;431.712738037109;0
1781.987;377.049743652344;0
1783.826;210.288696289063;0
1785.662;292.445587158203;0
1787.498;278.286163330078;0
1789.334;377.688079833984;0
1791.169;385.32925415039;0
1793.002;440.209686279297;0
1794.834;523.884948730469;0
1796.667;583.688354492187;0
1798.498;631.731018066406;0
1800.328;676.124084472656;0
1802.157;616.86279296875;0
1803.986;674.054382324219;0
1805.813;703.809936523438;0
1807.639;792.240600585938;0
1809.467;812.013000488282;0
1811.292;858.682678222656;0
1813.117;864.360778808594;0
1814.94;956.49169921875;0
1816.763;969.631103515625;0
1818.585;953.562316894531;0
1820.407;689.946350097656;0
1822.227;602.672180175781;0
1824.048;546.184204101563;0
1825.865;623.820434570313;0
1827.683;521.131774902343;0
1829.501;521.1181640625;0
1831.317;495.779663085938;0
1833.135;618.674621582031;0
1834.948;437.705108642578;0
1836.761;412.194396972656;0
1838.577;367.255096435547;0
1840.388;492.110076904297;0
1842.198;440.092681884766;0
1844.009;416.536193847656;0
1845.819;350.582855224609;0
1847.629;314.619415283203;0
1849.436;200.627319335938;0
1851.244;169.655532836914;0
1853.052;200.370971679688;0
1854.858;235.551422119141;0
1856.661;241.97380065918;0
1858.466;313.860290527344;0
1860.269;272.2109375;0
1862.073;338.803497314453;0
1863.875;284.415740966797;0
1865.673;272.71435546875;0
1867.476;235.92155456543;0
1869.275;159.037322998047;0
1871.072;331.515533447266;0
1872.872;441.680114746094;0
1874.667;446.975494384766;0
1876.464;337.068359375;0
1878.26;217.013290405273;0
1880.053;203.644592285156;0
1881.849;180.62873840332;0
1883.64;274.853881835937;0
1885.431;405.096405029297;0
1887.226;503.243682861329;0
1889.014;331.629119873047;0
1890.803;321.474884033204;0
1892.594;255.098312377929;0
1894.38;436.736145019532;0
1896.167;461.847839355469;0
1897.955;554.977661132812;0
1899.74;535.014465332031;0
1901.526;474.959289550781;0
1903.309;410.256469726563;0
1905.091;396.239379882813;0
1906.876;354.463592529297;0
1908.658;253.819000244141;0
1910.438;280.531494140625;0
1912.217;364.045562744141;0
1913.996;360.36117553711;0
1915.775;306.811645507813;0
1917.553;254.845764160156;0
1919.33;310.02261352539;0
1921.106;250.342147827148;0
1922.881;123.137725830078;0
1924.655;127.848136901855;0
1926.431;173.479034423829;0
1928.202;221.252639770507;0
1929.974;60.0578346252441;0
1931.746;80.2232513427734;0
1933.516;92.8647079467773;0
1935.286;235.87109375;0
1937.055;227.133224487305;0
1938.823;294.656768798828;0
1940.592;253.441772460937;0
1942.356;252.037780761718;0
1944.122;285.110015869141;0
1945.888;310.768951416016;0
1947.651;262.459014892578;0
1949.416;61.2913017272949;0
1951.178;72.9027404785156;0
1952.939;45.545093536377;0
1954.699;227.014785766602;0
1956.459;297.292694091797;0
1958.219;423.272186279296;0
1959.979;588.064331054687;0
1961.735;705.335876464843;0
1963.491;766.197875976562;0
1965.249;588.650329589843;0
1967.003;608.809326171875;0
1968.761;541.120300292969;0
1970.512;625.141662597657;0
1972.265;633.317749023438;0
1974.018;622.206237792968;0
1975.769;605.918029785156;0
1977.522;536.78662109375;0
1979.271;502.145294189453;0
1981.018;445.108154296875;0
1982.766;313.495361328125;0
1984.516;355.434020996094;0
1986.261;312.196258544921;0
1988.009;394.68228149414;0
1989.754;376.550262451171;0
1991.498;358.578033447265;0
1993.241;343.2099609375;0
1994.984;393.269958496094;0
1996.727;303.1591796875;0
1998.468;260.653411865234;0
2000.206;219.193374633789;0
2001.946;308.334625244141;0
2003.686;446.744201660156;0
2005.424;443.311309814453;0
2007.161;658.481567382813;0
2008.898;619.811828613281;0
2010.634;674.303283691407;0
2012.369;505.400634765625;0
2014.103;426.76806640625;0
2015.836;373.406799316406;0
2017.57;456.318115234375;0
2019.299;423.392120361328;0
2021.032;423.403472900391;0
2022.762;345.238830566406;0
2024.491;446.8994140625;0
2026.221;518.606018066406;0
2027.947;559.025207519531;0
2029.676;459.6015625;0
2031.403;482.114624023438;0
2033.128;443.120391845703;0
2034.852;558.954895019531;0
2036.577;516.285949707031;0
2038.299;593.114929199218;0
2040.022;575.663330078125;0
2041.744;420.148956298829;0
2043.465;389.793975830078;0
2045.184;257.045349121094;0
2046.903;300.793182373047;0
2048.621;304.483123779297;0
2050.339;389.116485595703;0
2052.057;398.583160400391;0
2053.774;320.660919189453;0
2055.488;226.461364746094;0
2057.203;261.154144287109;0
2058.917;360.237030029297;0
2060.631;447.595703125;0
2062.344;458.898010253906;0
2064.053;388.25634765625;0
2065.765;399.449737548829;0
2067.476;410.368225097656;0
2069.185;430.563720703125;0
2070.892;433.925262451172;0
2072.6;463.118011474609;0
2074.308;462.587615966797;0
2076.014;441.555603027344;0
2077.72;406.800964355469;0
2079.425;426.102722167969;0
2081.13;362.906585693359;0
2082.833;310.321838378906;0
2084.532;296.306243896484;0
2086.236;263.179473876954;0
2087.936;228.44841003418;0
2089.635;233.769683837891;0
2091.335;274.485412597656;0
2093.034;261.597717285156;0
2094.731;140.107879638672;0
2096.427;191.664962768555;0
2098.124;324.485565185547;0
2099.82;514.924133300781;0
2101.515;576.202880859375;0
2103.207;559.986633300781;0
2104.902;531.610168457031;0
2106.594;562.516723632813;0
2108.286;587.264892578125;0
2109.976;713.764892578125;0
2111.667;721.965576171875;0
2113.355;805.231994628906;0
2115.044;762.340698242188;0
2116.732;685.068176269531;0
2118.42;645.088439941406;0
2120.105;634.318298339844;0
2121.79;783.274353027344;0
2123.476;865.399841308594;0
2125.16;925.471374511719;0
2126.844;935.156982421875;0
2128.524;919.234436035156;0
2130.207;885.259399414063;0
2131.888;905.674377441406;0
2133.567;917.923461914063;0
2135.247;924.004821777344;0
2136.927;880.146423339844;0
2138.603;892.329040527344;0
2140.281;895.35107421875;0
2141.957;853.100219726563;0
2143.633;750.691223144531;0
2145.308;724.126098632813;0
2146.981;697.296813964844;0
2148.654;776.314331054688;0
2150.328;793.291564941406;0
2152;840.229064941406;0
2153.669;896.924987792969;0
2155.34;869.505187988281;0
2157.01;916.423950195313;0
2158.677;826.415832519531;0
2160.347;896.923950195313;0
2162.013;822.61376953125;0
2163.681;884.706359863281;0
2165.347;886.356689453125;0
2167.011;941.86865234375;0
2168.674;872.206115722656;0
2170.337;833.608032226563;0
2172.002;778.969177246094;0
2173.662;841.181213378906;0
2175.324;827.131652832031;0
2176.985;859.263854980469;0
2178.645;825.555847167969;0
2180.304;820.471496582031;0
2181.961;863.3427734375;0
2183.618;915.057678222656;0
2185.275;880.390258789063;0
2186.932;855.448913574219;0
2188.586;835.676879882813;0
2190.242;951.184875488281;0
2191.896;848.758605957031;0
2193.547;784.392822265625;0
2195.2;698.836853027344;0
2196.851;743.917297363281;0
2198.502;765.391540527344;0
2200.153;721.014587402344;0
2201.799;766.654235839844;0
2203.447;777.530822753906;0
2205.097;784.755432128906;0
2206.742;760.1123046875;0
2208.391;676.582946777344;0
2210.035;767.885009765625;0
2211.679;730.207824707031;0
2213.324;728.884704589844;0
2214.966;627.582336425781;0
2216.608;548.736694335938;0
2218.252;606.763000488281;0
2219.89;641.254516601563;0
2221.531;804.812927246094;0
2223.172;836.882202148438;0
2224.809;872.684692382813;0
2226.449;817.982177734375;0
2228.086;839.900329589844;0
2229.72;866.540222167969;0
2231.358;866.518676757813;0
2232.992;732.343505859375;0
2234.625;662.420837402344;0
2236.26;730.990661621094;0
2237.893;875.854675292969;0
2239.524;875.481872558594;0
2241.156;754.137878417969;0
2242.785;783.930358886719;0
2244.416;832.188537597656;0
2246.044;941.690490722656;0
2247.672;865.990905761719;0
2249.301;827.4228515625;0
2250.926;833.076904296875;0
2252.554;733.272399902344;0
2254.177;871.110473632813;0
2255.803;868.190063476563;0
2257.427;988.290161132813;0
2259.051;934.411987304688;0
2260.671;713.445617675781;0
2262.294;708.458312988281;0
2263.914;655.257263183594;0
2265.533;925.100769042969;0
2267.153;887.749938964844;0
2268.773;973.5322265625;0
2270.392;897.667114257813;0
2272.006;908.821655273438;0
2273.624;788.331237792969;0
2275.239;933.662353515625;0
2276.854;1076.86254882813;0
2278.468;1191.02111816406;0
2280.084;1179.20739746094;0
2281.695;1137.97937011719;0
2283.305;1171.01574707031;0
2284.919;827.188171386719;0
2286.527;830.061462402344;0
2288.14;775.739135742188;0
2289.748;1058.15856933594;0
2291.354;1008.98388671875;0
2292.964;984.327514648438;0
2294.569;1011.30059814453;0
2296.174;1044.25939941406;0
2297.782;1025.56176757813;0
2299.386;973.419982910156;0
2300.99;726.158813476563;0
2302.594;791.0107421875;0
2304.195;763.41259765625;0
2305.798;850.363220214844;0
2307.399;653.751342773438;0
2308.998;499.688232421875;0
2310.598;448.725006103516;0
2312.197;615.747131347656;0
2313.795;845.421203613281;0
2315.392;1096.52502441406;0
2316.988;1131.90148925781;0
2318.585;1226.32849121094;0
2320.18;1129.91735839844;0
2321.774;1080.12841796875;0
2323.368;978.058166503906;0
2324.961;1028.05786132813;0
2326.553;868.742797851563;0
2328.145;813.045104980469;0
2329.735;756.681335449219;0
2331.324;1037.9697265625;0
2332.916;952.894836425781;0
2334.503;730.114440917969;0
2336.092;517.843933105469;0
2337.677;532.014831542969;0
2339.263;861.303894042969;0
2340.85;903.264282226563;0
2342.434;934.40966796875;0
2344.018;772.515686035156;0
2345.602;695.973937988281;0
2347.185;739.228332519531;0
2348.768;777.212219238281;0
2350.347;935.035461425781;0
2351.928;935.474731445313;0
2353.51;918.643005371094;0
2355.087;821.423095703125;0
2356.665;654.701538085938;0
2358.243;482.141052246094;0
2359.819;453.623565673828;0
2361.396;594.75;0
2362.972;738.479614257813;0
2364.547;769.477966308594;0
2366.121;805.6376953125;0
2367.694;872.400695800781;0
2369.267;946.878662109375;0
2370.839;692.558837890625;0
2372.411;607.582763671875;0
2373.982;674.554260253906;0
2375.55;921.58544921875;0
2377.118;816.88818359375;0
2378.687;748.375366210938;0
2380.254;779.591918945313;0
2381.821;1043.31958007813;0
2383.387;1091.07080078125;0
2384.954;1156.23828125;0
2386.516;1152.76440429688;0
2388.082;1181.318359375;0
2389.644;1099.67797851563;0
2391.209;978.842468261719;0
2392.769;793.21142578125;0
2394.33;897.768920898438;0
2395.892;1002.86145019531;0
2397.449;1084.42761230469;0
2399.008;1082.91223144531;0
2400.568;1206.98217773438;0
2402.125;1217.74890136719;0
2403.68;1272.32824707031;0
2405.238;1249.16833496094;0
2406.792;1418.38061523437;0
2408.349;1452.07775878906;0
2409.902;1371.81689453125;0
2411.455;1313.82165527344;0
2413.007;1321.19946289063;0
2414.558;1376.07360839844;0
2416.11;1319.05383300781;0
2417.66;1169.57727050781;0
2419.21;1097.6796875;0
2420.758;1127.25415039063;0
2422.307;1158.61572265625;0
2423.855;1095.8203125;0
2425.402;1004.640625;0
2426.947;921.283508300781;0
2428.492;923.754943847656;0
2430.038;872.90771484375;0
2431.58;861.357421875;0
2433.124;1020.98229980469;0
2434.667;931.377685546875;0
2436.208;829.211608886719;0
2437.75;828.091430664063;0
2439.291;923.461303710938;0
2440.83;1060.38684082031;0
2442.369;1114.53503417969;0
2443.906;1263.46179199219;0
2445.444;1388.60852050781;0
2446.981;1192.64733886719;0
2448.517;1125.35717773438;0
2450.053;909.296630859375;0
2451.587;742.360778808594;0
2453.12;951.614379882813;0
2454.655;1076.90112304688;0
2456.187;1275.72448730469;0
2457.718;1161.99572753906;0
2459.25;1217.27111816406;0
2460.781;1133.43908691406;0
2462.31;1116.72119140625;0
2463.84;1202.99792480469;0
2465.368;1303.81970214844;0
2466.896;1216.51879882813;0
2468.423;940.029357910156;0
2469.949;1014.14202880859;0
2471.474;1110.23754882813;0
2472.998;1306.20031738281;0
2474.522;1046.80627441406;0
2476.045;1167.88757324219;0
2477.568;1171.72302246094;0
2479.09;1354.75305175781;0
2480.612;1216.86633300781;0
2482.132;932.088012695313;0
2483.653;845.188049316406;0
2485.171;849.263610839844;0
2486.689;1295.05834960938;0
2488.208;1423.41516113281;0
2489.725;1389.66687011719;0
2491.242;1301.59118652344;0
2492.757;1318.30541992188;0
2494.271;1211.92492675781;0
2495.785;1215.45556640625;0
2497.3;1258.34362792969;0
2498.812;1450.25463867188;0
2500.325;1231.63146972656;0
2501.837;975.139404296875;0
2503.345;562.893371582032;0
2504.856;549.214233398438;0
2506.366;673.6025390625;0
2507.875;994.828918457031;0
2509.382;1027.28784179688;0
2510.889;993.7568359375;0
2512.397;803.271728515625;0
2513.901;674.560791015625;0
2515.406;656.0419921875;0
2516.911;841.488464355469;0
2518.415;829.519836425782;0
2519.918;793.766174316406;0
2521.421;673.263000488281;0
2522.922;603.143371582032;0
2524.423;607.518249511719;0
2525.924;591.160461425782;0
2527.422;652.6240234375;0
2528.923;483.130920410156;0
2530.419;531.014099121094;0
2531.916;454.587768554688;0
2533.415;610.981567382813;0
2534.909;387.196594238282;0
2536.404;299.792297363281;0
2537.899;-27.8173408508301;0
2539.394;192.504028320312;0
2540.887;408.013549804687;0
2542.38;723.900939941406;0
2543.871;479.665069580078;0
2545.363;479.288452148438;0
2546.852;465.948211669922;0
2548.345;242.005477905274;0
2549.833;93.7837142944336;0
2551.321;4.23194122314453;0
2552.811;556.738708496094;0
2554.296;590.431579589843;0
2555.78;689.2685546875;0
2557.267;466.01513671875;0
2558.752;493.222045898437;0
2560.237;273.747039794922;0
2561.721;410.865692138672;0
2563.203;403.83236694336;0
2564.687;623.980590820312;0
2566.168;453.783721923828;0
2567.648;624.354370117188;0
2569.129;592.471862792968;0
2570.607;619.545959472657;0
2572.086;709.969360351563;0
2573.565;842.003845214843;0
2575.041;1004.65069580078;0
2576.518;937.355834960937;0
2577.994;1040.67639160156;0
2579.469;1159.28063964844;0
2580.945;1311.16333007812;0
2582.418;1156.4326171875;0
2583.892;1241.75061035156;0
2585.365;1190.00549316406;0
2586.835;1327.64306640625;0
2588.307;1324.22009277344;0
2589.778;1375.84045410156;0
2591.248;1409.05383300781;0
2592.717;1478.74938964844;0
2594.186;1354.041015625;0
2595.652;1436.04833984375;0
2597.121;1101.66540527344;0
2598.585;1170.67199707031;0
2600.052;1081.02819824219;0
2601.518;1151.07653808594;0
2602.982;1163.81848144531;0
2604.446;1133.59338378906;0
2605.907;1338.29113769531;0
2607.371;1277.82861328125;0
2608.83;1413.76721191406;0
2610.293;1369.09692382813;0
2611.752;1464.37353515625;0
2613.213;1501.49096679687;0
2614.672;1498.89489746094;0
2616.13;1596.80810546875;0
2617.587;1473.00866699219;0
2619.043;1756.62670898437;0
2620.501;1690.86596679688;0
2621.957;1799.61437988281;0
2623.409;1605.64562988281;0
2624.864;1700.87915039063;0
2626.318;1687.06762695313;0
2627.771;1751.17578125;0
2629.222;1660.34838867188;0
2630.673;1719.61499023438;0
2632.124;1697.93444824219;0
2633.575;1753.76989746094;0
2635.023;1550.76037597656;0
2636.473;1443.02563476563;0
2637.922;1420.72900390625;0
2639.368;1550.70251464844;0
2640.816;1469.59484863281;0
2642.261;1393.55798339844;0
2643.705;1131.78002929688;0
2645.151;1250.80029296875;0
2646.596;1291.02111816406;0
2648.037;1409.05407714844;0
2649.48;1215.97973632813;0
2650.923;1119.13000488281;0
2652.364;1177.58569335937;0
2653.804;1210.34692382812;0
2655.243;1208.74963378906;0
2656.683;1230.58044433594;0
2658.121;1192.95324707031;0
2659.559;927.200561523437;0
2660.997;809.098693847656;0
2662.433;854.090759277343;0
2663.868;1138.275390625;0
2665.305;926.290283203125;0
2666.737;898.412414550781;0
2668.173;785.544189453125;0
2669.606;864.336547851562;0
2671.038;791.561096191406;0
2672.47;685.882873535157;0
2673.901;494.744812011719;0
2675.331;610.821105957032;0
2676.761;691.674560546875;0
2678.189;923.8603515625;0
2679.619;656.487915039063;0
2681.045;559.777709960937;0
2682.473;543.953735351562;0
2683.9;764.112060546875;0
2685.324;647.819702148438;0
2686.749;637.979064941406;0
2688.176;442.366180419922;0
2689.599;495.418609619141;0
2691.021;419.134338378906;0
2692.444;569.447265625;0
2693.865;628.874267578125;0
2695.287;524.638122558594;0
2696.707;454.081115722656;0
2698.125;421.647491455079;0
2699.545;592.22705078125;0
2700.963;573.486145019531;0
2702.381;542.424499511719;0
2703.798;625.917236328125;0
2705.214;631.972534179687;0
2706.629;745.6025390625;0
2708.046;726.721862792969;0
2709.458;803.559936523437;0
2710.872;795.015625;0
2712.285;744.701782226562;0
2713.699;665.845336914063;0
2715.111;512.380920410156;0
2716.52;575.347839355468;0
2717.93;504.891754150391;0
2719.342;576.892700195313;0
2720.749;424.083282470703;0
2722.159;594.131164550782;0
2723.565;786.550170898438;0
2724.971;892.008544921875;0
2726.38;925.724182128906;0
2727.785;895.469787597656;0
2729.19;1192.24499511719;0
2730.594;1287.18786621094;0
2731.997;1572.85729980469;0
2733.401;1423.80615234375;0
2734.803;1399.26147460938;0
2736.204;1304.44799804688;0
2737.606;1454.80773925781;0
2739.005;1566.22814941406;0
2740.405;1452.931640625;0
2741.806;1567.36267089844;0
2743.202;1505.07678222656;0
2744.602;1565.29614257812;0
2745.998;1372.57629394531;0
2747.395;1292.03918457031;0
2748.79;1165.26806640625;0
2750.185;1153.873046875;0
2751.58;1183.61694335937;0
2752.975;1360.40270996094;0
2754.366;1485.34631347656;0
2755.759;1695.00317382813;0
2757.151;1769.6806640625;0
2758.542;1858.62231445313;0
2759.933;1984.08435058594;0
2761.322;2060.59155273438;0
2762.71;1954.03259277344;0
2764.1;1723.7412109375;0
2765.486;1494.82507324219;0
2766.875;1450.51989746094;0
2768.26;1527.70666503906;0
2769.646;1614.482421875;0
2771.031;1576.51538085937;0
2772.418;1532.25549316406;0
2773.799;1495.14880371094;0
2775.184;1640.70678710938;0
2776.565;1695.07897949219;0
2777.946;1813.15319824219;0
2779.328;1926.14245605469;0
2780.708;1930.82458496094;0
2782.09;1987.08703613281;0
2783.469;1846.70776367187;0
2784.847;1836.90881347656;0
2786.226;1768.92614746094;0
2787.603;1827.86193847656;0
2788.978;1796.59301757812;0
2790.355;1827.64880371094;0
2791.731;1700.35498046875;0
2793.104;1696.3681640625;0
2794.479;1481.96374511719;0
2795.853;1365.80285644531;0
2797.225;1309.28466796875;0
2798.596;1453.81384277344;0
2799.967;1419.13342285156;0
2801.341;1184.251953125;0
2802.71;895.410522460937;0
2804.077;700.718994140625;0
2805.447;755.553588867187;0
2806.815;665.108642578125;0
2808.183;650.304931640625;0
2809.551;547.148742675781;0
2810.915;651.041381835937;0
2812.282;717.531005859375;0
2813.646;720.782409667969;0
2815.011;616.353881835938;0
2816.375;485.453369140625;0
2817.736;482.012542724609;0
2819.099;592.55908203125;0
2820.462;445.092041015625;0
2821.821;439.390686035156;0
2823.182;303.678802490234;0
2824.542;567.40234375;0
2825.901;674.891479492188;0
2827.261;774.173217773438;0
2828.617;797.21240234375;0
2829.974;697.309509277344;0
2831.33;699.154296875;0
2832.686;558.868286132813;0
2834.043;724.341979980469;0
2835.395;898.576171875;0
2836.75;1164.12719726563;0
2838.104;1150.14782714844;0
2839.456;1020.16131591797;0
2840.807;1022.02252197266;0
2842.16;1033.20812988281;0
2843.509;1039.22351074219;0
2844.858;890.222839355468;0
2846.209;829.988952636718;0
2847.556;614.053466796875;0
2848.906;593.884704589844;0
2850.253;601.152404785156;0
2851.6;660.524169921875;0
2852.946;626.442016601563;0
2854.29;354.839721679688;0
2855.635;505.428375244141;0
2856.98;500.178863525391;0
2858.323;722.475280761719;0
2859.665;565.731201171875;0
2861.008;604.317810058594;0
2862.349;641.677490234375;0
2863.691;748.376098632813;0
2865.031;682.877380371094;0
2866.37;712.95361328125;0
2867.709;565.805053710938;0
2869.048;458.673980712891;0
2870.385;395.426147460938;0
2871.722;571.652221679688;0
2873.059;838.876708984375;0
2874.394;861.624938964844;0
2875.73;938.122863769532;0
2877.064;993.923706054687;0
2878.398;1002.587890625;0
2879.731;1030.26220703125;0
2881.063;1115.2451171875;0
2882.395;1233.36450195312;0
2883.727;1224.61877441406;0
2885.059;1197.31457519531;0
2886.387;1291.36669921875;0
2887.717;1310.30505371094;0
2889.046;1291.24328613281;0
2890.374;1262.21594238281;0
2891.699;1419.97973632813;0
2893.028;1402.80285644531;0
2894.354;1317.58911132812;0
2895.679;1188.10815429688;0
2897.004;1311.2138671875;0
2898.328;1290.8876953125;0
2899.653;1381.24047851563;0
2900.976;1423.27026367188;0
2902.297;1412.08544921875;0
2903.619;1366.01611328125;0
2904.941;1316.28625488281;0
2906.26;1256.76281738281;0
2907.58;1252.48193359375;0
2908.898;1245.36535644531;0
2910.217;1374.8330078125;0
2911.536;1383.98376464844;0
2912.852;1383.14807128906;0
2914.171;1451.54565429687;0
2915.485;1428.50915527344;0
2916.799;1528.91040039063;0
2918.116;1587.75891113281;0
2919.428;1625.94030761719;0
2920.743;1526.89880371094;0
2922.056;1390.68395996094;0
2923.367;1489.25744628906;0
2924.679;1339.0576171875;0
2925.99;1514.99914550781;0
2927.299;1439.5009765625;0
2928.609;1619.55859375;0
2929.918;1657.05834960938;0
2931.226;1480.00500488281;0
2932.535;1501.4658203125;0
2933.841;1290.73107910156;0
2935.149;1477.94519042969;0
2936.455;1343.16882324219;0
2937.758;1399.32189941406;0
2939.064;1340.25524902344;0
2940.368;1291.63793945313;0
2941.67;1253.23718261719;0
2942.973;1267.14489746094;0
2944.277;1325.81091308594;0
2945.577;1325.03515625;0
2946.878;1368.68627929687;0
2948.178;1381.67602539063;0
2949.477;1280.19165039063;0
2950.776;1193.37353515625;0
2952.073;1334.58374023438;0
2953.372;1366.37268066406;0
2954.669;1400.74438476563;0
2955.965;1309.03051757812;0
2957.261;1370.41760253906;0
2958.556;1275.16442871094;0
2959.849;1275.91491699219;0
2961.145;1406.56091308594;0
2962.436;1635.68530273438;0
2963.732;1536.29113769531;0
2965.022;1545.82080078125;0
2966.313;1404.49584960938;0
2967.603;1361.4365234375;0
2968.893;1266.33837890625;0
2970.182;1233.98706054688;0
2971.471;1256.03076171875;0
2972.759;1174.70922851563;0
2974.047;1132.79138183594;0
2975.334;1166.10546875;0
2976.62;1101.541015625;0
2977.907;1141.54321289063;0
2979.192;1032.78015136719;0
2980.475;943.139709472656;0
2981.76;944.730712890625;0
2983.043;1064.09997558594;0
2984.326;1091.57824707031;0
2985.607;976.941101074218;0
2986.888;899.079284667969;0
2988.17;916.845520019531;0
2989.449;850.202087402344;0
2990.728;689.5498046875;0
2992.007;691.912292480469;0
2993.284;655.609985351563;0
2994.562;711.533508300781;0
2995.84;548.35107421875;0
2997.115;530.058349609375;0
2998.393;436.401245117188;0
2999.666;407.041748046875;0
3000.94;396.625396728516;0
3002.215;481.176879882813;0
3003.486;500.047729492188;0
3004.76;581.504760742188;0
3006.033;584.482971191406;0
3007.303;475.340179443359;0
3008.573;226.387832641602;0
3009.844;75.2774124145508;0
3011.114;269.451995849609;0
3012.383;415.873779296875;0
3013.649;566.713012695313;0
3014.917;348.162658691406;0
3016.185;366.663787841797;0
3017.451;219.228164672852;0
3018.716;248.988754272461;0
3019.983;147.241241455078;0
3021.246;294.873443603516;0
3022.509;418.354278564453;0
3023.774;471.658447265625;0
3025.035;364.781585693359;0
3026.299;277.654205322266;0
3027.56;335.103820800781;0
3028.819;322.513885498047;0
3030.081;186.929794311523;0
3031.339;114.118392944336;0
3032.598;139.046524047852;0
3033.856;239.682800292969;0
3035.114;319.580444335938;0
3036.372;283.963226318359;0
3037.628;404.432281494141;0
3038.883;290.917510986328;0
3040.138;398.249755859375;0
3041.394;357.435485839844;0
3042.646;458.882385253906;0
3043.9;409.952239990234;0
3045.152;464.173858642578;0
3046.405;474.926483154297;0
3047.657;580.047973632813;0
3048.906;848.348876953125;0
3050.158;1029.59313964844;0
3051.407;1099.75646972656;0
3052.656;924.615905761719;0
3053.904;990.098693847656;0
3055.153;1016.92321777344;0
3056.398;1017.36657714844;0
3057.647;881.319396972656;0
3058.892;820.9794921875;0
3060.137;978.570983886719;0
3061.382;1127.31591796875;0
3062.625;1146.25073242188;0
3063.869;1144.08215332031;0
3065.112;1033.12744140625;0
3066.353;1061.5146484375;0
3067.595;991.500732421875;0
3068.838;920.735473632813;0
3070.075;1041.87316894531;0
3071.317;1153.1748046875;0
3072.557;1321.14086914063;0
3073.795;1109.18359375;0
3075.032;954.993713378906;0
3076.27;938.766723632813;0
3077.507;1080.70812988281;0
3078.742;1125.44140625;0
3079.978;1128.90051269531;0
3081.212;1115.36987304688;0
3082.446;1201.80432128906;0
3083.681;1091.25109863281;0
3084.913;998.031494140625;0
3086.147;992.515930175781;0
3087.38;1136.978515625;0
3088.61;1217.55969238281;0
3089.84;1146.59594726563;0
3091.071;1091.07531738281;0
3092.3;1145.53161621094;0
3093.529;1195.00231933594;0
3094.755;1183.64514160156;0
3095.984;1264.25573730469;0
3097.211;1338.9677734375;0
3098.438;1301.23010253906;0
3099.663;1305.22473144531;0
3100.888;1212.70288085937;0
3102.112;1154.23522949219;0
3103.335;988.048217773438;0
3104.56;946.149536132813;0
3105.782;1063.572265625;0
3107.005;1101.90173339844;0
3108.226;1195.36096191406;0
3109.447;1078.39099121094;0
3110.667;976.808898925781;0
3111.887;911.735229492188;0
3113.104;1009.42407226563;0
3114.324;1083.39660644531;0
3115.541;1057.91284179688;0
3116.758;1056.9716796875;0
3117.976;1012.31134033203;0
3119.192;1065.8486328125;0
3120.408;1022.26300048828;0
3121.622;1020.13897705078;0
3122.835;1095.03405761719;0
3124.05;1143.6064453125;0
3125.262;1134.73754882813;0
3126.476;993.713562011719;0
3127.687;864.263305664063;0
3128.897;905.446350097656;0
3130.108;1020.15368652344;0
3131.319;1118.18896484375;0
3132.528;1185.88549804688;0
3133.737;1162.02172851562;0
3134.945;1226.37756347656;0
3136.152;1175.95178222656;0
3137.358;1176.24865722656;0
3138.565;1240.44982910156;0
3139.772;1173.31237792969;0
3140.976;1186.74206542969;0
3142.18;1051.52880859375;0
3143.385;1069.41638183594;0
3144.588;1012.27142333984;0
3145.79;1048.45776367188;0
3146.993;1171.04553222656;0
3148.194;1123.85009765625;0
3149.395;1042.65112304688;0
3150.596;1000.50732421875;0
3151.794;960.90625;0
3152.994;836.678833007813;0
3154.193;647.448120117188;0
3155.39;581.178588867188;0
3156.587;635.877746582031;0
3157.784;722.656677246094;0
3158.982;737.294738769531;0
3160.177;690.126770019531;0
3161.37;622.3759765625;0
3162.565;627.818237304688;0
3163.759;667.010681152344;0
3164.952;708.732482910156;0
3166.146;697.382995605469;0
3167.337;754.126708984375;0
3168.527;793.655334472656;0
3169.719;804.232116699219;0
3170.91;718.148071289063;0
3172.098;534.089416503906;0
3173.288;502.393920898438;0
3174.475;399.783050537109;0
3175.663;483.812896728516;0
3176.849;356.212188720703;0
3178.037;490.637481689453;0
3179.223;521.374206542969;0
3180.408;573.975891113281;0
3181.592;471.799285888672;0
3182.777;428.499603271484;0
3183.96;535.577758789063;0
3185.143;570.223999023438;0
3186.325;568.194274902344;0
3187.507;457.848876953125;0
3188.688;482.7216796875;0
3189.869;420.785278320313;0
3191.049;403.521667480469;0
3192.228;413.425689697266;0
3193.406;440.28515625;0
3194.585;455.243774414063;0
3195.763;521.7548828125;0
3196.939;553.377075195313;0
3198.116;646.55419921875;0
3199.292;726.173828125;0
3200.466;746.902587890625;0
3201.643;871.186157226563;0
3202.816;865.415222167969;0
3203.991;911.479919433594;0
3205.161;832.212890625;0
3206.334;768.392761230469;0
3207.504;928.358093261719;0
3208.677;956.109741210938;0
3209.846;1066.86987304688;0
3211.017;1082.97119140625;0
3212.187;1140.40734863281;0
3213.356;1034.73205566406;0
3214.524;1037.498046875;0
3215.69;1024.70849609375;0
3216.859;1082.8486328125;0
3218.024;1029.88562011719;0
3219.189;992.814147949219;0
3220.354;953.019775390625;0
3221.519;1001.25775146484;0
3222.682;1026.93591308594;0
3223.845;1146.60766601563;0
3225.01;1185.82946777344;0
3226.171;1311.60620117188;0
3227.332;1357.27136230469;0
3228.494;1438.8232421875;0
3229.655;1443.81530761719;0
3230.814;1479.58044433594;0
3231.973;1444.89855957031;0
3233.13;1466.98876953125;0
3234.29;1442.95935058594;0
3235.447;1406.80871582031;0
3236.605;1432.10766601563;0
3237.76;1413.61206054687;0
3238.916;1334.39208984375;0
3240.071;1204.70922851563;0
3241.224;1177.7421875;0
3242.381;1281.98168945313;0
3243.532;1308.43298339844;0
3244.685;1325.53881835938;0
3245.839;1164.34692382813;0
3246.99;1181.20141601563;0
3248.141;1181.26196289063;0
3249.292;1233.42297363281;0
3250.439;1304.46313476563;0
3251.589;1213.34448242188;0
3252.739;1290.70324707031;0
3253.886;1188.81945800781;0
3255.034;1295.82580566406;0
3256.18;1198.00146484375;0
3257.326;1045.98950195313;0
3258.472;986.636779785156;0
3259.617;958.388305664063;0
3260.761;1026.90942382813;0
3261.905;1032.53198242188;0
3263.048;1094.80944824219;0
3264.19;1168.29895019531;0
3265.333;1098.67468261719;0
3266.475;1133.49267578125;0
3267.617;1111.86547851563;0
3268.757;1178.24230957031;0
3269.896;1265.07104492188;0
3271.036;1183.62927246094;0
3272.175;1171.02758789063;0
3273.313;1080.76745605469;0
3274.449;1153.07043457031;0
3275.586;1116.71044921875;0
3276.722;1068.9091796875;0
3277.859;1038.22338867188;0
3278.993;976.547668457031;0
3280.13;833.557556152344;0
3281.263;846.921752929688;0
3282.395;942.754028320313;0
3283.529;1075.94323730469;0
3284.66;1180.71130371094;0
3285.794;1021.27813720703;0
3286.924;1063.6455078125;0
3288.054;1005.58837890625;0
3289.185;970.663818359375;0
3290.313;856.659973144531;0
3291.443;827.361022949219;0
3292.571;1054.87963867188;0
3293.698;1047.5458984375;0
3294.824;1032.24890136719;0
3295.952;952.211975097656;0
3297.077;1006.43688964844;0
3298.203;893.256713867188;0
3299.328;966.560424804688;0
3300.45;962.794067382813;0
3301.574;1062.18115234375;0
3302.698;878.166625976563;0
3303.819;914.3056640625;0
3304.942;823.485046386719;0
3306.064;875.257690429688;0
3307.182;852.294677734375;0
3308.303;756.043762207031;0
3309.423;724.615905761719;0
3310.542;613.010375976563;0
3311.66;607.452880859375;0
3312.778;587.943969726563;0
3313.895;564.931701660156;0
3315.012;537.756530761719;0
3316.128;514.196899414063;0
3317.243;551.478515625;0
3318.357;688.155944824219;0
3319.471;752.678405761719;0
3320.586;732.163757324219;0
3321.698;825.50537109375;0
3322.813;876.059631347656;0
3323.923;918.347229003906;0
3325.034;922.393920898438;0
3326.146;822.775634765625;0
3327.255;842.37939453125;0
3328.366;733.875427246094;0
3329.474;887.375122070313;0
3330.582;914.9853515625;0
3331.691;932.250854492188;0
3332.797;899.949096679688;0
3333.905;880.670715332031;0
3335.011;808.54345703125;0
3336.116;728.02197265625;0
3337.22;710.066589355469;0
3338.327;844.172058105469;0
3339.429;845.990051269531;0
3340.534;767.186584472656;0
3341.635;738.08544921875;0
3342.737;629.73828125;0
3343.84;629.034973144531;0
3344.94;516.304870605469;0
3346.041;498.607635498047;0
3347.142;528.945922851563;0
3348.24;553.446594238281;0
3349.337;633.141967773438;0
3350.437;591.871276855469;0
3351.534;562.216857910156;0
3352.633;515.733642578125;0
3353.727;533.953125;0
3354.823;585.627075195313;0
3355.919;676.640686035156;0
3357.013;717.101257324219;0
3358.108;778.842468261719;0
3359.201;947.112487792969;0
3360.293;931.549072265625;0
3361.385;920.875183105469;0
3362.478;768.954956054688;0
3363.569;885.786743164063;0
3364.661;818.150451660156;0
3365.75;853.144348144531;0
3366.838;691.53369140625;0
3367.929;700.198669433594;0
3369.017;759.329467773438;0
3370.105;837.02978515625;0
3371.193;900.784118652344;0
3372.279;801.205200195313;0
3373.364;848.763000488281;0
3374.45;872.954528808594;0
3375.534;928.510131835938;0
3376.62;941.9228515625;0
3377.704;1053.35180664063;0
3378.786;986.992431640625;0
3379.871;1026.9775390625;0
3380.951;939.235229492188;0
3382.034;1013.65515136719;0
3383.114;867.952331542969;0
3384.195;915.165893554688;0
3385.276;966.444091796875;0
3386.354;1073.876953125;0
3387.433;1102.7294921875;0
3388.511;1040.66381835938;0
3389.588;1041.63696289063;0
3390.664;1041.35192871094;0
3391.742;1010.60968017578;0
3392.816;1061.4072265625;0
3393.893;1025.93737792969;0
3394.968;1169.00842285156;0
3396.042;1131.40283203125;0
3397.115;1132.6337890625;0
3398.189;1113.55383300781;0
3399.262;1131.74487304688;0
3400.333;1154.19091796875;0
3401.404;1170.92614746094;0
3402.474;1071.45141601563;0
3403.545;1088.89440917969;0
3404.615;1055.25561523438;0
3405.685;1220.39733886719;0
3406.752;1167.52258300781;0
3407.82;1173.1533203125;0
3408.888;1154.22082519531;0
3409.955;1161.77746582031;0
3411.021;1154.71545410156;0
3412.085;1065.02124023438;0
3413.151;1099.33361816406;0
3414.215;1065.19360351563;0
3415.279;1070.96325683594;0
3416.343;1092.98583984375;0
3417.406;1093.60900878906;0
3418.468;1147.69482421875;0
3419.53;992.76416015625;0
3420.592;988.265258789063;0
3421.652;982.187744140625;0
3422.712;1062.11267089844;0
3423.773;1022.20471191406;0
3424.83;1034.63916015625;0
3425.889;1107.95349121094;0
3426.946;1317.04748535156;0
3428.005;1375.13232421875;0
3429.061;1423.44970703125;0
3430.117;1365.65393066406;0
3431.172;1358.63977050781;0
3432.227;1302.87939453125;0
3433.281;1292.75146484375;0
3434.335;1190.4912109375;0
3435.389;1182.28186035156;0
3436.44;1208.52978515625;0
3437.492;1290.37023925781;0
3438.546;1232.03649902344;0
3439.598;1214.37243652344;0
3440.646;1164.68420410156;0
3441.697;1170.7275390625;0
3442.745;1108.71789550781;0
3443.793;1256.12731933594;0
3444.842;1280.20263671875;0
3445.891;1276.67248535156;0
3446.937;1153.51733398438;0
3447.984;1217.54614257812;0
3449.031;1065.14270019531;0
3450.075;1152.81604003906;0
3451.12;1162.90795898438;0
3452.164;1316.41442871094;0
3453.207;1264.72387695312;0
3454.251;1175.96875;0
3455.293;1157.70544433594;0
3456.336;1188.86987304688;0
3457.378;1235.1220703125;0
3458.417;1120.02404785156;0
3459.458;967.440307617188;0
3460.498;851.061584472656;0
3461.539;901.285400390625;0
3462.577;901.757873535156;0
3463.614;1038.68603515625;0
3464.651;1103.83728027344;0
3465.689;1181.02111816406;0
3466.726;1063.81188964844;0
3467.763;962.578796386719;0
3468.798;808.628356933594;0
3469.831;734.228576660156;0
3470.866;796.075988769531;0
3471.9;880.292114257813;0
3472.933;880.682434082031;0
3473.966;780.368774414063;0
3474.999;792.462829589844;0
3476.029;883.120849609375;0
3477.061;908.01806640625;0
3478.09;752.627868652344;0
3479.121;625.542053222656;0
3480.15;722.022705078125;0
3481.178;773.803466796875;0
3482.205;806.534484863281;0
3483.234;697.620483398438;0
3484.26;690.883911132813;0
3485.288;711.889343261719;0
3486.313;817.784606933594;0
3487.337;815.576171875;0
3488.364;824.225952148437;0
3489.387;817.351989746094;0
3490.411;868.121459960937;0
3491.434;906.709838867188;0
3492.456;820.854797363281;0
3493.479;689.602661132812;0
3494.5;626.497802734375;0
3495.521;460.651580810547;0
3496.543;473.721405029297;0
3497.561;416.510925292969;0
3498.579;398.432556152344;0
3499.6;297.100158691406;0
3500.618;99.9820327758791;0
3501.636;17.4618167877197;0
3502.653;41.5044975280762;0
3503.669;21.9287433624268;0
3504.685;0.76388543844223;0
3505.699;-114.586181640625;0
3506.716;-88.1712265014648;0
3507.729;-133.648681640625;0
3508.743;-154.451965332031;0
3509.755;-103.25;0
