98.64605;0;0
101.2353;0;0
103.8217;0;0
106.4096;17.7037029266357;0
108.9945;-3.95555543899536;0
111.5767;-18.2857151031494;0
114.1602;-49;0
116.7409;30.3939399719238;0
119.3209;29.2735042572021;0
121.9002;7.51851844787598;0
124.4788;-33.0457534790039;0
127.0566;-86.6783599853516;0
129.6317;-40.6084671020508;0
132.2038;19.5652179718018;0
134.7796;-1.57777774333954;0
137.3503;25.5308647155762;0
139.9204;18.6743297576904;0
142.4919;243.84587097168;0
145.0584;286.713806152344;0
147.6242;437.158721923828;0
150.1914;444.357360839844;0
152.7579;541.290588378906;0
155.3216;460.249328613281;0
157.8846;509.984497070313;0
160.4448;558.65185546875;0
163.0085;650.482299804688;0
165.5672;706.918395996094;0
168.1232;629.952087402344;0
170.6826;582.182373046875;0
173.2372;557.157592773438;0
175.7931;612.719299316406;0
178.3463;661.745788574219;0
180.8966;816.2900390625;0
183.4504;915.296936035156;0
185.9993;1037.08923339844;0
188.5476;1002.56658935547;0
191.0972;1011.74566650391;0
193.644;1007.75671386719;0
196.1859;1039.82763671875;0
198.7335;1062.3046875;0
201.2761;981.105834960938;0
203.8201;944.39306640625;0
206.3593;870.507080078125;0
208.8998;972.717102050781;0
211.4397;1020.43481445313;0
213.9746;1155.23132324219;0
216.5109;1194.89709472656;0
219.0487;1246.90966796875;0
221.5816;1235.28137207031;0
224.1158;1328.771484375;0
226.6473;1300.16235351563;0
229.176;1341.94067382813;0
231.7082;1380.70715332031;0
234.2355;1466.67834472656;0
236.7643;1462.64050292969;0
239.2902;1362.22802734375;0
241.8133;1398.5849609375;0
244.3379;1321.55053710938;0
246.8618;1390.27783203125;0
249.3828;1276.15258789063;0
251.9053;1283.46057128906;0
254.423;1233.12731933594;0
256.942;1236.63415527344;0
259.4603;1308.41613769531;0
261.9759;1334.27075195312;0
264.4887;1410.8984375;0
267.005;1455.94580078125;0
269.5164;1507.04052734375;0
272.0292;1476.78076171875;0
274.5393;1488.82824707031;0
277.0466;1552.38586425781;0
279.5574;1637.79016113281;0
282.0654;1642.68603515625;0
284.5686;1578.6708984375;0
287.0752;1604.48229980469;0
289.5791;1521.98547363281;0
292.0803;1507.28649902344;0
294.5828;1402.16845703125;0
297.0826;1483.94348144531;0
299.5838;1369.32495117188;0
302.0801;1304.48132324219;0
304.5758;1167.85437011719;0
307.0749;1225.23376464844;0
309.5672;1231.43212890625;0
312.0608;1280.67041015625;0
314.5558;1184.26184082031;0
317.044;1221.41833496094;0
319.5377;1068.78051757813;0
322.0266;1139.23217773438;0
324.5127;1121.71130371094;0
327.0023;1237.83020019531;0
329.4871;1243.16052246094;0
331.9691;1261.93640136719;0
334.4547;1387.86596679688;0
336.9353;1439.19348144531;0
339.4174;1433.96813964844;0
341.901;1436.89282226563;0
344.3776;1457.01586914063;0
346.8577;1535.73474121094;0
349.333;1598.78186035156;0
351.8076;1645.26086425781;0
354.2857;1646.59887695313;0
356.7569;1615.05871582031;0
359.2296;1513.40576171875;0
361.7015;1376.07849121094;0
364.1729;1307.17797851563;0
366.6414;1354.80737304687;0
369.1093;1410.23046875;0
371.5745;1424.14978027344;0
374.0432;1346.38391113281;0
376.507;1340.58422851563;0
378.9702;1257.50964355469;0
381.4348;1251.77575683594;0
383.8947;1264.66711425781;0
386.3538;1310.78527832031;0
388.8144;1381.51318359375;0
391.2722;1376.90563964844;0
393.7314;1420.25646972656;0
396.1859;1454.18603515625;0
398.6418;1556.89038085938;0
401.0949;1623.08801269531;0
403.5475;1531.40075683594;0
405.9972;1518.21325683594;0
408.4505;1526.49047851563;0
410.899;1683.0654296875;0
413.3468;1730.23803710938;0
415.796;1691.88525390625;0
418.2405;1747.78137207031;0
420.6884;1732.0517578125;0
423.1295;1696.67443847656;0
425.572;1520.93286132813;0
428.0159;1399.13000488281;0
430.455;1386.77807617187;0
432.8956;1363.62036132813;0
435.3335;1434.21716308594;0
437.7707;1324.86694335938;0
440.2093;1332.37084960938;0
442.6432;1209.08276367187;0
445.0764;1254.16003417969;0
447.511;1187.80334472656;0
449.9429;1289.36096191406;0
452.3721;1307.55847167969;0
454.8048;1400.52099609375;0
457.2328;1351.83764648437;0
459.66;1217.21484375;0
462.0847;1265.224609375;0
464.5127;1318.26245117188;0
466.9381;1462.79431152344;0
469.3587;1388.97497558594;0
471.7807;1454.47814941406;0
474.2042;1460.63940429688;0
476.6229;1580.77709960937;0
479.041;1595.23828125;0
481.4604;1566.29040527344;0
483.8752;1540.67419433594;0
486.2934;1456.34729003906;0
488.7068;1485.01354980469;0
491.1197;1454.62438964844;0
493.5339;1400.89575195313;0
495.9435;1422.5048828125;0
498.3544;1307.1240234375;0
500.7667;1332.75146484375;0
503.1723;1353.38757324219;0
505.5793;1310.919921875;0
507.9856;1215.79028320313;0
510.3913;1074.43225097656;0
512.7944;1012.80578613281;0
515.1968;882.522583007813;0
517.5986;833.014038085938;0
519.9997;790.168090820313;0
522.3982;882.442810058594;0
524.798;868.913024902344;0
527.1973;967.222106933594;0
529.5919;1017.17700195313;0
531.9899;1029.20922851563;0
534.3832;1123.31823730469;0
536.7758;1093.9658203125;0
539.1699;1198.61975097656;0
541.5593;1121.00329589844;0
543.9481;1201.14416503906;0
546.3382;1144.32153320313;0
548.7257;1169.92810058594;0
551.1146;1154.49768066406;0
553.4968;1160.01293945313;0
555.8824;1179.03759765625;0
558.2675;1231.74670410156;0
560.6478;1269.26501464844;0
563.0295;1344.38073730469;0
565.4106;1239.09606933594;0
567.7911;1200.63098144531;0
570.169;1159.98400878906;0
572.5462;1130.05419921875;0
574.9229;1164.86157226563;0
577.2968;1010.86859130859;0
579.6721;1027.91101074219;0
582.0449;870.6513671875;0
584.417;777.314575195313;0
586.7885;722.641662597656;0
589.1553;839.383422851563;0
591.5255;1007.927734375;0
593.8931;950.357177734375;0
596.2601;927.014831542969;0
598.6265;845.379089355469;0
600.9902;932.046875;0
603.3554;860.412841796875;0
605.7179;764.86376953125;0
608.0778;763.878173828125;0
610.4391;745.154418945313;0
612.7977;846.590637207031;0
615.1558;854.693786621094;0
617.5132;936.521667480469;0
619.8701;970.259155273438;0
622.2263;951.021179199219;0
624.5779;966.510803222656;0
626.9308;1026.78796386719;0
629.2852;1190.29638671875;0
631.6349;1396.32531738281;0
633.9841;1530.04077148437;0
636.3326;1520.3447265625;0
638.6805;1450.23046875;0
641.0279;1426.12048339844;0
643.3746;1523.77319335938;0
645.7187;1661.10925292969;0
648.0621;1648.57312011719;0
650.405;1556.83447265625;0
652.7453;1496.22229003906;0
655.087;1489.74267578125;0
657.426;1511.50659179688;0
659.7645;1486.73999023437;0
662.1024;1331.87316894531;0
664.4376;1150.79235839844;0
666.7742;1013.57110595703;0
669.1063;1036.19006347656;0
671.4398;1101.40490722656;0
673.7726;1128.0302734375;0
676.1048;1157.87963867188;0
678.4324;1155.03149414063;0
680.7635;1151.52197265625;0
683.0919;1208.62805175781;0
685.4158;1253.12866210938;0
687.743;1243.44470214844;0
690.0696;1089.00598144531;0
692.3937;996.195129394531;0
694.7151;961.014953613281;0
697.038;1180.0791015625;0
699.3583;1178.24279785156;0
701.6779;1241.08312988281;0
703.995;1136.97131347656;0
706.3155;1214.5986328125;0
708.6294;1260.56066894531;0
710.9467;1257.21215820312;0
713.2594;1294.57336425781;0
715.5735;1162.19909667969;0
717.887;1198.2353515625;0
720.1979;1238.85815429688;0
722.5083;1423.13757324219;0
724.818;1348.01110839844;0
727.1252;1231.43884277344;0
729.4357;1143.1376953125;0
731.7418;1179.85791015625;0
734.0452;1232.37902832031;0
736.35;1254.91442871094;0
738.6522;1255.53051757813;0
740.9539;1099.26867675781;0
743.2569;987.797485351563;0
745.5554;1018.71594238281;0
747.8553;1096.20385742188;0
750.1545;1132.50061035156;0
752.4513;1123.36608886719;0
754.7474;968.977355957031;0
757.043;898.709289550781;0
759.336;886.666381835938;0
761.6304;976.5888671875;0
763.9222;870.8603515625;0
766.2114;655.148376464844;0
768.5041;601.941223144531;0
770.7922;616.383850097656;0
773.0777;680.810546875;0
775.3647;733.87060546875;0
777.651;848.260498046875;0
779.9368;824.129333496094;0
782.22;866.223815917969;0
784.5026;709.762939453125;0
786.7847;851.941711425781;0
789.0662;890.851928710938;0
791.3451;1043.32788085938;0
793.6254;1006.35540771484;0
795.9012;1081.56823730469;0
798.1784;1191.77026367188;0
800.455;1213.67797851563;0
802.7291;1173.25439453125;0
805.0026;1094.88671875;0
807.2755;1182.89416503906;0
809.5478;1205.93505859375;0
811.8176;1224.19079589844;0
814.0869;1293.15893554688;0
816.3535;1280.19848632813;0
818.6235;1416.64050292969;0
820.8911;1346.5078125;0
823.156;1401.90173339844;0
825.4204;1299.70922851563;0
827.6823;1297.52734375;0
829.9474;1353.30236816406;0
832.2082;1491.91235351562;0
834.4683;1516.67114257813;0
836.7279;1408.88623046875;0
838.9869;1302.40344238281;0
841.2453;1247.63952636719;0
843.5012;1292.599609375;0
845.7565;1339.21569824219;0
848.0133;1419.57763671875;0
850.2655;1401.34582519531;0
852.5153;1328.48413085938;0
854.7703;1286.48010253906;0
857.0189;1206.59606933594;0
859.2668;1134.00634765625;0
861.5182;1056.93591308594;0
863.7651;1081.27600097656;0
866.0114;1109.03833007812;0
868.2592;904.10888671875;0
870.5024;868.381774902344;0
872.7451;852.271484375;0
874.9872;960.143798828125;0
877.2307;954.434692382813;0
879.4717;854.587768554688;0
881.7101;833.053894042969;0
883.95;811.831359863281;0
886.1854;918.759765625;0
888.4202;969.674560546875;0
890.6604;901.24365234375;0
892.8941;807.359191894531;0
895.1253;919.098999023438;0
897.3599;992.063537597656;0
899.59;1041.81628417969;0
901.8195;885.252380371094;0
904.0504;939.172241210938;0
906.2789;995.320617675781;0
908.5087;1111.55078125;0
910.7341;1106.81677246094;0
912.9589;1140.76000976563;0
915.1851;1161.046875;0
917.4088;1222.89697265625;0
919.63;1117.11059570312;0
921.8526;985.145080566406;0
924.0727;1007.82684326172;0
926.2922;1173.49450683594;0
928.5112;1283.28991699219;0
930.7277;1029.8525390625;0
932.9476;854.908264160156;0
935.163;759.604064941406;0
937.3739;777.164367675781;0
939.5901;723.967163085938;0
941.8019;686.018920898438;0
944.0151;635.834045410156;0
946.2258;569.517456054688;0
948.4341;477.144897460938;0
950.6456;546.325805664063;0
952.8527;525.303527832031;0
955.0593;677.218811035156;0
957.2653;581.999267578125;0
959.4689;649.049133300781;0
961.6738;470.875762939453;0
963.8782;472.104125976563;0
966.0782;402.104797363281;0
968.2815;443.769073486328;0
970.4803;492.6572265625;0
972.6787;581.985656738281;0
974.8784;628.177062988281;0
977.0757;678.394775390625;0
979.2704;591.498779296875;0
981.4667;651.193054199219;0
983.6603;574.452209472656;0
985.8535;663.648193359375;0
988.0461;711.297119140625;0
990.2363;800.372314453125;0
992.4297;915.96630859375;0
994.6169;1013.88800048828;0
996.8035;1225.59985351563;0
998.9933;1362.16821289063;0
1001.179;1452.53881835938;0
1003.364;1447.8349609375;0
1005.55;1347.68994140625;0
1007.732;1358.13354492187;0
1009.916;1384.36157226563;0
1012.096;1468.53308105469;0
1014.275;1447.7568359375;0
1016.459;1444.93615722656;0
1018.636;1474.20983886719;0
1020.813;1527.02624511719;0
1022.991;1640.16125488281;0
1025.165;1623.86474609375;0
1027.34;1509.53540039062;0
1029.515;1454.49890136719;0
1031.687;1407.861328125;0
1033.859;1459.51501464844;0
1036.03;1430.92639160156;0
1038.199;1440.599609375;0
1040.369;1358.68408203125;0
1042.536;1328.84680175781;0
1044.704;1293.52880859375;0
1046.87;1249.6201171875;0
1049.034;1120.455078125;0
1051.198;954.824157714844;0
1053.363;932.728149414063;0
1055.526;817.175415039063;0
1057.686;780.502380371094;0
1059.845;779.852478027344;0
1062.005;778.561828613281;0
1064.165;886.798400878906;0
1066.323;899.040405273438;0
1068.477;937.057189941406;0
1070.634;971.804016113282;0
1072.788;914.313720703125;0
1074.942;955.673461914063;0
1077.096;948.632934570313;0
1079.247;1081.16577148438;0
1081.397;1108.12353515625;0
1083.547;1105.45959472656;0
1085.695;1020.35382080078;0
1087.844;1098.02111816406;0
1089.992;1076.40588378906;0
1092.138;1100.66442871094;0
1094.284;1072.57653808594;0
1096.425;1098.68090820313;0
1098.571;1087.62194824219;0
1100.711;1053.94055175781;0
1102.851;1100.37768554688;0
1104.994;1248.93920898438;0
1107.132;1246.59582519531;0
1109.271;1281.77478027344;0
1111.408;1260.64538574219;0
1113.543;1439.17468261719;0
1115.682;1477.37072753906;0
1117.816;1388.14880371094;0
1119.947;1288.63330078125;0
1122.08;1189.79296875;0
1124.213;1297.27661132813;0
1126.343;1244.23999023438;0
1128.474;1376.13000488281;0
1130.602;1293.36083984375;0
1132.728;1351.16296386719;0
1134.856;1296.50219726563;0
1136.982;1251.40649414063;0
1139.109;1183.0419921875;0
1141.234;1178.04345703125;0
1143.356;1155.7080078125;0
1145.479;1210.38842773438;0
1147.599;1141.97436523438;0
1149.719;1205.35546875;0
1151.839;1203.54028320313;0
1153.957;1256.64038085937;0
1156.076;1129.544921875;0
1158.191;908.144348144532;0
1160.305;886.212829589844;0
1162.423;937.238342285156;0
1164.536;1129.97827148438;0
1166.647;965.520690917969;0
1168.761;1009.39886474609;0
1170.871;992.021484375;0
1172.983;1121.46423339844;0
1175.092;1242.66650390625;0
1177.2;1444.69714355469;0
1179.306;1571.36987304688;0
1181.413;1513.61645507812;0
1183.518;1440.208984375;0
1185.623;1330.11157226562;0
1187.725;1317.94689941406;0
1189.826;1312.38464355469;0
1191.929;1337.04602050781;0
1194.032;1413.13928222656;0
1196.13;1251.48181152344;0
1198.23;1328.03466796875;0
1200.327;1361.9599609375;0
1202.423;1432.75244140625;0
1204.52;1496.52062988281;0
1206.613;1355.91821289063;0
1208.71;1362.19189453125;0
1210.801;1313.78674316406;0
1212.892;1481.38293457031;0
1214.987;1593.26550292969;0
1217.075;1602.47338867188;0
1219.166;1461.89587402344;0
1221.256;1450.884765625;0
1223.342;1401.46057128906;0
1225.43;1396.98278808594;0
1227.515;1261.2431640625;0
1229.597;1220.11901855469;0
1231.685;1242.27062988281;0
1233.767;1319.64367675781;0
1235.85;1345.41772460938;0
1237.931;1389.92614746094;0
1240.009;1345.53869628906;0
1242.09;1144.81640625;0
1244.168;1070.54187011719;0
1246.245;1096.30126953125;0
1248.321;1237.23291015625;0
1250.397;1223.86877441406;0
1252.472;1242.36254882812;0
1254.547;1190.76330566406;0
1256.618;1165.73278808594;0
1258.69;1115.50231933594;0
1260.761;1202.13330078125;0
1262.83;1307.4677734375;0
1264.901;1296.42211914063;0
1266.969;1292.515625;0
1269.035;1140.08850097656;0
1271.102;1258.90747070313;0
1273.167;1271.26342773438;0
1275.233;1389.97973632813;0
1277.295;1356.82751464844;0
1279.359;1394.69445800781;0
1281.42;1277.5771484375;0
1283.482;1176.25378417969;0
1285.542;1003.12231445313;0
1287.6;1063.91430664062;0
1289.659;1111.75659179687;0
1291.714;1299.58898925781;0
1293.774;1372.06640625;0
1295.828;1282.53784179688;0
1297.881;1382.8818359375;0
1299.936;1469.26135253906;0
1301.987;1620.57641601562;0
1304.041;1610.01953125;0
1306.09;1473.041015625;0
1308.139;1495.017578125;0
1310.19;1458.9345703125;0
1312.238;1631.83740234375;0
1314.286;1661.47875976562;0
1316.331;1682.83618164062;0
1318.376;1763.35888671875;0
1320.422;1635.83264160156;0
1322.466;1511.45275878906;0
1324.508;1550.98449707031;0
1326.549;1701.51000976563;0
1328.59;1797.43115234375;0
1330.632;1588.64038085937;0
1332.67;1582.58483886719;0
1334.707;1642.26049804687;0
1336.746;1712.5419921875;0
1338.78;1723.78186035156;0
1340.816;1592.53674316406;0
1342.852;1306.91735839844;0
1344.885;1163.81005859375;0
1346.916;1048.548828125;0
1348.948;1319.15844726563;0
1350.979;1344.62182617187;0
1353.011;1364.23168945313;0
1355.04;1239.69665527344;0
1357.066;1099.25573730469;0
1359.094;1190.79479980469;0
1361.121;1097.53186035156;0
1363.145;1176.79455566406;0
1365.171;997.911499023437;0
1367.192;927.079040527344;0
1369.216;791.603332519532;0
1371.239;936.623596191406;0
1373.258;1021.15307617188;0
1375.28;1061.08325195313;0
1377.298;820.856872558594;0
1379.316;663.463806152344;0
1381.335;610.948303222656;0
1383.35;582.134582519531;0
1385.366;664.204528808594;0
1387.38;694.26025390625;0
1389.394;787.094543457031;0
1391.409;841.131469726563;0
1393.42;745.365173339844;0
1395.43;830.858764648437;0
1397.44;848.841125488281;0
1399.451;927.091125488282;0
1401.458;796.609313964844;0
1403.466;573.398864746094;0
1405.472;492.807006835938;0
1407.478;438.341125488281;0
1409.483;602.453552246094;0
1411.486;693.170043945313;0
1413.49;894.068969726563;0
1415.492;866.810668945313;0
1417.492;817.363220214844;0
1419.495;799.867492675781;0
1421.494;903.913146972656;0
1423.492;971.788330078125;0
1425.49;1068.02087402344;0
1427.487;1073.89599609375;0
1429.482;1166.98779296875;0
1431.477;1136.39465332031;0
1433.471;1239.71752929688;0
1435.466;1328.47106933594;0
1437.456;1381.51098632812;0
1439.447;1294.72583007813;0
1441.441;1236.56311035156;0
1443.427;1166.90539550781;0
1445.417;1310.43603515625;0
1447.406;1387.47106933594;0
1449.392;1425.89904785156;0
1451.381;1401.61242675781;0
1453.365;1383.8349609375;0
1455.348;1414.45300292969;0
1457.333;1367.35498046875;0
1459.314;1269.53845214844;0
1461.296;1151.33557128906;0
1463.276;949.635009765625;0
1465.256;868.607421875;0
1467.237;946.131530761719;0
1469.215;1170.23413085937;0
1471.19;1303.79919433594;0
1473.167;1385.85534667969;0
1475.145;1369.50842285156;0
1477.118;1399.64733886719;0
1479.092;1317.38317871094;0
1481.065;1298.271484375;0
1483.038;1175.31469726563;0
1485.008;1164.62548828125;0
1486.979;1072.64929199219;0
1488.949;1087.71630859375;0
1490.917;1046.82653808594;0
1492.883;1095.53479003906;0
1494.852;1011.95202636719;0
1496.817;1044.75732421875;0
1498.782;947.514221191406;0
1500.748;1041.11169433594;0
1502.708;1013.82135009766;0
1504.673;994.092163085938;0
1506.634;834.800476074218;0
1508.594;727.973876953125;0
1510.554;883.006225585938;0
1512.512;1007.16455078125;0
1514.471;1138.0517578125;0
1516.428;990.553283691406;0
1518.384;1042.89099121094;0
1520.34;803.728332519531;0
1522.294;768.943908691407;0
1524.249;727.429870605468;0
1526.202;936.3974609375;0
1528.153;959.372131347656;0
1530.103;989.937622070313;0
1532.054;877.238159179688;0
1534.004;967.714111328125;0
1535.951;1053.65747070312;0
1537.899;1071.21374511719;0
1539.847;1094.19396972656;0
1541.793;922.848815917968;0
1543.738;875.853332519532;0
1545.681;658.141418457031;0
1547.625;673.619873046875;0
1549.566;694.610595703125;0
1551.509;816.420593261719;0
1553.45;760.416625976563;0
1555.389;772.040283203125;0
1557.33;648.73193359375;0
1559.266;601.935913085938;0
1561.204;678.077697753907;0
1563.141;690.508178710938;0
1565.074;718.560546875;0
1567.009;584.005065917969;0
1568.943;672.950500488281;0
1570.877;678.619079589844;0
1572.808;675.232971191407;0
1574.741;566.903442382813;0
1576.67;448.408111572266;0
1578.6;460.413726806641;0
1580.528;474.083343505859;0
1582.455;601.179260253906;0
1584.382;599.69189453125;0
1586.307;695.956604003906;0
1588.234;695.721923828125;0
1590.157;817.876708984375;0
1592.081;729.532104492188;0
1594.002;616.354736328125;0
1595.927;338.011352539063;0
1597.845;222.944030761719;0
1599.767;212.924087524414;0
1601.685;196.83952331543;0
1603.602;252.870635986328;0
1605.523;189.724578857422;0
1607.438;385.510589599609;0
1609.354;504.867095947266;0
1611.269;678.122863769531;0
1613.181;590.749267578125;0
1615.096;596.528015136719;0
1617.008;472.794647216797;0
1618.92;580.064025878906;0
1620.83;655.577453613282;0
1622.74;797.687866210938;0
1624.649;820.377136230469;0
1626.557;614.600524902344;0
1628.464;576.866149902344;0
1630.37;517.177429199219;0
1632.275;631.984375;0
1634.18;620.690551757813;0
1636.085;675.836853027344;0
1637.988;740.360656738281;0
1639.888;767.160705566406;0
1641.791;707.001098632813;0
1643.691;700.585266113281;0
1645.588;727.511657714843;0
1647.489;871.866455078125;0
1649.387;875.252746582031;0
1651.284;984.007141113281;0
1653.18;885.245300292968;0
1655.075;1065.18835449219;0
1656.972;1138.28503417969;0
1658.864;1323.52734375;0
1660.754;1264.58557128906;0
1662.65;1116.57312011719;0
1664.539;1030.93420410156;0
1666.428;955.669128417969;0
1668.32;975.222106933593;0
1670.207;933.8154296875;0
1672.096;918.56201171875;0
1673.982;911.017517089844;0
1675.867;1006.51513671875;0
1677.754;1157.49938964844;0
1679.638;1190.30358886719;0
1681.52;1210.81665039063;0
1683.403;1060.2607421875;0
1685.285;932.635925292969;0
1687.166;720.05322265625;0
1689.048;752.734985351562;0
1690.924;843.348022460938;0
1692.804;974.778991699219;0
1694.682;854.926086425782;0
1696.558;819.682495117187;0
1698.435;693.159423828125;0
1700.308;680.356750488281;0
1702.184;669.607971191407;0
1704.057;715.357360839844;0
1705.929;617.827270507813;0
1707.801;600.906555175781;0
1709.674;478.372955322266;0
1711.542;529.226501464844;0
1713.412;418.800506591797;0
1715.28;401.24658203125;0
1717.145;349.968688964844;0
1719.015;443.857604980469;0
1720.88;420.825439453125;0
1722.746;314.758941650391;0
1724.61;204.850204467773;0
1726.471;272.090484619141;0
1728.334;445.024749755859;0
1730.197;383.598571777344;0
1732.057;329.679473876953;0
1733.919;327.729278564453;0
1735.777;463.796417236328;0
1737.634;552.47314453125;0
1739.493;591.760498046875;0
1741.349;594.547302246094;0
1743.205;516.827880859375;0
1745.061;491.867828369141;0
1746.915;531.418029785156;0
1748.77;839.13818359375;0
1750.621;838.806823730468;0
1752.473;743.860900878907;0
1754.323;531.154235839844;0
1756.173;496.52783203125;0
1758.022;582.779907226563;0
1759.87;510.191955566406;0
1761.718;551.093933105469;0
1763.566;466.481384277344;0
1765.411;587.575317382813;0
1767.256;538.815979003906;0
1769.101;698.758911132812;0
1770.945;631.843811035156;0
1772.787;760.40185546875;0
1774.629;746.321899414063;0
1776.469;863.826171875;0
1778.309;900.803527832031;0
1780.15;893.476196289062;0
1781.987;834.39794921875;0
1783.826;628.791015625;0
1785.662;673.321960449219;0
1787.498;768.77001953125;0
1789.334;820.914184570313;0
1791.169;877.643310546875;0
1793.002;839.40185546875;0
1794.834;977.856506347657;0
1796.667;918.118286132813;0
1798.498;900.631774902344;0
1800.328;900.396667480469;0
1802.157;932.633666992188;0
1803.986;915.777954101563;0
1805.813;1005.93634033203;0
1807.639;1027.66430664063;0
1809.467;1058.51745605469;0
1811.292;937.051330566406;0
1813.117;852.043701171875;0
1814.94;903.050170898438;0
1816.763;862.95947265625;0
1818.585;953.327331542969;0
1820.407;676.931457519531;0
1822.227;611.216979980469;0
1824.048;468.183837890625;0
1825.865;585.173034667969;0
1827.683;464.189483642578;0
1829.501;360.017059326172;0
1831.317;250.102325439453;0
1833.135;291.445281982422;0
1834.948;79.4950866699219;0
1836.761;139.035888671875;0
1838.577;246.199645996094;0
1840.388;525.0400390625;0
1842.198;613.328186035156;0
1844.009;651.79833984375;0
1845.819;705.969299316406;0
1847.629;627.062438964844;0
1849.436;455.526824951172;0
1851.244;329.807159423828;0
1853.052;368.84814453125;0
1854.858;466.732666015625;0
1856.661;452.540618896484;0
1858.466;604.160888671875;0
1860.269;548.593811035156;0
1862.073;741.061401367188;0
1863.875;541.123657226563;0
1865.673;573.336120605469;0
1867.476;399.143280029297;0
1869.275;370.211761474609;0
1871.072;479.763793945313;0
1872.872;602.799377441406;0
1874.667;736.65185546875;0
1876.464;640.432312011719;0
1878.26;539.140808105469;0
1880.053;405.110565185547;0
1881.849;417.452819824219;0
1883.64;441.056365966797;0
1885.431;544.810119628906;0
1887.226;541.047485351563;0
1889.014;445.546142578125;0
1890.803;367.195037841797;0
1892.594;385.771911621094;0
1894.38;603.275390625;0
1896.167;634.04296875;0
1897.955;633.963500976563;0
1899.74;574.703674316406;0
1901.526;620.485656738281;0
1903.309;688.75390625;0
1905.091;654.178466796875;0
1906.876;680.982238769531;0
1908.658;479.72265625;0
1910.438;415.069580078125;0
1912.217;279.690856933594;0
1913.996;277.476470947266;0
1915.775;280.093994140625;0
1917.553;289.98779296875;0
1919.33;387.050109863281;0
1921.106;341.280883789063;0
1922.881;379.235687255859;0
1924.655;345.025634765625;0
1926.431;402.317413330078;0
1928.202;227.554779052734;0
1929.974;140.077423095703;0
1931.746;271.928558349609;0
1933.516;510.224761962891;0
1935.286;594.459289550781;0
1937.055;551.409912109375;0
1938.823;511.857299804688;0
1940.592;565.249938964844;0
1942.356;512.812072753906;0
1944.122;495.954254150391;0
1945.888;537.7353515625;0
1947.651;582.13037109375;0
1949.416;528.256164550781;0
1951.178;387.445953369141;0
1952.939;306.588714599609;0
1954.699;472.9912109375;0
1956.459;630.789306640625;0
1958.219;703.480529785156;0
1959.979;698.908630371094;0
1961.735;727.72705078125;0
1963.491;879.21728515625;0
1965.249;751.786804199219;0
1967.003;941.079528808593;0
1968.761;951.646484375;0
1970.512;1246.38208007813;0
1972.265;1148.3974609375;0
1974.018;1080.248046875;0
1975.769;946.6005859375;0
1977.522;844.677307128906;0
1979.271;732.922607421875;0
1981.018;479.004821777344;0
1982.766;241.146102905273;0
1984.516;241.902038574219;0
1986.261;343.272613525391;0
1988.009;518.037353515625;0
1989.754;501.313018798828;0
1991.498;585.323181152344;0
1993.241;683.071533203125;0
1994.984;695.320007324219;0
1996.727;483.595489501953;0
1998.468;399.169067382813;0
2000.206;394.813293457031;0
2001.946;526.972534179688;0
2003.686;638.980834960938;0
2005.424;651.949523925781;0
2007.161;736.657348632813;0
2008.898;734.995666503906;0
2010.634;928.190246582031;0
2012.369;992.464538574219;0
2014.103;930.704345703125;0
2015.836;864.797302246094;0
2017.57;845.520874023438;0
2019.299;923.653442382813;0
2021.032;867.532836914063;0
2022.762;781.266906738282;0
2024.491;798.300048828125;0
2026.221;859.410095214843;0
2027.947;863.596984863281;0
2029.676;657.305236816406;0
2031.403;635.868103027344;0
2033.128;591.723754882813;0
2034.852;790.710266113281;0
2036.577;724.486083984375;0
2038.299;808.896728515625;0
2040.022;733.944885253906;0
2041.744;530.296264648438;0
2043.465;541.393676757813;0
2045.184;446.908020019531;0
2046.903;709.406677246094;0
2048.621;639.00048828125;0
2050.339;679.573547363281;0
2052.057;486.121154785156;0
2053.774;426.422058105469;0
2055.488;250.365142822266;0
2057.203;294.863555908203;0
2058.917;330.45068359375;0
2060.631;412.240142822266;0
2062.344;310.677459716797;0
2064.053;225.763732910156;0
2065.765;227.329696655273;0
2067.476;394.302032470703;0
2069.185;395.701995849609;0
2070.892;639.419921875;0
2072.6;820.785522460938;0
2074.308;975.911071777344;0
2076.014;836.464294433594;0
2077.72;725.557495117188;0
2079.425;670.190612792969;0
2081.13;508.36376953125;0
2082.833;390.409088134766;0
2084.532;320.441223144531;0
2086.236;381.572845458984;0
2087.936;319.582885742188;0
2089.635;421.581756591797;0
2091.335;473.008392333984;0
2093.034;430.529724121094;0
2094.731;276.143768310547;0
2096.427;248.199615478516;0
2098.124;451.629974365234;0
2099.82;782.259704589844;0
2101.515;1017.64434814453;0
2103.207;919.339477539063;0
2104.902;983.233337402344;0
2106.594;1005.09783935547;0
2108.286;1348.23022460937;0
2109.976;1364.31689453125;0
2111.667;1464.35754394531;0
2113.355;1486.08532714844;0
2115.044;1422.59326171875;0
2116.732;1336.27709960938;0
2118.42;1176.82043457031;0
2120.105;1239.09387207031;0
2121.79;1330.33190917969;0
2123.476;1539.64587402344;0
2125.16;1526.03564453125;0
2126.844;1489.16796875;0
2128.524;1404.70947265625;0
2130.207;1414.80407714844;0
2131.888;1386.19689941406;0
2133.567;1373.89270019531;0
2135.247;1420.67150878906;0
2136.927;1466.19775390625;0
2138.603;1450.02172851563;0
2140.281;1417.73693847656;0
2141.957;1432.52722167969;0
2143.633;1310.94909667969;0
2145.308;1221.3916015625;0
2146.981;1136.14294433594;0
2148.654;1319.52001953125;0
2150.328;1311.07861328125;0
2152;1311.81896972656;0
2153.669;1178.583984375;0
2155.34;1206.51867675781;0
2157.01;1344.52124023438;0
2158.677;1352.81115722656;0
2160.347;1397.71911621094;0
2162.013;1171.6884765625;0
2163.681;1118.60534667969;0
2165.347;1092.46472167969;0
2167.011;1097.04699707031;0
2168.674;1092.18090820312;0
2170.337;1084.15063476563;0
2172.002;1141.06762695313;0
2173.662;1218.15441894531;0
2175.324;1162.40991210937;0
2176.985;1158.724609375;0
2178.645;1032.46752929688;0
2180.304;1085.38049316406;0
2181.961;1063.46325683594;0
2183.618;1179.37927246094;0
2185.275;1092.88073730469;0
2186.932;1212.62377929688;0
2188.586;1267.98864746094;0
2190.242;1486.91235351563;0
2191.896;1283.73181152344;0
2193.547;1138.69274902344;0
2195.2;969.706359863281;0
2196.851;1077.75756835938;0
2198.502;1237.53112792969;0
2200.153;1175.51330566406;0
2201.799;1133.39038085937;0
2203.447;991.891296386719;0
2205.097;994.464172363281;0
2206.742;969.468872070312;0
2208.391;905.043640136719;0
2210.035;897.269897460938;0
2211.679;891.388732910156;0
2213.324;891.26171875;0
2214.966;951.538635253906;0
2216.608;850.918029785156;0
2218.252;985.367065429688;0
2219.89;913.536987304688;0
2221.531;1099.32092285156;0
2223.172;1034.71887207031;0
2224.809;998.508728027344;0
2226.449;824.80517578125;0
2228.086;882.136047363282;0
2229.72;1027.43383789063;0
2231.358;1201.11535644531;0
2232.992;1110.3515625;0
2234.625;965.090637207032;0
2236.26;957.452026367187;0
2237.893;1012.62133789063;0
2239.524;1126.52722167969;0
2241.156;1006.45867919922;0
2242.785;1019.37933349609;0
2244.416;982.386596679687;0
2246.044;1121.49536132812;0
2247.672;1054.99133300781;0
2249.301;1021.88549804687;0
2250.926;1013.01574707031;0
2252.554;1074.70739746094;0
2254.177;1182.060546875;0
2255.803;1313.18774414062;0
2257.427;1338.42309570313;0
2259.051;1475.990234375;0
2260.671;1154.55847167969;0
2262.294;1187.09619140625;0
2263.914;1066.06042480469;0
2265.533;1362.703125;0
2267.153;1331.68151855469;0
2268.773;1357.43920898437;0
2270.392;1229.30883789062;0
2272.006;1279.03125;0
2273.624;1208.62194824219;0
2275.239;1353.23913574219;0
2276.854;1394.19274902344;0
2278.468;1466.0380859375;0
2280.084;1288.77697753906;0
2281.695;1168.990234375;0
2283.305;1160.31652832031;0
2284.919;1093.67797851563;0
2286.527;1091.64819335938;0
2288.14;1033.85559082031;0
2289.748;1204.94287109375;0
2291.354;1155.55480957031;0
2292.964;1159.91381835938;0
2294.569;1138.79675292969;0
2296.174;1162.60656738281;0
2297.782;1165.98999023437;0
2299.386;1038.92565917969;0
2300.99;952.621154785157;0
2302.594;898.499450683594;0
2304.195;925.726806640625;0
2305.798;1021.88342285156;0
2307.399;964.768676757813;0
2308.998;955.316162109375;0
2310.598;861.036315917968;0
2312.197;964.987060546875;0
2313.795;1083.44055175781;0
2315.392;1294.39514160156;0
2316.988;1380.40222167969;0
2318.585;1478.12841796875;0
2320.18;1427.01806640625;0
2321.774;1302.28356933594;0
2323.368;1141.03063964844;0
2324.961;1057.69311523437;0
2326.553;911.192932128906;0
2328.145;861.392761230468;0
2329.735;837.001586914063;0
2331.324;907.174072265625;0
2332.916;910.861877441406;0
2334.503;729.238647460937;0
2336.092;646.196166992188;0
2337.677;529.975708007813;0
2339.263;684.001525878907;0
2340.85;719.935668945313;0
2342.434;781.67041015625;0
2344.018;611.261108398438;0
2345.602;449.863739013672;0
2347.185;355.877319335938;0
2348.768;352.300720214844;0
2350.347;490.1328125;0
2351.928;531.039184570312;0
2353.51;604.018676757812;0
2355.087;723.179931640625;0
2356.665;709.22509765625;0
2358.243;627.705871582032;0
2359.819;478.09326171875;0
2361.396;468.684600830078;0
2362.972;584.562927246094;0
2364.547;721.784606933593;0
2366.121;731.440490722657;0
2367.694;747.732971191406;0
2369.267;679.246520996093;0
2370.839;589.886901855468;0
2372.411;589.04345703125;0
2373.982;618.818420410156;0
2375.55;708.2109375;0
2377.118;663.591247558594;0
2378.687;628.499816894531;0
2380.254;737.360168457031;0
2381.821;868.097229003906;0
2383.387;990.821411132813;0
2384.954;927.812866210938;0
2386.516;900.057434082031;0
2388.082;839.067138671875;0
2389.644;869.734436035157;0
2391.209;798.616638183594;0
2392.769;639.637084960937;0
2394.33;748.283630371094;0
2395.892;841.138916015625;0
2397.449;1035.76599121094;0
2399.008;913.501647949219;0
2400.568;952.457397460937;0
2402.125;862.076599121094;0
2403.68;960.465881347656;0
2405.238;945.986328125;0
2406.792;1033.72924804688;0
2408.349;965.694946289062;0
2409.902;1023.88610839844;0
2411.455;1066.83666992188;0
2413.007;1187.43872070312;0
2414.558;1131.88659667969;0
2416.11;1148.64575195313;0
2417.66;1095.64367675781;0
2419.21;1096.97595214844;0
2420.758;1020.49432373047;0
2422.307;1041.72827148438;0
2423.855;990.235473632813;0
2425.402;1044.6328125;0
2426.947;944.217346191406;0
2428.492;845.735107421875;0
2430.038;766.921325683594;0
2431.58;753.6748046875;0
2433.124;833.491577148438;0
2434.667;782.465637207032;0
2436.208;772.52783203125;0
2437.75;955.06298828125;0
2439.291;1054.97985839844;0
2440.83;1191.94555664062;0
2442.369;1163.96008300781;0
2443.906;1236.5791015625;0
2445.444;1240.35864257812;0
2446.981;1021.74572753906;0
2448.517;939.405456542968;0
2450.053;918.32373046875;0
2451.587;908.391906738281;0
2453.12;1028.70202636719;0
2454.655;901.835510253906;0
2456.187;1089.18273925781;0
2457.718;1086.80346679688;0
2459.25;1168.3701171875;0
2460.781;1026.1025390625;0
2462.31;888.375793457031;0
2463.84;1031.2451171875;0
2465.368;1135.82702636719;0
2466.896;1152.56628417969;0
2468.423;998.756652832031;0
2469.949;1066.96252441406;0
2471.474;1152.98937988281;0
2472.998;1198.58288574219;0
2474.522;1050.5107421875;0
2476.045;1001.60546875;0
2477.568;1079.43493652344;0
2479.09;1099.59582519531;0
2480.612;1184.30676269531;0
2482.132;1115.5634765625;0
2483.653;1152.17272949219;0
2485.171;1117.8857421875;0
2486.689;1290.26062011719;0
2488.208;1379.62683105469;0
2489.725;1456.76342773438;0
2491.242;1411.55627441406;0
2492.757;1371.0068359375;0
2494.271;1276.23071289063;0
2495.785;1190.75903320313;0
2497.3;1240.38940429688;0
2498.812;1286.45654296875;0
2500.325;1184.95861816406;0
2501.837;1074.69665527344;0
2503.345;810.111694335938;0
2504.856;816.015869140625;0
2506.366;884.277038574219;0
2507.875;1012.30096435547;0
2509.382;1042.75830078125;0
2510.889;915.979797363281;0
2512.397;849.111694335938;0
2513.901;714.19921875;0
2515.406;678.505737304688;0
2516.911;723.958435058594;0
2518.415;777.289123535156;0
2519.918;711.050048828125;0
2521.421;601.912170410156;0
2522.922;529.548767089844;0
2524.423;576.463500976563;0
2525.924;540.100341796875;0
2527.422;489.570220947266;0
2528.923;424.761810302734;0
2530.419;440.674957275391;0
2531.916;410.531646728516;0
2533.415;432.6650390625;0
2534.909;318.074890136719;0
2536.404;246.982177734375;0
2537.899;52.6071815490723;0
2539.394;123.52562713623;0
2540.887;215.586288452148;0
2542.38;390.370391845703;0
2543.871;289.991546630859;0
2545.363;225.559661865234;0
2546.852;288.899108886719;0
2548.345;280.517059326172;0
2549.833;214.441452026367;0
2551.321;101.417892456055;0
2552.811;334.330963134766;0
2554.296;474.813842773438;0
2555.78;555.691101074219;0
2557.267;397.948699951172;0
2558.752;466.298187255859;0
2560.237;333.386474609375;0
2561.721;377.572509765625;0
2563.203;316.426910400391;0
2564.687;401.237060546875;0
2566.168;445.755615234375;0
2567.648;499.889709472656;0
2569.129;535.138732910156;0
2570.607;498.179077148438;0
2572.086;588.388732910156;0
2573.565;632.263000488281;0
2575.041;722.935791015625;0
2576.518;540.513916015625;0
2577.994;630.661560058594;0
2579.469;798.828308105468;0
2580.945;1082.01525878906;0
2582.418;1054.22241210938;0
2583.892;1045.93518066406;0
2585.365;1005.98150634766;0
2586.835;1118.12121582031;0
2588.307;1105.52465820312;0
2589.778;987.244018554688;0
2591.248;963.269897460938;0
2592.717;1107.15710449219;0
2594.186;1208.90588378906;0
2595.652;1238.07189941406;0
2597.121;1020.10308837891;0
2598.585;1049.00329589844;0
2600.052;1006.54705810547;0
2601.518;917.187683105468;0
2602.982;987.868225097656;0
2604.446;1031.18896484375;0
2605.907;1134.82263183594;0
2607.371;1043.43725585938;0
2608.83;1164.30810546875;0
2610.293;1273.49267578125;0
2611.752;1296.10363769531;0
2613.213;1288.92041015625;0
2614.672;1284.60974121094;0
2616.13;1467.39404296875;0
2617.587;1377.38464355469;0
2619.043;1515.24841308594;0
2620.501;1469.31884765625;0
2621.957;1557.73376464844;0
2623.409;1438.048828125;0
2624.864;1389.26782226563;0
2626.318;1362.4833984375;0
2627.771;1464.51513671875;0
2629.222;1492.15197753906;0
2630.673;1549.09680175781;0
2632.124;1489.94873046875;0
2633.575;1554.35852050781;0
2635.023;1432.12414550781;0
2636.473;1365.19213867187;0
2637.922;1246.15441894531;0
2639.368;1248.50378417969;0
2640.816;1232.00646972656;0
2642.261;1182.17065429688;0
2643.705;1038.93762207031;0
2645.151;1058.51989746094;0
2646.596;1065.4140625;0
2648.037;1159.73461914063;0
2649.48;1055.69580078125;0
2650.923;977.341613769532;0
2652.364;935.367004394531;0
2653.804;989.092041015625;0
2655.243;967.796508789062;0
2656.683;992.139953613281;0
2658.121;905.418884277344;0
2659.559;867.583068847656;0
2660.997;902.387268066407;0
2662.433;970.390991210938;0
2663.868;1101.37072753906;0
2665.305;1004.66186523437;0
2666.737;1011.59899902344;0
2668.173;897.803100585938;0
2669.606;848.135437011719;0
2671.038;800.212341308594;0
2672.47;666.050476074219;0
2673.901;583.846801757813;0
2675.331;596.769897460938;0
2676.761;628.9404296875;0
2678.189;577.803527832031;0
2679.619;366.692687988281;0
2681.045;352.611785888672;0
2682.473;392.006561279297;0
2683.9;511.805358886719;0
2685.324;484.420989990234;0
2686.749;432.127502441406;0
2688.176;308.314178466797;0
2689.599;349.320617675781;0
2691.021;510.509948730469;0
2692.444;584.067199707031;0
2693.865;585.992614746094;0
2695.287;388.508209228516;0
2696.707;355.840911865234;0
2698.125;316.215515136719;0
2699.545;477.192016601563;0
2700.963;431.436920166016;0
2702.381;454.283325195313;0
2703.798;415.508911132813;0
2705.214;546.00341796875;0
2706.629;631.851257324219;0
2708.046;734.619995117188;0
2709.458;692.025939941406;0
2710.872;672.130676269531;0
2712.285;543.415161132813;0
2713.699;506.540191650391;0
2715.111;398.438201904297;0
2716.52;377.731170654297;0
2717.93;372.442749023438;0
2719.342;371.1083984375;0
2720.749;417.383911132813;0
2722.159;404.607208251953;0
2723.565;547.877319335938;0
2724.971;577.686340332031;0
2726.38;694.254211425781;0
2727.785;584.24267578125;0
2729.19;703.430114746094;0
2730.594;668.265869140625;0
2731.997;812.97509765625;0
2733.401;717.1162109375;0
2734.803;767.576843261719;0
2736.204;760.579223632813;0
2737.606;858.787475585938;0
2739.005;1020.53503417969;0
2740.405;1115.26623535156;0
2741.806;1226.75341796875;0
2743.202;1117.99377441406;0
2744.602;1075.2119140625;0
2745.998;998.302001953125;0
2747.395;991.71337890625;0
2748.79;993.331604003907;0
2750.185;887.043090820313;0
2751.58;917.66650390625;0
2752.975;930.963317871094;0
2754.366;977.708618164063;0
2755.759;1021.1220703125;0
2757.151;1055.94848632813;0
2758.542;1218.89038085938;0
2759.933;1263.67980957031;0
2761.322;1392.91931152344;0
2762.71;1290.74658203125;0
2764.1;1225.24072265625;0
2765.486;994.621276855469;0
2766.875;1026.72680664063;0
2768.26;1001.26110839844;0
2769.646;1053.7080078125;0
2771.031;1040.89892578125;0
2772.418;1017.19201660156;0
2773.799;1056.93432617188;0
2775.184;1110.64318847656;0
2776.565;1224.87609863281;0
2777.946;1330.63427734375;0
2779.328;1226.24621582031;0
2780.708;1242.15356445313;0
2782.09;1296.35046386719;0
2783.469;1483.83569335937;0
2784.847;1547.72094726563;0
2786.226;1514.33935546875;0
2787.603;1443.693359375;0
2788.978;1423.11608886719;0
2790.355;1334.48620605469;0
2791.731;1368.64282226562;0
2793.104;1293.85778808594;0
2794.479;1267.0126953125;0
2795.853;1256.29760742188;0
2797.225;1205.62963867187;0
2798.596;1246.01000976562;0
2799.967;1146.93798828125;0
2801.341;1018.56829833984;0
2802.71;849.497924804688;0
2804.077;682.052429199219;0
2805.447;633.534729003906;0
2806.815;484.232513427734;0
2808.183;454.747955322266;0
2809.551;457.976287841797;0
2810.915;570.918029785156;0
2812.282;540.129699707031;0
2813.646;551.386047363281;0
2815.011;460.960571289063;0
2816.375;481.220855712891;0
2817.736;432.936889648438;0
2819.099;458.252899169922;0
2820.462;378.894256591797;0
2821.821;339.118469238281;0
2823.182;297.612335205078;0
2824.542;386.267120361328;0
2825.901;507.746917724609;0
2827.261;610.738403320313;0
2828.617;637.776977539063;0
2829.974;651.683654785156;0
2831.33;656.849914550781;0
2832.686;570.61279296875;0
2834.043;580.529235839844;0
2835.395;624.338989257813;0
2836.75;770.084045410156;0
2838.104;845.095642089844;0
2839.456;822.115478515625;0
2840.807;851.379760742188;0
2842.16;809.135925292969;0
2843.509;936.294921875;0
2844.858;909.574157714844;0
2846.209;792.146301269531;0
2847.556;518.377197265625;0
2848.906;507.541351318359;0
2850.253;666.183349609375;0
2851.6;748.857849121094;0
2852.946;618.641357421875;0
2854.29;374.489166259766;0
2855.635;293.144927978516;0
2856.98;260.849060058594;0
2858.323;363.781677246094;0
2859.665;397.592132568359;0
2861.008;493.657104492188;0
2862.349;479.42236328125;0
2863.691;530.111450195313;0
2865.031;509.972076416016;0
2866.37;571.31201171875;0
2867.709;468.573608398438;0
2869.048;447.867706298828;0
2870.385;469.524078369141;0
2871.722;576.653747558594;0
2873.059;676.807922363281;0
2874.394;688.621459960938;0
2875.73;757.428344726563;0
2877.064;794.671569824219;0
2878.398;938.358154296875;0
2879.731;927.098388671875;0
2881.063;967.267333984375;0
2882.395;859.63720703125;0
2883.727;934.281005859375;0
2885.059;828.981262207031;0
2886.387;897.034240722656;0
2887.717;923.062438964844;0
2889.046;1031.62231445313;0
2890.374;1079.18054199219;0
2891.699;984.340698242188;0
2893.028;971.454772949219;0
2894.354;861.354064941406;0
2895.679;856.6513671875;0
2897.004;889.852294921875;0
2898.328;810.803283691406;0
2899.653;903.666259765625;0
2900.976;964.405822753906;0
2902.297;1022.93646240234;0
2903.619;1052.14599609375;0
2904.941;934.638671875;0
2906.26;900.078186035156;0
2907.58;912.257141113281;0
2908.898;1007.13226318359;0
2910.217;1118.08959960938;0
2911.536;1047.35131835938;0
2912.852;976.473083496094;0
2914.171;1016.75152587891;0
2915.485;1050.88110351563;0
2916.799;1129.86853027344;0
2918.116;1097.72570800781;0
2919.428;1021.36407470703;0
2920.743;951.704223632813;0
2922.056;984.978271484375;0
2923.367;982.188110351563;0
2924.679;925.47216796875;0
2925.99;927.85546875;0
2927.299;1066.93127441406;0
2928.609;1147.50366210938;0
2929.918;1141.71789550781;0
2931.226;1063.25708007813;0
2932.535;1141.1806640625;0
2933.841;994.905944824219;0
2935.149;953.005615234375;0
2936.455;860.409729003906;0
2937.758;1020.16394042969;0
2939.064;1036.00134277344;0
2940.368;1026.64025878906;0
2941.67;961.833312988281;0
2942.973;1006.75115966797;0
2944.277;1065.53442382813;0
2945.577;1010.84710693359;0
2946.878;1100.13269042969;0
2948.178;1135.57421875;0
2949.477;1248.54528808594;0
2950.776;1291.82775878906;0
2952.073;1332.47192382813;0
2953.372;1239.15832519531;0
2954.669;1156.74951171875;0
2955.965;1104.72973632813;0
2957.261;1223.80749511719;0
2958.556;1212.2236328125;0
2959.849;1122.46362304688;0
2961.145;1134.52062988281;0
2962.436;1264.83203125;0
2963.732;1326.92358398438;0
2965.022;1342.796875;0
2966.313;1190.89953613281;0
2967.603;1137.65441894531;0
2968.893;1094.57067871094;0
2970.182;1025.29528808594;0
2971.471;984.461547851563;0
2972.759;949.678649902344;0
2974.047;996.1142578125;0
2975.334;1105.55163574219;0
2976.62;1057.65734863281;0
2977.907;1003.20928955078;0
2979.192;910.721618652344;0
2980.475;798.417541503906;0
2981.76;859.578369140625;0
2983.043;901.735717773438;0
2984.326;985.55615234375;0
2985.607;992.484252929688;0
2986.888;947.409057617188;0
2988.17;993.665283203125;0
2989.449;899.585205078125;0
2990.728;809.802062988281;0
2992.007;731.359436035156;0
2993.284;755.472961425781;0
2994.562;821.769714355469;0
2995.84;768.060241699219;0
2997.115;722.23681640625;0
2998.393;686.334594726563;0
2999.666;692.019958496094;0
3000.94;639.973693847656;0
3002.215;628.810363769531;0
3003.486;631.215515136719;0
3004.76;629.640441894531;0
3006.033;586.607543945313;0
3007.303;522.768859863281;0
3008.573;400.568969726563;0
3009.844;406.884246826172;0
3011.114;425.235992431641;0
3012.383;526.148498535156;0
3013.649;530.817565917969;0
3014.917;456.9111328125;0
3016.185;449.711059570313;0
3017.451;378.021057128906;0
3018.716;418.031890869141;0
3019.983;370.651550292969;0
3021.246;411.022644042969;0
3022.509;405.146362304688;0
3023.774;500.396881103516;0
3025.035;477.289672851563;0
3026.299;384.824645996094;0
3027.56;293.398223876953;0
3028.819;283.222198486328;0
3030.081;280.546569824219;0
3031.339;213.629180908203;0
3032.598;208.10173034668;0
3033.856;183.357513427734;0
3035.114;268.786437988281;0
3036.372;273.627471923828;0
3037.628;417.874877929688;0
3038.883;379.684417724609;0
3040.138;340.728271484375;0
3041.394;312.555023193359;0
3042.646;360.718811035156;0
3043.9;353.216186523438;0
3045.152;294.490875244141;0
3046.405;324.136016845703;0
3047.657;420.006530761719;0
3048.906;593.325744628906;0
3050.158;646.207153320313;0
3051.407;712.429992675781;0
3052.656;655.266540527344;0
3053.904;683.371948242188;0
3055.153;628.71435546875;0
3056.398;757.727294921875;0
3057.647;788.080993652344;0
3058.892;878.776733398438;0
3060.137;910.550476074219;0
3061.382;980.180236816406;0
3062.625;940.221435546875;0
3063.869;875.450622558594;0
3065.112;708.752502441406;0
3066.353;723.015380859375;0
3067.595;680.772644042969;0
3068.838;738.896057128906;0
3070.075;806.755615234375;0
3071.317;717.246826171875;0
3072.557;702.393920898438;0
3073.795;648.547485351563;0
3075.032;741.7119140625;0
3076.27;709.560302734375;0
3077.507;768.869750976563;0
3078.742;807.972595214844;0
3079.978;868.891235351563;0
3081.212;768.073181152344;0
3082.446;725.999755859375;0
3083.681;735.704956054688;0
3084.913;735.296752929688;0
3086.147;836.867309570313;0
3087.38;837.636901855469;0
3088.61;942.867065429688;0
3089.84;825.884460449219;0
3091.071;820.46142578125;0
3092.3;759.6259765625;0
3093.529;873.688537597656;0
3094.755;878.0634765625;0
3095.984;964.835144042969;0
3097.211;900.284240722656;0
3098.438;953.272216796875;0
3099.663;994.797180175781;0
3100.888;1051.46252441406;0
3102.112;978.467102050781;0
3103.335;861.508666992188;0
3104.56;763.151123046875;0
3105.782;820.66162109375;0
3107.005;838.211303710938;0
3108.226;891.154235839844;0
3109.447;852.662719726563;0
3110.667;797.994750976563;0
3111.887;787.755554199219;0
3113.104;813.932434082031;0
3114.324;758.560424804688;0
3115.541;741.908081054688;0
3116.758;690.644836425781;0
3117.976;737.77099609375;0
3119.192;708.732421875;0
3120.408;683.41943359375;0
3121.622;663.386352539063;0
3122.835;725.298828125;0
3124.05;785.712585449219;0
3125.262;760.7998046875;0
3126.476;611.353454589844;0
3127.687;515.516784667969;0
3128.897;566.089233398438;0
3130.108;683.177917480469;0
3131.319;804.451049804688;0
3132.528;828.617004394531;0
3133.737;827.233520507813;0
3134.945;897.411682128906;0
3136.152;914.267395019531;0
3137.358;1000.24945068359;0
3138.565;842.804138183594;0
3139.772;834.286682128906;0
3140.976;687.187805175781;0
3142.18;719.672485351563;0
3143.385;555.514221191406;0
3144.588;569.370971679688;0
3145.79;510.53173828125;0
3146.993;597.778015136719;0
3148.194;546.778991699219;0
3149.395;520.757690429688;0
3150.596;592.603881835938;0
3151.794;603.414794921875;0
3152.994;564.283203125;0
3154.193;539.140502929688;0
3155.39;552.967163085938;0
3156.587;637.8740234375;0
3157.784;610.467468261719;0
3158.982;489.195495605469;0
3160.177;438.129852294922;0
3161.37;373.832366943359;0
3162.565;475.528625488281;0
3163.759;453.910614013672;0
3164.952;427.756408691406;0
3166.146;394.511901855469;0
3167.337;407.872497558594;0
3168.527;450.338623046875;0
3169.719;464.826538085938;0
3170.91;440.655548095703;0
3172.098;350.192993164063;0
3173.288;309.017913818359;0
3174.475;308.586578369141;0
3175.663;308.615142822266;0
3176.849;313.407379150391;0
3178.037;340.36767578125;0
3179.223;345.592803955078;0
3180.408;317.748779296875;0
3181.592;226.162017822266;0
3182.777;226.213516235352;0
3183.96;196.794342041016;0
3185.143;260.217712402344;0
3186.325;332.201843261719;0
3187.507;417.232177734375;0
3188.688;397.753631591797;0
3189.869;354.653961181641;0
3191.049;363.487548828125;0
3192.228;373.919982910156;0
3193.406;396.729309082031;0
3194.585;411.930572509766;0
3195.763;486.266571044922;0
3196.939;445.8603515625;0
3198.116;414.489624023438;0
3199.292;508.034790039063;0
3200.466;577.156921386719;0
3201.643;691.635925292969;0
3202.816;621.55224609375;0
3203.991;676.79443359375;0
3205.161;621.695861816406;0
3206.334;621.702270507813;0
3207.504;641.033996582031;0
3208.677;729.3544921875;0
3209.846;772.329711914063;0
3211.017;815.062866210938;0
3212.187;877.254943847656;0
3213.356;894.753784179688;0
3214.524;930.919250488281;0
3215.69;853.104370117188;0
3216.859;839.716613769531;0
3218.024;851.532531738281;0
3219.189;887.109802246094;0
3220.354;813.562438964844;0
3221.519;760.422973632813;0
3222.682;730.023620605469;0
3223.845;876.069396972656;0
3225.01;944.213623046875;0
3226.171;1040.79028320313;0
3227.332;1097.24279785156;0
3228.494;1135.45483398438;0
3229.655;1102.34643554688;0
3230.814;991.922668457031;0
3231.973;950.966186523438;0
3233.13;989.772155761719;0
3234.29;1075.89611816406;0
3235.447;1150.77941894531;0
3236.605;1126.50610351563;0
3237.76;1184.35815429688;0
3238.916;1042.44641113281;0
3240.071;1023.0107421875;0
3241.224;911.411560058594;0
3242.381;999.982299804688;0
3243.532;960.903198242188;0
3244.685;988.920654296875;0
3245.839;946.068237304688;0
3246.99;970.53955078125;0
3248.141;925.679382324219;0
3249.292;943.123352050781;0
3250.439;975.2900390625;0
3251.589;932.148803710938;0
3252.739;931.701171875;0
3253.886;862.935424804688;0
3255.034;892.087890625;0
3256.18;857.41162109375;0
3257.326;835.352172851563;0
3258.472;862.914733886719;0
3259.617;857.215270996094;0
3260.761;865.454223632813;0
3261.905;897.878967285156;0
3263.048;857.42041015625;0
3264.19;854.892211914063;0
3265.333;779.381958007813;0
3266.475;802.614990234375;0
3267.617;865.744201660156;0
3268.757;888.407104492188;0
3269.896;968.234130859375;0
3271.036;959.40234375;0
3272.175;999.787292480469;0
3273.313;905.292053222656;0
3274.449;946.141723632813;0
3275.586;981.745056152344;0
3276.722;1088.64233398438;0
3277.859;1050.06091308594;0
3278.993;947.274169921875;0
3280.13;818.247924804688;0
3281.263;842.247924804688;0
3282.395;811.943420410156;0
3283.529;855.710388183594;0
3284.66;911.388244628906;0
3285.794;1007.86468505859;0
3286.924;1044.91735839844;0
3288.054;841.766235351563;0
3289.185;763.311706542969;0
3290.313;696.794250488281;0
3291.443;822.794860839844;0
3292.571;905.820373535156;0
3293.698;952.470520019531;0
3294.824;921.478820800781;0
3295.952;832.291625976563;0
3297.077;761.544128417969;0
3298.203;742.010559082031;0
3299.328;838.132873535156;0
3300.45;862.624816894531;0
3301.574;820.510009765625;0
3302.698;684.863525390625;0
3303.819;659.718688964844;0
3304.942;620.457153320313;0
3306.064;590.299377441406;0
3307.182;628.689331054688;0
3308.303;561.243835449219;0
3309.423;600.927612304688;0
3310.542;533.94091796875;0
3311.66;540.174255371094;0
3312.778;482.515258789063;0
3313.895;436.301696777344;0
3315.012;442.645324707031;0
3316.128;466.103851318359;0
3317.243;480.731323242188;0
3318.357;500.590454101563;0
3319.471;550.249938964844;0
3320.586;584.255859375;0
3321.698;661.830139160156;0
3322.813;675.127197265625;0
3323.923;707.373962402344;0
3325.034;697.7919921875;0
3326.146;684.551513671875;0
3327.255;707.329345703125;0
3328.366;631.509704589844;0
3329.474;646.511413574219;0
3330.582;544.75732421875;0
3331.691;570.499450683594;0
3332.797;508.024932861328;0
3333.905;557.096130371094;0
3335.011;500.106842041016;0
3336.116;590.370727539063;0
3337.22;506.279937744141;0
3338.327;584.815185546875;0
3339.429;509.775939941406;0
3340.534;521.828063964844;0
3341.635;496.457183837891;0
3342.737;444.01351928711;0
3343.84;475.517669677735;0
3344.94;550.020690917969;0
3346.041;513.710205078125;0
3347.142;501.388946533203;0
3348.24;434.253204345703;0
3349.337;506.343109130859;0
3350.437;547.489440917969;0
3351.534;535.265563964844;0
3352.633;550.700134277344;0
3353.727;549.354553222656;0
3354.823;607.578430175781;0
3355.919;584.137451171875;0
3357.013;581.166687011719;0
3358.108;507.157653808594;0
3359.201;640.479553222656;0
3360.293;698.042724609375;0
3361.385;734.740112304688;0
3362.478;659.415954589844;0
3363.569;648.516296386719;0
3364.661;607.378234863281;0
3365.75;574.653015136719;0
3366.838;506.526123046875;0
3367.929;593.582153320312;0
3369.017;681.01123046875;0
3370.105;727.179809570313;0
3371.193;616.676635742187;0
3372.279;532.434631347656;0
3373.364;552.17333984375;0
3374.45;600.949035644531;0
3375.534;669.740417480469;0
3376.62;682.847045898438;0
3377.704;790.9697265625;0
3378.786;717.1044921875;0
3379.871;728.364685058594;0
3380.951;670.171630859375;0
3382.034;718.90869140625;0
3383.114;678.152221679687;0
3384.195;726.862854003906;0
3385.276;756.568054199219;0
3386.354;867.948669433594;0
3387.433;848.180053710938;0
3388.511;853.950744628906;0
3389.588;781.688659667969;0
3390.664;850.360595703125;0
3391.742;824.104187011719;0
3392.816;881.169006347656;0
3393.893;838.395080566406;0
3394.968;924.248718261719;0
3396.042;862.427978515625;0
3397.115;844.193237304688;0
3398.189;810.033203125;0
3399.262;781.49560546875;0
3400.333;813.528930664062;0
3401.404;811.168273925781;0
3402.474;871.556640625;0
3403.545;896.328125;0
3404.615;897.505676269531;0
3405.685;920.198181152344;0
3406.752;831.168640136719;0
3407.82;789.454833984375;0
3408.888;790.413879394531;0
3409.955;831.134887695313;0
3411.021;851.48388671875;0
3412.085;774.642517089844;0
3413.151;712.923034667969;0
3414.215;648.869140625;0
3415.279;646.760803222656;0
3416.343;669.548034667969;0
3417.406;691.978881835938;0
3418.468;775.003784179688;0
3419.53;759.681457519531;0
3420.592;790.158996582031;0
3421.652;719.655334472656;0
3422.712;687.672607421875;0
3423.773;640.920166015625;0
3424.83;704.375244140625;0
3425.889;771.082946777344;0
3426.946;794.291748046875;0
3428.005;801.230529785156;0
3429.061;923.68994140625;0
3430.117;985.005187988281;0
3431.172;951.829162597656;0
3432.227;805.056701660156;0
3433.281;777.598510742188;0
3434.335;690.650390625;0
3435.389;716.919982910156;0
3436.44;722.115173339844;0
3437.492;812.374816894531;0
3438.546;766.405151367188;0
3439.598;730.071044921875;0
3440.646;661.724670410156;0
3441.697;686.984069824219;0
3442.745;690.768676757813;0
3443.793;767.477783203125;0
3444.842;743.366943359375;0
3445.891;782.626342773438;0
3446.937;811.067749023437;0
3447.984;863.891723632813;0
3449.031;761.617126464844;0
3450.075;762.906311035156;0
3451.12;676.996826171875;0
3452.164;799.192993164063;0
3453.207;776.016479492187;0
3454.251;839.428833007812;0
3455.293;783.728698730469;0
3456.336;750.944885253906;0
3457.378;684.089233398438;0
3458.417;704.921264648437;0
3459.458;630.886108398437;0
3460.498;634.494873046875;0
3461.539;574.348388671875;0
3462.577;614.168029785156;0
3463.614;650.251647949219;0
3464.651;660.793090820312;0
3465.689;706.430786132813;0
3466.726;715.081298828125;0
3467.763;687.828552246094;0
3468.798;631.587280273438;0
3469.831;620.239196777344;0
3470.866;601.149169921875;0
3471.9;645.893188476562;0
3472.933;637.351501464844;0
3473.966;630.49658203125;0
3474.999;603.82421875;0
3476.029;582.812316894531;0
3477.061;639.746337890625;0
3478.09;525.69140625;0
3479.121;491.193939208984;0
3480.15;452.527435302734;0
3481.178;469.746643066406;0
3482.205;523.974365234375;0
3483.234;503.142761230469;0
3484.26;551.974731445313;0
3485.288;510.728302001953;0
3486.313;493.091125488281;0
3487.337;526.718627929687;0
3488.364;579.502258300781;0
3489.387;688.783203125;0
3490.411;687.998352050781;0
3491.434;727.554992675781;0
3492.456;612.259826660156;0
3493.479;495.357849121094;0
3494.5;353.493469238281;0
3495.521;240.004272460938;0
3496.543;239.370697021484;0
3497.561;218.553985595703;0
3498.579;227.602752685547;0
3499.6;127.546913146973;0
3500.618;19.5406951904297;0
3501.636;-36.8188056945801;0
3502.653;-22.5804252624512;0
3503.669;-51.7823143005371;0
3504.685;-29.2855262756348;0
3505.699;-25.0394954681396;0
3506.716;38.2316093444824;0
3507.729;-49.6879615783691;0
3508.743;-109.576385498047;0
3509.755;-98.3055572509766;0
