98.64605;0;0
101.2353;0;0
103.8217;0;0
106.4096;-15.8888893127441;0
108.9945;27.9777774810791;0
111.5767;33.761905670166;0
114.1602;39.3950614929199;0
116.7409;41.4848480224609;0
119.3209;77.5470123291016;0
121.9002;4.91851854324341;0
124.4788;-21.4901962280273;0
127.0566;-97.7602310180664;0
129.6317;-81.2539672851563;0
132.2038;-7.64251184463501;0
134.7796;14.0533332824707;0
137.3503;2.63374495506287;0
139.9204;8.71647548675537;0
142.4919;73.702507019043;0
145.0584;186.814819335938;0
147.6242;284.092071533203;0
150.1914;364.690704345703;0
152.7579;422.185180664063;0
155.3216;396.972900390625;0
157.8846;449.447021484375;0
160.4448;444.802459716797;0
163.0085;531.189147949219;0
165.5672;557.696166992187;0
168.1232;556.980407714844;0
170.6826;538.144653320313;0
173.2372;637.0302734375;0
175.7931;701.540588378906;0
178.3463;719.505920410156;0
180.8966;714.884887695313;0
183.4504;767.214111328125;0
185.9993;771.650207519531;0
188.5476;766.411315917969;0
191.0972;756.0693359375;0
193.644;775.924743652344;0
196.1859;796.307739257813;0
198.7335;776.024963378906;0
201.2761;809.393493652344;0
203.8201;736.100769042969;0
206.3593;705.781555175781;0
208.8998;684.579956054688;0
211.4397;798.300659179688;0
213.9746;858.838256835937;0
216.5109;951.11962890625;0
219.0487;961.653930664063;0
221.5816;1046.71044921875;0
224.1158;1092.43859863281;0
226.6473;1115.5703125;0
229.176;1095.16772460937;0
231.7082;1069.65478515625;0
234.2355;1130.27526855469;0
236.7643;1190.61462402344;0
239.2902;1215.4658203125;0
241.8133;1247.44091796875;0
244.3379;1168.07568359375;0
246.8618;1157.81396484375;0
249.3828;1076.6318359375;0
251.9053;1117.35974121094;0
254.423;1127.96801757813;0
256.942;1144.52368164062;0
259.4603;1150.3037109375;0
261.9759;1114.09753417969;0
264.4887;1045.32189941406;0
267.005;1030.92565917969;0
269.5164;1030.60778808594;0
272.0292;1128.13317871094;0
274.5393;1225.60925292969;0
277.0466;1289.201171875;0
279.5574;1326.45678710937;0
282.0654;1246.70886230469;0
284.5686;1268.20092773438;0
287.0752;1202.24658203125;0
289.5791;1220.43896484375;0
292.0803;1209.21801757813;0
294.5828;1136.67163085938;0
297.0826;1131.85815429687;0
299.5838;1035.1640625;0
302.0801;1081.84069824219;0
304.5758;974.33447265625;0
307.0749;982.335205078125;0
309.5672;897.393127441406;0
312.0608;923.910522460937;0
314.5558;884.157958984375;0
317.044;894.064392089844;0
319.5377;855.919921875;0
322.0266;947.200073242188;0
324.5127;1036.13525390625;0
327.0023;1095.31213378906;0
329.4871;1045.52819824219;0
331.9691;1031.83166503906;0
334.4547;1044.68920898438;0
336.9353;1066.16979980469;0
339.4174;1060.88842773437;0
341.901;1095.21203613281;0
344.3776;1214.85864257813;0
346.8577;1269.03649902344;0
349.333;1291.66857910156;0
351.8076;1222.56994628906;0
354.2857;1174.2255859375;0
356.7569;1115.53784179687;0
359.2296;1097.25158691406;0
361.7015;1065.15966796875;0
364.1729;1131.23266601563;0
366.6414;1078.37951660156;0
369.1093;1067.79699707031;0
371.5745;991.023071289063;0
374.0432;1013.45880126953;0
376.507;1062.04309082031;0
378.9702;1061.85131835938;0
381.4348;1008.62927246094;0
383.8947;1019.33038330078;0
386.3538;1072.326171875;0
388.8144;1153.7421875;0
391.2722;1203.41235351562;0
393.7314;1165.95104980469;0
396.1859;1181.38159179688;0
398.6418;1261.15441894531;0
401.0949;1424.33239746094;0
403.5475;1405.10046386719;0
405.9972;1335.66186523438;0
408.4505;1263.23693847656;0
410.899;1345.01306152344;0
413.3468;1377.77331542969;0
415.796;1377.421875;0
418.2405;1378.16723632813;0
420.6884;1333.91845703125;0
423.1295;1348.16735839844;0
425.572;1289.57263183594;0
428.0159;1269.34460449219;0
430.455;1219.90344238281;0
432.8956;1168.27600097656;0
435.3335;1175.755859375;0
437.7707;1099.21240234375;0
440.2093;1038.44213867187;0
442.6432;990.1240234375;0
445.0764;995.697021484375;0
447.511;977.512817382813;0
449.9429;963.414306640625;0
452.3721;951.609619140625;0
454.8048;1010.61370849609;0
457.2328;1007.48828125;0
459.66;1044.36267089844;0
462.0847;1087.36120605469;0
464.5127;1132.73742675781;0
466.9381;1159.74780273438;0
469.3587;1177.36328125;0
471.7807;1193.02697753906;0
474.2042;1234.90209960938;0
476.6229;1287.20153808594;0
479.041;1331.59118652344;0
481.4604;1300.35620117187;0
483.8752;1277.60534667969;0
486.2934;1257.34106445313;0
488.7068;1239.29870605469;0
491.1197;1193.49060058594;0
493.5339;1137.36340332031;0
495.9435;1116.57165527344;0
498.3544;1070.88916015625;0
500.7667;1052.09191894531;0
503.1723;984.569274902344;0
505.5793;966.642883300781;0
507.9856;896.411254882813;0
510.3913;943.956176757813;0
512.7944;926.947570800781;0
515.1968;881.602783203125;0
517.5986;814.628784179688;0
519.9997;801.748779296875;0
522.3982;828.684753417969;0
524.798;791.172668457031;0
527.1973;740.922973632813;0
529.5919;769.447204589844;0
531.9899;817.828735351562;0
534.3832;962.639221191406;0
536.7758;1038.09814453125;0
539.1699;1118.75708007813;0
541.5593;1011.43640136719;0
543.9481;946.197265625;0
546.3382;868.538696289063;0
548.7257;943.99462890625;0
551.1146;1020.21771240234;0
553.4968;1053.03503417969;0
555.8824;1036.34606933594;0
558.2675;1044.05151367188;0
560.6478;1097.50305175781;0
563.0295;1125.82922363281;0
565.4106;1069.85729980469;0
567.7911;1046.91918945312;0
570.169;1056.12475585938;0
572.5462;996.140319824219;0
574.9229;997.854614257813;0
577.2968;909.491516113281;0
579.6721;922.050842285156;0
582.0449;848.751953125;0
584.417;782.593566894531;0
586.7885;780.88427734375;0
589.1553;779.272094726563;0
591.5255;812.643920898437;0
593.8931;695.132446289063;0
596.2601;691.623474121094;0
598.6265;653.640808105469;0
600.9902;806.196838378906;0
603.3554;836.49609375;0
605.7179;955.473876953125;0
608.0778;988.766906738281;0
610.4391;937.545471191406;0
612.7977;872.458251953125;0
615.1558;838.285766601562;0
617.5132;882.389526367188;0
619.8701;910.45263671875;0
622.2263;857.099182128906;0
624.5779;928.252746582031;0
626.9308;1035.60119628906;0
629.2852;1093.77490234375;0
631.6349;1142.953125;0
633.9841;1132.85400390625;0
636.3326;1203.55932617187;0
638.6805;1144.84118652344;0
641.0279;1143.32080078125;0
643.3746;1208.6455078125;0
645.7187;1240.111328125;0
648.0621;1210.48706054688;0
650.405;1131.55102539062;0
652.7453;1217.79626464844;0
655.087;1259.39489746094;0
657.426;1261.23962402344;0
659.7645;1143.61352539062;0
662.1024;1173.11096191406;0
664.4376;1133.08032226562;0
666.7742;1142.85803222656;0
669.1063;999.630920410156;0
671.4398;999.790100097656;0
673.7726;904.270568847656;0
676.1048;920.273071289062;0
678.4324;877.767883300781;0
680.7635;972.136474609375;0
683.0919;1011.61828613281;0
685.4158;1029.83666992187;0
687.743;1063.62890625;0
690.0696;987.07568359375;0
692.3937;1008.27380371094;0
694.7151;937.002746582031;0
697.038;1019.6123046875;0
699.3583;1005.42553710937;0
701.6779;1053.45129394531;0
703.995;1022.64007568359;0
706.3155;1006.42248535156;0
708.6294;997.840576171875;0
710.9467;1031.20031738281;0
713.2594;1084.69836425781;0
715.5735;1047.34777832031;0
717.887;1044.78344726563;0
720.1979;1033.73864746094;0
722.5083;1083.35510253906;0
724.818;1076.25817871094;0
727.1252;1041.37902832031;0
729.4357;941.755126953125;0
731.7418;902.380615234375;0
734.0452;916.133178710938;0
736.35;999.959594726563;0
738.6522;1001.35614013672;0
740.9539;940.06591796875;0
743.2569;824.622619628906;0
745.5554;878.737365722656;0
747.8553;846.42041015625;0
750.1545;945.230224609375;0
752.4513;948.613525390625;0
754.7474;917.081237792969;0
757.043;869.503540039063;0
759.336;796.047546386719;0
761.6304;835.230102539062;0
763.9222;696.806396484375;0
766.2114;584.034362792969;0
768.5041;567.988891601563;0
770.7922;595.68994140625;0
773.0777;681.119018554688;0
775.3647;703.039611816406;0
777.651;800.335266113281;0
779.9368;731.261962890625;0
782.22;735.820861816406;0
784.5026;721.734375;0
786.7847;812.218933105469;0
789.0662;815.41015625;0
791.3451;872.674194335938;0
793.6254;912.264892578125;0
795.9012;957.132995605469;0
798.1784;993.862548828125;0
800.455;958.925842285156;0
802.7291;964.208435058594;0
805.0026;874.151672363281;0
807.2755;953.064819335937;0
809.5478;989.637756347656;0
811.8176;1071.1162109375;0
814.0869;1129.16540527344;0
816.3535;1173.96630859375;0
818.6235;1253.45153808594;0
820.8911;1219.9111328125;0
823.156;1298.50769042969;0
825.4204;1264.75610351563;0
827.6823;1315.94995117188;0
829.9474;1240.7939453125;0
832.2082;1277.36547851563;0
834.4683;1203.28210449219;0
836.7279;1203.29797363281;0
838.9869;1172.30017089844;0
841.2453;1284.96936035156;0
843.5012;1342.92456054688;0
845.7565;1278.41137695313;0
848.0133;1239.00451660156;0
850.2655;1172.13525390625;0
852.5153;1187.83569335938;0
854.7703;1177.37219238281;0
857.0189;1116.48767089844;0
859.2668;1064.03381347656;0
861.5182;911.565551757813;0
863.7651;874.081909179688;0
866.0114;802.256103515625;0
868.2592;730.039794921875;0
870.5024;692.216918945313;0
872.7451;721.590209960937;0
874.9872;746.529357910156;0
877.2307;767.616882324219;0
879.4717;741.410461425781;0
881.7101;791.009033203125;0
883.95;786.272583007813;0
886.1854;754.421875;0
888.4202;687.011413574219;0
890.6604;659.712219238281;0
892.8941;596.750305175781;0
895.1253;714.773193359375;0
897.3599;725.799255371094;0
899.59;827.828674316406;0
901.8195;806.320678710938;0
904.0504;824.537170410156;0
906.2789;842.48583984375;0
908.5087;866.306701660156;0
910.7341;915.389587402344;0
912.9589;937.274841308594;0
915.1851;873.552856445313;0
917.4088;862.284973144531;0
919.63;819.141906738281;0
921.8526;767.149841308594;0
924.0727;893.323547363281;0
926.2922;1065.84643554688;0
928.5112;1125.4326171875;0
930.7277;959.942443847656;0
932.9476;783.568908691406;0
935.163;761.75634765625;0
937.3739;656.392761230469;0
939.5901;613.495361328125;0
941.8019;551.486206054688;0
944.0151;564.412109375;0
946.2258;566.862365722656;0
948.4341;523.722900390625;0
950.6456;510.820861816406;0
952.8527;422.907806396484;0
955.0593;329.227935791016;0
957.2653;228.755813598633;0
959.4689;248.694885253906;0
961.6738;311.833648681641;0
963.8782;327.755767822266;0
966.0782;310.524536132813;0
968.2815;258.145080566406;0
970.4803;333.007843017578;0
972.6787;339.400268554688;0
974.8784;417.822265625;0
977.0757;449.561218261719;0
979.2704;473.902770996094;0
981.4667;556.237365722656;0
983.6603;640.870056152344;0
985.8535;640.669982910156;0
988.0461;644.923706054688;0
990.2363;585.85302734375;0
992.4297;814.621826171875;0
994.6169;938.001281738281;0
996.8035;1148.78991699219;0
998.9933;1234.2197265625;0
1001.179;1218.53601074219;0
1003.364;1171.99365234375;0
1005.55;1107.99768066406;0
1007.732;1167.03454589844;0
1009.916;1117.40905761719;0
1012.096;1138.08117675781;0
1014.275;1083.41809082031;0
1016.459;1170.30041503906;0
1018.636;1145.0087890625;0
1020.813;1236.75903320313;0
1022.991;1270.60754394531;0
1025.165;1307.79797363281;0
1027.34;1294.97863769531;0
1029.515;1195.92749023437;0
1031.687;1140.5986328125;0
1033.859;1118.66088867187;0
1036.03;1163.59985351563;0
1038.199;1188.40795898437;0
1040.369;1190.74829101563;0
1042.536;1237.6181640625;0
1044.704;1207.68493652344;0
1046.87;1163.28247070312;0
1049.034;986.521301269531;0
1051.198;868.070922851562;0
1053.363;730.382629394531;0
1055.526;721.292846679688;0
1057.686;787.818969726563;0
1059.845;821.5615234375;0
1062.005;881.418823242188;0
1064.165;818.926574707031;0
1066.323;855.977661132813;0
1068.477;775.909240722656;0
1070.634;732.724670410156;0
1072.788;685.322082519531;0
1074.942;692.595092773438;0
1077.096;794.622192382813;0
1079.247;838.543823242188;0
1081.397;887.813720703125;0
1083.547;833.543090820312;0
1085.695;728.175964355469;0
1087.844;704.229736328125;0
1089.992;773.877685546875;0
1092.138;799.770629882813;0
1094.284;793.927001953125;0
1096.425;710.231811523437;0
1098.571;790.662780761719;0
1100.711;862.334594726563;0
1102.851;986.074523925781;0
1104.994;1012.392578125;0
1107.132;992.33837890625;0
1109.271;873.632507324219;0
1111.408;1039.12548828125;0
1113.543;1033.45910644531;0
1115.682;1128.35119628906;0
1117.816;932.910766601563;0
1119.947;979.41845703125;0
1122.08;912.213317871094;0
1124.213;953.162780761719;0
1126.343;898.368225097656;0
1128.474;885.246337890625;0
1130.602;726.46728515625;0
1132.728;717.988647460937;0
1134.856;758.325866699219;0
1136.982;879.299865722656;0
1139.109;930.562316894531;0
1141.234;946.167175292969;0
1143.356;942.6748046875;0
1145.479;854.5810546875;0
1147.599;810.448059082031;0
1149.719;845.221008300781;0
1151.839;890.342956542969;0
1153.957;858.596618652344;0
1156.076;752.426330566406;0
1158.191;656.276428222656;0
1160.305;701.537170410156;0
1162.423;733.146484375;0
1164.536;719.880249023437;0
1166.647;607.070739746094;0
1168.761;630.730651855469;0
1170.871;752.460998535156;0
1172.983;887.250671386719;0
1175.092;991.130554199219;0
1177.2;1075.15173339844;0
1179.306;1128.490234375;0
1181.413;1148.89538574219;0
1183.518;1043.46081542969;0
1185.623;1048.58386230469;0
1187.725;947.6953125;0
1189.826;1011.56225585937;0
1191.929;997.942626953125;0
1194.032;1128.2666015625;0
1196.13;1121.35656738281;0
1198.23;1113.65832519531;0
1200.327;1184.82360839844;0
1202.423;1288.75622558594;0
1204.52;1461.33374023438;0
1206.613;1295.99487304688;0
1208.71;1233.85070800781;0
1210.801;1138.56884765625;0
1212.892;1223.55114746094;0
1214.987;1232.24499511719;0
1217.075;1233.14611816406;0
1219.166;1199.57971191406;0
1221.256;1195.53442382813;0
1223.342;1136.65612792969;0
1225.43;1102.87854003906;0
1227.515;1105.3740234375;0
1229.597;1086.19885253906;0
1231.685;1115.91687011719;0
1233.767;1073.84716796875;0
1235.85;1069.1572265625;0
1237.931;1091.56909179687;0
1240.009;1070.19458007813;0
1242.09;1009.60021972656;0
1244.168;936.458435058594;0
1246.245;953.925720214844;0
1248.321;1060.79309082031;0
1250.397;1105.68225097656;0
1252.472;1138.36767578125;0
1254.547;1091.62573242187;0
1256.618;1068.7236328125;0
1258.69;962.407897949219;0
1260.761;922.261535644531;0
1262.83;984.627197265625;0
1264.901;1023.64239501953;0
1266.969;1053.90307617187;0
1269.035;968.411499023438;0
1271.102;1039.38977050781;0
1273.167;965.943664550781;0
1275.233;900.741149902344;0
1277.295;811.997436523438;0
1279.359;877.06591796875;0
1281.42;799.478881835938;0
1283.482;869.2109375;0
1285.542;798.509399414062;0
1287.6;941.086242675781;0
1289.659;808.231750488281;0
1291.714;926.873962402344;0
1293.774;975.234191894531;0
1295.828;1118.0771484375;0
1297.881;1100.08081054688;0
1299.936;1069.7509765625;0
1301.987;1138.07141113281;0
1304.041;1266.388671875;0
1306.09;1320.60070800781;0
1308.139;1280.73156738281;0
1310.19;1172.78527832031;0
1312.238;1250.431640625;0
1314.286;1212.71411132813;0
1316.331;1239.64636230469;0
1318.376;1241.40197753906;0
1320.422;1186.53344726562;0
1322.466;1206.1630859375;0
1324.508;1233.75390625;0
1326.549;1336.51208496094;0
1328.59;1301.77075195313;0
1330.632;1100.41882324219;0
1332.67;1065.01110839844;0
1334.707;1065.8916015625;0
1336.746;1154.40966796875;0
1338.78;1049.16577148438;0
1340.816;951.089965820313;0
1342.852;783.753112792969;0
1344.885;808.276000976563;0
1346.916;787.049377441406;0
1348.948;906.364196777344;0
1350.979;898.84326171875;0
1353.011;842.481689453125;0
1355.04;779.632507324219;0
1357.066;765.545471191406;0
1359.094;815.390197753906;0
1361.121;769.74658203125;0
1363.145;793.295532226563;0
1365.171;800.008056640625;0
1367.192;830.172912597656;0
1369.216;692.776672363281;0
1371.239;714.91357421875;0
1373.258;776.424438476563;0
1375.28;854.421020507813;0
1377.298;743.903259277344;0
1379.316;582.870910644531;0
1381.335;601.185974121094;0
1383.35;651.312255859375;0
1385.366;687.510131835937;0
1387.38;681.630554199219;0
1389.394;576.115783691406;0
1391.409;683.983337402344;0
1393.42;624.207458496094;0
1395.43;657.895629882812;0
1397.44;552.716613769531;0
1399.451;546.835205078125;0
1401.458;533.497314453125;0
1403.466;491.891265869141;0
1405.472;439.719146728516;0
1407.478;450.381134033203;0
1409.483;517.589965820313;0
1411.486;549.523071289063;0
1413.49;554.25244140625;0
1415.492;453.808410644531;0
1417.492;444.932800292969;0
1419.495;451.289367675781;0
1421.494;578.599365234375;0
1423.492;701.994445800781;0
1425.49;798.561340332031;0
1427.487;863.209594726563;0
1429.482;968.588623046875;0
1431.477;1069.20666503906;0
1433.471;1087.23657226563;0
1435.466;1064.75146484375;0
1437.456;1070.97448730469;0
1439.447;1046.13037109375;0
1441.441;1036.44079589844;0
1443.427;988.236572265625;0
1445.417;969.851135253906;0
1447.406;1017.61798095703;0
1449.392;1079.75927734375;0
1451.381;1137.61242675781;0
1453.365;1039.28625488281;0
1455.348;957.225219726563;0
1457.333;807.318237304688;0
1459.314;713.750549316406;0
1461.296;666.629089355469;0
1463.276;700.819213867188;0
1465.256;774.262084960938;0
1467.237;919.247619628906;0
1469.215;1046.41125488281;0
1471.19;1154.4970703125;0
1473.167;1180.72204589844;0
1475.145;1186.51391601563;0
1477.118;1102.13610839844;0
1479.092;974.564331054688;0
1481.065;906.552734375;0
1483.038;909.792663574219;0
1485.008;954.955810546875;0
1486.979;924.488525390625;0
1488.949;915.8974609375;0
1490.917;787.676025390625;0
1492.883;740.601257324219;0
1494.852;688.33740234375;0
1496.817;755.727478027344;0
1498.782;840.735412597656;0
1500.748;856.801147460938;0
1502.708;822.352355957031;0
1504.673;743.721862792969;0
1506.634;677.687133789063;0
1508.594;618.341918945312;0
1510.554;658.080993652344;0
1512.512;642.267883300781;0
1514.471;672.411804199219;0
1516.428;623.646789550781;0
1518.384;652.954772949219;0
1520.34;640.129516601563;0
1522.294;601.394714355469;0
1524.249;593.861511230469;0
1526.202;579.145263671875;0
1528.153;608.31494140625;0
1530.103;729.820190429688;0
1532.054;698.406005859375;0
1534.004;708.845947265625;0
1535.951;686.370727539063;0
1537.899;697.658020019531;0
1539.847;721.536987304688;0
1541.793;666.13525390625;0
1543.738;616.077026367188;0
1545.681;542.71484375;0
1547.625;496.567749023438;0
1549.566;597.768249511719;0
1551.509;629.793762207031;0
1553.45;521.198547363281;0
1555.389;454.312164306641;0
1557.33;367.796936035156;0
1559.266;483.615112304688;0
1561.204;508.915557861328;0
1563.141;533.6982421875;0
1565.074;494.85205078125;0
1567.009;391.150390625;0
1568.943;497.814025878906;0
1570.877;510.063842773438;0
1572.808;497.233245849609;0
1574.741;400.914703369141;0
1576.67;412.221160888672;0
1578.6;528.041687011719;0
1580.528;638.156311035156;0
1582.455;628.044494628906;0
1584.382;646.042419433594;0
1586.307;641.62841796875;0
1588.234;661.246887207031;0
1590.157;682.677551269531;0
1592.081;600.142700195313;0
1594.002;511.754180908203;0
1595.927;363.734283447266;0
1597.845;222.859680175781;0
1599.767;220.01416015625;0
1601.685;163.973876953125;0
1603.602;176.405502319336;0
1605.523;72.1979141235352;0
1607.438;215.151489257813;0
1609.354;341.067565917969;0
1611.269;532.484375;0
1613.181;458.040771484375;0
1615.096;448.068450927734;0
1617.008;332.902557373047;0
1618.92;416.280914306641;0
1620.83;533.246032714844;0
1622.74;632.277038574219;0
1624.649;715.853942871094;0
1626.557;653.059753417969;0
1628.464;672.494445800781;0
1630.37;629.95068359375;0
1632.275;617.112182617188;0
1634.18;640.964111328125;0
1636.085;601.615112304688;0
1637.988;625.17578125;0
1639.888;541.919006347656;0
1641.791;489.882507324219;0
1643.691;466.389251708984;0
1645.588;564.427429199219;0
1647.489;760.442504882813;0
1649.387;779.177856445313;0
1651.284;845.170104980469;0
1653.18;805.622924804688;0
1655.075;890.206176757813;0
1656.972;933.144775390625;0
1658.864;1029.77478027344;0
1660.754;1018.31970214844;0
1662.65;926.44677734375;0
1664.539;795.161010742188;0
1666.428;743.9072265625;0
1668.32;766.463195800781;0
1670.207;871.051147460938;0
1672.096;979.930908203125;0
1673.982;1001.06488037109;0
1675.867;978.453002929688;0
1677.754;876.873107910156;0
1679.638;760.3251953125;0
1681.52;661.587036132813;0
1683.403;591.991943359375;0
1685.285;581.207702636719;0
1687.166;550.679870605469;0
1689.048;608.963256835938;0
1690.924;650.058898925781;0
1692.804;650.411437988281;0
1694.682;551.912841796875;0
1696.558;466.563171386719;0
1698.435;512.362426757813;0
1700.308;456.976928710938;0
1702.184;446.29345703125;0
1704.057;364.200958251953;0
1705.929;397.778594970703;0
1707.801;428.835235595703;0
1709.674;469.704193115234;0
1711.542;544.49658203125;0
1713.412;561.767700195313;0
1715.28;441.073089599609;0
1717.145;373.746124267578;0
1719.015;258.097473144531;0
1720.88;295.899993896484;0
1722.746;243.418960571289;0
1724.61;279.990936279297;0
1726.471;281.357879638672;0
1728.334;279.381408691406;0
1730.197;347.696197509766;0
1732.057;389.593200683594;0
1733.919;382.039947509766;0
1735.777;335.520874023438;0
1737.634;218.927551269531;0
1739.493;307.294616699219;0
1741.349;259.367736816406;0
1743.205;318.095092773438;0
1745.061;269.859649658203;0
1746.915;456.606384277344;0
1748.77;580.614624023438;0
1750.621;622.107238769531;0
1752.473;538.861328125;0
1754.323;435.764953613281;0
1756.173;387.857788085938;0
1758.022;400.440979003906;0
1759.87;396.576507568359;0
1761.718;404.611450195313;0
1763.566;368.453002929688;0
1765.411;384.048156738281;0
1767.256;356.888519287109;0
1769.101;366.039306640625;0
1770.945;492.7158203125;0
1772.787;629.1044921875;0
1774.629;685.843688964844;0
1776.469;626.377990722656;0
1778.309;573.040588378906;0
1780.15;507.942840576172;0
1781.987;507.084747314453;0
1783.826;472.799591064453;0
1785.662;579.642944335938;0
1787.498;568.948181152344;0
1789.334;552.604125976563;0
1791.169;616.499694824219;0
1793.002;649.079345703125;0
1794.834;849.008605957031;0
1796.667;843.953125;0
1798.498;863.578308105469;0
1800.328;797.216491699219;0
1802.157;758.530578613281;0
1803.986;775.073059082031;0
1805.813;841.288330078125;0
1807.639;874.620788574219;0
1809.467;916.626037597656;0
1811.292;935.74853515625;0
1813.117;972.321594238281;0
1814.94;998.042907714844;0
1816.763;901.548156738281;0
1818.585;832.503967285156;0
1820.407;651.354736328125;0
1822.227;553.767211914063;0
1824.048;416.852447509766;0
1825.865;396.838317871094;0
1827.683;434.618774414063;0
1829.501;450.287841796875;0
1831.317;465.088134765625;0
1833.135;350.106231689453;0
1834.948;227.377960205078;0
1836.761;153.045211791992;0
1838.577;224.940475463867;0
1840.388;297.059844970703;0
1842.198;337.885131835938;0
1844.009;402.652404785156;0
1845.819;423.456848144531;0
1847.629;461.145935058594;0
1849.436;382.306671142578;0
1851.244;429.167694091797;0
1853.052;537.147216796875;0
1854.858;518.428894042969;0
1856.661;440.62158203125;0
1858.466;440.752777099609;0
1860.269;526.174194335938;0
1862.073;590.510437011719;0
1863.875;550.767333984375;0
1865.673;436.421722412109;0
1867.476;442.333221435547;0
1869.275;391.612945556641;0
1871.072;494.709075927734;0
1872.872;599.445556640625;0
1874.667;604.994689941406;0
1876.464;698.842407226563;0
1878.26;669.216430664063;0
1880.053;598.930480957031;0
1881.849;441.679046630859;0
1883.64;374.5732421875;0
1885.431;427.168640136719;0
1887.226;533.909118652344;0
1889.014;555.5712890625;0
1890.803;644.377502441406;0
1892.594;692.327575683594;0
1894.38;765.421691894531;0
1896.167;653.326416015625;0
1897.955;642.708374023437;0
1899.74;622.012145996094;0
1901.526;601.571044921875;0
1903.309;602.832641601563;0
1905.091;541.3564453125;0
1906.876;622.366455078125;0
1908.658;455.973815917969;0
1910.438;379.512878417969;0
1912.217;322.650299072266;0
1913.996;275.056304931641;0
1915.775;320.286987304688;0
1917.553;351.564514160156;0
1919.33;432.222869873047;0
1921.106;416.9287109375;0
1922.881;328.682006835938;0
1924.655;322.482788085938;0
1926.431;223.442153930664;0
1928.202;241.449005126953;0
1929.974;178.281097412109;0
1931.746;262.487457275391;0
1933.516;298.157531738281;0
1935.286;287.974456787109;0
1937.055;303.273284912109;0
1938.823;307.610137939453;0
1940.592;392.096252441406;0
1942.356;315.0615234375;0
1944.122;368.968170166016;0
1945.888;334.931182861328;0
1947.651;399.133239746094;0
1949.416;274.449127197266;0
1951.178;226.78498840332;0
1952.939;242.967620849609;0
1954.699;330.265594482422;0
1956.459;490.5263671875;0
1958.219;532.6220703125;0
1959.979;631.536315917969;0
1961.735;631.27734375;0
1963.491;690.040222167969;0
1965.249;638.25048828125;0
1967.003;747.396362304688;0
1968.761;708.250244140625;0
1970.512;711.0361328125;0
1972.265;644.419006347656;0
1974.018;650.28759765625;0
1975.769;569.971862792969;0
1977.522;417.808746337891;0
1979.271;296.132354736328;0
1981.018;322.169799804688;0
1982.766;270.589263916016;0
1984.516;380.947082519531;0
1986.261;308.911773681641;0
1988.009;366.261077880859;0
1989.754;259.442504882813;0
1991.498;244.458541870117;0
1993.241;247.536697387695;0
1994.984;272.232513427734;0
1996.727;227.990432739258;0
1998.468;207.032669067383;0
2000.206;204.470336914063;0
2001.946;362.081390380859;0
2003.686;537.422912597656;0
2005.424;648.720458984375;0
2007.161;725.974060058594;0
2008.898;663.182800292969;0
2010.634;659.679260253906;0
2012.369;620.130065917969;0
2014.103;628.311950683594;0
2015.836;596.3359375;0
2017.57;664.8681640625;0
2019.299;714.909484863281;0
2021.032;709.017517089844;0
2022.762;611.525024414063;0
2024.491;654.654235839844;0
2026.221;763.960632324219;0
2027.947;861.888671875;0
2029.676;802.105102539063;0
2031.403;717.054321289063;0
2033.128;539.180725097656;0
2034.852;466.70751953125;0
2036.577;485.429046630859;0
2038.299;585.661315917969;0
2040.022;519.071655273438;0
2041.744;354.111602783203;0
2043.465;356.336456298828;0
2045.184;426.415863037109;0
2046.903;576.7978515625;0
2048.621;517.487548828125;0
2050.339;560.044189453125;0
2052.057;422.690490722656;0
2053.774;357.979675292969;0
2055.488;105.649063110352;0
2057.203;131.664428710938;0
2058.917;195.899078369141;0
2060.631;342.533752441406;0
2062.344;361.034576416016;0
2064.053;361.062072753906;0
2065.765;440.059020996094;0
2067.476;569.469909667969;0
2069.185;565.29443359375;0
2070.892;533.089965820313;0
2072.6;512.409790039063;0
2074.308;577.699279785156;0
2076.014;543.183471679688;0
2077.72;440.417724609375;0
2079.425;323.625213623047;0
2081.13;273.027587890625;0
2082.833;236.286468505859;0
2084.532;327.539520263672;0
2086.236;298.650329589844;0
2087.936;250.506759643555;0
2089.635;262.574920654297;0
2091.335;390.122955322266;0
2093.034;527.855834960938;0
2094.731;400.76953125;0
2096.427;358.086212158203;0
2098.124;392.805877685547;0
2099.82;602.928527832031;0
2101.515;783.676452636719;0
2103.207;782.192504882813;0
2104.902;882.466674804688;0
2106.594;825.992248535156;0
2108.286;979.409240722656;0
2109.976;1009.79876708984;0
2111.667;1179.60546875;0
2113.355;1218.14562988281;0
2115.044;1149.58776855469;0
2116.732;1098.31799316406;0
2118.42;1045.77880859375;0
2120.105;1074.07983398438;0
2121.79;1018.10797119141;0
2123.476;1130.75207519531;0
2125.16;1200.12329101563;0
2126.844;1247.99938964844;0
2128.524;1236.26916503906;0
2130.207;1242.0439453125;0
2131.888;1276.54577636719;0
2133.567;1135.33349609375;0
2135.247;1171.40881347656;0
2136.927;1099.10498046875;0
2138.603;1180.64782714844;0
2140.281;1093.70324707031;0
2141.957;1213.376953125;0
2143.633;1194.33947753906;0
2145.308;1153.58911132813;0
2146.981;1025.458984375;0
2148.654;1032.27734375;0
2150.328;1099.70727539063;0
2152;1166.08142089844;0
2153.669;1180.06750488281;0
2155.34;1088.99780273438;0
2157.01;1112.06567382813;0
2158.677;999.166870117188;0
2160.347;1099.04711914063;0
2162.013;997.979370117188;0
2163.681;1139.73364257813;0
2165.347;1134.55627441406;0
2167.011;1106.64514160156;0
2168.674;960.161376953125;0
2170.337;852.944519042969;0
2172.002;828.220520019531;0
2173.662;873.547912597656;0
2175.324;815.590576171875;0
2176.985;880.126281738281;0
2178.645;887.042846679688;0
2180.304;963.275390625;0
2181.961;937.396423339844;0
2183.618;897.998779296875;0
2185.275;778.986022949219;0
2186.932;705.732543945313;0
2188.586;790.784484863281;0
2190.242;922.220886230469;0
2191.896;945.375061035156;0
2193.547;960.913757324219;0
2195.2;1005.28137207031;0
2196.851;1059.36682128906;0
2198.502;968.874328613281;0
2200.153;829.241149902344;0
2201.799;765.21044921875;0
2203.447;669.235900878906;0
2205.097;641.445251464844;0
2206.742;656.749145507813;0
2208.391;645.756469726563;0
2210.035;666.802368164063;0
2211.679;581.348266601563;0
2213.324;585.344299316406;0
2214.966;625.737609863281;0
2216.608;755.880310058594;0
2218.252;787.745239257813;0
2219.89;749.554565429688;0
2221.531;831.863891601563;0
2223.172;888.007080078125;0
2224.809;839.428649902344;0
2226.449;759.906311035156;0
2228.086;781.773376464844;0
2229.72;943.261901855469;0
2231.358;920.260131835938;0
2232.992;924.121704101563;0
2234.625;890.091247558594;0
2236.26;963.755798339844;0
2237.893;1049.03759765625;0
2239.524;1009.267578125;0
2241.156;952.912048339844;0
2242.785;950.931579589844;0
2244.416;1008.87927246094;0
2246.044;1118.54455566406;0
2247.672;1073.37548828125;0
2249.301;1029.04028320313;0
2250.926;1109.68432617188;0
2252.554;1039.45739746094;0
2254.177;1089.03112792969;0
2255.803;885.327392578125;0
2257.427;854.749816894531;0
2259.051;883.015319824219;0
2260.671;857.130493164063;0
2262.294;887.155700683594;0
2263.914;818.013916015625;0
2265.533;930.107849121094;0
2267.153;991.374145507813;0
2268.773;1036.03051757813;0
2270.392;996.41796875;0
2272.006;961.552856445313;0
2273.624;1006.75421142578;0
2275.239;948.580139160156;0
2276.854;951.704650878906;0
2278.468;934.924865722656;0
2280.084;988.527587890625;0
2281.695;899.30419921875;0
2283.305;863.880249023438;0
2284.919;773.578063964844;0
2286.527;850.825439453125;0
2288.14;830.363159179688;0
2289.748;909.524475097656;0
2291.354;923.755187988281;0
2292.964;879.944213867188;0
2294.569;859.498229980469;0
2296.174;786.757934570313;0
2297.782;727.137023925781;0
2299.386;658.77197265625;0
2300.99;657.259033203125;0
2302.594;691.93310546875;0
2304.195;726.211181640625;0
2305.798;734.312622070313;0
2307.399;666.01171875;0
2308.998;647.300354003906;0
2310.598;606.289733886719;0
2312.197;730.404602050781;0
2313.795;747.672119140625;0
2315.392;873.203491210938;0
2316.988;865.443054199219;0
2318.585;917.945861816406;0
2320.18;853.93408203125;0
2321.774;811.296630859375;0
2323.368;819.144653320313;0
2324.961;908.579467773438;0
2326.553;807.264953613281;0
2328.145;758.9609375;0
2329.735;575.09228515625;0
2331.324;691.53271484375;0
2332.916;664.687194824219;0
2334.503;623.010192871094;0
2336.092;541.442260742188;0
2337.677;509.247406005859;0
2339.263;621.869140625;0
2340.85;655.740295410156;0
2342.434;659.079528808594;0
2344.018;621.996276855469;0
2345.602;569.900085449219;0
2347.185;494.307861328125;0
2348.768;425.342681884766;0
2350.347;460.836212158203;0
2351.928;591.004333496094;0
2353.51;620.724365234375;0
2355.087;547.216918945313;0
2356.665;413.285095214844;0
2358.243;345.946319580078;0
2359.819;408.451751708984;0
2361.396;423.086730957031;0
2362.972;543.389892578125;0
2364.547;507.682922363281;0
2366.121;566.617553710938;0
2367.694;560.431518554688;0
2369.267;552.350646972656;0
2370.839;498.384094238281;0
2372.411;507.881713867188;0
2373.982;609.484375;0
2375.55;698.631164550781;0
2377.118;629.097412109375;0
2378.687;626.768981933594;0
2380.254;623.424926757813;0
2381.821;720.622253417969;0
2383.387;766.472717285156;0
2384.954;828.978088378906;0
2386.516;782.621154785156;0
2388.082;744.768920898438;0
2389.644;662.970031738281;0
2391.209;723.299926757813;0
2392.769;537.000671386719;0
2394.33;653.465881347656;0
2395.892;691.14306640625;0
2397.449;1023.59265136719;0
2399.008;1021.26025390625;0
2400.568;1087.2587890625;0
2402.125;924.477111816406;0
2403.68;928.692199707031;0
2405.238;845.57177734375;0
2406.792;911.339111328125;0
2408.349;876.236511230469;0
2409.902;881.357177734375;0
2411.455;890.702270507813;0
2413.007;929.275756835938;0
2414.558;1014.68316650391;0
2416.11;971.288146972656;0
2417.66;967.545715332031;0
2419.21;820.810363769531;0
2420.758;806.521423339844;0
2422.307;763.22509765625;0
2423.855;693.6796875;0
2425.402;674.890869140625;0
2426.947;607.293762207031;0
2428.492;669.475463867188;0
2430.038;673.113342285156;0
2431.58;713.005004882813;0
2433.124;791.415222167969;0
2434.667;761.681274414063;0
2436.208;806.837524414063;0
2437.75;864.714782714844;0
2439.291;1006.18267822266;0
2440.83;1057.2314453125;0
2442.369;1033.39831542969;0
2443.906;979.797729492188;0
2445.444;999.319458007813;0
2446.981;871.91845703125;0
2448.517;843.407043457031;0
2450.053;744.979553222656;0
2451.587;664.163879394531;0
2453.12;798.231140136719;0
2454.655;859.866027832031;0
2456.187;987.221130371094;0
2457.718;863.819702148438;0
2459.25;766.08544921875;0
2460.781;705.705139160156;0
2462.31;638.600219726563;0
2463.84;741.496276855469;0
2465.368;790.5126953125;0
2466.896;832.873046875;0
2468.423;805.455261230469;0
2469.949;942.727233886719;0
2471.474;1022.12335205078;0
2472.998;1016.83544921875;0
2474.522;926.77734375;0
2476.045;836.723693847656;0
2477.568;827.858215332031;0
2479.09;832.36962890625;0
2480.612;885.372863769531;0
2482.132;798.714416503906;0
2483.653;692.786682128906;0
2485.171;637.975463867188;0
2486.689;801.722290039063;0
2488.208;891.801025390625;0
2489.725;939.989196777344;0
2491.242;835.510864257813;0
2492.757;871.588562011719;0
2494.271;851.556640625;0
2495.785;811.305969238281;0
2497.3;805.504577636719;0
2498.812;861.689086914063;0
2500.325;914.766418457031;0
2501.837;873.402099609375;0
2503.345;627.814453125;0
2504.856;573.175598144531;0
2506.366;490.566436767578;0
2507.875;673.087524414063;0
2509.382;576.602172851563;0
2510.889;689.443786621094;0
2512.397;608.285461425781;0
2513.901;687.251586914063;0
2515.406;613.547668457031;0
2516.911;667.836486816406;0
2518.415;642.787841796875;0
2519.918;566.613342285156;0
2521.421;537.182678222656;0
2522.922;467.676544189453;0
2524.423;575.979858398438;0
2525.924;443.874542236328;0
2527.422;417.26904296875;0
2528.923;280.294403076172;0
2530.419;407.516052246094;0
2531.916;435.181640625;0
2533.415;430.401214599609;0
2534.909;266.729217529297;0
2536.404;261.209869384766;0
2537.899;155.091934204102;0
2539.394;303.865173339844;0
2540.887;330.625915527344;0
2542.38;426.705688476563;0
2543.871;260.206634521484;0
2545.363;202.394241333008;0
2546.852;198.90998840332;0
2548.345;212.418579101563;0
2549.833;266.908905029297;0
2551.321;300.628723144531;0
2552.811;397.361541748047;0
2554.296;359.426971435547;0
2555.78;282.584075927735;0
2557.267;207.026916503906;0
2558.752;224.932601928711;0
2560.237;205.97541809082;0
2561.721;234.657730102539;0
2563.203;317.012176513672;0
2564.687;408.327026367188;0
2566.168;534.12451171875;0
2567.648;490.738250732422;0
2569.129;513.505798339844;0
2570.607;407.980743408203;0
2572.086;549.832153320313;0
2573.565;642.947143554688;0
2575.041;736.215637207031;0
2576.518;628.194152832031;0
2577.994;606.660705566406;0
2579.469;698.838439941406;0
2580.945;801.506164550781;0
2582.418;816.886352539063;0
2583.892;806.643127441406;0
2585.365;757.106811523438;0
2586.835;728.277465820313;0
2588.307;743.599243164063;0
2589.778;807.294311523438;0
2591.248;912.130737304688;0
2592.717;868.994750976563;0
2594.186;864.993591308594;0
2595.652;896.460693359375;0
2597.121;873.180297851563;0
2598.585;792.491333007813;0
2600.052;720.064880371094;0
2601.518;817.666137695313;0
2602.982;952.978393554688;0
2604.446;986.006103515625;0
2605.907;957.081726074219;0
2607.371;910.420471191406;0
2608.83;944.24365234375;0
2610.293;925.327087402344;0
2611.752;919.783020019531;0
2613.213;974.446960449219;0
2614.672;988.364807128906;0
2616.13;1124.22497558594;0
2617.587;1092.56469726563;0
2619.043;1237.60729980469;0
2620.501;1134.46374511719;0
2621.957;1128.35400390625;0
2623.409;1040.46960449219;0
2624.864;1124.12341308594;0
2626.318;1142.97766113281;0
2627.771;1143.76391601563;0
2629.222;1114.46984863281;0
2630.673;1107.60888671875;0
2632.124;1095.01354980469;0
2633.575;1085.21948242188;0
2635.023;1021.13720703125;0
2636.473;1034.19592285156;0
2637.922;1020.83044433594;0
2639.368;1050.55700683594;0
2640.816;1013.05462646484;0
2642.261;995.11962890625;0
2643.705;887.901062011719;0
2645.151;897.755615234375;0
2646.596;825.349548339844;0
2648.037;868.650329589844;0
2649.48;765.711059570313;0
2650.923;657.799011230469;0
2652.364;682.05859375;0
2653.804;660.602905273437;0
2655.243;726.878051757812;0
2656.683;724.108276367188;0
2658.121;694.408447265625;0
2659.559;654.558166503906;0
2660.997;566.436706542969;0
2662.433;657.385009765625;0
2663.868;673.846374511719;0
2665.305;680.153137207031;0
2666.737;611.0283203125;0
2668.173;602.654174804688;0
2669.606;554.141845703125;0
2671.038;572.196594238281;0
2672.47;603.096862792969;0
2673.901;645.954895019531;0
2675.331;611.103942871094;0
2676.761;583.442749023438;0
2678.189;543.307250976562;0
2679.619;508.925048828125;0
2681.045;422.074279785156;0
2682.473;389.705047607422;0
2683.9;487.270599365234;0
2685.324;466.246917724609;0
2686.749;517.410095214844;0
2688.176;389.974548339844;0
2689.599;490.149383544922;0
2691.021;449.696319580078;0
2692.444;512.417114257813;0
2693.865;510.223022460937;0
2695.287;564.338317871094;0
2696.707;584.097229003906;0
2698.125;588.404479980469;0
2699.545;461.476043701172;0
2700.963;354.846740722656;0
2702.381;256.64712524414;0
2703.798;362.654998779297;0
2705.214;450.092590332031;0
2706.629;547.962219238281;0
2708.046;528.404479980469;0
2709.458;472.604400634766;0
2710.872;461.633270263672;0
2712.285;478.450469970703;0
2713.699;474.71371459961;0
2715.111;335.321350097656;0
2716.52;313.909851074219;0
2717.93;250.208190917969;0
2719.342;349.906188964844;0
2720.749;376.194610595703;0
2722.159;564.928344726563;0
2723.565;640.589233398437;0
2724.971;674.175048828125;0
2726.38;668.24072265625;0
2727.785;640.120422363281;0
2729.19;731.702514648438;0
2730.594;807.207824707031;0
2731.997;880.191955566406;0
2733.401;747.986572265625;0
2734.803;710.701782226563;0
2736.204;756.447875976563;0
2737.606;916.001647949219;0
2739.005;900.584716796875;0
2740.405;804.419677734375;0
2741.806;739.950744628906;0
2743.202;738.398986816406;0
2744.602;807.66162109375;0
2745.998;862.395812988281;0
2747.395;847.381958007813;0
2748.79;758.860595703125;0
2750.185;625.6708984375;0
2751.58;711.589416503906;0
2752.975;733.7412109375;0
2754.366;896.408020019531;0
2755.759;928.532531738281;0
2757.151;1029.00256347656;0
2758.542;1007.26239013672;0
2759.933;1035.08996582031;0
2761.322;1055.70727539063;0
2762.71;1008.07623291016;0
2764.1;867.621826171875;0
2765.486;794.860778808594;0
2766.875;867.872985839844;0
2768.26;856.133972167969;0
2769.646;851.643798828125;0
2771.031;776.763793945312;0
2772.418;781.830200195313;0
2773.799;784.775024414063;0
2775.184;929.353942871094;0
2776.565;971.284545898438;0
2777.946;1066.78796386719;0
2779.328;970.640869140625;0
2780.708;1056.50903320313;0
2782.09;1120.94555664063;0
2783.469;1174.28161621094;0
2784.847;1178.49951171875;0
2786.226;1069.4443359375;0
2787.603;1069.38269042969;0
2788.978;1156.53674316406;0
2790.355;1133.88232421875;0
2791.731;1176.72839355469;0
2793.104;1143.45434570312;0
2794.479;1195.37390136719;0
2795.853;1115.95520019531;0
2797.225;1032.1259765625;0
2798.596;975.221496582031;0
2799.967;875.14306640625;0
2801.341;803.9775390625;0
2802.71;666.868408203125;0
2804.077;612.963806152344;0
2805.447;583.259399414062;0
2806.815;544.979675292969;0
2808.183;525.014465332031;0
2809.551;414.699798583984;0
2810.915;459.261169433594;0
2812.282;465.702697753906;0
2813.646;500.246704101563;0
2815.011;476.339141845703;0
2816.375;455.508422851563;0
2817.736;398.966339111328;0
2819.099;451.417663574219;0
2820.462;398.415985107422;0
2821.821;356.849792480469;0
2823.182;329.274932861328;0
2824.542;321.58041381836;0
2825.901;461.43310546875;0
2827.261;479.056243896485;0
2828.617;595.447326660156;0
2829.974;598.251403808594;0
2831.33;670.643249511719;0
2832.686;612.28125;0
2834.043;722.150146484375;0
2835.395;731.596984863281;0
2836.75;825.374450683594;0
2838.104;829.260314941406;0
2839.456;786.365783691406;0
2840.807;813.045227050781;0
2842.16;700.937683105469;0
2843.509;611.042114257813;0
2844.858;504.7900390625;0
2846.209;433.673095703125;0
2847.556;424.377593994141;0
2848.906;432.467895507812;0
2850.253;476.115692138672;0
2851.6;492.842010498047;0
2852.946;467.176727294922;0
2854.29;395.240417480469;0
2855.635;364.713531494141;0
2856.98;262.428161621094;0
2858.323;245.253799438477;0
2859.665;217.633926391602;0
2861.008;282.346405029297;0
2862.349;350.392395019531;0
2863.691;405.998809814453;0
2865.031;388.823974609375;0
2866.37;382.688354492188;0
2867.709;303.325225830078;0
2869.048;360.658355712891;0
2870.385;333.903015136719;0
2871.722;426.350402832031;0
2873.059;427.351318359375;0
2874.394;477.809753417969;0
2875.73;465.27993774414;0
2877.064;504.765380859375;0
2878.398;586.375122070313;0
2879.731;683.338623046875;0
2881.063;735.843933105469;0
2882.395;662.109558105469;0
2883.727;673.242492675781;0
2885.059;721.300170898437;0
2886.387;823.976379394531;0
2887.717;818.4072265625;0
2889.046;811.915954589844;0
2890.374;774.176635742187;0
2891.699;763.218872070312;0
2893.028;727.790222167969;0
2894.354;663.507507324219;0
2895.679;612.136169433594;0
2897.004;653.614013671875;0
2898.328;764.958862304687;0
2899.653;860.9140625;0
2900.976;870.618835449219;0
2902.297;857.629516601563;0
2903.619;851.167358398438;0
2904.941;819.426391601563;0
2906.26;783.697021484375;0
2907.58;814.491271972656;0
2908.898;795.994201660156;0
2910.217;763.610961914062;0
2911.536;710.095947265625;0
2912.852;769.44873046875;0
2914.171;933.114196777344;0
2915.485;965.784240722656;0
2916.799;954.458923339844;0
2918.116;894.695007324219;0
2919.428;908.805236816406;0
2920.743;901.481689453125;0
2922.056;858.205322265625;0
2923.367;919.117492675781;0
2924.679;925.590148925781;0
2925.99;915.509704589844;0
2927.299;886.959899902344;0
2928.609;859.336242675781;0
2929.918;861.812622070313;0
2931.226;820.536010742188;0
2932.535;816.803405761719;0
2933.841;742.935913085938;0
2935.149;692.693908691406;0
2936.455;705.52294921875;0
2937.758;749.424011230469;0
2939.064;739.169372558594;0
2940.368;764.402648925781;0
2941.67;804.920166015625;0
2942.973;865.798583984375;0
2944.277;874.234924316406;0
2945.577;799.116943359375;0
2946.878;855.939880371094;0
2948.178;831.514587402344;0
2949.477;929.787719726563;0
2950.776;776.475524902344;0
2952.073;760.369689941406;0
2953.372;654.803100585937;0
2954.669;752.751708984375;0
2955.965;747.441711425781;0
2957.261;847.223449707031;0
2958.556;850.382141113281;0
2959.849;824.433288574219;0
2961.145;830.155639648437;0
2962.436;793.269714355469;0
2963.732;823.546691894531;0
2965.022;832.233154296875;0
2966.313;861.852783203125;0
2967.603;867.480407714844;0
2968.893;895.862548828125;0
2970.182;912.140625;0
2971.471;869.917663574219;0
2972.759;809.453979492187;0
2974.047;793.822998046875;0
2975.334;794.967834472656;0
2976.62;828.479431152344;0
2977.907;816.663818359375;0
2979.192;850.63134765625;0
2980.475;762.828308105469;0
2981.76;715.727294921875;0
2983.043;699.482421875;0
2984.326;661.359497070313;0
2985.607;632.06494140625;0
2986.888;542.343566894531;0
2988.17;536.156188964844;0
2989.449;461.613647460938;0
2990.728;404.826446533203;0
2992.007;453.683471679688;0
2993.284;505.518035888672;0
2994.562;529.994079589844;0
2995.84;460.738647460938;0
2997.115;436.569244384766;0
2998.393;411.595703125;0
2999.666;440.485290527344;0
3000.94;466.288787841797;0
3002.215;506.232421875;0
3003.486;471.101715087891;0
3004.76;455.354797363281;0
3006.033;447.359802246094;0
3007.303;382.891143798828;0
3008.573;346.281433105469;0
3009.844;351.639617919922;0
3011.114;441.96630859375;0
3012.383;419.945434570313;0
3013.649;446.463714599609;0
3014.917;388.362854003906;0
3016.185;440.494323730469;0
3017.451;367.391540527344;0
3018.716;329.336334228516;0
3019.983;280.577239990234;0
3021.246;385.557159423828;0
3022.509;386.104919433594;0
3023.774;372.196044921875;0
3025.035;280.614715576172;0
3026.299;245.817840576172;0
3027.56;271.931304931641;0
3028.819;329.622711181641;0
3030.081;324.403076171875;0
3031.339;266.998474121094;0
3032.598;200.249877929688;0
3033.856;261.540924072266;0
3035.114;345.458740234375;0
3036.372;326.347869873047;0
3037.628;263.558532714844;0
3038.883;206.510452270508;0
3040.138;180.420562744141;0
3041.394;223.989120483398;0
3042.646;285.292633056641;0
3043.9;410.059356689453;0
3045.152;486.246948242188;0
3046.405;457.85546875;0
3047.657;351.774810791016;0
3048.906;355.70068359375;0
3050.158;415.557891845703;0
3051.407;524.724670410156;0
3052.656;443.762298583984;0
3053.904;497.815795898437;0
3055.153;486.943420410156;0
3056.398;663.798156738281;0
3057.647;671.401794433594;0
3058.892;690.641967773438;0
3060.137;648.740112304688;0
3061.382;626.251159667969;0
3062.625;588.525329589844;0
3063.869;572.990295410156;0
3065.112;580.435119628906;0
3066.353;577.351013183594;0
3067.595;588.125915527344;0
3068.838;543.760498046875;0
3070.075;632.369995117187;0
3071.317;599.452697753906;0
3072.557;563.264282226562;0
3073.795;511.494842529297;0
3075.032;497.982299804688;0
3076.27;540.390441894531;0
3077.507;518.895080566406;0
3078.742;544.172302246094;0
3079.978;588.907836914063;0
3081.212;619.756591796875;0
3082.446;646.245971679688;0
3083.681;714.37255859375;0
3084.913;693.93408203125;0
3086.147;679.503295898437;0
3087.38;581.5009765625;0
3088.61;607.798706054688;0
3089.84;628.303161621094;0
3091.071;692.989868164063;0
3092.3;671.857849121094;0
3093.529;714.37451171875;0
3094.755;677.320251464844;0
3095.984;789.0048828125;0
3097.211;750.899780273438;0
3098.438;724.669189453125;0
3099.663;698.814636230469;0
3100.888;672.750915527344;0
3102.112;713.84912109375;0
3103.335;656.268432617187;0
3104.56;609.156433105469;0
3105.782;632.541320800781;0
3107.005;628.135437011719;0
3108.226;754.618957519531;0
3109.447;656.648376464844;0
3110.667;664.469177246094;0
3111.887;640.875427246094;0
3113.104;657.213500976563;0
3114.324;602.047790527344;0
3115.541;579.328186035156;0
3116.758;647.770812988281;0
3117.976;721.998168945312;0
3119.192;721.766662597656;0
3120.408;656.713439941406;0
3121.622;604.000671386719;0
3122.835;632.482849121094;0
3124.05;617.285278320313;0
3125.262;606.290405273438;0
3126.476;549.464416503906;0
3127.687;552.306091308594;0
3128.897;581.163146972656;0
3130.108;686.016357421875;0
3131.319;659.979431152344;0
3132.528;707.165466308594;0
3133.737;636.242736816406;0
3134.945;747.19775390625;0
3136.152;672.271789550781;0
3137.358;657.899475097656;0
3138.565;662.9228515625;0
3139.772;691.289123535156;0
3140.976;625.2216796875;0
3142.18;557.756530761719;0
3143.385;551.360595703125;0
3144.588;609.112670898437;0
3145.79;630.657348632812;0
3146.993;643.216674804688;0
3148.194;617.568420410156;0
3149.395;563.696350097656;0
3150.596;510.017272949219;0
3151.794;496.830810546875;0
3152.994;547.525939941406;0
3154.193;477.371246337891;0
3155.39;426.576965332031;0
3156.587;384.568115234375;0
3157.784;468.995208740234;0
3158.982;437.546020507813;0
3160.177;374.402770996094;0
3161.37;264.274658203125;0
3162.565;368.642883300781;0
3163.759;427.274017333984;0
3164.952;530.477294921875;0
3166.146;441.6962890625;0
3167.337;452.857452392578;0
3168.527;427.688018798828;0
3169.719;420.756561279297;0
3170.91;359.325927734375;0
3172.098;319.159423828125;0
3173.288;241.833465576172;0
3174.475;139.56071472168;0
3175.663;140.61848449707;0
3176.849;201.369613647461;0
3178.037;256.723266601563;0
3179.223;225.941040039063;0
3180.408;163.555435180664;0
3181.592;158.477600097656;0
3182.777;195.235870361328;0
3183.96;279.652984619141;0
3185.143;311.725280761719;0
3186.325;264.985290527344;0
3187.507;229.221817016602;0
3188.688;252.13005065918;0
3189.869;250.69450378418;0
3191.049;234.390075683594;0
3192.228;230.912170410156;0
3193.406;270.261047363281;0
3194.585;276.597717285156;0
3195.763;347.032104492188;0
3196.939;352.339691162109;0
3198.116;451.740142822266;0
3199.292;421.788513183594;0
3200.466;438.229553222656;0
3201.643;444.671478271484;0
3202.816;545.669067382813;0
3203.991;603.000732421875;0
3205.161;616.463928222656;0
3206.334;473.903045654297;0
3207.504;518.227966308594;0
3208.677;526.917114257813;0
3209.846;693.964538574219;0
3211.017;720.869506835938;0
3212.187;748.873657226563;0
3213.356;624.529113769531;0
3214.524;616.840270996094;0
3215.69;599.348022460938;0
3216.859;650.402038574219;0
3218.024;576.225769042969;0
3219.189;615.935119628906;0
3220.354;591.85595703125;0
3221.519;683.474182128906;0
3222.682;613.670959472656;0
3223.845;652.20166015625;0
3225.01;695.151000976563;0
3226.171;820.53125;0
3227.332;869.34375;0
3228.494;796.038146972656;0
3229.655;758.775939941406;0
3230.814;726.280334472656;0
3231.973;773.170043945313;0
3233.13;783.492248535156;0
3234.29;794.257202148438;0
3235.447;805.077026367188;0
3236.605;788.889465332031;0
3237.76;863.59130859375;0
3238.916;869.613586425781;0
3240.071;908.625366210938;0
3241.224;842.928100585937;0
3242.381;795.570922851563;0
3243.532;794.824768066406;0
3244.685;853.695983886719;0
3245.839;821.430541992187;0
3246.99;730.313842773438;0
3248.141;654.082580566406;0
3249.292;686.53662109375;0
3250.439;663.168334960938;0
3251.589;601.327514648438;0
3252.739;659.38134765625;0
3253.886;678.333374023438;0
3255.034;690.103515625;0
3256.18;602.672668457031;0
3257.326;578.432250976563;0
3258.472;535.089294433594;0
3259.617;541.866577148438;0
3260.761;538.211975097656;0
3261.905;568.568786621094;0
3263.048;597.715759277344;0
3264.19;562.494934082031;0
3265.333;598.068664550781;0
3266.475;595.064758300781;0
3267.617;632.388061523438;0
3268.757;653.520751953125;0
3269.896;686.654296875;0
3271.036;697.311096191406;0
3272.175;709.47802734375;0
3273.313;680.305847167969;0
3274.449;702.825988769531;0
3275.586;638.635986328125;0
3276.722;571.571899414063;0
3277.859;595.738220214844;0
3278.993;687.65869140625;0
3280.13;703.817687988281;0
3281.263;727.026794433594;0
3282.395;659.8056640625;0
3283.529;720.279724121094;0
3284.66;782.211547851562;0
3285.794;819.618774414063;0
3286.924;873.930480957031;0
3288.054;788.479736328125;0
3289.185;732.502075195313;0
3290.313;619.034301757813;0
3291.443;601.11181640625;0
3292.571;623.222900390625;0
3293.698;655.133117675781;0
3294.824;714.274230957031;0
3295.952;661.76708984375;0
3297.077;704.561706542969;0
3298.203;627.267700195313;0
3299.328;670.698486328125;0
3300.45;612.517944335938;0
3301.574;584.461486816406;0
3302.698;545.850952148438;0
3303.819;564.107727050781;0
3304.942;586.363159179688;0
3306.064;518.685852050781;0
3307.182;501.763488769531;0
3308.303;474.562133789063;0
3309.423;571.861511230469;0
3310.542;546.555908203125;0
3311.66;500.827331542969;0
3312.778;406.318115234375;0
3313.895;367.977661132813;0
3315.012;359.693756103516;0
3316.128;417.690856933594;0
3317.243;468.009124755859;0
3318.357;526.609375;0
3319.471;549.202453613281;0
3320.586;512.281799316406;0
3321.698;610.839965820313;0
3322.813;608.553894042969;0
3323.923;621.760009765625;0
3325.034;617.089782714844;0
3326.146;712.255798339844;0
3327.255;744.533325195313;0
3328.366;665.365539550781;0
3329.474;626.3095703125;0
3330.582;633.301879882813;0
3331.691;579.513305664063;0
3332.797;562.537231445313;0
3333.905;557.689758300781;0
3335.011;618.852600097656;0
3336.116;533.859497070313;0
3337.22;518.479614257813;0
3338.327;495.830047607422;0
3339.429;532.296813964844;0
3340.534;486.112884521484;0
3341.635;446.741882324219;0
3342.737;434.423858642578;0
3343.84;379.947174072266;0
3344.94;408.180114746094;0
3346.041;331.42236328125;0
3347.142;373.447357177734;0
3348.24;367.72314453125;0
3349.337;425.519683837891;0
3350.437;358.020324707031;0
3351.534;385.907440185547;0
3352.633;406.80224609375;0
3353.727;409.585479736328;0
3354.823;417.705200195313;0
3355.919;444.074523925781;0
3357.013;485.143432617188;0
3358.108;480.473327636719;0
3359.201;466.651702880859;0
3360.293;553.156494140625;0
3361.385;583.308471679688;0
3362.478;592.221008300781;0
3363.569;626.116943359375;0
3364.661;556.887878417969;0
3365.75;633.383117675781;0
3366.838;562.844543457031;0
3367.929;608.6650390625;0
3369.017;523.433654785156;0
3370.105;483.390960693359;0
3371.193;492.63671875;0
3372.279;516.007751464844;0
3373.364;608.755737304688;0
3374.45;541.94580078125;0
3375.534;490.204254150391;0
3376.62;421.406372070313;0
3377.704;471.765258789063;0
3378.786;461.591583251953;0
3379.871;477.567291259766;0
3380.951;459.168975830078;0
3382.034;487.441833496094;0
3383.114;408.108093261719;0
3384.195;475.363983154297;0
3385.276;486.167755126953;0
3386.354;586.786682128906;0
3387.433;506.589172363281;0
3388.511;487.851196289063;0
3389.588;442.259613037109;0
3390.664;479.087615966797;0
3391.742;531.466064453125;0
3392.816;574.603515625;0
3393.893;562.170654296875;0
3394.968;579.883483886719;0
3396.042;644.675842285156;0
3397.115;646.15380859375;0
3398.189;615.419128417969;0
3399.262;576.919372558594;0
3400.333;592.067138671875;0
3401.404;608.483154296875;0
3402.474;572.58740234375;0
3403.545;576.703247070313;0
3404.615;646.406921386719;0
3405.685;744.696105957031;0
3406.752;728.838684082031;0
3407.82;663.617614746094;0
3408.888;598.515869140625;0
3409.955;612.932189941406;0
3411.021;615.405029296875;0
3412.085;599.043640136719;0
3413.151;587.819213867188;0
3414.215;546.562133789063;0
3415.279;539.155944824219;0
3416.343;564.619934082031;0
3417.406;577.353820800781;0
3418.468;629.742553710938;0
3419.53;535.788208007813;0
3420.592;521.006164550781;0
3421.652;490.682556152344;0
3422.712;608.684448242188;0
3423.773;628.646606445313;0
3424.83;697.486755371094;0
3425.889;648.554077148438;0
3426.946;660.521545410156;0
3428.005;643.394165039063;0
3429.061;672.735290527344;0
3430.117;689.121948242188;0
3431.172;676.671325683594;0
3432.227;684.722045898438;0
3433.281;695.137329101563;0
3434.335;666.252868652344;0
3435.389;640.228088378906;0
3436.44;623.367858886719;0
3437.492;649.421020507813;0
3438.546;599.422302246094;0
3439.598;629.961547851563;0
3440.646;611.541809082031;0
3441.697;672.605651855469;0
3442.745;605.682006835938;0
3443.793;583.190246582031;0
3444.842;605.034606933594;0
3445.891;692.439575195313;0
3446.937;758.961547851563;0
3447.984;767.517333984375;0
3449.031;716.264099121094;0
3450.075;708.779479980469;0
3451.12;681.468383789063;0
3452.164;666.557434082031;0
3453.207;702.611083984375;0
3454.251;639.236328125;0
3455.293;673.336791992188;0
3456.336;632.399780273438;0
3457.378;659.806884765625;0
3458.417;619.622009277344;0
3459.458;563.599365234375;0
3460.498;558.519470214844;0
3461.539;595.081848144531;0
3462.577;531.026794433594;0
3463.614;506.322601318359;0
3464.651;430.09033203125;0
3465.689;445.817840576172;0
3466.726;452.239105224609;0
3467.763;414.873474121094;0
3468.798;377.152923583984;0
3469.831;388.206298828125;0
3470.866;453.168426513672;0
3471.9;525.944885253906;0
3472.933;471.575225830078;0
3473.966;384.670166015625;0
3474.999;372.427154541016;0
3476.029;383.016967773438;0
3477.061;409.803924560547;0
3478.09;345.826507568359;0
3479.121;321.878692626953;0
3480.15;338.464721679688;0
3481.178;401.292694091797;0
3482.205;407.089019775391;0
3483.234;398.664825439453;0
3484.26;348.010589599609;0
3485.288;348.472808837891;0
3486.313;405.513702392578;0
3487.337;450.72216796875;0
3488.364;477.791839599609;0
3489.387;484.743316650391;0
3490.411;515.078186035156;0
3491.434;510.072509765625;0
3492.456;475.530822753906;0
3493.479;371.840179443359;0
3494.5;289.830749511719;0
3495.521;193.80224609375;0
3496.543;167.063232421875;0
3497.561;177.229965209961;0
3498.579;117.216079711914;0
3499.6;110.553970336914;0
3500.618;49.9753150939941;0
3501.636;36.8321800231934;0
3502.653;61.3413124084473;0
3503.669;38.323314666748;0
3504.685;25.2342777252197;0
3505.699;-84.9375305175781;0
3506.716;-35.9452171325684;0
3507.729;-57.1476097106934;0
3508.743;-82.0572891235352;0
3509.755;-62.0763893127441;0
