98.64605;0;0
101.2353;0;0
103.8217;0;0
106.4096;-16.7037029266357;0
108.9945;-52.4444427490234;0
111.5767;-110.730155944824;0
114.1602;-0.691358029842377;0
116.7409;39.8282814025879;0
119.3209;79.5726470947266;0
121.9002;10.6074075698853;0
124.4788;44.4836616516113;0
127.0566;-28.730993270874;0
129.6317;-71.9629592895508;0
132.2038;-112.149757385254;0
134.7796;-93.2222213745117;0
137.3503;-8.77366256713867;0
139.9204;62.2260551452637;0
142.4919;206.376342773438;0
145.0584;305.356903076172;0
147.6242;370.755554199219;0
150.1914;406.618621826172;0
152.7579;489.396026611328;0
155.3216;552.661254882813;0
157.8846;641.090454101563;0
160.4448;668.716064453125;0
163.0085;734.711608886719;0
165.5672;779.53515625;0
168.1232;763.374755859375;0
170.6826;726.452819824219;0
173.2372;775.258605957031;0
175.7931;863.789428710938;0
178.3463;979.337768554688;0
180.8966;969.396911621094;0
183.4504;1026.58874511719;0
185.9993;996.730651855469;0
188.5476;1042.30187988281;0
191.0972;1050.80017089844;0
193.644;1135.32592773438;0
196.1859;1147.92724609375;0
198.7335;1059.46166992188;0
201.2761;975.504455566406;0
203.8201;1012.85180664063;0
206.3593;1030.29479980469;0
208.8998;1103.00964355469;0
211.4397;1096.74133300781;0
213.9746;1253.79919433594;0
216.5109;1307.89025878906;0
219.0487;1399.36022949219;0
221.5816;1452.32116699219;0
224.1158;1498.44750976563;0
226.6473;1525.27551269531;0
229.176;1481.80444335938;0
231.7082;1537.03979492188;0
234.2355;1629.01293945313;0
236.7643;1576.47766113281;0
239.2902;1529.0576171875;0
241.8133;1428.3720703125;0
244.3379;1330.83801269531;0
246.8618;1296.26318359375;0
249.3828;1260.78833007813;0
251.9053;1362.03625488281;0
254.423;1419.38916015625;0
256.942;1362.05224609375;0
259.4603;1423.23193359375;0
261.9759;1355.25073242188;0
264.4887;1445.46447753906;0
267.005;1412.94897460938;0
269.5164;1499.78479003906;0
272.0292;1543.13562011719;0
274.5393;1649.09484863281;0
277.0466;1706.08374023438;0
279.5574;1766.94665527344;0
282.0654;1730.09289550781;0
284.5686;1669.8818359375;0
287.0752;1596.80505371094;0
289.5791;1670.55603027344;0
292.0803;1644.44287109375;0
294.5828;1553.58923339844;0
297.0826;1397.12048339844;0
299.5838;1347.80139160156;0
302.0801;1351.11071777344;0
304.5758;1303.89172363281;0
307.0749;1256.54956054688;0
309.5672;1210.65600585938;0
312.0608;1227.17138671875;0
314.5558;1236.94482421875;0
317.044;1263.77648925781;0
319.5377;1234.79406738281;0
322.0266;1267.23181152344;0
324.5127;1289.7001953125;0
327.0023;1364.64221191406;0
329.4871;1390.96362304688;0
331.9691;1415.69470214844;0
334.4547;1410.15954589844;0
336.9353;1451.16870117188;0
339.4174;1540.3173828125;0
341.901;1657.97827148438;0
344.3776;1717.52661132813;0
346.8577;1703.04125976563;0
349.333;1602.86364746094;0
351.8076;1548.71838378906;0
354.2857;1532.94189453125;0
356.7569;1495.2900390625;0
359.2296;1463.54370117188;0
361.7015;1364.30725097656;0
364.1729;1451.54248046875;0
366.6414;1369.45422363281;0
369.1093;1395.75927734375;0
371.5745;1374.56591796875;0
374.0432;1429.20642089844;0
376.507;1421.91577148438;0
378.9702;1355.28405761719;0
381.4348;1320.18469238281;0
383.8947;1345.64111328125;0
386.3538;1335.72937011719;0
388.8144;1456.56762695313;0
391.2722;1502.25793457031;0
393.7314;1565.67419433594;0
396.1859;1585.63452148438;0
398.6418;1654.76025390625;0
401.0949;1803.33703613281;0
403.5475;1707.69262695313;0
405.9972;1631.44152832031;0
408.4505;1569.80737304688;0
410.899;1707.17028808594;0
413.3468;1854.37829589844;0
415.796;1937.46374511719;0
418.2405;1966.33984375;0
420.6884;1870.52111816406;0
423.1295;1711.92846679688;0
425.572;1655.34680175781;0
428.0159;1587.69848632813;0
430.455;1631.65881347656;0
432.8956;1506.6513671875;0
435.3335;1503.47607421875;0
437.7707;1447.32177734375;0
440.2093;1496.97448730469;0
442.6432;1502.37585449219;0
445.0764;1393.45300292969;0
447.511;1328.76416015625;0
449.9429;1308.00573730469;0
452.3721;1420.50158691406;0
454.8048;1464.73522949219;0
457.2328;1534.01904296875;0
459.66;1534.33312988281;0
462.0847;1576.25756835938;0
464.5127;1549.02551269531;0
466.9381;1578.89770507813;0
469.3587;1638.2158203125;0
471.7807;1689.92834472656;0
474.2042;1789.55334472656;0
476.6229;1776.47790527344;0
479.041;1858.18432617188;0
481.4604;1832.75964355469;0
483.8752;1774.84106445313;0
486.2934;1711.00891113281;0
488.7068;1576.68188476563;0
491.1197;1621.08728027344;0
493.5339;1546.82238769531;0
495.9435;1567.78112792969;0
498.3544;1438.33264160156;0
500.7667;1444.00219726563;0
503.1723;1374.90185546875;0
505.5793;1416.24438476563;0
507.9856;1346.22216796875;0
510.3913;1277.3193359375;0
512.7944;1148.93566894531;0
515.1968;1088.44152832031;0
517.5986;1123.69311523438;0
519.9997;1246.68127441406;0
522.3982;1260.17138671875;0
524.798;1200.19213867188;0
527.1973;1154.92028808594;0
529.5919;1184.75048828125;0
531.9899;1260.63830566406;0
534.3832;1265.55871582031;0
536.7758;1273.41760253906;0
539.1699;1313.24206542969;0
541.5593;1285.19458007813;0
543.9481;1355.72509765625;0
546.3382;1409.04504394531;0
548.7257;1395.390625;0
551.1146;1315.87536621094;0
553.4968;1293.79382324219;0
555.8824;1411.8359375;0
558.2675;1472.27221679688;0
560.6478;1506.52380371094;0
563.0295;1507.37963867188;0
565.4106;1587.72888183594;0
567.7911;1484.46447753906;0
570.169;1411.25036621094;0
572.5462;1239.9453125;0
574.9229;1275.904296875;0
577.2968;1220.40368652344;0
579.6721;1264.05590820313;0
582.0449;1157.11389160156;0
584.417;1061.87963867188;0
586.7885;950.131958007813;0
589.1553;1036.33374023438;0
591.5255;1141.97644042969;0
593.8931;1116.21105957031;0
596.2601;1118.71691894531;0
598.6265;1021.26861572266;0
600.9902;1103.90197753906;0
603.3554;1144.44091796875;0
605.7179;1226.8056640625;0
608.0778;1245.1044921875;0
610.4391;1103.033203125;0
612.7977;1060.30590820313;0
615.1558;1020.5556640625;0
617.5132;1081.65295410156;0
619.8701;1087.9892578125;0
622.2263;1096.07543945313;0
624.5779;1125.28479003906;0
626.9308;1260.15454101563;0
629.2852;1397.53942871094;0
631.6349;1490.39611816406;0
633.9841;1599.32080078125;0
636.3326;1662.80151367188;0
638.6805;1719.92150878906;0
641.0279;1656.61804199219;0
643.3746;1717.86413574219;0
645.7187;1767.28088378906;0
648.0621;1833.83081054688;0
650.405;1704.95776367188;0
652.7453;1700.21508789063;0
655.087;1622.04992675781;0
657.426;1624.24938964844;0
659.7645;1561.12268066406;0
662.1024;1511.96362304688;0
664.4376;1408.39465332031;0
666.7742;1350.4228515625;0
669.1063;1300.69409179688;0
671.4398;1318.7646484375;0
673.7726;1348.20166015625;0
676.1048;1304.70190429688;0
678.4324;1234.54016113281;0
680.7635;1098.47314453125;0
683.0919;1125.65600585938;0
685.4158;1185.30395507813;0
687.743;1232.8349609375;0
690.0696;1217.22863769531;0
692.3937;1241.99255371094;0
694.7151;1255.30102539063;0
697.038;1404.85729980469;0
699.3583;1382.98376464844;0
701.6779;1537.1396484375;0
703.995;1459.24743652344;0
706.3155;1436.9091796875;0
708.6294;1408.94885253906;0
710.9467;1412.20959472656;0
713.2594;1522.17236328125;0
715.5735;1419.1904296875;0
717.887;1411.84460449219;0
720.1979;1407.98852539063;0
722.5083;1515.89978027344;0
724.818;1491.18798828125;0
727.1252;1408.83459472656;0
729.4357;1304.90698242188;0
731.7418;1340.58325195313;0
734.0452;1320.51965332031;0
736.35;1245.26208496094;0
738.6522;1238.13977050781;0
740.9539;1245.51147460938;0
743.2569;1311.98229980469;0
745.5554;1233.92663574219;0
747.8553;1270.78356933594;0
750.1545;1295.66674804688;0
752.4513;1385.2412109375;0
754.7474;1225.01391601563;0
757.043;1051.30041503906;0
759.336;993.777893066406;0
761.6304;968.515258789063;0
763.9222;936.975341796875;0
766.2114;739.748474121094;0
768.5041;727.833679199219;0
770.7922;705.917419433594;0
773.0777;801.403076171875;0
775.3647;889.5966796875;0
777.651;1068.33740234375;0
779.9368;1058.72302246094;0
782.22;1046.43078613281;0
784.5026;975.827087402344;0
786.7847;1016.59924316406;0
789.0662;945.056335449219;0
791.3451;976.970520019531;0
793.6254;1040.40661621094;0
795.9012;1160.43127441406;0
798.1784;1251.8330078125;0
800.455;1246.00842285156;0
802.7291;1279.86804199219;0
805.0026;1155.29919433594;0
807.2755;1306.19018554688;0
809.5478;1359.6328125;0
811.8176;1477.18383789063;0
814.0869;1538.85986328125;0
816.3535;1583.90673828125;0
818.6235;1640.70654296875;0
820.8911;1544.02111816406;0
823.156;1548.69030761719;0
825.4204;1591.27941894531;0
827.6823;1525.74353027344;0
829.9474;1545.20056152344;0
832.2082;1446.4833984375;0
834.4683;1513.01892089844;0
836.7279;1560.31286621094;0
838.9869;1573.37451171875;0
841.2453;1613.15466308594;0
843.5012;1647.9375;0
845.7565;1639.76403808594;0
848.0133;1614.37194824219;0
850.2655;1454.40661621094;0
852.5153;1411.83569335938;0
854.7703;1441.80480957031;0
857.0189;1366.03552246094;0
859.2668;1339.92102050781;0
861.5182;1083.4638671875;0
863.7651;1204.28344726563;0
866.0114;1225.12121582031;0
868.2592;1196.51184082031;0
870.5024;1078.57836914063;0
872.7451;1010.92962646484;0
874.9872;1104.88952636719;0
877.2307;1120.08337402344;0
879.4717;1040.61730957031;0
881.7101;937.376892089844;0
883.95;904.98486328125;0
886.1854;1015.66485595703;0
888.4202;1056.77844238281;0
890.6604;1086.52978515625;0
892.8941;1135.09399414063;0
895.1253;1258.49743652344;0
897.3599;1358.92346191406;0
899.59;1124.59875488281;0
901.8195;1020.04949951172;0
904.0504;942.295715332031;0
906.2789;1169.65869140625;0
908.5087;1276.86547851563;0
910.7341;1293.81225585938;0
912.9589;1296.31274414063;0
915.1851;1341.29516601563;0
917.4088;1380.31311035156;0
919.63;1320.56530761719;0
921.8526;1152.07177734375;0
924.0727;1225.60620117188;0
926.2922;1313.2041015625;0
928.5112;1354.12780761719;0
930.7277;1167.03271484375;0
932.9476;994.853271484375;0
935.163;1041.01062011719;0
937.3739;901.833984375;0
939.5901;858.59423828125;0
941.8019;758.469665527344;0
944.0151;786.785766601563;0
946.2258;691.521606445313;0
948.4341;592.206176757813;0
950.6456;527.918884277344;0
952.8527;499.0615234375;0
955.0593;423.142303466797;0
957.2653;447.177185058594;0
959.4689;515.166564941406;0
961.6738;583.198791503906;0
963.8782;517.78173828125;0
966.0782;513.619873046875;0
968.2815;597.216064453125;0
970.4803;602.852600097656;0
972.6787;622.239501953125;0
974.8784;561.303588867188;0
977.0757;647.914245605469;0
979.2704;596.21337890625;0
981.4667;657.313598632813;0
983.6603;750.385070800781;0
985.8535;838.24267578125;0
988.0461;841.154174804688;0
990.2363;825.272644042969;0
992.4297;1004.70324707031;0
994.6169;1284.29382324219;0
996.8035;1500.85083007813;0
998.9933;1685.42236328125;0
1001.179;1637.00170898438;0
1003.364;1621.47473144531;0
1005.55;1447.80029296875;0
1007.732;1527.55639648438;0
1009.916;1523.47180175781;0
1012.096;1602.283203125;0
1014.275;1415.13903808594;0
1016.459;1375.92468261719;0
1018.636;1475.32263183594;0
1020.813;1610.39501953125;0
1022.991;1728.43688964844;0
1025.165;1706.53332519531;0
1027.34;1655.94506835938;0
1029.515;1619.89050292969;0
1031.687;1520.47521972656;0
1033.859;1559.36682128906;0
1036.03;1522.91125488281;0
1038.199;1457.88366699219;0
1040.369;1373.05822753906;0
1042.536;1230.32104492188;0
1044.704;1231.11499023438;0
1046.87;1340.10180664063;0
1049.034;1303.93994140625;0
1051.198;1160.40795898438;0
1053.363;901.402587890625;0
1055.526;850.491455078125;0
1057.686;873.506774902344;0
1059.845;922.794982910156;0
1062.005;882.958862304688;0
1064.165;888.960693359375;0
1066.323;906.923889160156;0
1068.477;876.157897949219;0
1070.634;912.891540527344;0
1072.788;832.976257324219;0
1074.942;1009.60089111328;0
1077.096;927.69140625;0
1079.247;1069.14123535156;0
1081.397;1032.24133300781;0
1083.547;1160.34655761719;0
1085.695;1106.57678222656;0
1087.844;1234.22619628906;0
1089.992;1202.51684570313;0
1092.138;1171.16491699219;0
1094.284;990.034240722656;0
1096.425;1040.54406738281;0
1098.571;1086.62463378906;0
1100.711;1166.82836914063;0
1102.851;1218.57727050781;0
1104.994;1205.33898925781;0
1107.132;1362.40441894531;0
1109.271;1335.78002929688;0
1111.408;1350.50988769531;0
1113.543;1270.1611328125;0
1115.682;1388.94702148438;0
1117.816;1456.78491210938;0
1119.947;1384.01599121094;0
1122.08;1229.50122070313;0
1124.213;1253.72521972656;0
1126.343;1285.08422851563;0
1128.474;1212.58056640625;0
1130.602;1058.10571289063;0
1132.728;1045.58520507813;0
1134.856;1185.5908203125;0
1136.982;1199.69116210938;0
1139.109;1172.26489257813;0
1141.234;1068.53967285156;0
1143.356;1171.51733398438;0
1145.479;1190.04272460938;0
1147.599;1150.29541015625;0
1149.719;1094.58703613281;0
1151.839;1141.8046875;0
1153.957;1110.05810546875;0
1156.076;989.010925292969;0
1158.191;758.662109375;0
1160.305;803.354248046875;0
1162.423;801.033447265625;0
1164.536;946.200805664063;0
1166.647;873.278503417969;0
1168.761;926.997619628906;0
1170.871;861.297180175781;0
1172.983;915.970947265625;0
1175.092;1042.73657226563;0
1177.2;1287.0234375;0
1179.306;1395.59094238281;0
1181.413;1463.41259765625;0
1183.518;1336.880859375;0
1185.623;1359.42565917969;0
1187.725;1202.7744140625;0
1189.826;1293.8486328125;0
1191.929;1325.35656738281;0
1194.032;1431.96752929688;0
1196.13;1357.52954101563;0
1198.23;1351.34509277344;0
1200.327;1405.38342285156;0
1202.423;1462.57263183594;0
1204.52;1488.12524414063;0
1206.613;1390.36645507813;0
1208.71;1471.47290039063;0
1210.801;1505.70642089844;0
1212.892;1540.47326660156;0
1214.987;1446.66430664063;0
1217.075;1531.83203125;0
1219.166;1529.31335449219;0
1221.256;1557.44104003906;0
1223.342;1406.51489257813;0
1225.43;1361.38732910156;0
1227.515;1248.60498046875;0
1229.597;1170.390625;0
1231.685;1227.53491210938;0
1233.767;1245.91711425781;0
1235.85;1372.84851074219;0
1237.931;1395.90771484375;0
1240.009;1432.04443359375;0
1242.09;1274.85778808594;0
1244.168;1257.0869140625;0
1246.245;1266.50769042969;0
1248.321;1458.73498535156;0
1250.397;1417.99291992188;0
1252.472;1440.17041015625;0
1254.547;1309.59802246094;0
1256.618;1283.68798828125;0
1258.69;1210.32922363281;0
1260.761;1208.04174804688;0
1262.83;1190.39868164063;0
1264.901;1226.27478027344;0
1266.969;1242.62573242188;0
1269.035;1271.56201171875;0
1271.102;1401.19274902344;0
1273.167;1367.63012695313;0
1275.233;1415.98718261719;0
1277.295;1204.04089355469;0
1279.359;1078.79357910156;0
1281.42;876.134765625;0
1283.482;893.259521484375;0
1285.542;884.107177734375;0
1287.6;977.745178222656;0
1289.659;987.019348144531;0
1291.714;1178.53576660156;0
1293.774;1363.50769042969;0
1295.828;1456.04016113281;0
1297.881;1465.580078125;0
1299.936;1534.32275390625;0
1301.987;1618.04663085938;0
1304.041;1781.25427246094;0
1306.09;1669.50756835937;0
1308.139;1612.5859375;0
1310.19;1517.60522460938;0
1312.238;1577.79479980469;0
1314.286;1568.65637207031;0
1316.331;1509.10583496094;0
1318.376;1641.9580078125;0
1320.422;1639.84741210938;0
1322.466;1703.17114257813;0
1324.508;1705.30334472656;0
1326.549;1796.24865722656;0
1328.59;1769.17492675781;0
1330.632;1526.21691894531;0
1332.67;1499.87255859375;0
1334.707;1409.93432617188;0
1336.746;1468.97937011719;0
1338.78;1395.67333984375;0
1340.816;1299.68212890625;0
1342.852;1042.78552246094;0
1344.885;944.098510742188;0
1346.916;930.921997070313;0
1348.948;1139.19982910156;0
1350.979;1201.58447265625;0
1353.011;1173.30102539063;0
1355.04;1096.79760742188;0
1357.066;1028.33361816406;0
1359.094;1099.28552246094;0
1361.121;1060.55676269531;0
1363.145;1078.25061035156;0
1365.171;961.29052734375;0
1367.192;881.456420898438;0
1369.216;705.799926757813;0
1371.239;760.652526855469;0
1373.258;825.569763183594;0
1375.28;831.219116210938;0
1377.298;695.044799804688;0
1379.316;484.818786621094;0
1381.335;516.497253417969;0
1383.35;568.173461914063;0
1385.366;580.746704101563;0
1387.38;497.5927734375;0
1389.394;439.378265380859;0
1391.409;638.938598632813;0
1393.42;555.249084472656;0
1395.43;690.8896484375;0
1397.44;566.272583007813;0
1399.451;581.248413085938;0
1401.458;392.707092285156;0
1403.466;199.77165222168;0
1405.472;192.664520263672;0
1407.478;266.366851806641;0
1409.483;439.391265869141;0
1411.486;550.9609375;0
1413.49;596.706298828125;0
1415.492;629.074890136719;0
1417.492;595.365234375;0
1419.495;580.292419433594;0
1421.494;590.761291503906;0
1423.492;779.18310546875;0
1425.49;946.328369140625;0
1427.487;1080.65185546875;0
1429.482;1208.42407226563;0
1431.477;1217.53845214844;0
1433.471;1228.880859375;0
1435.466;1202.96057128906;0
1437.456;1305.80712890625;0
1439.447;1294.27819824219;0
1441.441;1284.26623535156;0
1443.427;1204.76489257813;0
1445.417;1311.31823730469;0
1447.406;1367.03784179688;0
1449.392;1325.26904296875;0
1451.381;1325.73193359375;0
1453.365;1295.81604003906;0
1455.348;1397.6328125;0
1457.333;1375.40417480469;0
1459.314;1278.01586914063;0
1461.296;1204.68688964844;0
1463.276;999.079345703125;0
1465.256;958.892395019531;0
1467.237;1057.06750488281;0
1469.215;1168.2890625;0
1471.19;1229.22497558594;0
1473.167;1120.54724121094;0
1475.145;1238.70080566406;0
1477.118;1269.12670898438;0
1479.092;1330.26940917969;0
1481.065;1177.46313476563;0
1483.038;1066.931640625;0
1485.008;1025.01440429688;0
1486.979;1075.37829589844;0
1488.949;948.023132324219;0
1490.917;827.837890625;0
1492.883;826.821716308594;0
1494.852;761.081604003906;0
1496.817;771.291076660156;0
1498.782;711.567016601563;0
1500.748;884.125915527344;0
1502.708;872.081237792969;0
1504.673;851.650329589844;0
1506.634;769.833251953125;0
1508.594;635.127807617188;0
1510.554;669.090942382813;0
1512.512;687.94384765625;0
1514.471;790.050354003906;0
1516.428;629.226745605469;0
1518.384;667.916015625;0
1520.34;561.12060546875;0
1522.294;693.921264648438;0
1524.249;667.464050292969;0
1526.202;737.64404296875;0
1528.153;668.802734375;0
1530.103;806.164001464844;0
1532.054;771.279174804688;0
1534.004;836.2529296875;0
1535.951;839.415100097656;0
1537.899;893.989318847656;0
1539.847;859.75341796875;0
1541.793;677.154052734375;0
1543.738;650.512817382813;0
1545.681;639.224060058594;0
1547.625;644.281616210938;0
1549.566;577.909973144531;0
1551.509;519.7099609375;0
1553.45;475.985412597656;0
1555.389;563.872192382813;0
1557.33;439.811279296875;0
1559.266;544.580078125;0
1561.204;610.745544433594;0
1563.141;793.412414550781;0
1565.074;789.346435546875;0
1567.009;628.714782714844;0
1568.943;586.460998535156;0
1570.877;609.807312011719;0
1572.808;640.420349121094;0
1574.741;670.411193847656;0
1576.67;476.002136230469;0
1578.6;467.860443115234;0
1580.528;475.654602050781;0
1582.455;520.384643554688;0
1584.382;530.824890136719;0
1586.307;493.529022216797;0
1588.234;628.602172851563;0
1590.157;668.26611328125;0
1592.081;724.298645019531;0
1594.002;568.25537109375;0
1595.927;449.80224609375;0
1597.845;300.71533203125;0
1599.767;296.210693359375;0
1601.685;140.510543823242;0
1603.602;183.281539916992;0
1605.523;50.4125709533691;0
1607.438;284.060882568359;0
1609.354;300.069244384766;0
1611.269;453.882293701172;0
1613.181;318.945159912109;0
1615.096;193.265213012695;0
1617.008;146.619247436523;0
1618.92;289.163269042969;0
1620.83;537.204956054688;0
1622.74;637.776672363281;0
1624.649;618.190795898438;0
1626.557;508.535125732422;0
1628.464;541.10205078125;0
1630.37;596.583251953125;0
1632.275;711.184631347656;0
1634.18;696.3916015625;0
1636.085;731.012573242188;0
1637.988;821.567565917969;0
1639.888;879.821166992188;0
1641.791;856.319396972656;0
1643.691;736.947692871094;0
1645.588;752.039123535156;0
1647.489;762.480102539063;0
1649.387;797.715881347656;0
1651.284;838.635375976563;0
1653.18;805.908508300781;0
1655.075;976.874450683594;0
1656.972;1104.87182617188;0
1658.864;1376.34643554688;0
1660.754;1239.96594238281;0
1662.65;1032.17504882813;0
1664.539;848.643859863281;0
1666.428;795.37255859375;0
1668.32;839.25;0
1670.207;905.1650390625;0
1672.096;899.011413574219;0
1673.982;921.680419921875;0
1675.867;874.616455078125;0
1677.754;926.8203125;0
1679.638;787.625305175781;0
1681.52;648.920349121094;0
1683.403;470.038696289063;0
1685.285;408.313720703125;0
1687.166;421.412139892578;0
1689.048;537.889465332031;0
1690.924;620.189453125;0
1692.804;762.199279785156;0
1694.682;762.585571289063;0
1696.558;778.570556640625;0
1698.435;589.487487792969;0
1700.308;416.447631835938;0
1702.184;276.339752197266;0
1704.057;287.608337402344;0
1705.929;249.920059204102;0
1707.801;279.052673339844;0
1709.674;259.895111083984;0
1711.542;329.002868652344;0
1713.412;394.709320068359;0
1715.28;325.458892822266;0
1717.145;367.362731933594;0
1719.015;240.596862792969;0
1720.88;193.651290893555;0
1722.746;85.8579025268555;0
1724.61;190.345687866211;0
1726.471;416.302459716797;0
1728.334;484.186279296875;0
1730.197;446.734893798828;0
1732.057;324.418365478516;0
1733.919;269.539733886719;0
1735.777;387.73486328125;0
1737.634;351.078674316406;0
1739.493;457.114044189453;0
1741.349;401.205169677734;0
1743.205;383.588714599609;0
1745.061;413.184722900391;0
1746.915;477.592590332031;0
1748.77;675.701782226563;0
1750.621;599.072631835938;0
1752.473;495.039794921875;0
1754.323;353.490814208984;0
1756.173;472.438323974609;0
1758.022;546.311157226563;0
1759.87;550.996826171875;0
1761.718;421.604888916016;0
1763.566;458.107543945313;0
1765.411;502.968017578125;0
1767.256;458.84912109375;0
1769.101;444.638549804688;0
1770.945;508.335021972656;0
1772.787;585.494140625;0
1774.629;584.778869628906;0
1776.469;600.411437988281;0
1778.309;673.169555664063;0
1780.15;739.60888671875;0
1781.987;800.724548339844;0
1783.826;714.514099121094;0
1785.662;784.866516113281;0
1787.498;729.89208984375;0
1789.334;769.479736328125;0
1791.169;718.073913574219;0
1793.002;692.452392578125;0
1794.834;830.059692382813;0
1796.667;884.006774902344;0
1798.498;993.404846191406;0
1800.328;916.03173828125;0
1802.157;830.998413085938;0
1803.986;869.527221679688;0
1805.813;985.84033203125;0
1807.639;1153.048828125;0
1809.467;1154.15283203125;0
1811.292;1071.48547363281;0
1813.117;919.046936035156;0
1814.94;829.281555175781;0
1816.763;845.744995117188;0
1818.585;859.437133789063;0
1820.407;727.358032226563;0
1822.227;687.618774414063;0
1824.048;604.33056640625;0
1825.865;663.276550292969;0
1827.683;604.234619140625;0
1829.501;579.538696289063;0
1831.317;415.744354248047;0
1833.135;372.721099853516;0
1834.948;113.724098205566;0
1836.761;210.527297973633;0
1838.577;328.586517333984;0
1840.388;579.3388671875;0
1842.198;490.337982177734;0
1844.009;378.548065185547;0
1845.819;348.006469726563;0
1847.629;393.662048339844;0
1849.436;263.462890625;0
1851.244;181.52214050293;0
1853.052;232.833145141602;0
1854.858;395.506072998047;0
1856.661;521.099304199219;0
1858.466;658.165588378906;0
1860.269;600.149353027344;0
1862.073;700.71728515625;0
1863.875;719.410827636719;0
1865.673;797.6884765625;0
1867.476;644.328063964844;0
1869.275;410.885131835938;0
1871.072;456.105438232422;0
1872.872;585.798828125;0
1874.667;675.187438964844;0
1876.464;705.93798828125;0
1878.26;699.050476074219;0
1880.053;647.969055175781;0
1881.849;605.137512207031;0
1883.64;494.555755615234;0
1885.431;580.779418945313;0
1887.226;529.141784667969;0
1889.014;548.420227050781;0
1890.803;585.61474609375;0
1892.594;637.83984375;0
1894.38;758.318176269531;0
1896.167;709.939819335938;0
1897.955;725.038208007813;0
1899.74;640.946533203125;0
1901.526;612.55419921875;0
1903.309;618.194519042969;0
1905.091;608.09033203125;0
1906.876;628.019592285156;0
1908.658;422.20654296875;0
1910.438;426.430206298828;0
1912.217;386.358215332031;0
1913.996;420.991882324219;0
1915.775;379.887878417969;0
1917.553;435.601837158203;0
1919.33;542.135986328125;0
1921.106;598.268249511719;0
1922.881;457.889678955078;0
1924.655;417.44580078125;0
1926.431;334.937774658203;0
1928.202;334.922302246094;0
1929.974;224.956069946289;0
1931.746;300.002563476563;0
1933.516;294.87158203125;0
1935.286;277.007537841797;0
1937.055;300.081359863281;0
1938.823;461.097869873047;0
1940.592;521.390380859375;0
1942.356;368.058807373047;0
1944.122;367.091796875;0
1945.888;363.389038085938;0
1947.651;397.512512207031;0
1949.416;180.573806762695;0
1951.178;218.101684570313;0
1952.939;268.31591796875;0
1954.699;487.339569091797;0
1956.459;621.296997070313;0
1958.219;683.234985351563;0
1959.979;839.331481933594;0
1961.735;909.698303222656;0
1963.491;956.783142089844;0
1965.249;774.919616699219;0
1967.003;858.561218261719;0
1968.761;847.043701171875;0
1970.512;950.814208984375;0
1972.265;915.539367675781;0
1974.018;885.776306152344;0
1975.769;789.581604003906;0
1977.522;582.676391601563;0
1979.271;484.283020019531;0
1981.018;335.401428222656;0
1982.766;272.809387207031;0
1984.516;378.284973144531;0
1986.261;392.162200927734;0
1988.009;364.663299560547;0
1989.754;304.121612548828;0
1991.498;349.650054931641;0
1993.241;457.926635742188;0
1994.984;490.399047851563;0
1996.727;433.508239746094;0
1998.468;413.809417724609;0
2000.206;402.190277099609;0
2001.946;586.3173828125;0
2003.686;713.079711914063;0
2005.424;681.810180664063;0
2007.161;735.177124023438;0
2008.898;737.964111328125;0
2010.634;849.395812988281;0
2012.369;904.471313476563;0
2014.103;844.635070800781;0
2015.836;835.887084960938;0
2017.57;787.782836914063;0
2019.299;836.100158691406;0
2021.032;837.951171875;0
2022.762;741.890380859375;0
2024.491;737.473510742188;0
2026.221;774.365173339844;0
2027.947;745.786437988281;0
2029.676;680.736206054688;0
2031.403;649.65771484375;0
2033.128;610.995300292969;0
2034.852;653.562805175781;0
2036.577;553.329772949219;0
2038.299;668.6318359375;0
2040.022;679.576965332031;0
2041.744;576.272644042969;0
2043.465;532.278076171875;0
2045.184;477.040100097656;0
2046.903;551.116271972656;0
2048.621;479.282012939453;0
2050.339;459.420959472656;0
2052.057;423.3115234375;0
2053.774;388.979919433594;0
2055.488;138.870574951172;0
2057.203;179.781555175781;0
2058.917;223.446807861328;0
2060.631;376.649200439453;0
2062.344;349.170532226563;0
2064.053;351.341766357422;0
2065.765;354.274688720703;0
2067.476;477.859100341797;0
2069.185;588.420349121094;0
2070.892;754.512878417969;0
2072.6;858.46826171875;0
2074.308;809.287780761719;0
2076.014;766.861572265625;0
2077.72;509.746276855469;0
2079.425;389.943054199219;0
2081.13;202.897521972656;0
2082.833;214.328323364258;0
2084.532;306.128295898438;0
2086.236;304.800506591797;0
2087.936;282.790496826172;0
2089.635;251.766098022461;0
2091.335;370.290588378906;0
2093.034;403.578979492188;0
2094.731;278.764587402344;0
2096.427;294.331207275391;0
2098.124;462.28076171875;0
2099.82;693.093444824219;0
2101.515;812.658142089844;0
2103.207;786.961669921875;0
2104.902;964.683898925781;0
2106.594;1165.96813964844;0
2108.286;1293.72644042969;0
2109.976;1346.58801269531;0
2111.667;1294.59924316406;0
2113.355;1312.37902832031;0
2115.044;1178.19982910156;0
2116.732;1082.14562988281;0
2118.42;1057.08325195313;0
2120.105;1130.27661132813;0
2121.79;1160.81408691406;0
2123.476;1272.25;0
2125.16;1194.36193847656;0
2126.844;1197.03869628906;0
2128.524;1106.39123535156;0
2130.207;1171.30871582031;0
2131.888;1224.87341308594;0
2133.567;1251.40319824219;0
2135.247;1289.33862304688;0
2136.927;1256.45715332031;0
2138.603;1279.86950683594;0
2140.281;1330.57446289063;0
2141.957;1295.46081542969;0
2143.633;1247.7490234375;0
2145.308;1248.2666015625;0
2146.981;1236.27233886719;0
2148.654;1316.79345703125;0
2150.328;1180.05432128906;0
2152;1298.05895996094;0
2153.669;1220.47509765625;0
2155.34;1302.90637207031;0
2157.01;1290.00988769531;0
2158.677;1191.73498535156;0
2160.347;1179.54968261719;0
2162.013;1072.86730957031;0
2163.681;1176.18188476563;0
2165.347;1199.02893066406;0
2167.011;1225.57678222656;0
2168.674;1195.82263183594;0
2170.337;1144.00891113281;0
2172.002;1111.46850585938;0
2173.662;1077.98608398438;0
2175.324;973.447570800781;0
2176.985;1060.18518066406;0
2178.645;1113.53125;0
2180.304;1202.26220703125;0
2181.961;1252.99291992188;0
2183.618;1283.05676269531;0
2185.275;1193.73413085938;0
2186.932;1124.46813964844;0
2188.586;1052.89526367188;0
2190.242;1173.36181640625;0
2191.896;973.634582519531;0
2193.547;988.268005371094;0
2195.2;976.441772460938;0
2196.851;1078.59838867188;0
2198.502;1114.14660644531;0
2200.153;1034.19738769531;0
2201.799;1146.76574707031;0
2203.447;1064.25366210938;0
2205.097;1083.34729003906;0
2206.742;1054.51171875;0
2208.391;1007.20483398438;0
2210.035;1043.26721191406;0
2211.679;976.411804199219;0
2213.324;1028.69873046875;0
2214.966;1051.70922851563;0
2216.608;1014.79779052734;0
2218.252;1038.14367675781;0
2219.89;890.815734863281;0
2221.531;889.614135742188;0
2223.172;863.872802734375;0
2224.809;923.147644042969;0
2226.449;974.107604980469;0
2228.086;978.326354980469;0
2229.72;1200.78735351563;0
2231.358;1203.4775390625;0
2232.992;1278.65173339844;0
2234.625;1109.72485351563;0
2236.26;1252.69506835938;0
2237.893;1266.29736328125;0
2239.524;1339.60852050781;0
2241.156;1099.27551269531;0
2242.785;1051.78979492188;0
2244.416;1066.55712890625;0
2246.044;1286.8828125;0
2247.672;1269.96838378906;0
2249.301;1153.67700195313;0
2250.926;1148.00659179688;0
2252.554;1115.177734375;0
2254.177;1165.05383300781;0
2255.803;1078.27270507813;0
2257.427;1093.80480957031;0
2259.051;1116.78942871094;0
2260.671;998.065979003906;0
2262.294;963.320983886719;0
2263.914;915.497192382813;0
2265.533;1139.1533203125;0
2267.153;1222.37976074219;0
2268.773;1282.17736816406;0
2270.392;1147.31689453125;0
2272.006;1114.79956054688;0
2273.624;1159.07104492188;0
2275.239;1310.3544921875;0
2276.854;1399.54040527344;0
2278.468;1369.85266113281;0
2280.084;1384.62182617188;0
2281.695;1306.39904785156;0
2283.305;1225.18530273438;0
2284.919;956.3447265625;0
2286.527;897.524475097656;0
2288.14;1000.62762451172;0
2289.748;1108.13452148438;0
2291.354;1139.37841796875;0
2292.964;1140.91589355469;0
2294.569;1141.08154296875;0
2296.174;1079.20947265625;0
2297.782;1054.23156738281;0
2299.386;911.983093261719;0
2300.99;848.35498046875;0
2302.594;666.552734375;0
2304.195;763.439147949219;0
2305.798;794.901428222656;0
2307.399;777.827209472656;0
2308.998;748.9931640625;0
2310.598;702.954772949219;0
2312.197;811.154235839844;0
2313.795;869.924743652344;0
2315.392;1035.43908691406;0
2316.988;1083.45166015625;0
2318.585;1119.84948730469;0
2320.18;1058.18676757813;0
2321.774;983.682189941406;0
2323.368;872.649963378906;0
2324.961;856.006713867188;0
2326.553;676.495178222656;0
2328.145;749.935668945313;0
2329.735;773.360229492188;0
2331.324;953.440307617188;0
2332.916;833.00048828125;0
2334.503;775.924682617188;0
2336.092;610.496826171875;0
2337.677;665.010070800781;0
2339.263;703.528625488281;0
2340.85;793.205078125;0
2342.434;835.987976074219;0
2344.018;707.853576660156;0
2345.602;669.400573730469;0
2347.185;642.1357421875;0
2348.768;657.55419921875;0
2350.347;630.043884277344;0
2351.928;580.484619140625;0
2353.51;596.438110351563;0
2355.087;531.897827148438;0
2356.665;443.527038574219;0
2358.243;316.432861328125;0
2359.819;360.732879638672;0
2361.396;419.612640380859;0
2362.972;488.656036376953;0
2364.547;513.084106445313;0
2366.121;537.564819335938;0
2367.694;660.211059570313;0
2369.267;670.132873535156;0
2370.839;559.72900390625;0
2372.411;498.894927978516;0
2373.982;548.335510253906;0
2375.55;701.945068359375;0
2377.118;547.503356933594;0
2378.687;556.767822265625;0
2380.254;557.215026855469;0
2381.821;857.498291015625;0
2383.387;964.106384277344;0
2384.954;1019.81713867188;0
2386.516;977.851684570313;0
2388.082;960.367431640625;0
2389.644;832.432312011719;0
2391.209;721.778686523438;0
2392.769;481.859436035156;0
2394.33;607.058776855469;0
2395.892;751.787902832031;0
2397.449;1024.50317382813;0
2399.008;1039.09460449219;0
2400.568;1089.45251464844;0
2402.125;953.800231933594;0
2403.68;1038.47021484375;0
2405.238;957.188049316406;0
2406.792;1183.83154296875;0
2408.349;1201.62524414063;0
2409.902;1391.8203125;0
2411.455;1346.66271972656;0
2413.007;1310.65612792969;0
2414.558;1187.16979980469;0
2416.11;1072.87524414063;0
2417.66;1076.75537109375;0
2419.21;1058.27221679688;0
2420.758;1140.23864746094;0
2422.307;1097.97155761719;0
2423.855;1078.25415039063;0
2425.402;1050.18518066406;0
2426.947;1003.03625488281;0
2428.492;961.265502929688;0
2430.038;898.090148925781;0
2431.58;830.3671875;0
2433.124;899.511047363281;0
2434.667;872.814086914063;0
2436.208;964.208251953125;0
2437.75;944.761657714844;0
2439.291;924.032287597656;0
2440.83;965.52392578125;0
2442.369;963.736511230469;0
2443.906;1051.01135253906;0
2445.444;1092.78576660156;0
2446.981;1138.509765625;0
2448.517;1196.29663085938;0
2450.053;1116.14953613281;0
2451.587;930.615112304688;0
2453.12;1084.17431640625;0
2454.655;1037.68688964844;0
2456.187;1161.70874023438;0
2457.718;1094.5712890625;0
2459.25;1102.27160644531;0
2460.781;1016.81140136719;0
2462.31;896.900695800781;0
2463.84;1024.19885253906;0
2465.368;1140.77770996094;0
2466.896;1091.29724121094;0
2468.423;910.975219726563;0
2469.949;862.606994628906;0
2471.474;974.158264160156;0
2472.998;1128.75561523438;0
2474.522;1044.84252929688;0
2476.045;1008.97430419922;0
2477.568;980.151062011719;0
2479.09;1043.99206542969;0
2480.612;1058.11059570313;0
2482.132;930.244934082031;0
2483.653;931.77490234375;0
2485.171;947.002990722656;0
2486.689;1188.96960449219;0
2488.208;1255.03991699219;0
2489.725;1212.658203125;0
2491.242;1136.15795898438;0
2492.757;1170.31652832031;0
2494.271;1132.13525390625;0
2495.785;1106.44653320313;0
2497.3;1119.70751953125;0
2498.812;1142.80700683594;0
2500.325;1110.83020019531;0
2501.837;979.865417480469;0
2503.345;751.632873535156;0
2504.856;640.097534179688;0
2506.366;716.921020507813;0
2507.875;849.803466796875;0
2509.382;860.121276855469;0
2510.889;779.791809082031;0
2512.397;741.027221679688;0
2513.901;716.402954101563;0
2515.406;761.857299804688;0
2516.911;762.378540039063;0
2518.415;802.19140625;0
2519.918;638.554382324219;0
2521.421;624.543762207031;0
2522.922;393.259155273438;0
2524.423;504.476287841797;0
2525.924;374.418548583984;0
2527.422;382.419128417969;0
2528.923;202.365188598633;0
2530.419;416.589935302734;0
2531.916;471.314544677734;0
2533.415;576.650085449219;0
2534.909;378.707458496094;0
2536.404;244.597763061523;0
2537.899;18.7787437438965;0
2539.394;-28.9291191101074;0
2540.887;134.917419433594;0
2542.38;287.706817626953;0
2543.871;319.562225341797;0
2545.363;275.716766357422;0
2546.852;267.374938964844;0
2548.345;142.317672729492;0
2549.833;247.097366333008;0
2551.321;217.208786010742;0
2552.811;428.229858398438;0
2554.296;332.574676513672;0
2555.78;381.119293212891;0
2557.267;216.223815917969;0
2558.752;217.794387817383;0
2560.237;-9.9442310333252;0
2561.721;137.273971557617;0
2563.203;149.339263916016;0
2564.687;385.437438964844;0
2566.168;379.474365234375;0
2567.648;456.429656982422;0
2569.129;440.844879150391;0
2570.607;473.533843994141;0
2572.086;459.63623046875;0
2573.565;561.189758300781;0
2575.041;678.382263183594;0
2576.518;744.548461914063;0
2577.994;890.467590332031;0
2579.469;928.084594726563;0
2580.945;1063.51354980469;0
2582.418;977.032775878906;0
2583.892;1052.75207519531;0
2585.365;1074.67065429688;0
2586.835;1038.78991699219;0
2588.307;934.328979492188;0
2589.778;911.838806152344;0
2591.248;951.64306640625;0
2592.717;1041.40661621094;0
2594.186;934.463623046875;0
2595.652;1018.03778076172;0
2597.121;932.801330566406;0
2598.585;965.506225585938;0
2600.052;899.617248535156;0
2601.518;829.880187988281;0
2602.982;852.699340820313;0
2604.446;953.74658203125;0
2605.907;1120.73974609375;0
2607.371;1038.14196777344;0
2608.83;1106.95593261719;0
2610.293;1133.40405273438;0
2611.752;1228.04296875;0
2613.213;1167.09497070313;0
2614.672;1199.89379882813;0
2616.13;1373.21899414063;0
2617.587;1424.84875488281;0
2619.043;1464.22863769531;0
2620.501;1442.02526855469;0
2621.957;1444.79309082031;0
2623.409;1396.19763183594;0
2624.864;1425.71313476563;0
2626.318;1428.77600097656;0
2627.771;1469.916015625;0
2629.222;1435.310546875;0
2630.673;1390.99230957031;0
2632.124;1443.35827636719;0
2633.575;1555.08093261719;0
2635.023;1538.64294433594;0
2636.473;1440.71020507813;0
2637.922;1298.85266113281;0
2639.368;1198.96557617188;0
2640.816;1060.3681640625;0
2642.261;922.405639648438;0
2643.705;847.606872558594;0
2645.151;910.843627929688;0
2646.596;984.33544921875;0
2648.037;1004.14855957031;0
2649.48;943.8359375;0
2650.923;865.432983398438;0
2652.364;906.47705078125;0
2653.804;819.210021972656;0
2655.243;830.07470703125;0
2656.683;817.298034667969;0
2658.121;897.323059082031;0
2659.559;751.148986816406;0
2660.997;772.663208007813;0
2662.433;776.531188964844;0
2663.868;906.306884765625;0
2665.305;859.270629882813;0
2666.737;783.75732421875;0
2668.173;774.700988769531;0
2669.606;728.778991699219;0
2671.038;746.100402832031;0
2672.47;575.556518554688;0
2673.901;525.651428222656;0
2675.331;563.665954589844;0
2676.761;649.720458984375;0
2678.189;703.038940429688;0
2679.619;520.401306152344;0
2681.045;417.804260253906;0
2682.473;383.006378173828;0
2683.9;544.129455566406;0
2685.324;551.681823730469;0
2686.749;543.994079589844;0
2688.176;424.453704833984;0
2689.599;391.167724609375;0
2691.021;286.691375732422;0
2692.444;245.480194091797;0
2693.865;347.538940429688;0
2695.287;299.648040771484;0
2696.707;277.141906738281;0
2698.125;231.466079711914;0
2699.545;414.842559814453;0
2700.963;521.715515136719;0
2702.381;550.084777832031;0
2703.798;487.729919433594;0
2705.214;526.541076660156;0
2706.629;574.241638183594;0
2708.046;677.778686523438;0
2709.458;623.999816894531;0
2710.872;609.519165039063;0
2712.285;593.750305175781;0
2713.699;572.623107910156;0
2715.111;568.944641113281;0
2716.52;514.528686523438;0
2717.93;533.755859375;0
2719.342;501.136169433594;0
2720.749;487.643615722656;0
2722.159;497.285491943359;0
2723.565;610.6337890625;0
2724.971;710.092468261719;0
2726.38;776.769714355469;0
2727.785;731.887573242188;0
2729.19;797.336242675781;0
2730.594;773.450073242188;0
2731.997;936.453857421875;0
2733.401;882.456726074219;0
2734.803;887.016418457031;0
2736.204;848.248596191406;0
2737.606;978.488220214844;0
2739.005;1146.51452636719;0
2740.405;1145.43664550781;0
2741.806;1099.47875976563;0
2743.202;1042.310546875;0
2744.602;1149.15698242188;0
2745.998;1162.12902832031;0
2747.395;1148.33935546875;0
2748.79;1074.22692871094;0
2750.185;1027.23010253906;0
2751.58;1116.02453613281;0
2752.975;1088.71374511719;0
2754.366;1163.07836914063;0
2755.759;1151.60217285156;0
2757.151;1211.52319335938;0
2758.542;1340.12268066406;0
2759.933;1429.06970214844;0
2761.322;1450.48669433594;0
2762.71;1236.98168945313;0
2764.1;1171.15441894531;0
2765.486;1050.57995605469;0
2766.875;1065.35583496094;0
2768.26;911.007385253906;0
2769.646;929.604614257813;0
2771.031;965.218627929688;0
2772.418;1016.83129882813;0
2773.799;1077.45178222656;0
2775.184;1205.51501464844;0
2776.565;1296.23840332031;0
2777.946;1332.841796875;0
2779.328;1289.65747070313;0
2780.708;1253.4619140625;0
2782.09;1375.14404296875;0
2783.469;1565.37072753906;0
2784.847;1608.3076171875;0
2786.226;1463.79565429688;0
2787.603;1355.38952636719;0
2788.978;1415.15893554688;0
2790.355;1437.52282714844;0
2791.731;1326.8310546875;0
2793.104;1307.81274414063;0
2794.479;1294.96984863281;0
2795.853;1259.47192382813;0
2797.225;1210.24523925781;0
2798.596;1169.17761230469;0
2799.967;1141.23461914063;0
2801.341;1050.08959960938;0
2802.71;975.104248046875;0
2804.077;856.095520019531;0
2805.447;813.795288085938;0
2806.815;687.178039550781;0
2808.183;666.805847167969;0
2809.551;679.568664550781;0
2810.915;764.800476074219;0
2812.282;728.836303710938;0
2813.646;681.119262695313;0
2815.011;622.652465820313;0
2816.375;591.101501464844;0
2817.736;527.213500976563;0
2819.099;519.177673339844;0
2820.462;477.743469238281;0
2821.821;488.554046630859;0
2823.182;456.386657714844;0
2824.542;513.793762207031;0
2825.901;613.772644042969;0
2827.261;645.458862304688;0
2828.617;750.609008789063;0
2829.974;675.535278320313;0
2831.33;727.328308105469;0
2832.686;649.671203613281;0
2834.043;710.112670898438;0
2835.395;744.127136230469;0
2836.75;795.777465820313;0
2838.104;805.101684570313;0
2839.456;812.544555664063;0
2840.807;825.423828125;0
2842.16;754.536987304688;0
2843.509;678.259582519531;0
2844.858;736.189086914063;0
2846.209;748.667602539063;0
2847.556;744.56982421875;0
2848.906;613.798889160156;0
2850.253;687.251831054688;0
2851.6;557.140930175781;0
2852.946;471.704315185547;0
2854.29;219.646041870117;0
2855.635;318.489227294922;0
2856.98;354.202209472656;0
2858.323;459.562347412109;0
2859.665;423.257110595703;0
2861.008;463.953430175781;0
2862.349;509.98666381836;0
2863.691;511.088439941406;0
2865.031;546.862365722656;0
2866.37;589.298706054688;0
2867.709;536.863159179687;0
2869.048;479.931091308594;0
2870.385;447.014556884766;0
2871.722;593.880737304688;0
2873.059;688.401916503906;0
2874.394;687.577758789063;0
2875.73;752.294982910156;0
2877.064;764.327941894531;0
2878.398;770.542175292969;0
2879.731;761.850402832031;0
2881.063;852.561462402344;0
2882.395;935.691223144531;0
2883.727;1001.50543212891;0
2885.059;1016.80847167969;0
2886.387;1053.86206054688;0
2887.717;1046.75439453125;0
2889.046;952.172302246094;0
2890.374;946.988037109375;0
2891.699;944.675903320313;0
2893.028;1043.88317871094;0
2894.354;1013.23718261719;0
2895.679;944.314086914063;0
2897.004;956.356628417969;0
2898.328;984.598083496094;0
2899.653;1070.7529296875;0
2900.976;1062.65991210938;0
2902.297;1083.88952636719;0
2903.619;1125.62182617188;0
2904.941;1067.85656738281;0
2906.26;1040.80969238281;0
2907.58;980.945251464844;0
2908.898;1041.17541503906;0
2910.217;1063.67724609375;0
2911.536;1047.78393554688;0
2912.852;1040.77307128906;0
2914.171;1084.38940429688;0
2915.485;1141.52478027344;0
2916.799;1177.9130859375;0
2918.116;1136.802734375;0
2919.428;1011.42895507813;0
2920.743;978.75732421875;0
2922.056;958.57958984375;0
2923.367;1118.14892578125;0
2924.679;1028.56481933594;0
2925.99;1044.619140625;0
2927.299;1052.26171875;0
2928.609;1117.64379882813;0
2929.918;1145.98254394531;0
2931.226;1016.57452392578;0
2932.535;942.078491210938;0
2933.841;857.451843261719;0
2935.149;924.687316894531;0
2936.455;1045.11840820313;0
2937.758;1094.94799804688;0
2939.064;1060.28540039063;0
2940.368;1032.57141113281;0
2941.67;1033.07385253906;0
2942.973;1084.13720703125;0
2944.277;1057.6689453125;0
2945.577;1029.28137207031;0
2946.878;949.33935546875;0
2948.178;971.7431640625;0
2949.477;1030.263671875;0
2950.776;1108.72961425781;0
2952.073;1121.50964355469;0
2953.372;1119.29113769531;0
2954.669;1098.11083984375;0
2955.965;1137.7724609375;0
2957.261;1129.37768554688;0
2958.556;1172.56103515625;0
2959.849;1087.60974121094;0
2961.145;1086.47729492187;0
2962.436;1143.46154785156;0
2963.732;1116.89819335938;0
2965.022;1211.83215332031;0
2966.313;1146.85852050781;0
2967.603;1178.47314453125;0
2968.893;1133.755859375;0
2970.182;1040.61486816406;0
2971.471;1009.53381347656;0
2972.759;978.713073730469;0
2974.047;1002.26995849609;0
2975.334;984.0029296875;0
2976.62;895.447204589844;0
2977.907;800.343933105469;0
2979.192;794.567077636719;0
2980.475;789.825561523437;0
2981.76;987.783325195313;0
2983.043;1020.75360107422;0
2984.326;1006.95739746094;0
2985.607;814.615966796875;0
2986.888;756.018249511719;0
2988.17;817.258239746094;0
2989.449;824.6171875;0
2990.728;757.511474609375;0
2992.007;629.971252441406;0
2993.284;506.262725830078;0
2994.562;570.689880371094;0
2995.84;531.80712890625;0
2997.115;624.834106445313;0
2998.393;600.7705078125;0
2999.666;605.502014160156;0
3000.94;556.531677246094;0
3002.215;522.671691894531;0
3003.486;499.996459960938;0
3004.76;523.2255859375;0
3006.033;594.359252929688;0
3007.303;581.09716796875;0
3008.573;530.954040527344;0
3009.844;390.097839355469;0
3011.114;386.268127441406;0
3012.383;471.427642822266;0
3013.649;466.102294921875;0
3014.917;454.455322265625;0
3016.185;413.631927490235;0
3017.451;408.707977294922;0
3018.716;455.347015380859;0
3019.983;384.362396240234;0
3021.246;456.340454101562;0
3022.509;480.522247314453;0
3023.774;529.798278808594;0
3025.035;474.167633056641;0
3026.299;456.329162597656;0
3027.56;423.027099609375;0
3028.819;399.692504882813;0
3030.081;297.89599609375;0
3031.339;272.416412353516;0
3032.598;318.572174072265;0
3033.856;304.309020996094;0
3035.114;303.097473144531;0
3036.372;263.606750488281;0
3037.628;325.069061279297;0
3038.883;289.556915283203;0
3040.138;261.935333251953;0
3041.394;338.203033447266;0
3042.646;448.533050537109;0
3043.9;450.666778564453;0
3045.152;423.034851074219;0
3046.405;460.857147216797;0
3047.657;539.469604492188;0
3048.906;622.873657226563;0
3050.158;553.291015625;0
3051.407;598.940490722656;0
3052.656;559.373840332031;0
3053.904;612.145202636719;0
3055.153;634.253173828125;0
3056.398;700.590270996094;0
3057.647;743.825317382812;0
3058.892;741.293151855469;0
3060.137;730.64501953125;0
3061.382;745.889526367187;0
3062.625;750.199768066406;0
3063.869;649.910583496094;0
3065.112;621.718627929687;0
3066.353;651.601501464844;0
3067.595;713.008911132812;0
3068.838;680.172546386719;0
3070.075;736.692749023438;0
3071.317;808.958557128906;0
3072.557;881.779663085938;0
3073.795;760.667053222656;0
3075.032;722.359985351563;0
3076.27;701.9462890625;0
3077.507;740.190673828125;0
3078.742;765.116516113281;0
3079.978;815.389892578125;0
3081.212;817.183898925781;0
3082.446;821.057006835937;0
3083.681;780.266784667969;0
3084.913;796.297485351563;0
3086.147;763.130798339844;0
3087.38;799.208984375;0
3088.61;784.551330566406;0
3089.84;823.006164550781;0
3091.071;921.649169921875;0
3092.3;984.768188476563;0
3093.529;1029.58642578125;0
3094.755;961.772888183594;0
3095.984;1060.55383300781;0
3097.211;1067.03979492188;0
3098.438;1076.4521484375;0
3099.663;1033.34533691406;0
3100.888;930.39697265625;0
3102.112;857.656188964844;0
3103.335;759.690368652344;0
3104.56;840.857971191406;0
3105.782;844.839782714844;0
3107.005;853.528442382813;0
3108.226;843.492248535156;0
3109.447;785.110778808594;0
3110.667;798.871215820312;0
3111.887;879.308654785156;0
3113.104;961.817687988281;0
3114.324;910.474182128906;0
3115.541;822.456176757813;0
3116.758;764.245422363281;0
3117.976;778.523376464844;0
3119.192;767.959045410156;0
3120.408;788.106689453125;0
3121.622;757.187744140625;0
3122.835;803.647399902344;0
3124.05;796.266784667969;0
3125.262;812.382995605469;0
3126.476;727.998352050781;0
3127.687;719.669799804687;0
3128.897;739.841491699219;0
3130.108;779.846496582031;0
3131.319;841.130493164063;0
3132.528;834.37841796875;0
3133.737;942.583984375;0
3134.945;968.354064941406;0
3136.152;971.580444335937;0
3137.358;882.373901367188;0
3138.565;892.622192382813;0
3139.772;914.762878417969;0
3140.976;866.231811523437;0
3142.18;798.097900390625;0
3143.385;791.090087890625;0
3144.588;802.070007324219;0
3145.79;810.417175292969;0
3146.993;764.777099609375;0
3148.194;681.470703125;0
3149.395;620.441284179688;0
3150.596;660.609802246094;0
3151.794;770.471435546875;0
3152.994;736.585754394531;0
3154.193;701.209899902344;0
3155.39;625.070861816406;0
3156.587;665.316528320313;0
3157.784;714.333068847656;0
3158.982;699.373229980469;0
3160.177;634.587890625;0
3161.37;473.762878417969;0
3162.565;429.747741699219;0
3163.759;466.036865234375;0
3164.952;487.519592285156;0
3166.146;468.864501953125;0
3167.337;456.484039306641;0
3168.527;485.630554199219;0
3169.719;499.526611328125;0
3170.91;471.406005859375;0
3172.098;371.631622314453;0
3173.288;316.345062255859;0
3174.475;218.334899902344;0
3175.663;266.308654785156;0
3176.849;253.411209106445;0
3178.037;269.746887207031;0
3179.223;281.017364501953;0
3180.408;288.375122070313;0
3181.592;205.897994995117;0
3182.777;115.65966796875;0
3183.96;127.000762939453;0
3185.143;263.852478027344;0
3186.325;312.198455810547;0
3187.507;324.218414306641;0
3188.688;420.627105712891;0
3189.869;469.846160888672;0
3191.049;460.763244628906;0
3192.228;451.821655273437;0
3193.406;414.330657958985;0
3194.585;398.733489990235;0
3195.763;358.028991699219;0
3196.939;404.55712890625;0
3198.116;454.29165649414;0
3199.292;498.807037353516;0
3200.466;461.991516113281;0
3201.643;552.181396484375;0
3202.816;606.5966796875;0
3203.991;721.354431152344;0
3205.161;714.310119628906;0
3206.334;758.820251464844;0
3207.504;724.551696777344;0
3208.677;700.166931152344;0
3209.846;689.744689941406;0
3211.017;785.880859375;0
3212.187;844.095886230469;0
3213.356;825.518798828125;0
3214.524;850.620483398438;0
3215.69;909.035339355469;0
3216.859;926.761657714844;0
3218.024;910.579895019531;0
3219.189;919.93408203125;0
3220.354;773.934631347656;0
3221.519;758.043151855469;0
3222.682;712.450012207031;0
3223.845;882.664611816406;0
3225.01;909.438598632813;0
3226.171;962.636535644531;0
3227.332;993.706237792969;0
3228.494;1034.84973144531;0
3229.655;1014.08862304688;0
3230.814;1004.08343505859;0
3231.973;965.29296875;0
3233.13;1004.91857910156;0
3234.29;944.625732421875;0
3235.447;961.856201171875;0
3236.605;997.632141113281;0
3237.76;1056.76916503906;0
3238.916;1042.10070800781;0
3240.071;1011.39294433594;0
3241.224;970.292297363281;0
3242.381;933.379333496094;0
3243.532;887.667785644531;0
3244.685;932.486328125;0
3245.839;965.508056640625;0
3246.99;924.306701660156;0
3248.141;804.838256835938;0
3249.292;827.129455566406;0
3250.439;803.388671875;0
3251.589;797.555847167969;0
3252.739;809.895324707031;0
3253.886;831.231018066406;0
3255.034;884.193115234375;0
3256.18;764.246215820313;0
3257.326;709.118896484375;0
3258.472;702.058288574219;0
3259.617;713.401794433594;0
3260.761;810.039916992188;0
3261.905;829.997741699219;0
3263.048;879.145751953125;0
3264.19;861.284362792969;0
3265.333;875.154724121094;0
3266.475;932.146545410156;0
3267.617;931.885986328125;0
3268.757;971.340637207031;0
3269.896;1022.46551513672;0
3271.036;1001.78753662109;0
3272.175;927.299926757813;0
3273.313;849.528015136719;0
3274.449;895.193359375;0
3275.586;917.997619628906;0
3276.722;881.244445800781;0
3277.859;880.559387207031;0
3278.993;883.367431640625;0
3280.13;916.737854003906;0
3281.263;908.660522460938;0
3282.395;993.254577636719;0
3283.529;1007.21893310547;0
3284.66;1137.42041015625;0
3285.794;1050.41687011719;0
3286.924;1116.65307617187;0
3288.054;1017.68536376953;0
3289.185;956.249450683594;0
3290.313;843.019714355469;0
3291.443;814.169677734375;0
3292.571;856.761291503906;0
3293.698;867.152709960938;0
3294.824;816.676086425781;0
3295.952;763.240417480469;0
3297.077;709.716979980469;0
3298.203;684.3369140625;0
3299.328;822.635620117188;0
3300.45;890.075561523437;0
3301.574;884.101623535156;0
3302.698;770.15869140625;0
3303.819;788.478881835938;0
3304.942;721.438903808594;0
3306.064;597.983154296875;0
3307.182;533.113830566406;0
3308.303;550.91943359375;0
3309.423;694.9609375;0
3310.542;669.290832519531;0
3311.66;595.69482421875;0
3312.778;489.936462402344;0
3313.895;433.528686523438;0
3315.012;442.359100341797;0
3316.128;475.540435791016;0
3317.243;508.742248535156;0
3318.357;524.636413574219;0
3319.471;553.337158203125;0
3320.586;575.454345703125;0
3321.698;666.723999023437;0
3322.813;671.378479003906;0
3323.923;743.309997558594;0
3325.034;837.295043945313;0
3326.146;846.947387695313;0
3327.255;845.042175292969;0
3328.366;730.021301269531;0
3329.474;769.904235839844;0
3330.582;767.920837402344;0
3331.691;802.994567871094;0
3332.797;780.419494628906;0
3333.905;760.562744140625;0
3335.011;732.576904296875;0
3336.116;747.625854492188;0
3337.22;644.464233398438;0
3338.327;600.32861328125;0
3339.429;519.818176269531;0
3340.534;539.07421875;0
3341.635;575.622680664063;0
3342.737;540.935119628906;0
3343.84;543.532531738281;0
3344.94;476.172943115234;0
3346.041;433.379425048828;0
3347.142;385.590545654297;0
3348.24;402.875854492188;0
3349.337;511.932525634766;0
3350.437;578.386657714844;0
3351.534;584.609069824219;0
3352.633;514.214599609375;0
3353.727;442.983367919922;0
3354.823;431.106079101563;0
3355.919;506.367980957031;0
3357.013;582.3740234375;0
3358.108;567.718017578125;0
3359.201;609.262817382813;0
3360.293;543.785766601563;0
3361.385;550.064086914063;0
3362.478;453.570098876953;0
3363.569;519.04541015625;0
3364.661;552.831665039063;0
3365.75;642.237976074219;0
3366.838;642.408630371094;0
3367.929;655.307861328125;0
3369.017;626.891418457031;0
3370.105;620.035400390625;0
3371.193;641.653381347656;0
3372.279;657.042236328125;0
3373.364;692.067565917969;0
3374.45;692.914306640625;0
3375.534;691.563598632813;0
3376.62;698.703186035156;0
3377.704;780.5126953125;0
3378.786;830.897644042969;0
3379.871;849.497924804688;0
3380.951;843.884521484375;0
3382.034;844.924377441406;0
3383.114;778.413940429688;0
3384.195;770.578918457031;0
3385.276;636.9384765625;0
3386.354;733.28271484375;0
3387.433;746.837219238281;0
3388.511;856.853088378906;0
3389.588;823.408142089844;0
3390.664;823.532104492188;0
3391.742;818.305847167969;0
3392.816;790.153442382813;0
3393.893;786.0908203125;0
3394.968;742.222961425781;0
3396.042;752.112121582031;0
3397.115;643.238708496094;0
3398.189;650.865539550781;0
3399.262;591.278930664063;0
3400.333;618.711853027344;0
3401.404;625.344421386719;0
3402.474;690.866088867188;0
3403.545;777.959289550781;0
3404.615;754.966430664063;0
3405.685;787.390319824219;0
3406.752;778.096374511719;0
3407.82;850.426086425781;0
3408.888;891.287902832031;0
3409.955;868.3310546875;0
3411.021;821.28857421875;0
3412.085;739.166809082031;0
3413.151;743.62158203125;0
3414.215;756.568542480469;0
3415.279;749.755432128906;0
3416.343;742.444152832031;0
3417.406;762.422241210938;0
3418.468;764.471496582031;0
3419.53;741.755859375;0
3420.592;736.300537109375;0
3421.652;794.144470214844;0
3422.712;811.776245117188;0
3423.773;825.523803710938;0
3424.83;811.924865722656;0
3425.889;893.898986816406;0
3426.946;919.611633300781;0
3428.005;888.072326660156;0
3429.061;832.139221191406;0
3430.117;865.665100097656;0
3431.172;872.744079589844;0
3432.227;821.203063964844;0
3433.281;771.133361816406;0
3434.335;766.992370605469;0
3435.389;748.529052734375;0
3436.44;699.66015625;0
3437.492;773.983581542969;0
3438.546;776.663696289063;0
3439.598;817.211364746094;0
3440.646;688.948486328125;0
3441.697;743.413696289063;0
3442.745;689.059020996094;0
3443.793;834.304138183594;0
3444.842;802.357482910156;0
3445.891;876.30322265625;0
3446.937;821.933227539063;0
3447.984;869.389770507813;0
3449.031;829.739013671875;0
3450.075;762.073547363281;0
3451.12;791.214477539063;0
3452.164;781.096008300781;0
3453.207;849.936462402344;0
3454.251;769.280517578125;0
3455.293;797.917663574219;0
3456.336;777.989379882813;0
3457.378;711.661926269531;0
3458.417;628.220275878906;0
3459.458;550.311279296875;0
3460.498;614.739929199219;0
3461.539;579.916870117188;0
3462.577;576.265747070313;0
3463.614;605.526977539063;0
3464.651;661.514099121094;0
3465.689;662.271423339844;0
3466.726;619.423522949219;0
3467.763;624.854431152344;0
3468.798;652.931396484375;0
3469.831;635.998596191406;0
3470.866;708.222778320313;0
3471.9;657.164367675781;0
3472.933;581.391967773438;0
3473.966;505.465606689453;0
3474.999;537.639221191406;0
3476.029;600.008239746094;0
3477.061;560.055541992188;0
3478.09;479.697906494141;0
3479.121;438.409240722656;0
3480.15;408.734954833984;0
3481.178;450.221099853516;0
3482.205;525.860473632813;0
3483.234;581.809326171875;0
3484.26;576.593444824219;0
3485.288;531.541198730469;0
3486.313;492.972106933594;0
3487.337;473.643737792969;0
3488.364;482.577880859375;0
3489.387;526.654418945313;0
3490.411;544.630981445313;0
3491.434;513.203125;0
3492.456;511.547973632813;0
3493.479;424.447387695313;0
3494.5;413.634246826172;0
3495.521;231.414611816406;0
3496.543;263.479156494141;0
3497.561;177.587265014648;0
3498.579;171.130065917969;0
3499.6;109.824325561523;0
3500.618;41.0808372497559;0
3501.636;-16.9533996582031;0
3502.653;-24.2788925170898;0
3503.669;-60.4953536987305;0
3504.685;-81.4234313964844;0
3505.699;-108.097152709961;0
3506.716;-71.5965957641602;0
3507.729;-16.4838733673096;0
3508.743;-67.3975677490234;0
3509.755;-45.9236106872559;0
