98.64605;0;0
101.2353;0;0
103.8217;0;0
106.4096;-21.9259262084961;0
108.9945;-28.3999996185303;0
111.5767;-94.7301559448242;0
114.1602;-6.40740728378296;0
116.7409;14.5353536605835;0
119.3209;63.0256423950195;0
121.9002;19.3851852416992;0
124.4788;18.738561630249;0
127.0566;-23.1520462036133;0
129.6317;-21.6719570159912;0
132.2038;30.3816432952881;0
134.7796;21.1288890838623;0
137.3503;26.2098770141602;0
139.9204;14.2145595550537;0
142.4919;114.50895690918;0
145.0584;212.313125610352;0
147.6242;286.393646240234;0
150.1914;345.627624511719;0
152.7579;427.37890625;0
155.3216;410.005432128906;0
157.8846;471.260986328125;0
160.4448;495.725921630859;0
163.0085;568.257690429687;0
165.5672;613.322021484375;0
168.1232;678.335510253906;0
170.6826;696.301879882812;0
173.2372;755.452514648438;0
175.7931;802.155944824219;0
178.3463;816.252380371094;0
180.8966;820.990234375;0
183.4504;806.885192871094;0
185.9993;912.3916015625;0
188.5476;928.013488769531;0
191.0972;928.8525390625;0
193.644;981.525695800781;0
196.1859;1076.80505371094;0
198.7335;1103.66333007812;0
201.2761;1035.98840332031;0
203.8201;975.054992675781;0
206.3593;936.150817871094;0
208.8998;951.978637695312;0
211.4397;979.536682128906;0
213.9746;1060.75952148438;0
216.5109;1058.33032226563;0
219.0487;1083.31237792969;0
221.5816;1070.77612304688;0
224.1158;1184.3251953125;0
226.6473;1204.83471679687;0
229.176;1193.24987792969;0
231.7082;1256.81506347656;0
234.2355;1322.63293457031;0
236.7643;1324.49084472656;0
239.2902;1248.18493652344;0
241.8133;1222.36376953125;0
244.3379;1228.62634277344;0
246.8618;1263.30346679687;0
249.3828;1224.59411621094;0
251.9053;1270.47180175781;0
254.423;1269.4501953125;0
256.942;1259.76916503906;0
259.4603;1297.68432617188;0
261.9759;1226.50439453125;0
264.4887;1230.72058105469;0
267.005;1190.55017089844;0
269.5164;1272.609375;0
272.0292;1376.93920898438;0
274.5393;1432.404296875;0
277.0466;1432.64221191406;0
279.5574;1425.82080078125;0
282.0654;1407.99133300781;0
284.5686;1427.24084472656;0
287.0752;1504.19641113281;0
289.5791;1549.85986328125;0
292.0803;1572.80993652344;0
294.5828;1530.61376953125;0
297.0826;1486.00244140625;0
299.5838;1379.42602539063;0
302.0801;1252.97143554688;0
304.5758;1185.08459472656;0
307.0749;1194.72302246094;0
309.5672;1152.837890625;0
312.0608;1182.83825683594;0
314.5558;1139.25439453125;0
317.044;1164.1767578125;0
319.5377;1111.66394042969;0
322.0266;1169.65979003906;0
324.5127;1231.06652832031;0
327.0023;1314.57092285156;0
329.4871;1291.41101074219;0
331.9691;1278.16271972656;0
334.4547;1257.32263183594;0
336.9353;1327.04602050781;0
339.4174;1405.33898925781;0
341.901;1457.19702148438;0
344.3776;1457.9716796875;0
346.8577;1454.63586425781;0
349.333;1472.66564941406;0
351.8076;1442.53845214844;0
354.2857;1378.35607910156;0
356.7569;1309.39489746094;0
359.2296;1287.01159667969;0
361.7015;1263.04077148437;0
364.1729;1313.79602050781;0
366.6414;1295.65356445313;0
369.1093;1274.69714355469;0
371.5745;1224.03662109375;0
374.0432;1222.61083984375;0
376.507;1253.78601074219;0
378.9702;1203.10473632813;0
381.4348;1171.22351074219;0
383.8947;1142.07482910156;0
386.3538;1213.78662109375;0
388.8144;1279.701171875;0
391.2722;1406.45483398437;0
393.7314;1439.26635742188;0
396.1859;1517.21618652344;0
398.6418;1539.30993652344;0
401.0949;1585.69714355469;0
403.5475;1471.93835449219;0
405.9972;1425.32348632812;0
408.4505;1393.18640136719;0
410.899;1498.88586425781;0
413.3468;1566.81604003906;0
415.796;1600.63610839844;0
418.2405;1605.51220703125;0
420.6884;1546.29626464844;0
423.1295;1476.41003417969;0
425.572;1438.0048828125;0
428.0159;1390.65649414063;0
430.455;1381.35095214844;0
432.8956;1303.25463867187;0
435.3335;1336.14685058594;0
437.7707;1312.14965820312;0
440.2093;1388.72497558594;0
442.6432;1336.83874511719;0
445.0764;1365.10571289063;0
447.511;1331.94311523438;0
449.9429;1370.85705566406;0
452.3721;1340.81457519531;0
454.8048;1332.04833984375;0
457.2328;1254.08642578125;0
459.66;1309.44860839844;0
462.0847;1307.7021484375;0
464.5127;1412.17700195313;0
466.9381;1436.11059570313;0
469.3587;1449.08203125;0
471.7807;1494.12658691406;0
474.2042;1588.25341796875;0
476.6229;1709.38146972656;0
479.041;1697.80493164062;0
481.4604;1581.40832519531;0
483.8752;1605.82495117187;0
486.2934;1568.50390625;0
488.7068;1558.67407226562;0
491.1197;1478.97033691406;0
493.5339;1418.27258300781;0
495.9435;1406.0078125;0
498.3544;1322.50805664063;0
500.7667;1310.3310546875;0
503.1723;1251.787109375;0
505.5793;1229.74169921875;0
507.9856;1230.83142089844;0
510.3913;1143.68969726563;0
512.7944;1091.23913574219;0
515.1968;1008.21343994141;0
517.5986;1093.10998535156;0
519.9997;1108.06372070313;0
522.3982;1115.54968261719;0
524.798;1009.98547363281;0
527.1973;1009.91448974609;0
529.5919;1052.17712402344;0
531.9899;1141.11083984375;0
534.3832;1142.54919433594;0
536.7758;1161.43811035156;0
539.1699;1178.3818359375;0
541.5593;1128.37060546875;0
543.9481;1093.29943847656;0
546.3382;1090.0361328125;0
548.7257;1233.873046875;0
551.1146;1290.20751953125;0
553.4968;1335.5322265625;0
555.8824;1386.10437011719;0
558.2675;1337.81567382813;0
560.6478;1368.41235351563;0
563.0295;1326.24548339844;0
565.4106;1362.47814941406;0
567.7911;1274.05908203125;0
570.169;1297.43823242188;0
572.5462;1254.61401367187;0
574.9229;1251.80749511719;0
577.2968;1170.98486328125;0
579.6721;1217.11145019531;0
582.0449;1163.75573730469;0
584.417;1024.19543457031;0
586.7885;964.713134765625;0
589.1553;964.231567382812;0
591.5255;1051.95104980469;0
593.8931;1046.07580566406;0
596.2601;1144.19519042969;0
598.6265;1071.44592285156;0
600.9902;1044.01782226563;0
603.3554;953.20361328125;0
605.7179;959.8564453125;0
608.0778;1020.38494873047;0
610.4391;1072.75927734375;0
612.7977;1165.56921386719;0
615.1558;1198.9697265625;0
617.5132;1302.53442382812;0
619.8701;1351.02478027344;0
622.2263;1324.85388183594;0
624.5779;1298.03430175781;0
626.9308;1319.36901855469;0
629.2852;1377.86389160156;0
631.6349;1503.71228027344;0
633.9841;1482.49230957031;0
636.3326;1565.43286132812;0
638.6805;1481.26770019531;0
641.0279;1611.62976074219;0
643.3746;1586.76513671875;0
645.7187;1584.57238769531;0
648.0621;1497.71789550781;0
650.405;1389.64392089844;0
652.7453;1424.32849121094;0
655.087;1390.79858398438;0
657.426;1398.90502929687;0
659.7645;1382.19189453125;0
662.1024;1334.04357910156;0
664.4376;1370.71252441406;0
666.7742;1306.10339355469;0
669.1063;1289.22961425781;0
671.4398;1310.50817871094;0
673.7726;1343.20153808594;0
676.1048;1363.57971191406;0
678.4324;1304.96667480469;0
680.7635;1266.45495605469;0
683.0919;1295.29870605469;0
685.4158;1266.59631347656;0
687.743;1236.96765136719;0
690.0696;1261.33581542969;0
692.3937;1319.54479980469;0
694.7151;1277.09313964844;0
697.038;1341.34008789063;0
699.3583;1308.95068359375;0
701.6779;1418.12634277344;0
703.995;1333.51892089844;0
706.3155;1352.90234375;0
708.6294;1301.43591308594;0
710.9467;1226.23107910156;0
713.2594;1246.97338867187;0
715.5735;1251.67810058594;0
717.887;1298.98059082031;0
720.1979;1335.62878417969;0
722.5083;1458.53137207031;0
724.818;1463.91101074219;0
727.1252;1376.21789550781;0
729.4357;1261.53405761719;0
731.7418;1259.48413085937;0
734.0452;1297.25146484375;0
736.35;1336.63439941406;0
738.6522;1291.90747070313;0
740.9539;1282.51477050781;0
743.2569;1169.84790039063;0
745.5554;1211.47961425781;0
747.8553;1068.90002441406;0
750.1545;1090.03674316406;0
752.4513;1166.41857910156;0
754.7474;1235.68774414063;0
757.043;1162.16040039063;0
759.336;1097.42346191406;0
761.6304;1048.6845703125;0
763.9222;1035.46203613281;0
766.2114;884.083251953125;0
768.5041;846.132690429687;0
770.7922;787.4765625;0
773.0777;798.379516601563;0
775.3647;856.476989746094;0
777.651;1013.73547363281;0
779.9368;1001.56433105469;0
782.22;1008.97515869141;0
784.5026;949.9423828125;0
786.7847;1080.23937988281;0
789.0662;1031.11181640625;0
791.3451;1163.41870117188;0
793.6254;1300.89831542969;0
795.9012;1474.32653808594;0
798.1784;1538.19213867188;0
800.455;1471.81140136719;0
802.7291;1429.87158203125;0
805.0026;1321.05419921875;0
807.2755;1301.93103027344;0
809.5478;1272.35998535156;0
811.8176;1268.66882324219;0
814.0869;1359.947265625;0
816.3535;1472.49060058594;0
818.6235;1609.77563476563;0
820.8911;1539.51416015625;0
823.156;1514.30456542969;0
825.4204;1507.55395507812;0
827.6823;1548.14636230469;0
829.9474;1616.65600585937;0
832.2082;1644.33764648438;0
834.4683;1669.82373046875;0
836.7279;1687.44018554687;0
838.9869;1582.91870117188;0
841.2453;1619.91650390625;0
843.5012;1662.88049316406;0
845.7565;1682.14392089844;0
848.0133;1634.13195800781;0
850.2655;1645.27136230469;0
852.5153;1698.70300292969;0
854.7703;1701.7900390625;0
857.0189;1523.84191894531;0
859.2668;1401.52551269531;0
861.5182;1236.73388671875;0
863.7651;1225.80151367188;0
866.0114;1162.75842285156;0
868.2592;1082.94873046875;0
870.5024;1010.07696533203;0
872.7451;1018.89996337891;0
874.9872;1116.65600585938;0
877.2307;1201.06298828125;0
879.4717;1153.91027832031;0
881.7101;1112.75573730469;0
883.95;1056.79260253906;0
886.1854;1183.39294433594;0
888.4202;1120.98962402344;0
890.6604;1138.34338378906;0
892.8941;1039.14013671875;0
895.1253;1181.25598144531;0
897.3599;1282.97729492187;0
899.59;1235.27087402344;0
901.8195;1135.24841308594;0
904.0504;1111.62512207031;0
906.2789;1257.68151855469;0
908.5087;1364.12878417969;0
910.7341;1296.57702636719;0
912.9589;1214.81408691406;0
915.1851;1248.05725097656;0
917.4088;1323.47302246094;0
919.63;1261.02026367187;0
921.8526;1138.46240234375;0
924.0727;1144.17468261719;0
926.2922;1300.72229003906;0
928.5112;1384.53405761719;0
930.7277;1291.0166015625;0
932.9476;1155.49816894531;0
935.163;1023.86553955078;0
937.3739;874.338317871094;0
939.5901;888.798950195313;0
941.8019;904.457092285156;0
944.0151;957.412902832031;0
946.2258;871.373413085937;0
948.4341;735.976989746094;0
950.6456;704.849304199219;0
952.8527;706.503662109375;0
955.0593;823.806823730469;0
957.2653;811.851013183594;0
959.4689;813.472900390625;0
961.6738;739.586242675781;0
963.8782;682.724182128906;0
966.0782;697.811279296875;0
968.2815;704.769165039063;0
970.4803;655.049072265625;0
972.6787;597.4931640625;0
974.8784;601.28369140625;0
977.0757;755.688598632812;0
979.2704;758.546691894531;0
981.4667;824.539916992187;0
983.6603;800.875671386719;0
985.8535;846.075378417969;0
988.0461;913.060424804688;0
990.2363;883.202941894531;0
992.4297;1040.12475585937;0
994.6169;1160.45788574219;0
996.8035;1428.37426757812;0
998.9933;1501.296875;0
1001.179;1628.09851074219;0
1003.364;1568.75952148438;0
1005.55;1524.48522949219;0
1007.732;1509.75512695312;0
1009.916;1524.85363769531;0
1012.096;1635.62609863281;0
1014.275;1576.83923339844;0
1016.459;1593.11975097656;0
1018.636;1559.95690917969;0
1020.813;1615.38623046875;0
1022.991;1693.58630371094;0
1025.165;1641.55920410156;0
1027.34;1652.68823242188;0
1029.515;1561.89575195313;0
1031.687;1578.18090820312;0
1033.859;1485.16369628906;0
1036.03;1593.74035644531;0
1038.199;1576.724609375;0
1040.369;1477.462890625;0
1042.536;1313.61743164063;0
1044.704;1304.50903320313;0
1046.87;1305.55029296875;0
1049.034;1261.22839355469;0
1051.198;1105.21936035156;0
1053.363;1126.18591308594;0
1055.526;1203.35900878906;0
1057.686;1303.86047363281;0
1059.845;1324.02526855469;0
1062.005;1217.52026367187;0
1064.165;1233.67761230469;0
1066.323;1133.38464355469;0
1068.477;1023.38366699219;0
1070.634;1083.92687988281;0
1072.788;1108.10205078125;0
1074.942;1189.63024902344;0
1077.096;1029.49340820312;0
1079.247;1167.16357421875;0
1081.397;1211.82177734375;0
1083.547;1302.75366210937;0
1085.695;1134.02648925781;0
1087.844;1076.53784179687;0
1089.992;1095.51806640625;0
1092.138;1176.10974121094;0
1094.284;1362.46716308594;0
1096.425;1486.15490722656;0
1098.571;1506.83825683594;0
1100.711;1464.76770019531;0
1102.851;1378.92541503906;0
1104.994;1391.41320800781;0
1107.132;1404.75793457031;0
1109.271;1338.8740234375;0
1111.408;1404.80700683594;0
1113.543;1377.16650390625;0
1115.682;1447.34802246094;0
1117.816;1317.94580078125;0
1119.947;1360.63598632812;0
1122.08;1231.59484863281;0
1124.213;1316.56530761719;0
1126.343;1225.65148925781;0
1128.474;1283.20654296875;0
1130.602;1117.88806152344;0
1132.728;1146.78063964844;0
1134.856;1118.50415039063;0
1136.982;1191.56408691406;0
1139.109;1277.11730957031;0
1141.234;1366.22998046875;0
1143.356;1314.3291015625;0
1145.479;1207.00012207031;0
1147.599;1158.44897460938;0
1149.719;1268.69848632812;0
1151.839;1298.65832519531;0
1153.957;1270.55090332031;0
1156.076;1151.37622070313;0
1158.191;992.801635742187;0
1160.305;1032.38806152344;0
1162.423;1040.0693359375;0
1164.536;1126.2197265625;0
1166.647;976.300842285156;0
1168.761;1071.8291015625;0
1170.871;1157.54577636719;0
1172.983;1338.51452636719;0
1175.092;1410.54223632813;0
1177.2;1495.5068359375;0
1179.306;1527.81872558594;0
1181.413;1605.81457519531;0
1183.518;1570.28076171875;0
1185.623;1539.43408203125;0
1187.725;1404.93615722656;0
1189.826;1394.38354492188;0
1191.929;1371.10498046875;0
1194.032;1475.45544433594;0
1196.13;1436.21313476563;0
1198.23;1455.35632324219;0
1200.327;1461.71398925781;0
1202.423;1547.3974609375;0
1204.52;1658.32861328125;0
1206.613;1494.25744628906;0
1208.71;1579.0849609375;0
1210.801;1581.05822753906;0
1212.892;1704.32971191406;0
1214.987;1621.5830078125;0
1217.075;1645.75256347656;0
1219.166;1645.85412597656;0
1221.256;1692.12145996094;0
1223.342;1617.29431152344;0
1225.43;1618.34582519531;0
1227.515;1482.50500488281;0
1229.597;1533.4951171875;0
1231.685;1506.61364746094;0
1233.767;1573.12634277344;0
1235.85;1578.8603515625;0
1237.931;1634.64135742188;0
1240.009;1709.95239257813;0
1242.09;1588.83386230469;0
1244.168;1560.21228027344;0
1246.245;1477.17822265625;0
1248.321;1569.93005371094;0
1250.397;1501.05712890625;0
1252.472;1541.11352539062;0
1254.547;1366.31616210937;0
1256.618;1323.47106933594;0
1258.69;1186.53918457031;0
1260.761;1228.01623535156;0
1262.83;1226.04809570313;0
1264.901;1278.45263671875;0
1266.969;1333.84533691406;0
1269.035;1340.30773925781;0
1271.102;1485.85266113281;0
1273.167;1403.77563476563;0
1275.233;1489.84790039063;0
1277.295;1359.06457519531;0
1279.359;1502.20263671875;0
1281.42;1333.59460449219;0
1283.482;1251.01147460938;0
1285.542;1110.40454101563;0
1287.6;1223.07250976563;0
1289.659;1245.09423828125;0
1291.714;1385.7275390625;0
1293.774;1479.84167480469;0
1295.828;1563.58032226563;0
1297.881;1542.42126464844;0
1299.936;1495.28369140625;0
1301.987;1511.357421875;0
1304.041;1661.30932617188;0
1306.09;1652.30554199219;0
1308.139;1596.68286132813;0
1310.19;1446.33532714844;0
1312.238;1544.36767578125;0
1314.286;1618.6455078125;0
1316.331;1675.96838378906;0
1318.376;1697.06652832031;0
1320.422;1629.88049316406;0
1322.466;1644.52685546875;0
1324.508;1761.02990722656;0
1326.549;1812.69445800781;0
1328.59;1755.54028320313;0
1330.632;1546.33959960937;0
1332.67;1624.28466796875;0
1334.707;1703.99926757813;0
1336.746;1747.23852539063;0
1338.78;1674.9384765625;0
1340.816;1478.443359375;0
1342.852;1266.00231933594;0
1344.885;1141.21130371094;0
1346.916;1143.74792480469;0
1348.948;1438.009765625;0
1350.979;1387.26892089844;0
1353.011;1351.52893066406;0
1355.04;1073.6005859375;0
1357.066;1106.72827148437;0
1359.094;1188.03576660156;0
1361.121;1146.54821777344;0
1363.145;1182.03625488281;0
1365.171;1087.71618652344;0
1367.192;1174.68981933594;0
1369.216;1039.61743164062;0
1371.239;1012.93682861328;0
1373.258;1027.86950683594;0
1375.28;1033.85522460937;0
1377.298;977.559936523438;0
1379.316;850.984985351563;0
1381.335;835.168334960937;0
1383.35;839.736694335937;0
1385.366;800.374267578125;0
1387.38;731.888977050781;0
1389.394;646.309936523438;0
1391.409;745.436462402344;0
1393.42;717.158264160156;0
1395.43;833.697692871094;0
1397.44;782.392700195313;0
1399.451;841.688659667969;0
1401.458;707.366149902344;0
1403.466;576.865112304687;0
1405.472;525.623718261719;0
1407.478;613.857849121094;0
1409.483;665.120910644531;0
1411.486;727.120056152344;0
1413.49;763.478088378906;0
1415.492;790.963073730469;0
1417.492;869.417297363281;0
1419.495;867.281982421875;0
1421.494;982.923889160156;0
1423.492;1050.11694335938;0
1425.49;1159.203125;0
1427.487;1242.83471679688;0
1429.482;1241.83984375;0
1431.477;1262.17028808594;0
1433.471;1228.23168945313;0
1435.466;1296.78283691406;0
1437.456;1184.18542480469;0
1439.447;1224.08776855469;0
1441.441;1238.04541015625;0
1443.427;1297.12756347656;0
1445.417;1266.28002929687;0
1447.406;1292.70373535156;0
1449.392;1452.99645996094;0
1451.381;1515.9267578125;0
1453.365;1558.4921875;0
1455.348;1522.02416992188;0
1457.333;1517.73791503906;0
1459.314;1462.40551757813;0
1461.296;1394.91430664063;0
1463.276;1188.04211425781;0
1465.256;1056.8876953125;0
1467.237;1097.13598632813;0
1469.215;1374.00805664063;0
1471.19;1527.50329589844;0
1473.167;1544.95263671875;0
1475.145;1467.59191894531;0
1477.118;1347.11828613281;0
1479.092;1341.71081542969;0
1481.065;1343.59155273438;0
1483.038;1353.6494140625;0
1485.008;1185.771484375;0
1486.979;1099.84851074219;0
1488.949;998.992492675781;0
1490.917;1021.3154296875;0
1492.883;1059.71081542969;0
1494.852;1004.28930664063;0
1496.817;1024.38391113281;0
1498.782;955.656860351563;0
1500.748;1014.77661132813;0
1502.708;936.185729980469;0
1504.673;908.332092285156;0
1506.634;837.664306640625;0
1508.594;709.592590332031;0
1510.554;812.713134765625;0
1512.512;893.2734375;0
1514.471;1045.57873535156;0
1516.428;827.85107421875;0
1518.384;917.306945800781;0
1520.34;773.283142089844;0
1522.294;822.679382324219;0
1524.249;643.823059082031;0
1526.202;819.792053222656;0
1528.153;855.367370605469;0
1530.103;1091.12548828125;0
1532.054;846.981689453125;0
1534.004;838.703063964844;0
1535.951;859.937438964844;0
1537.899;1113.57934570313;0
1539.847;1181.99475097656;0
1541.793;954.548400878906;0
1543.738;709.143127441406;0
1545.681;593.289428710938;0
1547.625;616.865478515625;0
1549.566;713.387878417969;0
1551.509;755.639831542969;0
1553.45;647.749877929688;0
1555.389;709.846130371094;0
1557.33;602.706176757813;0
1559.266;648.170532226563;0
1561.204;590.373840332031;0
1563.141;672.559997558594;0
1565.074;611.131103515625;0
1567.009;586.207641601563;0
1568.943;510.233917236328;0
1570.877;578.362854003906;0
1572.808;548.992980957031;0
1574.741;543.457275390625;0
1576.67;500.311340332031;0
1578.6;605.112121582031;0
1580.528;683.751037597656;0
1582.455;713.583312988281;0
1584.382;655.578369140625;0
1586.307;531.070190429688;0
1588.234;539.503784179688;0
1590.157;527.545104980469;0
1592.081;440.860748291016;0
1594.002;385.895172119141;0
1595.927;307.203918457031;0
1597.845;346.997924804688;0
1599.767;353.66796875;0
1601.685;364.951324462891;0
1603.602;554.622009277344;0
1605.523;529.678161621094;0
1607.438;621.726135253906;0
1609.354;558.270690917969;0
1611.269;620.975402832031;0
1613.181;486.395812988281;0
1615.096;516.827941894531;0
1617.008;497.529724121094;0
1618.92;691.216918945313;0
1620.83;656.616394042969;0
1622.74;701.617126464844;0
1624.649;567.327392578125;0
1626.557;540.166137695313;0
1628.464;524.494995117188;0
1630.37;679.081665039063;0
1632.275;849.559020996094;0
1634.18;873.720947265625;0
1636.085;887.035217285156;0
1637.988;858.400085449219;0
1639.888;869.424011230469;0
1641.791;815.851806640625;0
1643.691;843.653625488281;0
1645.588;886.834655761719;0
1647.489;1068.17346191406;0
1649.387;1007.45391845703;0
1651.284;1125.23132324219;0
1653.18;1028.95520019531;0
1655.075;1113.62963867188;0
1656.972;1180.58911132813;0
1658.864;1301.94116210938;0
1660.754;1323.48754882813;0
1662.65;1134.55615234375;0
1664.539;949.676879882813;0
1666.428;818.407836914063;0
1668.32;855.528442382813;0
1670.207;933.930541992188;0
1672.096;988.809143066406;0
1673.982;1054.97131347656;0
1675.867;1055.30688476563;0
1677.754;1168.81579589844;0
1679.638;1160.0537109375;0
1681.52;1109.0205078125;0
1683.403;999.116394042969;0
1685.285;812.052368164063;0
1687.166;788.272766113281;0
1689.048;787.111022949219;0
1690.924;827.121276855469;0
1692.804;808.525695800781;0
1694.682;775.998596191406;0
1696.558;813.428894042969;0
1698.435;825.149841308594;0
1700.308;679.159057617188;0
1702.184;502.787750244141;0
1704.057;414.369323730469;0
1705.929;465.681488037109;0
1707.801;588.835388183594;0
1709.674;565.397827148438;0
1711.542;594.755859375;0
1713.412;562.283325195313;0
1715.28;488.650634765625;0
1717.145;368.415222167969;0
1719.015;222.526214599609;0
1720.88;253.943206787109;0
1722.746;237.422073364258;0
1724.61;386.034210205078;0
1726.471;392.179901123047;0
1728.334;407.269317626953;0
1730.197;365.251647949219;0
1732.057;409.395812988281;0
1733.919;388.817687988281;0
1735.777;308.184783935547;0
1737.634;298.160949707031;0
1739.493;370.597381591797;0
1741.349;386.549438476563;0
1743.205;413.307098388672;0
1745.061;440.960388183594;0
1746.915;563.173889160156;0
1748.77;639.890014648438;0
1750.621;586.772216796875;0
1752.473;561.707092285156;0
1754.323;420.250091552734;0
1756.173;515.738220214844;0
1758.022;540.716796875;0
1759.87;660.624877929688;0
1761.718;595.236877441406;0
1763.566;538.9921875;0
1765.411;465.886688232422;0
1767.256;439.030426025391;0
1769.101;527.649353027344;0
1770.945;606.187072753906;0
1772.787;767.532104492188;0
1774.629;770.573303222656;0
1776.469;869.086120605469;0
1778.309;895.179931640625;0
1780.15;894.518798828125;0
1781.987;849.324890136719;0
1783.826;714.818420410156;0
1785.662;874.220642089844;0
1787.498;855.309448242188;0
1789.334;890.307006835938;0
1791.169;779.769165039063;0
1793.002;818.695922851563;0
1794.834;949.53173828125;0
1796.667;995.387634277344;0
1798.498;1075.15270996094;0
1800.328;928.6044921875;0
1802.157;872.296142578125;0
1803.986;807.442321777344;0
1805.813;890.154174804688;0
1807.639;918.431518554687;0
1809.467;889.163452148438;0
1811.292;846.905395507813;0
1813.117;843.212951660156;0
1814.94;817.863891601563;0
1816.763;868.082397460938;0
1818.585;809.758117675781;0
1820.407;679.669738769531;0
1822.227;593.602172851562;0
1824.048;657.555480957031;0
1825.865;763.530334472656;0
1827.683;725.526794433594;0
1829.501;526.636108398438;0
1831.317;358.324584960938;0
1833.135;311.078002929688;0
1834.948;250.530029296875;0
1836.761;256.352142333984;0
1838.577;321.988830566406;0
1840.388;358.32894897461;0
1842.198;266.812225341797;0
1844.009;129.104446411133;0
1845.819;173.817687988281;0
1847.629;243.497756958008;0
1849.436;297.772979736328;0
1851.244;184.72492980957;0
1853.052;182.582473754883;0
1854.858;192.541290283203;0
1856.661;219.537124633789;0
1858.466;325.232666015625;0
1860.269;226.405899047852;0
1862.073;394.723480224609;0
1863.875;433.398223876953;0
1865.673;459.884002685547;0
1867.476;390.847442626953;0
1869.275;270.621917724609;0
1871.072;382.985198974609;0
1872.872;457.603942871094;0
1874.667;473.255920410156;0
1876.464;472.380279541016;0
1878.26;449.533355712891;0
1880.053;430.492919921875;0
1881.849;410.3701171875;0
1883.64;339.609344482422;0
1885.431;395.655090332031;0
1887.226;471.173645019531;0
1889.014;487.054290771484;0
1890.803;534.297058105469;0
1892.594;489.679718017578;0
1894.38;571.535583496094;0
1896.167;580.97705078125;0
1897.955;485.448150634766;0
1899.74;463.061737060547;0
1901.526;352.602600097656;0
1903.309;311.848449707031;0
1905.091;237.465972900391;0
1906.876;291.566284179688;0
1908.658;262.149383544922;0
1910.438;151.993072509765;0
1912.217;117.875076293945;0
1913.996;79.5732192993162;0
1915.775;201.865249633789;0
1917.553;219.084518432617;0
1919.33;345.1201171875;0
1921.106;273.638702392578;0
1922.881;270.193878173828;0
1924.655;281.562652587891;0
1926.431;289.966339111328;0
1928.202;188.064453125;0
1929.974;2.74785208702087;0
1931.746;25.471549987793;0
1933.516;54.7350006103516;0
1935.286;185.557037353516;0
1937.055;231.767913818359;0
1938.823;335.498779296875;0
1940.592;366.489776611328;0
1942.356;346.625213623047;0
1944.122;356.905090332031;0
1945.888;346.440521240234;0
1947.651;422.787078857422;0
1949.416;289.1669921875;0
1951.178;307.307373046875;0
1952.939;206.589950561523;0
1954.699;303.126831054688;0
1956.459;409.552398681641;0
1958.219;390.560119628906;0
1959.979;464.372894287109;0
1961.735;482.215545654297;0
1963.491;583.647766113281;0
1965.249;518.780822753906;0
1967.003;571.39794921875;0
1968.761;580.500366210938;0
1970.512;675.533508300781;0
1972.265;665.7197265625;0
1974.018;642.50341796875;0
1975.769;525.995971679688;0
1977.522;423.646026611328;0
1979.271;378.788421630859;0
1981.018;413.535369873047;0
1982.766;299.331329345703;0
1984.516;305.620758056641;0
1986.261;232.736968994141;0
1988.009;371.791076660156;0
1989.754;369.005310058594;0
1991.498;388.158203125;0
1993.241;467.589660644531;0
1994.984;537.967468261719;0
1996.727;456.737152099609;0
1998.468;408.788757324219;0
2000.206;542.455444335938;0
2001.946;692.960632324219;0
2003.686;781.969299316406;0
2005.424;609.141052246094;0
2007.161;651.92041015625;0
2008.898;519.867370605469;0
2010.634;568.205261230469;0
2012.369;547.379516601563;0
2014.103;562.057006835938;0
2015.836;522.682006835938;0
2017.57;702.257934570313;0
2019.299;788.785827636719;0
2021.032;854.489074707031;0
2022.762;700.367431640625;0
2024.491;677.532043457031;0
2026.221;776.760681152344;0
2027.947;797.0556640625;0
2029.676;704.972473144531;0
2031.403;610.844543457031;0
2033.128;430.00390625;0
2034.852;506.333251953125;0
2036.577;308.001647949219;0
2038.299;434.880249023438;0
2040.022;330.695465087891;0
2041.744;252.315673828125;0
2043.465;177.445190429688;0
2045.184;159.195129394531;0
2046.903;333.457489013672;0
2048.621;288.455841064453;0
2050.339;345.635711669922;0
2052.057;224.554458618164;0
2053.774;237.099090576172;0
2055.488;106.491966247559;0
2057.203;98.3930130004883;0
2058.917;119.999740600586;0
2060.631;132.143814086914;0
2062.344;239.567413330078;0
2064.053;268.328735351563;0
2065.765;409.826904296875;0
2067.476;596.617553710938;0
2069.185;648.472839355469;0
2070.892;632.394714355469;0
2072.6;552.383117675781;0
2074.308;597.772521972656;0
2076.014;568.452880859375;0
2077.72;531.869445800781;0
2079.425;421.796966552734;0
2081.13;401.011688232422;0
2082.833;333.956970214844;0
2084.532;348.188323974609;0
2086.236;327.928009033203;0
2087.936;295.511627197266;0
2089.635;350.605895996094;0
2091.335;326.752197265625;0
2093.034;307.635986328125;0
2094.731;277.695556640625;0
2096.427;388.821502685547;0
2098.124;614.507995605469;0
2099.82;726.033630371094;0
2101.515;849.682495117188;0
2103.207;802.899963378906;0
2104.902;966.843200683594;0
2106.594;1022.73443603516;0
2108.286;1077.79870605469;0
2109.976;1036.14672851563;0
2111.667;1039.33288574219;0
2113.355;1176.46728515625;0
2115.044;1111.66088867188;0
2116.732;1060.91369628906;0
2118.42;960.222473144531;0
2120.105;1076.41088867188;0
2121.79;1174.31982421875;0
2123.476;1318.06018066406;0
2125.16;1299.52087402344;0
2126.844;1211.25756835938;0
2128.524;1114.9345703125;0
2130.207;1166.45581054688;0
2131.888;1315.47290039063;0
2133.567;1341.76391601563;0
2135.247;1305.88024902344;0
2136.927;1274.26953125;0
2138.603;1330.91394042969;0
2140.281;1257.27697753906;0
2141.957;1249.02746582031;0
2143.633;1146.83312988281;0
2145.308;1186.36181640625;0
2146.981;1130.05615234375;0
2148.654;1192.69384765625;0
2150.328;1123.49694824219;0
2152;1223.79821777344;0
2153.669;1260.04235839844;0
2155.34;1277.12365722656;0
2157.01;1283.96069335938;0
2158.677;1190.46301269531;0
2160.347;1279.39953613281;0
2162.013;1147.13842773438;0
2163.681;1178.71875;0
2165.347;1141.54846191406;0
2167.011;1191.24108886719;0
2168.674;1106.46313476563;0
2170.337;1076.84326171875;0
2172.002;918.387451171875;0
2173.662;913.959411621094;0
2175.324;826.638793945313;0
2176.985;917.737121582031;0
2178.645;968.475402832031;0
2180.304;1023.26226806641;0
2181.961;1000.09930419922;0
2183.618;1017.32238769531;0
2185.275;819.712219238281;0
2186.932;845.710998535156;0
2188.586;717.273132324219;0
2190.242;908.311279296875;0
2191.896;756.772277832031;0
2193.547;764.655334472656;0
2195.2;748.624328613281;0
2196.851;784.072814941406;0
2198.502;735.281921386719;0
2200.153;560.597106933594;0
2201.799;594.238647460938;0
2203.447;648.493835449219;0
2205.097;786.061767578125;0
2206.742;805.612243652344;0
2208.391;705.363891601563;0
2210.035;733.172424316406;0
2211.679;693.37109375;0
2213.324;754.734375;0
2214.966;731.857055664063;0
2216.608;722.072509765625;0
2218.252;785.519958496094;0
2219.89;782.026184082031;0
2221.531;916.594299316406;0
2223.172;892.207336425781;0
2224.809;847.772705078125;0
2226.449;780.401306152344;0
2228.086;867.024597167969;0
2229.72;1128.46484375;0
2231.358;1092.74011230469;0
2232.992;1018.57122802734;0
2234.625;780.175415039063;0
2236.26;870.791564941406;0
2237.893;934.585998535156;0
2239.524;946.447814941406;0
2241.156;885.543884277344;0
2242.785;924.57421875;0
2244.416;1030.37329101563;0
2246.044;1129.38439941406;0
2247.672;987.162963867188;0
2249.301;867.930603027344;0
2250.926;852.469299316406;0
2252.554;955.327880859375;0
2254.177;1039.81030273438;0
2255.803;979.729370117188;0
2257.427;998.908935546875;0
2259.051;1016.46148681641;0
2260.671;941.885192871094;0
2262.294;813.072326660156;0
2263.914;784.55419921875;0
2265.533;1019.78192138672;0
2267.153;1066.46020507813;0
2268.773;1017.58312988281;0
2270.392;814.1748046875;0
2272.006;814.710083007813;0
2273.624;832.284790039063;0
2275.239;962.010192871094;0
2276.854;1088.25537109375;0
2278.468;1189.24340820313;0
2280.084;1167.06970214844;0
2281.695;1052.97546386719;0
2283.305;1050.07153320313;0
2284.919;746.110412597656;0
2286.527;765.787658691406;0
2288.14;673.502258300781;0
2289.748;855.476318359375;0
2291.354;819.597595214844;0
2292.964;798.755004882813;0
2294.569;915.385986328125;0
2296.174;939.630737304688;0
2297.782;971.711364746094;0
2299.386;815.513977050781;0
2300.99;694.483459472656;0
2302.594;789.583862304688;0
2304.195;928.814514160156;0
2305.798;995.875549316406;0
2307.399;735.322509765625;0
2308.998;602.714233398438;0
2310.598;669.233764648438;0
2312.197;848.3251953125;0
2313.795;898.024536132813;0
2315.392;917.885375976563;0
2316.988;825.34912109375;0
2318.585;918.765991210938;0
2320.18;879.784240722656;0
2321.774;875.846313476563;0
2323.368;758.672668457031;0
2324.961;703.233581542969;0
2326.553;538.954772949219;0
2328.145;537.084045410156;0
2329.735;522.647827148438;0
2331.324;777.071838378906;0
2332.916;755.018188476563;0
2334.503;687.038940429688;0
2336.092;556.077209472656;0
2337.677;576.098510742188;0
2339.263;626.378173828125;0
2340.85;646.582885742188;0
2342.434;485.047973632813;0
2344.018;384.328735351563;0
2345.602;322.754272460938;0
2347.185;368.767944335938;0
2348.768;422.374053955078;0
2350.347;420.957061767578;0
2351.928;578.7314453125;0
2353.51;604.58544921875;0
2355.087;649.140808105469;0
2356.665;480.699523925781;0
2358.243;451.317840576172;0
2359.819;480.887512207031;0
2361.396;480.086273193359;0
2362.972;512.912658691406;0
2364.547;523.362487792969;0
2366.121;617.656982421875;0
2367.694;769.941955566406;0
2369.267;760.709045410156;0
2370.839;683.834777832031;0
2372.411;570.524108886719;0
2373.982;613.549133300781;0
2375.55;647.666442871094;0
2377.118;489.323150634766;0
2378.687;489.468048095703;0
2380.254;656.178894042969;0
2381.821;850.430969238281;0
2383.387;912.667541503906;0
2384.954;825.327941894531;0
2386.516;860.085266113281;0
2388.082;730.169860839844;0
2389.644;671.589904785156;0
2391.209;595.902221679688;0
2392.769;510.909515380859;0
2394.33;597.223754882813;0
2395.892;700.586120605469;0
2397.449;897.392761230469;0
2399.008;899.2021484375;0
2400.568;959.900817871094;0
2402.125;824.942504882813;0
2403.68;845.317749023438;0
2405.238;743.806396484375;0
2406.792;887.674194335938;0
2408.349;940.010009765625;0
2409.902;974.127136230469;0
2411.455;903.026916503906;0
2413.007;895.377075195313;0
2414.558;959.033325195313;0
2416.11;967.086303710938;0
2417.66;979.528625488281;0
2419.21;895.086059570313;0
2420.758;932.45556640625;0
2422.307;861.166442871094;0
2423.855;831.633483886719;0
2425.402;783.590698242188;0
2426.947;796.948974609375;0
2428.492;764.152526855469;0
2430.038;787.534851074219;0
2431.58;704.880737304688;0
2433.124;755.880187988281;0
2434.667;653.663940429688;0
2436.208;688.067993164063;0
2437.75;749.082885742188;0
2439.291;822.829345703125;0
2440.83;874.250061035156;0
2442.369;898.678833007813;0
2443.906;1004.560546875;0
2445.444;1123.89636230469;0
2446.981;993.852722167969;0
2448.517;970.411071777344;0
2450.053;805.263732910156;0
2451.587;834.0771484375;0
2453.12;980.563354492188;0
2454.655;1075.05773925781;0
2456.187;1062.11901855469;0
2457.718;974.860595703125;0
2459.25;931.39501953125;0
2460.781;890.436157226563;0
2462.31;838.954711914063;0
2463.84;946.237915039063;0
2465.368;999.872985839844;0
2466.896;914.304016113281;0
2468.423;800.189453125;0
2469.949;834.650817871094;0
2471.474;903.905029296875;0
2472.998;899.500427246094;0
2474.522;769.882568359375;0
2476.045;855.946655273438;0
2477.568;951.352966308594;0
2479.09;999.206115722656;0
2480.612;938.727111816406;0
2482.132;836.689697265625;0
2483.653;849.51220703125;0
2485.171;804.438598632813;0
2486.689;980.313415527344;0
2488.208;1040.40710449219;0
2489.725;1040.60729980469;0
2491.242;906.360534667969;0
2492.757;951.215515136719;0
2494.271;905.40380859375;0
2495.785;847.036926269531;0
2497.3;830.072448730469;0
2498.812;982.977111816406;0
2500.325;1083.99304199219;0
2501.837;1015.119140625;0
2503.345;734.576293945312;0
2504.856;592.399841308594;0
2506.366;549.610534667969;0
2507.875;690.43798828125;0
2509.382;713.599548339844;0
2510.889;688.206237792969;0
2512.397;566.477111816406;0
2513.901;508.687591552735;0
2515.406;588.587219238281;0
2516.911;629.930603027344;0
2518.415;706.716735839844;0
2519.918;575.055419921875;0
2521.421;578.397277832031;0
2522.922;413.805755615234;0
2524.423;468.675598144531;0
2525.924;473.766326904297;0
2527.422;524.196044921875;0
2528.923;412.745666503906;0
2530.419;554.567749023437;0
2531.916;461.943695068359;0
2533.415;552.429016113281;0
2534.909;361.331634521484;0
2536.404;374.401123046875;0
2537.899;197.543518066406;0
2539.394;294.412780761719;0
2540.887;393.449554443359;0
2542.38;624.377990722656;0
2543.871;488.418548583984;0
2545.363;446.68569946289;0
2546.852;413.180450439453;0
2548.345;336.234283447266;0
2549.833;190.083755493164;0
2551.321;128.835189819336;0
2552.811;256.805114746094;0
2554.296;354.937164306641;0
2555.78;323.182067871094;0
2557.267;324.278442382812;0
2558.752;384.544586181641;0
2560.237;311.708526611328;0
2561.721;311.749725341797;0
2563.203;389.907928466797;0
2564.687;605.914245605469;0
2566.168;614.322143554688;0
2567.648;688.910522460938;0
2569.129;619.680480957031;0
2570.607;692.795532226562;0
2572.086;632.220947265625;0
2573.565;682.809997558594;0
2575.041;762.101684570312;0
2576.518;769.63623046875;0
2577.994;803.634765625;0
2579.469;840.464599609375;0
2580.945;974.731689453125;0
2582.418;979.07470703125;0
2583.892;954.822875976562;0
2585.365;861.863586425781;0
2586.835;916.975646972656;0
2588.307;999.049133300781;0
2589.778;973.640686035156;0
2591.248;947.521057128906;0
2592.717;899.684326171875;0
2594.186;869.354248046875;0
2595.652;1030.86547851562;0
2597.121;908.331604003906;0
2598.585;1107.19702148437;0
2600.052;1031.90698242188;0
2601.518;1062.67736816406;0
2602.982;996.622863769531;0
2604.446;975.412353515625;0
2605.907;1064.27038574219;0
2607.371;935.309326171875;0
2608.83;952.627685546875;0
2610.293;947.134338378906;0
2611.752;987.968505859375;0
2613.213;1007.42395019531;0
2614.672;1033.39184570313;0
2616.13;1231.52478027344;0
2617.587;1139.72314453125;0
2619.043;1291.54333496094;0
2620.501;1078.25988769531;0
2621.957;1141.78271484375;0
2623.409;1032.88293457031;0
2624.864;1198.31762695313;0
2626.318;1221.10485839844;0
2627.771;1156.23547363281;0
2629.222;1164.59558105469;0
2630.673;1190.74096679688;0
2632.124;1351.59106445313;0
2633.575;1348.78198242187;0
2635.023;1400.63684082031;0
2636.473;1277.56494140625;0
2637.922;1299.08630371094;0
2639.368;1260.16931152344;0
2640.816;1226.52709960937;0
2642.261;1236.43115234375;0
2643.705;1038.37145996094;0
2645.151;1143.5859375;0
2646.596;1033.12438964844;0
2648.037;1178.341796875;0
2649.48;909.89013671875;0
2650.923;807.038146972656;0
2652.364;736.454711914062;0
2653.804;880.360778808594;0
2655.243;989.866516113281;0
2656.683;934.922302246094;0
2658.121;917.01123046875;0
2659.559;829.391174316406;0
2660.997;859.97509765625;0
2662.433;858.326416015625;0
2663.868;853.084350585938;0
2665.305;772.466735839844;0
2666.737;710.715942382812;0
2668.173;742.825622558594;0
2669.606;711.207885742188;0
2671.038;679.642272949219;0
2672.47;586.46240234375;0
2673.901;537.778381347656;0
2675.331;557.811279296875;0
2676.761;500.761444091797;0
2678.189;478.77490234375;0
2679.619;371.850006103516;0
2681.045;378.208587646484;0
2682.473;475.372467041016;0
2683.9;614.623229980469;0
2685.324;636.273742675781;0
2686.749;648.439392089844;0
2688.176;513.786560058594;0
2689.599;445.872192382813;0
2691.021;404.074768066406;0
2692.444;482.187957763672;0
2693.865;541.051696777344;0
2695.287;526.430847167969;0
2696.707;488.107574462891;0
2698.125;517.636840820313;0
2699.545;573.158813476563;0
2700.963;512.757995605469;0
2702.381;544.773681640625;0
2703.798;595.984680175781;0
2705.214;614.559631347656;0
2706.629;616.946350097656;0
2708.046;573.499816894531;0
2709.458;555.792541503906;0
2710.872;500.361389160156;0
2712.285;522.734436035156;0
2713.699;506.443603515625;0
2715.111;525.848327636719;0
2716.52;443.687774658203;0
2717.93;510.657928466797;0
2719.342;401.884033203125;0
2720.749;497.179107666016;0
2722.159;477.662963867187;0
2723.565;672.221923828125;0
2724.971;666.742126464844;0
2726.38;797.334045410156;0
2727.785;725.988464355469;0
2729.19;867.038696289062;0
2730.594;827.371215820313;0
2731.997;993.322937011719;0
2733.401;868.777648925781;0
2734.803;841.515563964844;0
2736.204;786.870788574219;0
2737.606;864.288208007813;0
2739.005;975.658447265625;0
2740.405;941.651123046875;0
2741.806;914.265625;0
2743.202;817.833557128906;0
2744.602;847.569580078125;0
2745.998;814.036315917969;0
2747.395;855.595947265625;0
2748.79;769.105834960938;0
2750.185;776.273559570312;0
2751.58;847.801452636719;0
2752.975;943.17041015625;0
2754.366;1125.26684570313;0
2755.759;1066.31018066406;0
2757.151;1107.15270996094;0
2758.542;979.354431152344;0
2759.933;1120.67456054687;0
2761.322;1180.65747070312;0
2762.71;1159.81335449219;0
2764.1;1095.21752929687;0
2765.486;966.941772460938;0
2766.875;1084.64892578125;0
2768.26;1111.94262695313;0
2769.646;1169.51171875;0
2771.031;1116.46398925781;0
2772.418;1039.35131835938;0
2773.799;1010.79602050781;0
2775.184;1000.78088378906;0
2776.565;1164.80102539062;0
2777.946;1237.54260253906;0
2779.328;1215.33459472656;0
2780.708;1071.06481933594;0
2782.09;1130.70178222656;0
2783.469;1282.94274902344;0
2784.847;1450.00463867187;0
2786.226;1468.10864257812;0
2787.603;1436.47998046875;0
2788.978;1260.4521484375;0
2790.355;1144.87426757812;0
2791.731;1016.19360351562;0
2793.104;1075.74914550781;0
2794.479;1015.79431152344;0
2795.853;980.534790039063;0
2797.225;1021.72436523438;0
2798.596;1090.36474609375;0
2799.967;1045.45776367188;0
2801.341;785.000061035156;0
2802.71;670.619995117188;0
2804.077;610.215209960938;0
2805.447;689.229614257813;0
2806.815;578.635131835938;0
2808.183;543.243225097656;0
2809.551;497.421936035156;0
2810.915;577.820007324219;0
2812.282;571.6318359375;0
2813.646;542.096740722656;0
2815.011;498.32827758789;0
2816.375;508.990509033203;0
2817.736;451.971588134766;0
2819.099;395.271209716797;0
2820.462;330.887451171875;0
2821.821;374.150817871094;0
2823.182;418.506317138672;0
2824.542;418.398681640625;0
2825.901;456.785278320313;0
2827.261;489.80712890625;0
2828.617;559.46240234375;0
2829.974;559.084045410156;0
2831.33;579.668518066406;0
2832.686;561.548400878906;0
2834.043;610.721435546875;0
2835.395;629.881774902344;0
2836.75;839.904235839844;0
2838.104;931.936706542969;0
2839.456;767.418762207031;0
2840.807;680.711303710938;0
2842.16;591.6845703125;0
2843.509;788.917724609375;0
2844.858;762.820617675781;0
2846.209;778.070983886719;0
2847.556;674.757995605469;0
2848.906;572.83154296875;0
2850.253;581.774963378906;0
2851.6;560.736328125;0
2852.946;541.997314453125;0
2854.29;451.556304931641;0
2855.635;423.636627197266;0
2856.98;340.192260742188;0
2858.323;244.600524902344;0
2859.665;173.56169128418;0
2861.008;222.599807739258;0
2862.349;363.704772949219;0
2863.691;487.925842285156;0
2865.031;537.079772949219;0
2866.37;465.8623046875;0
2867.709;305.163238525391;0
2869.048;242.982284545898;0
2870.385;274.758758544922;0
2871.722;475.820892333985;0
2873.059;679.393798828125;0
2874.394;709.80859375;0
2875.73;799.433471679688;0
2877.064;817.384094238281;0
2878.398;880.687072753906;0
2879.731;801.664855957031;0
2881.063;795.308898925781;0
2882.395;730.939025878906;0
2883.727;842.478942871094;0
2885.059;763.2197265625;0
2886.387;918.855041503906;0
2887.717;814.685729980469;0
2889.046;814.685546875;0
2890.374;766.596435546875;0
2891.699;840.89501953125;0
2893.028;942.385437011719;0
2894.354;912.850219726563;0
2895.679;927.544372558594;0
2897.004;1029.64331054688;0
2898.328;1065.68469238281;0
2899.653;1128.04260253906;0
2900.976;1049.43029785156;0
2902.297;1093.01550292969;0
2903.619;1004.68560791016;0
2904.941;993.944213867187;0
2906.26;942.85791015625;0
2907.58;941.710327148437;0
2908.898;952.739135742188;0
2910.217;961.104614257813;0
2911.536;986.349182128906;0
2912.852;1033.69396972656;0
2914.171;1102.79736328125;0
2915.485;1161.6875;0
2916.799;1197.76428222656;0
2918.116;1157.5869140625;0
2919.428;1168.2763671875;0
2920.743;1090.07434082031;0
2922.056;1156.64990234375;0
2923.367;1152.09448242187;0
2924.679;1123.47131347656;0
2925.99;1097.4111328125;0
2927.299;1063.49279785156;0
2928.609;1064.09631347656;0
2929.918;1120.91650390625;0
2931.226;1168.27978515625;0
2932.535;1206.10681152344;0
2933.841;1047.15270996094;0
2935.149;1099.0244140625;0
2936.455;1084.77001953125;0
2937.758;1118.02160644531;0
2939.064;956.58251953125;0
2940.368;932.322143554688;0
2941.67;929.3271484375;0
2942.973;986.557678222656;0
2944.277;1087.60400390625;0
2945.577;1130.00048828125;0
2946.878;1161.54040527344;0
2948.178;1102.62231445313;0
2949.477;1155.14184570313;0
2950.776;1197.65417480469;0
2952.073;1311.0712890625;0
2953.372;1206.81909179687;0
2954.669;1199.07641601563;0
2955.965;1166.95983886719;0
2957.261;1200.3720703125;0
2958.556;1200.89025878906;0
2959.849;1152.12292480469;0
2961.145;1203.63781738281;0
2962.436;1273.58081054688;0
2963.732;1302.978515625;0
2965.022;1335.71911621094;0
2966.313;1205.13891601563;0
2967.603;1127.95556640625;0
2968.893;1057.27807617187;0
2970.182;1037.61401367188;0
2971.471;1026.62524414062;0
2972.759;1007.83459472656;0
2974.047;951.399963378906;0
2975.334;955.005798339844;0
2976.62;952.722717285156;0
2977.907;956.503784179687;0
2979.192;973.737121582031;0
2980.475;923.424438476563;0
2981.76;975.992065429687;0
2983.043;883.342712402344;0
2984.326;837.635864257813;0
2985.607;772.684814453125;0
2986.888;823.947509765625;0
2988.17;886.546081542969;0
2989.449;852.592651367188;0
2990.728;718.847229003906;0
2992.007;672.852294921875;0
2993.284;617.763671875;0
2994.562;682.799621582031;0
2995.84;566.969482421875;0
2997.115;630.250366210937;0
2998.393;609.77294921875;0
2999.666;648.2919921875;0
3000.94;672.777282714844;0
3002.215;694.460510253906;0
3003.486;746.247497558594;0
3004.76;650.693786621094;0
3006.033;677.6728515625;0
3007.303;604.287170410156;0
3008.573;535.761047363281;0
3009.844;482.325012207031;0
3011.114;568.306396484375;0
3012.383;572.701965332031;0
3013.649;483.419311523438;0
3014.917;303.458312988281;0
3016.185;372.625579833984;0
3017.451;307.511047363281;0
3018.716;402.485992431641;0
3019.983;260.829040527344;0
3021.246;370.670227050781;0
3022.509;461.660766601563;0
3023.774;536.074768066406;0
3025.035;517.355712890625;0
3026.299;388.787261962891;0
3027.56;454.671112060547;0
3028.819;357.13818359375;0
3030.081;198.001434326172;0
3031.339;211.341171264648;0
3032.598;300.376647949219;0
3033.856;331.874206542969;0
3035.114;227.943618774414;0
3036.372;146.406707763672;0
3037.628;225.110610961914;0
3038.883;246.945327758789;0
3040.138;210.689910888672;0
3041.394;322.004699707031;0
3042.646;354.222808837891;0
3043.9;478.119567871094;0
3045.152;452.535705566406;0
3046.405;450.009826660156;0
3047.657;474.827270507813;0
3048.906;609.208251953125;0
3050.158;708.550048828125;0
3051.407;807.297058105469;0
3052.656;683.134887695313;0
3053.904;686.104736328125;0
3055.153;633.279663085938;0
3056.398;636.380065917969;0
3057.647;572.156982421875;0
3058.892;516.832458496094;0
3060.137;619.197204589844;0
3061.382;748.078491210938;0
3062.625;804.255554199219;0
3063.869;785.728454589844;0
3065.112;719.300903320313;0
3066.353;795.604553222656;0
3067.595;777.464904785156;0
3068.838;795.149230957031;0
3070.075;814.166564941406;0
3071.317;882.961853027344;0
3072.557;861.889038085938;0
3073.795;760.327026367188;0
3075.032;748.427001953125;0
3076.27;804.737487792969;0
3077.507;835.296203613281;0
3078.742;754.2548828125;0
3079.978;743.738098144531;0
3081.212;702.894348144531;0
3082.446;790.163024902344;0
3083.681;769.918212890625;0
3084.913;769.800476074219;0
3086.147;799.6044921875;0
3087.38;838.281005859375;0
3088.61;873.421020507812;0
3089.84;790.286071777344;0
3091.071;752.554260253906;0
3092.3;820.078735351563;0
3093.529;841.954956054688;0
3094.755;915.986877441406;0
3095.984;915.586364746094;0
3097.211;930.520385742187;0
3098.438;814.715698242188;0
3099.663;765.496215820313;0
3100.888;724.095642089844;0
3102.112;733.583068847656;0
3103.335;701.731384277344;0
3104.56;704.514343261719;0
3105.782;799.143920898437;0
3107.005;839.33349609375;0
3108.226;885.453735351563;0
3109.447;761.807922363281;0
3110.667;748.115478515625;0
3111.887;766.704956054688;0
3113.104;803.1103515625;0
3114.324;856.002868652344;0
3115.541;845.49658203125;0
3116.758;882.705078125;0
3117.976;797.121032714844;0
3119.192;730.650390625;0
3120.408;806.896667480469;0
3121.622;868.417419433594;0
3122.835;899.259826660156;0
3124.05;828.31494140625;0
3125.262;802.230590820312;0
3126.476;803.302124023437;0
3127.687;721.458129882812;0
3128.897;689.984375;0
3130.108;719.6396484375;0
3131.319;856.090576171875;0
3132.528;923.101318359375;0
3133.737;969.338562011719;0
3134.945;903.469604492187;0
3136.152;869.608154296875;0
3137.358;789.505920410156;0
3138.565;794.645141601563;0
3139.772;794.422668457031;0
3140.976;786.239929199219;0
3142.18;751.924133300781;0
3143.385;714.8173828125;0
3144.588;724.568054199219;0
3145.79;813.522094726563;0
3146.993;848.694519042969;0
3148.194;757.557250976562;0
3149.395;632.648071289063;0
3150.596;597.595336914063;0
3151.794;645.688720703125;0
3152.994;622.14990234375;0
3154.193;593.700378417969;0
3155.39;541.315490722656;0
3156.587;574.681579589844;0
3157.784;593.579284667969;0
3158.982;569.485473632813;0
3160.177;498.927337646484;0
3161.37;485.421936035156;0
3162.565;516.22802734375;0
3163.759;531.133972167969;0
3164.952;516.465270996094;0
3166.146;479.315155029297;0
3167.337;482.375549316406;0
3168.527;494.910095214844;0
3169.719;576.517272949219;0
3170.91;569.477905273438;0
3172.098;453.123168945313;0
3173.288;332.6083984375;0
3174.475;280.589996337891;0
3175.663;255.591720581055;0
3176.849;251.140609741211;0
3178.037;369.539154052734;0
3179.223;408.781585693359;0
3180.408;385.091186523438;0
3181.592;216.355545043945;0
3182.777;256.109619140625;0
3183.96;288.373474121094;0
3185.143;336.368621826172;0
3186.325;360.541412353516;0
3187.507;389.115692138672;0
3188.688;424.866760253906;0
3189.869;388.904541015625;0
3191.049;411.116790771484;0
3192.228;431.170196533203;0
3193.406;517.175964355469;0
3194.585;502.352600097656;0
3195.763;580.146179199219;0
3196.939;519.552612304688;0
3198.116;556.348083496094;0
3199.292;508.526611328125;0
3200.466;483.911926269531;0
3201.643;561.569702148438;0
3202.816;629.455078125;0
3203.991;727.834533691406;0
3205.161;687.322082519531;0
3206.334;637.906555175781;0
3207.504;643.761047363281;0
3208.677;651.011352539063;0
3209.846;736.422912597656;0
3211.017;768.274536132812;0
3212.187;844.316284179687;0
3213.356;750.254333496094;0
3214.524;756.55224609375;0
3215.69;745.175231933594;0
3216.859;800.582092285156;0
3218.024;750.858093261719;0
3219.189;744.186584472656;0
3220.354;708.694580078125;0
3221.519;716.155029296875;0
3222.682;701.51123046875;0
3223.845;725.947937011719;0
3225.01;794.522338867187;0
3226.171;907.294250488281;0
3227.332;995.829284667969;0
3228.494;1080.34729003906;0
3229.655;1008.06945800781;0
3230.814;1015.39532470703;0
3231.973;903.710571289063;0
3233.13;1020.37768554687;0
3234.29;943.804870605469;0
3235.447;1008.43188476563;0
3236.605;916.404174804687;0
3237.76;1014.82019042969;0
3238.916;1019.43902587891;0
3240.071;1050.54565429687;0
3241.224;1026.19738769531;0
3242.381;977.732299804688;0
3243.532;948.704467773437;0
3244.685;979.7119140625;0
3245.839;966.631652832031;0
3246.99;892.115539550781;0
3248.141;734.915466308594;0
3249.292;797.590515136719;0
3250.439;851.359619140625;0
3251.589;850.221435546875;0
3252.739;835.240478515625;0
3253.886;762.0830078125;0
3255.034;780.004943847656;0
3256.18;736.413513183594;0
3257.326;712.42431640625;0
3258.472;724.819763183594;0
3259.617;701.267761230469;0
3260.761;696.718566894531;0
3261.905;736.221862792969;0
3263.048;772.233947753906;0
3264.19;792.908264160156;0
3265.333;787.548278808594;0
3266.475;755.037170410156;0
3267.617;871.921203613281;0
3268.757;948.645446777344;0
3269.896;1016.48132324219;0
3271.036;954.477661132812;0
3272.175;864.58056640625;0
3273.313;835.467468261719;0
3274.449;813.752258300781;0
3275.586;852.592590332031;0
3276.722;872.309204101563;0
3277.859;885.460815429687;0
3278.993;850.021240234375;0
3280.13;780.408447265625;0
3281.263;781.858581542969;0
3282.395;836.76611328125;0
3283.529;949.949401855469;0
3284.66;995.3720703125;0
3285.794;984.811828613281;0
3286.924;946.383361816406;0
3288.054;892.293884277344;0
3289.185;795.41845703125;0
3290.313;742.513122558594;0
3291.443;751.975952148438;0
3292.571;791.525634765625;0
3293.698;869.315612792969;0
3294.824;894.238708496094;0
3295.952;875.733520507813;0
3297.077;797.140686035156;0
3298.203;732.469055175781;0
3299.328;736.261535644531;0
3300.45;749.225036621094;0
3301.574;747.718872070313;0
3302.698;687.248596191406;0
3303.819;688.105285644531;0
3304.942;708.270568847656;0
3306.064;699.353515625;0
3307.182;709.757568359375;0
3308.303;639.708251953125;0
3309.423;723.345275878906;0
3310.542;642.574584960938;0
3311.66;610.973754882813;0
3312.778;516.591979980469;0
3313.895;537.653991699219;0
3315.012;520.300964355469;0
3316.128;586.950561523438;0
3317.243;581.782897949219;0
3318.357;678.095275878906;0
3319.471;716.523071289063;0
3320.586;686.931335449219;0
3321.698;781.811340332031;0
3322.813;804.533630371094;0
3323.923;863.655212402344;0
3325.034;821.064392089844;0
3326.146;754.501586914063;0
3327.255;782.095703125;0
3328.366;713.2314453125;0
3329.474;732.747863769531;0
3330.582;624.761413574219;0
3331.691;647.746032714844;0
3332.797;674.483825683594;0
3333.905;785.765075683594;0
3335.011;758.100769042969;0
3336.116;727.094055175781;0
3337.22;682.171752929688;0
3338.327;731.860168457031;0
3339.429;660.536193847656;0
3340.534;679.260192871094;0
3341.635;658.036499023438;0
3342.737;624.861022949219;0
3343.84;509.079528808594;0
3344.94;464.326995849609;0
3346.041;477.658721923828;0
3347.142;454.912384033203;0
3348.24;411.008697509766;0
3349.337;478.578796386719;0
3350.437;479.333526611328;0
3351.534;498.140380859375;0
3352.633;506.308410644531;0
3353.727;593.560302734375;0
3354.823;599.067810058594;0
3355.919;608.579772949219;0
3357.013;636.98828125;0
3358.108;564.471618652344;0
3359.201;617.510192871094;0
3360.293;559.981994628906;0
3361.385;645.230346679688;0
3362.478;598.469421386719;0
3363.569;653.181030273438;0
3364.661;622.76953125;0
3365.75;639.654235839844;0
3366.838;636.160095214844;0
3367.929;697.387634277344;0
3369.017;766.4306640625;0
3370.105;754.305358886719;0
3371.193;717.192565917969;0
3372.279;653.684326171875;0
3373.364;680.565551757813;0
3374.45;766.148742675781;0
3375.534;738.099609375;0
3376.62;806.636535644531;0
3377.704;796.0546875;0
3378.786;767.323059082031;0
3379.871;700.715026855469;0
3380.951;704.521545410156;0
3382.034;686.0634765625;0
3383.114;624.513977050781;0
3384.195;604.961669921875;0
3385.276;739.028442382813;0
3386.354;842.200317382813;0
3387.433;813.84423828125;0
3388.511;783.793701171875;0
3389.588;717.775695800781;0
3390.664;703.06689453125;0
3391.742;637.192810058594;0
3392.816;654.333068847656;0
3393.893;723.573120117187;0
3394.968;822.463073730469;0
3396.042;827.364013671875;0
3397.115;815.606994628906;0
3398.189;691.794189453125;0
3399.262;676.744445800781;0
3400.333;644.073425292969;0
3401.404;752.182556152344;0
3402.474;784.106994628906;0
3403.545;801.77294921875;0
3404.615;759.836486816406;0
3405.685;785.301940917969;0
3406.752;806.356506347656;0
3407.82;831.422607421875;0
3408.888;875.482727050781;0
3409.955;898.85498046875;0
3411.021;909.769775390625;0
3412.085;838.682189941406;0
3413.151;803.42626953125;0
3414.215;770.949401855469;0
3415.279;755.411254882813;0
3416.343;759.301696777344;0
3417.406;730.249633789063;0
3418.468;747.052734375;0
3419.53;638.176635742188;0
3420.592;620.510009765625;0
3421.652;653.386352539063;0
3422.712;728.2431640625;0
3423.773;749.873657226563;0
3424.83;702.965209960938;0
3425.889;794.169616699219;0
3426.946;815.251770019531;0
3428.005;781.544311523438;0
3429.061;740.005859375;0
3430.117;799.250549316406;0
3431.172;831.798156738281;0
3432.227;792.2734375;0
3433.281;751.077087402344;0
3434.335;778.415100097656;0
3435.389;808.73193359375;0
3436.44;813.057800292969;0
3437.492;866.214233398438;0
3438.546;817.99658203125;0
3439.598;777.204711914062;0
3440.646;694.2666015625;0
3441.697;769.875305175781;0
3442.745;778.232177734375;0
3443.793;890.310729980469;0
3444.842;905.512268066406;0
3445.891;960.171936035156;0
3446.937;921.433959960938;0
3447.984;884.02587890625;0
3449.031;821.571655273438;0
3450.075;855.343017578125;0
3451.12;874.019348144531;0
3452.164;911.42919921875;0
3453.207;865.72021484375;0
3454.251;815.558166503906;0
3455.293;825.410949707031;0
3456.336;804.061157226563;0
3457.378;817.379089355469;0
3458.417;806.370910644531;0
3459.458;737.022338867188;0
3460.498;755.703125;0
3461.539;787.874328613281;0
3462.577;796.615356445313;0
3463.614;856.141235351562;0
3464.651;831.745849609375;0
3465.689;863.041809082031;0
3466.726;757.003112792969;0
3467.763;703.621154785156;0
3468.798;599.811462402344;0
3469.831;618.727783203125;0
3470.866;651.996520996094;0
3471.9;736.983825683594;0
3472.933;706.343017578125;0
3473.966;624.828735351563;0
3474.999;600.316467285156;0
3476.029;509.616821289062;0
3477.061;522.202026367187;0
3478.09;479.589080810547;0
3479.121;513.203369140625;0
3480.15;561.885131835938;0
3481.178;548.917785644531;0
3482.205;640.559997558594;0
3483.234;613.146911621094;0
3484.26;629.484130859375;0
3485.288;634.353271484375;0
3486.313;658.625854492188;0
3487.337;722.497375488281;0
3488.364;650.422424316406;0
3489.387;697.372009277344;0
3490.411;685.054382324219;0
3491.434;708.981994628906;0
3492.456;572.402465820312;0
3493.479;472.608703613281;0
3494.5;458.052429199219;0
3495.521;368.488952636719;0
3496.543;346.759521484375;0
3497.561;271.066040039063;0
3498.579;239.277496337891;0
3499.6;132.941818237305;0
3500.618;-53.086353302002;0
3501.636;-97.5004425048828;0
3502.653;-62.8657073974609;0
3503.669;39.7135467529297;0
3504.685;1.92114734649658;0
3505.699;-29.3131198883057;0
3506.716;-93.7350769042969;0
3507.729;-66.4811706542969;0
3508.743;-83.2118072509766;0
3509.755;-86.1041641235352;0
