98.64605;0;0
101.2353;0;0
103.8217;0;0
106.4096;-4.77777767181396;0
108.9945;21.3555564880371;0
111.5767;41.0476188659668;0
114.1602;68.0246887207031;0
116.7409;40.1313133239746;0
119.3209;-14.7264957427979;0
121.9002;1.02962958812714;0
124.4788;-83.0196075439453;0
127.0566;-49.9181289672852;0
129.6317;-122.492065429688;0
132.2038;-48.7487907409668;0
134.7796;-95.3822250366211;0
137.3503;-32.5473251342773;0
139.9204;-5.63984680175781;0
142.4919;400.774200439453;0
145.0584;547.501708984375;0
147.6242;674.463500976563;0
150.1914;729.693664550781;0
152.7579;866.717956542969;0
155.3216;900.913269042969;0
157.8846;883.891479492188;0
160.4448;854.488891601563;0
163.0085;945.555541992188;0
165.5672;1007.70520019531;0
168.1232;1058.20263671875;0
170.6826;1074.79870605469;0
173.2372;1159.37780761719;0
175.7931;1276.03308105469;0
178.3463;1391.04895019531;0
180.8966;1508.56872558594;0
183.4504;1668.68737792969;0
185.9993;1734.48583984375;0
188.5476;1657.80786132813;0
191.0972;1556.7626953125;0
193.644;1564.4482421875;0
196.1859;1667.59509277344;0
198.7335;1837.01318359375;0
201.2761;1838.89270019531;0
203.8201;1784.11303710938;0
206.3593;1705.97924804688;0
208.8998;1746.2109375;0
211.4397;1823.65344238281;0
213.9746;2008.08093261719;0
216.5109;2094.38427734375;0
219.0487;2294.3974609375;0
221.5816;2257.65356445313;0
224.1158;2344.3447265625;0
226.6473;2309.61010742188;0
229.176;2447.421875;0
231.7082;2559.94165039063;0
234.2355;2667.27880859375;0
236.7643;2615.96801757813;0
239.2902;2540.681640625;0
241.8133;2482.8681640625;0
244.3379;2431.32763671875;0
246.8618;2481.74755859375;0
249.3828;2420.98681640625;0
251.9053;2498.77587890625;0
254.423;2541.9228515625;0
256.942;2504.90405273438;0
259.4603;2514.81909179688;0
261.9759;2415.92456054688;0
264.4887;2406.67602539063;0
267.005;2358.62890625;0
269.5164;2406.07348632813;0
272.0292;2548.11303710938;0
274.5393;2668.2861328125;0
277.0466;2767.29931640625;0
279.5574;2879.0791015625;0
282.0654;2897.23364257813;0
284.5686;2808.9189453125;0
287.0752;2838.30322265625;0
289.5791;2785.95288085938;0
292.0803;2762.27490234375;0
294.5828;2480.2109375;0
297.0826;2360.83618164063;0
299.5838;2201.89453125;0
302.0801;2156.93041992188;0
304.5758;2126.88500976563;0
307.0749;2182.7080078125;0
309.5672;2179.01123046875;0
312.0608;2146.78344726563;0
314.5558;1974.47265625;0
317.044;1978.56872558594;0
319.5377;1829.25048828125;0
322.0266;1996.99243164063;0
324.5127;2079.38427734375;0
327.0023;2229.46704101563;0
329.4871;2284.3125;0
331.9691;2374.30322265625;0
334.4547;2402.0771484375;0
336.9353;2378.0791015625;0
339.4174;2339.43310546875;0
341.901;2464.66674804688;0
344.3776;2735.896484375;0
346.8577;2868.46508789063;0
349.333;2816.32958984375;0
351.8076;2661.08276367188;0
354.2857;2617.05834960938;0
356.7569;2556.25415039063;0
359.2296;2455.21459960938;0
361.7015;2217.60620117188;0
364.1729;2250.23681640625;0
366.6414;2265.21264648438;0
369.1093;2264.84838867188;0
371.5745;2223.140625;0
374.0432;2131.04833984375;0
376.507;2265.67529296875;0
378.9702;2167.89331054688;0
381.4348;2126.00927734375;0
383.8947;2052.41284179688;0
386.3538;2093.0390625;0
388.8144;2219.70971679688;0
391.2722;2239.9169921875;0
393.7314;2329.78100585938;0
396.1859;2456.2705078125;0
398.6418;2565.43017578125;0
401.0949;2726.78271484375;0
403.5475;2493.93041992188;0
405.9972;2465.26708984375;0
408.4505;2394.83349609375;0
410.899;2650.73999023438;0
413.3468;2660.86206054688;0
415.796;2696.04760742188;0
418.2405;2734.71533203125;0
420.6884;2761.59497070313;0
423.1295;2732.54223632813;0
425.572;2638.42260742188;0
428.0159;2607.89990234375;0
430.455;2635.96752929688;0
432.8956;2536.4111328125;0
435.3335;2523.97290039063;0
437.7707;2238.93481445313;0
440.2093;2247.24438476563;0
442.6432;2159.35229492188;0
445.0764;2280.07983398438;0
447.511;2209.140625;0
449.9429;2146.06884765625;0
452.3721;2246.37109375;0
454.8048;2265.78442382813;0
457.2328;2396.6875;0
459.66;2297.17993164063;0
462.0847;2355.43969726563;0
464.5127;2341.6513671875;0
466.9381;2461.90112304688;0
469.3587;2540.7265625;0
471.7807;2603.75268554688;0
474.2042;2647.44653320313;0
476.6229;2723.26928710938;0
479.041;2764.728515625;0
481.4604;2742.88037109375;0
483.8752;2647.16259765625;0
486.2934;2618.43774414063;0
488.7068;2471.53393554688;0
491.1197;2467.53564453125;0
493.5339;2344.4306640625;0
495.9435;2259.89233398438;0
498.3544;2105.482421875;0
500.7667;2119.86254882813;0
503.1723;2190.36474609375;0
505.5793;2106.2041015625;0
507.9856;1959.29333496094;0
510.3913;1817.68603515625;0
512.7944;1753.47766113281;0
515.1968;1617.68347167969;0
517.5986;1606.63903808594;0
519.9997;1682.57580566406;0
522.3982;1849.59289550781;0
524.798;1747.47412109375;0
527.1973;1749.40893554688;0
529.5919;1700.66430664062;0
531.9899;1743.32373046875;0
534.3832;1862.77673339844;0
536.7758;1777.81420898438;0
539.1699;1869.93151855469;0
541.5593;1670.0263671875;0
543.9481;1754.27563476562;0
546.3382;1850.00854492188;0
548.7257;1942.8408203125;0
551.1146;2090.49365234375;0
553.4968;2103.56982421875;0
555.8824;2337.82080078125;0
558.2675;2282.51513671875;0
560.6478;2378.01538085938;0
563.0295;2270.63305664063;0
565.4106;2170.99291992188;0
567.7911;2004.54016113281;0
570.169;1885.71520996094;0
572.5462;1808.18933105469;0
574.9229;1850.2021484375;0
577.2968;1744.16479492188;0
579.6721;1947.02416992188;0
582.0449;1875.58422851563;0
584.417;1787.75354003906;0
586.7885;1601.06604003906;0
589.1553;1630.45886230469;0
591.5255;1713.20715332031;0
593.8931;1685.205078125;0
596.2601;1650.71667480469;0
598.6265;1612.86987304688;0
600.9902;1618.34252929687;0
603.3554;1541.13488769531;0
605.7179;1598.4287109375;0
608.0778;1611.28479003906;0
610.4391;1555.06237792969;0
612.7977;1524.072265625;0
615.1558;1456.818359375;0
617.5132;1689.14172363281;0
619.8701;1605.33605957031;0
622.2263;1614.80590820312;0
624.5779;1581.91479492188;0
626.9308;1888.21484375;0
629.2852;2175.05883789063;0
631.6349;2329.11206054688;0
633.9841;2498.3408203125;0
636.3326;2433.72729492188;0
638.6805;2476.138671875;0
641.0279;2304.93139648438;0
643.3746;2415.80444335938;0
645.7187;2439.82861328125;0
648.0621;2443.92065429688;0
650.405;2312.61791992188;0
652.7453;2358.55590820313;0
655.087;2470.43920898438;0
657.426;2469.84716796875;0
659.7645;2452.40307617188;0
662.1024;2243.70947265625;0
664.4376;2130.74462890625;0
666.7742;1924.44616699219;0
669.1063;1889.02453613281;0
671.4398;2017.52368164063;0
673.7726;2032.41186523437;0
676.1048;2031.52270507813;0
678.4324;2022.9130859375;0
680.7635;1952.07067871094;0
683.0919;2014.69970703125;0
685.4158;1923.68273925781;0
687.743;1872.11608886719;0
690.0696;1780.70776367187;0
692.3937;1817.37854003906;0
694.7151;1855.29870605469;0
697.038;2080.52734375;0
699.3583;1936.09313964844;0
701.6779;2087.82470703125;0
703.995;1977.21533203125;0
706.3155;2187.29931640625;0
708.6294;2121.25805664063;0
710.9467;2107.52197265625;0
713.2594;2088.63623046875;0
715.5735;1937.61352539063;0
717.887;1873.28039550781;0
720.1979;1924.400390625;0
722.5083;2268.04736328125;0
724.818;2254.44018554688;0
727.1252;2079.6884765625;0
729.4357;1881.92016601563;0
731.7418;1862.26550292969;0
734.0452;2084.90502929688;0
736.35;2128.89379882813;0
738.6522;2156.12329101563;0
740.9539;1988.40454101563;0
743.2569;1863.841796875;0
745.5554;1813.84069824219;0
747.8553;1739.68688964844;0
750.1545;1828.48315429688;0
752.4513;1880.89086914062;0
754.7474;1619.33935546875;0
757.043;1409.1689453125;0
759.336;1453.93322753906;0
761.6304;1649.81689453125;0
763.9222;1624.81811523437;0
766.2114;1208.13146972656;0
768.5041;1066.31359863281;0
770.7922;1004.84259033203;0
773.0777;1173.56323242188;0
775.3647;1249.16320800781;0
777.651;1427.62414550781;0
779.9368;1380.61096191406;0
782.22;1509.66979980469;0
784.5026;1499.05615234375;0
786.7847;1746.69396972656;0
789.0662;1668.60754394531;0
791.3451;1759.98693847656;0
793.6254;1753.98645019531;0
795.9012;1934.67834472656;0
798.1784;2057.4951171875;0
800.455;2164.99951171875;0
802.7291;2057.07666015625;0
805.0026;1864.97302246094;0
807.2755;2065.62353515625;0
809.5478;1983.51293945312;0
811.8176;1983.72705078125;0
814.0869;1839.70263671875;0
816.3535;2040.92895507813;0
818.6235;2242.0927734375;0
820.8911;2127.15380859375;0
823.156;2219.162109375;0
825.4204;2261.62646484375;0
827.6823;2305.67993164063;0
829.9474;2254.21069335938;0
832.2082;2149.54150390625;0
834.4683;2213.8369140625;0
836.7279;2153.5048828125;0
838.9869;2239.29028320313;0
841.2453;2147.68798828125;0
843.5012;2412.06787109375;0
845.7565;2363.77978515625;0
848.0133;2468.69970703125;0
850.2655;2326.39111328125;0
852.5153;2268.40869140625;0
854.7703;2250.15795898438;0
857.0189;2048.44848632813;0
859.2668;1987.61987304688;0
861.5182;1867.23449707031;0
863.7651;2035.40051269531;0
866.0114;1979.48217773437;0
868.2592;1623.35107421875;0
870.5024;1410.69079589844;0
872.7451;1380.42407226562;0
874.9872;1723.27062988281;0
877.2307;1810.24841308594;0
879.4717;1732.68176269531;0
881.7101;1603.56762695313;0
883.95;1487.123046875;0
886.1854;1572.509765625;0
888.4202;1472.90087890625;0
890.6604;1509.85949707031;0
892.8941;1349.50268554688;0
895.1253;1599.34912109375;0
897.3599;1727.02258300781;0
899.59;1588.64221191406;0
901.8195;1297.32763671875;0
904.0504;1244.92736816406;0
906.2789;1569.62976074219;0
908.5087;1934.03100585937;0
910.7341;1930.5615234375;0
912.9589;1819.40161132813;0
915.1851;1763.38317871094;0
917.4088;1826.09558105469;0
919.63;1805.86364746094;0
921.8526;1331.13061523438;0
924.0727;1382.78186035156;0
926.2922;1708.42626953125;0
928.5112;2043.87731933594;0
930.7277;1824.81286621094;0
932.9476;1313.00390625;0
935.163;1236.33959960937;0
937.3739;1055.15625;0
939.5901;1204.91320800781;0
941.8019;1138.140625;0
944.0151;1101.83764648438;0
946.2258;982.115417480469;0
948.4341;755.163391113281;0
950.6456;863.781311035156;0
952.8527;890.706420898438;0
955.0593;1008.35327148438;0
957.2653;810.895141601562;0
959.4689;806.040466308594;0
961.6738;812.581665039063;0
963.8782;791.742980957031;0
966.0782;762.959838867188;0
968.2815;845.151184082031;0
970.4803;910.11767578125;0
972.6787;875.173278808594;0
974.8784;902.789855957031;0
977.0757;1111.5234375;0
979.2704;1154.55187988281;0
981.4667;1198.08813476562;0
983.6603;1172.61022949219;0
985.8535;1324.6064453125;0
988.0461;1338.80029296875;0
990.2363;1345.36083984375;0
992.4297;1563.80151367187;0
994.6169;1816.58776855469;0
996.8035;2198.37646484375;0
998.9933;2416.775390625;0
1001.179;2468.43920898438;0
1003.364;2323.21948242188;0
1005.55;2013.72741699219;0
1007.732;2097.04833984375;0
1009.916;1984.96398925781;0
1012.096;2122.80029296875;0
1014.275;1904.33923339844;0
1016.459;1996.94177246094;0
1018.636;2075.98315429688;0
1020.813;2259.88427734375;0
1022.991;2552.69458007813;0
1025.165;2559.8955078125;0
1027.34;2384.64111328125;0
1029.515;2167.7001953125;0
1031.687;2053.73120117188;0
1033.859;2273.89306640625;0
1036.03;2332.5087890625;0
1038.199;2376.09887695313;0
1040.369;2279.56518554688;0
1042.536;2300.14135742188;0
1044.704;2137.71508789063;0
1046.87;1975.41125488281;0
1049.034;1609.22033691406;0
1051.198;1427.47705078125;0
1053.363;1443.83386230469;0
1055.526;1519.57299804688;0
1057.686;1688.30200195313;0
1059.845;1656.50695800781;0
1062.005;1577.63208007812;0
1064.165;1491.56530761719;0
1066.323;1487.27954101563;0
1068.477;1503.68811035156;0
1070.634;1574.13305664063;0
1072.788;1366.8369140625;0
1074.942;1274.36474609375;0
1077.096;1208.27661132813;0
1079.247;1428.18774414063;0
1081.397;1611.71301269531;0
1083.547;1715.35803222656;0
1085.695;1597.5078125;0
1087.844;1659.31677246094;0
1089.992;1596.5849609375;0
1092.138;1534.54089355469;0
1094.284;1549.81872558594;0
1096.425;1588.17749023437;0
1098.571;1719.39343261719;0
1100.711;1655.05932617188;0
1102.851;1643.32189941406;0
1104.994;1728.47680664063;0
1107.132;1714.4091796875;0
1109.271;1766.01635742188;0
1111.408;1850.50170898437;0
1113.543;1929.83654785156;0
1115.682;1963.74682617187;0
1117.816;1700.05993652344;0
1119.947;1672.36828613281;0
1122.08;1594.53857421875;0
1124.213;1840.80187988281;0
1126.343;1797.10485839844;0
1128.474;1726.56982421875;0
1130.602;1395.09936523438;0
1132.728;1441.9091796875;0
1134.856;1434.13293457031;0
1136.982;1411.67077636719;0
1139.109;1427.64807128906;0
1141.234;1550.76428222656;0
1143.356;1716.533203125;0
1145.479;1678.07299804687;0
1147.599;1591.73864746094;0
1149.719;1649.04138183594;0
1151.839;1647.31970214844;0
1153.957;1626.12939453125;0
1156.076;1431.80456542969;0
1158.191;1084.56762695313;0
1160.305;1032.869140625;0
1162.423;1037.3173828125;0
1164.536;1340.88256835938;0
1166.647;1233.97766113281;0
1168.761;1367.7431640625;0
1170.871;1360.80249023437;0
1172.983;1442.60388183594;0
1175.092;1594.65576171875;0
1177.2;1776.14050292969;0
1179.306;1995.41552734375;0
1181.413;2008.16857910156;0
1183.518;1939.23889160156;0
1185.623;1726.24401855469;0
1187.725;1614.73461914063;0
1189.826;1561.14868164063;0
1191.929;1820.54992675781;0
1194.032;1920.048828125;0
1196.13;1812.45971679687;0
1198.23;1727.22692871094;0
1200.327;1762.68225097656;0
1202.423;1862.92700195313;0
1204.52;1939.404296875;0
1206.613;1571.14538574219;0
1208.71;1702.78588867187;0
1210.801;1714.15502929688;0
1212.892;2074.04296875;0
1214.987;2025.82409667969;0
1217.075;1980.60546875;0
1219.166;1805.23168945312;0
1221.256;1846.62463378906;0
1223.342;1811.34851074219;0
1225.43;1956.52551269531;0
1227.515;1717.66394042969;0
1229.597;1658.91296386719;0
1231.685;1620.38427734375;0
1233.767;1728.38830566406;0
1235.85;1776.40930175781;0
1237.931;1800.90832519531;0
1240.009;1796.55395507812;0
1242.09;1627.68933105469;0
1244.168;1526.65881347656;0
1246.245;1549.57824707031;0
1248.321;1705.86987304688;0
1250.397;1763.79077148438;0
1252.472;1865.78454589844;0
1254.547;1679.39294433594;0
1256.618;1533.73645019531;0
1258.69;1330.34899902344;0
1260.761;1420.9697265625;0
1262.83;1510.26635742188;0
1264.901;1513.46203613281;0
1266.969;1619.95373535156;0
1269.035;1415.74682617187;0
1271.102;1610.70031738281;0
1273.167;1473.06005859375;0
1275.233;1716.39611816406;0
1277.295;1587.24755859375;0
1279.359;1724.83630371094;0
1281.42;1419.27355957031;0
1283.482;1340.76745605469;0
1285.542;1064.92724609375;0
1287.6;1256.27502441406;0
1289.659;1123.49633789062;0
1291.714;1304.89050292969;0
1293.774;1476.6279296875;0
1295.828;1666.64733886719;0
1297.881;1715.43090820312;0
1299.936;1688.24011230469;0
1301.987;1803.73876953125;0
1304.041;1979.87719726563;0
1306.09;1816.76696777344;0
1308.139;1728.19299316406;0
1310.19;1601.494140625;0
1312.238;1822.56701660156;0
1314.286;1697.701171875;0
1316.331;1702.53686523438;0
1318.376;1728.70397949219;0
1320.422;1712.20275878906;0
1322.466;1598.80322265625;0
1324.508;1586.40637207031;0
1326.549;1650.68725585937;0
1328.59;1623.53845214844;0
1330.632;1447.80346679688;0
1332.67;1545.24780273437;0
1334.707;1678.67578125;0
1336.746;1808.22973632813;0
1338.78;1821.91198730469;0
1340.816;1685.49926757813;0
1342.852;1231.71081542969;0
1344.885;1015.71893310547;0
1346.916;921.300354003906;0
1348.948;1248.03210449219;0
1350.979;1275.22045898437;0
1353.011;1315.80725097656;0
1355.04;1278.15576171875;0
1357.066;1259.76806640625;0
1359.094;1354.17224121094;0
1361.121;1278.25512695313;0
1363.145;1325.5625;0
1365.171;1099.30541992187;0
1367.192;985.257019042969;0
1369.216;811.328491210938;0
1371.239;924.151489257813;0
1373.258;1000.39276123047;0
1375.28;974.722290039063;0
1377.298;757.805358886719;0
1379.316;609.080749511719;0
1381.335;651.213623046875;0
1383.35;706.580871582031;0
1385.366;821.126220703125;0
1387.38;753.522766113281;0
1389.394;833.653930664063;0
1391.409;892.542602539063;0
1393.42;795.380737304687;0
1395.43;830.931457519531;0
1397.44;714.544921875;0
1399.451;856.443298339844;0
1401.458;692.404357910156;0
1403.466;477.423492431641;0
1405.472;394.620666503906;0
1407.478;471.971984863281;0
1409.483;759.474426269531;0
1411.486;907.413635253906;0
1413.49;992.432922363281;0
1415.492;998.747131347656;0
1417.492;929.715026855469;0
1419.495;847.454467773438;0
1421.494;837.536193847656;0
1423.492;1016.76501464844;0
1425.49;1135.53259277344;0
1427.487;1285.892578125;0
1429.482;1376.697265625;0
1431.477;1468.70483398438;0
1433.471;1476.80627441406;0
1435.466;1401.00158691406;0
1437.456;1345.84631347656;0
1439.447;1244.00842285156;0
1441.441;1302.97302246094;0
1443.427;1380.57849121094;0
1445.417;1552.03820800781;0
1447.406;1561.24389648438;0
1449.392;1496.86437988281;0
1451.381;1434.01721191406;0
1453.365;1423.25793457031;0
1455.348;1413.14196777344;0
1457.333;1309.5556640625;0
1459.314;1274.2763671875;0
1461.296;1272.85302734375;0
1463.276;1131.06335449219;0
1465.256;969.901184082031;0
1467.237;1035.23999023438;0
1469.215;1292.20178222656;0
1471.19;1419.78625488281;0
1473.167;1427.54479980469;0
1475.145;1392.25512695313;0
1477.118;1376.25061035156;0
1479.092;1352.75341796875;0
1481.065;1292.31921386719;0
1483.038;1260.95031738281;0
1485.008;1151.31506347656;0
1486.979;1185.30224609375;0
1488.949;1160.3564453125;0
1490.917;1128.36633300781;0
1492.883;1059.99548339844;0
1494.852;898.686767578125;0
1496.817;847.117370605469;0
1498.782;846.653259277344;0
1500.748;966.690246582031;0
1502.708;961.244506835938;0
1504.673;859.313049316406;0
1506.634;735.456909179688;0
1508.594;612.905578613281;0
1510.554;700.735290527344;0
1512.512;789.42626953125;0
1514.471;1013.08959960937;0
1516.428;867.947509765625;0
1518.384;943.885925292969;0
1520.34;670.798400878906;0
1522.294;735.011962890625;0
1524.249;484.718597412109;0
1526.202;717.92529296875;0
1528.153;631.255310058594;0
1530.103;907.50244140625;0
1532.054;693.839416503906;0
1534.004;814.147216796875;0
1535.951;856.314392089844;0
1537.899;971.548156738281;0
1539.847;1010.68743896484;0
1541.793;697.340637207031;0
1543.738;618.676208496094;0
1545.681;521.618286132813;0
1547.625;602.072387695313;0
1549.566;574.700500488281;0
1551.509;499.723266601563;0
1553.45;555.473999023437;0
1555.389;709.173522949219;0
1557.33;567.781311035156;0
1559.266;611.004638671875;0
1561.204;542.510009765625;0
1563.141;711.846618652344;0
1565.074;624.901184082031;0
1567.009;583.107849121094;0
1568.943;628.688720703125;0
1570.877;655.643920898438;0
1572.808;550.640014648438;0
1574.741;454.34066772461;0
1576.67;440.523620605469;0
1578.6;575.077758789063;0
1580.528;711.679931640625;0
1582.455;705.981628417969;0
1584.382;645.773681640625;0
1586.307;507.385681152344;0
1588.234;526.150451660156;0
1590.157;619.290161132812;0
1592.081;704.582580566406;0
1594.002;558.805603027344;0
1595.927;360.07015991211;0
1597.845;224.929504394531;0
1599.767;293.382019042969;0
1601.685;179.983245849609;0
1603.602;194.066543579102;0
1605.523;94.5207748413086;0
1607.438;393.977783203125;0
1609.354;514.361267089844;0
1611.269;680.557800292969;0
1613.181;470.67495727539;0
1615.096;388.378021240234;0
1617.008;208.336303710938;0
1618.92;482.403015136719;0
1620.83;589.944580078125;0
1622.74;825.071594238281;0
1624.649;633.371154785156;0
1626.557;430.696350097656;0
1628.464;341.158294677735;0
1630.37;502.175109863281;0
1632.275;598.087768554688;0
1634.18;594.584655761719;0
1636.085;505.555694580078;0
1637.988;635.008850097656;0
1639.888;610.070739746094;0
1641.791;665.063293457031;0
1643.691;682.526916503906;0
1645.588;716.124938964844;0
1647.489;794.967956542969;0
1649.387;749.942810058594;0
1651.284;821.723510742188;0
1653.18;746.98193359375;0
1655.075;857.057739257813;0
1656.972;1016.06628417969;0
1658.864;1224.23132324219;0
1660.754;1237.88732910156;0
1662.65;998.592651367188;0
1664.539;844.682189941406;0
1666.428;800.822631835938;0
1668.32;883.460510253906;0
1670.207;927.040405273438;0
1672.096;829.562255859375;0
1673.982;872.359436035156;0
1675.867;923.765197753906;0
1677.754;1030.33508300781;0
1679.638;1023.06927490234;0
1681.52;939.189819335937;0
1683.403;758.69677734375;0
1685.285;483.367950439453;0
1687.166;332.314392089844;0
1689.048;444.155700683594;0
1690.924;623.050109863281;0
1692.804;781.106323242187;0
1694.682;782.994445800781;0
1696.558;853.825439453125;0
1698.435;743.488342285156;0
1700.308;551.983093261719;0
1702.184;430.754089355469;0
1704.057;457.023590087891;0
1705.929;456.013854980469;0
1707.801;406.947052001953;0
1709.674;350.04541015625;0
1711.542;552.75341796875;0
1713.412;668.404357910156;0
1715.28;552.776062011719;0
1717.145;395.757354736328;0
1719.015;315.160888671875;0
1720.88;296.061340332031;0
1722.746;221.561599731445;0
1724.61;283.591766357422;0
1726.471;450.65185546875;0
1728.334;518.417907714844;0
1730.197;458.039672851563;0
1732.057;415.589752197266;0
1733.919;425.404113769531;0
1735.777;403.59716796875;0
1737.634;289.946716308594;0
1739.493;373.312438964844;0
1741.349;383.638824462891;0
1743.205;399.698883056641;0
1745.061;381.35986328125;0
1746.915;438.729217529297;0
1748.77;718.6904296875;0
1750.621;663.125061035156;0
1752.473;549.247680664062;0
1754.323;317.064758300781;0
1756.173;345.687469482422;0
1758.022;500.226928710937;0
1759.87;471.460510253906;0
1761.718;341.714141845703;0
1763.566;263.760467529297;0
1765.411;297.909454345703;0
1767.256;326.204010009765;0
1769.101;391.106475830078;0
1770.945;517.756225585938;0
1772.787;751.9658203125;0
1774.629;689.513122558594;0
1776.469;705.507263183594;0
1778.309;709.723876953125;0
1780.15;804.054504394531;0
1781.987;802.610229492188;0
1783.826;533.502136230469;0
1785.662;599.174743652344;0
1787.498;600.628479003906;0
1789.334;711.307800292969;0
1791.169;711.768249511719;0
1793.002;699.898742675781;0
1794.834;826.476989746094;0
1796.667;918.947448730469;0
1798.498;1031.24609375;0
1800.328;1023.65930175781;0
1802.157;816.516967773438;0
1803.986;805.927001953125;0
1805.813;735.555908203125;0
1807.639;912.403869628906;0
1809.467;906.24853515625;0
1811.292;988.201049804688;0
1813.117;895.039245605469;0
1814.94;927.096374511719;0
1816.763;904.594665527344;0
1818.585;876.756408691406;0
1820.407;675.026000976562;0
1822.227;718.403442382813;0
1824.048;689.222106933594;0
1825.865;781.821594238281;0
1827.683;561.979797363281;0
1829.501;537.475952148437;0
1831.317;382.427001953125;0
1833.135;484.568084716797;0
1834.948;154.843673706055;0
1836.761;152.1123046875;0
1838.577;160.831619262695;0
1840.388;438.017608642578;0
1842.198;485.333953857422;0
1844.009;498.002868652344;0
1845.819;513.024353027344;0
1847.629;455.545013427735;0
1849.436;326.759429931641;0
1851.244;206.556457519531;0
1853.052;243.658340454102;0
1854.858;299.458740234375;0
1856.661;327.286651611328;0
1858.466;474.254577636719;0
1860.269;381.695831298828;0
1862.073;537.943786621094;0
1863.875;401.220672607422;0
1865.673;380.859771728515;0
1867.476;292.75;0
1869.275;239.669143676758;0
1871.072;450.061645507813;0
1872.872;570.055541992188;0
1874.667;573.825988769531;0
1876.464;531.355102539063;0
1878.26;496.281311035156;0
1880.053;455.45864868164;0
1881.849;330.664886474609;0
1883.64;276.124145507813;0
1885.431;385.614227294922;0
1887.226;508.021331787109;0
1889.014;313.346008300781;0
1890.803;372.032745361328;0
1892.594;374.304168701172;0
1894.38;692.827209472656;0
1896.167;685.046752929688;0
1897.955;720.073791503906;0
1899.74;610.908447265625;0
1901.526;563.888488769531;0
1903.309;536.351806640625;0
1905.091;558.743896484375;0
1906.876;515.064758300781;0
1908.658;308.758819580078;0
1910.438;241.162261962891;0
1912.217;301.719512939453;0
1913.996;384.545257568359;0
1915.775;436.861694335938;0
1917.553;412.337860107422;0
1919.33;524.862670898437;0
1921.106;494.548156738281;0
1922.881;478.841125488281;0
1924.655;529.630432128906;0
1926.431;526.693908691406;0
1928.202;312.698120117188;0
1929.974;33.1987113952637;0
1931.746;73.8164215087891;0
1933.516;225.377990722656;0
1935.286;364.035034179688;0
1937.055;338.406951904297;0
1938.823;519.947143554688;0
1940.592;541.100036621094;0
1942.356;538.330932617188;0
1944.122;513.404602050781;0
1945.888;537.527099609375;0
1947.651;582.032775878906;0
1949.416;428.478210449219;0
1951.178;394.755279541016;0
1952.939;391.524322509766;0
1954.699;490.674987792969;0
1956.459;657.096130371094;0
1958.219;608.512023925781;0
1959.979;735.640014648438;0
1961.735;797.59130859375;0
1963.491;907.697814941406;0
1965.249;717.848388671875;0
1967.003;723.490600585938;0
1968.761;683.855285644531;0
1970.512;775.394958496094;0
1972.265;751.220764160156;0
1974.018;619.443725585938;0
1975.769;588.954345703125;0
1977.522;520.309387207031;0
1979.271;580.955993652344;0
1981.018;493.340148925781;0
1982.766;214.350784301758;0
1984.516;284.989776611328;0
1986.261;302.033020019531;0
1988.009;497.546417236328;0
1989.754;495.797424316406;0
1991.498;469.11929321289;0
1993.241;560.511962890625;0
1994.984;499.527160644531;0
1996.727;455.390411376953;0
1998.468;376.656585693359;0
2000.206;368.880859375;0
2001.946;513.841003417969;0
2003.686;610.75927734375;0
2005.424;570.186706542969;0
2007.161;654.896423339844;0
2008.898;598.777587890625;0
2010.634;672.165283203125;0
2012.369;598.838928222656;0
2014.103;471.908325195313;0
2015.836;436.375152587891;0
2017.57;536.904174804687;0
2019.299;697.719177246094;0
2021.032;737.152770996094;0
2022.762;606.317626953125;0
2024.491;621.768371582031;0
2026.221;685.3916015625;0
2027.947;697.742797851562;0
2029.676;579.044250488281;0
2031.403;543.07373046875;0
2033.128;461.053405761719;0
2034.852;543.023254394531;0
2036.577;514.603881835938;0
2038.299;608.766052246094;0
2040.022;508.445861816406;0
2041.744;246.526000976563;0
2043.465;252.006622314453;0
2045.184;230.777145385742;0
2046.903;467.51025390625;0
2048.621;417.543548583985;0
2050.339;492.543670654297;0
2052.057;464.176239013672;0
2053.774;475.10498046875;0
2055.488;376.663177490235;0
2057.203;375.070831298828;0
2058.917;383.884216308594;0
2060.631;385.102478027344;0
2062.344;312.837188720703;0
2064.053;291.310485839844;0
2065.765;305.966888427735;0
2067.476;408.695251464844;0
2069.185;478.718872070313;0
2070.892;567.590942382812;0
2072.6;614.977661132813;0
2074.308;635.994689941406;0
2076.014;580.421447753906;0
2077.72;543.923095703125;0
2079.425;470.720642089844;0
2081.13;452.811340332031;0
2082.833;379.193634033203;0
2084.532;368.089752197265;0
2086.236;354.720031738281;0
2087.936;240.419677734375;0
2089.635;360.456146240234;0
2091.335;342.46875;0
2093.034;441.995178222656;0
2094.731;244.81185913086;0
2096.427;323.978118896484;0
2098.124;528.185119628906;0
2099.82;783.683288574219;0
2101.515;876.694946289063;0
2103.207;835.948791503906;0
2104.902;877.938232421875;0
2106.594;945.242492675781;0
2108.286;1064.17126464844;0
2109.976;1142.95239257813;0
2111.667;1163.24304199219;0
2113.355;1159.71606445313;0
2115.044;1065.19458007813;0
2116.732;980.407653808594;0
2118.42;907.241638183594;0
2120.105;929.362548828125;0
2121.79;1061.21606445313;0
2123.476;1188.78063964844;0
2125.16;1230.07348632813;0
2126.844;1210.31652832031;0
2128.524;1192.51000976562;0
2130.207;1207.20935058594;0
2131.888;1295.97021484375;0
2133.567;1281.23852539063;0
2135.247;1254.46411132813;0
2136.927;1229.20324707031;0
2138.603;1281.07531738281;0
2140.281;1304.56896972656;0
2141.957;1332.23779296875;0
2143.633;1252.86120605469;0
2145.308;1266.88500976562;0
2146.981;1241.42041015625;0
2148.654;1293.58703613281;0
2150.328;1186.59252929688;0
2152;1053.99401855469;0
2153.669;1130.64721679688;0
2155.34;1178.25939941406;0
2157.01;1349.28967285156;0
2158.677;1255.05407714844;0
2160.347;1334.99609375;0
2162.013;1207.67077636719;0
2163.681;1244.52697753906;0
2165.347;1235.38549804688;0
2167.011;1182.6826171875;0
2168.674;1093.24365234375;0
2170.337;1005.97778320313;0
2172.002;1000.43762207031;0
2173.662;1043.95373535156;0
2175.324;1006.52465820313;0
2176.985;1020.81695556641;0
2178.645;931.6083984375;0
2180.304;869.232299804687;0
2181.961;928.466430664062;0
2183.618;1050.76184082031;0
2185.275;985.566223144531;0
2186.932;1002.54357910156;0
2188.586;918.138305664062;0
2190.242;1152.64965820313;0
2191.896;944.452941894531;0
2193.547;944.548706054688;0
2195.2;954.325866699219;0
2196.851;1037.75610351563;0
2198.502;1070.36669921875;0
2200.153;887.824462890625;0
2201.799;963.400451660156;0
2203.447;896.267944335938;0
2205.097;962.232055664063;0
2206.742;947.58056640625;0
2208.391;876.487915039062;0
2210.035;926.408752441406;0
2211.679;818.780029296875;0
2213.324;876.332336425781;0
2214.966;793.11279296875;0
2216.608;818.900146484375;0
2218.252;807.026733398438;0
2219.89;763.780639648437;0
2221.531;905.514953613281;0
2223.172;1001.43487548828;0
2224.809;1084.54052734375;0
2226.449;1018.16510009766;0
2228.086;1031.650390625;0
2229.72;1108.65344238281;0
2231.358;1089.09741210938;0
2232.992;949.136291503906;0
2234.625;787.373596191406;0
2236.26;913.039245605469;0
2237.893;1084.6728515625;0
2239.524;1174.49719238281;0
2241.156;939.478149414063;0
2242.785;905.975708007812;0
2244.416;903.106262207031;0
2246.044;1031.63488769531;0
2247.672;967.131774902344;0
2249.301;916.9287109375;0
2250.926;941.174255371094;0
2252.554;911.494445800781;0
2254.177;1050.71228027344;0
2255.803;1089.65686035156;0
2257.427;1248.57531738281;0
2259.051;1283.13439941406;0
2260.671;952.774291992188;0
2262.294;738.191650390625;0
2263.914;543.257690429688;0
2265.533;964.288330078125;0
2267.153;991.81298828125;0
2268.773;1119.13928222656;0
2270.392;902.660217285156;0
2272.006;959.931518554687;0
2273.624;902.508605957031;0
2275.239;1134.28125;0
2276.854;1310.47570800781;0
2278.468;1403.76110839844;0
2280.084;1389.57666015625;0
2281.695;1261.25378417969;0
2283.305;1258.35229492187;0
2284.919;881.428588867188;0
2286.527;957.832214355469;0
2288.14;937.654235839844;0
2289.748;1193.00549316406;0
2291.354;1129.78198242188;0
2292.964;1093.87243652344;0
2294.569;1183.94348144531;0
2296.174;1177.99084472656;0
2297.782;1188.12536621094;0
2299.386;1100.0126953125;0
2300.99;872.951416015625;0
2302.594;863.439025878906;0
2304.195;905.291442871094;0
2305.798;970.728271484375;0
2307.399;835.968200683594;0
2308.998;671.900146484375;0
2310.598;682.077209472656;0
2312.197;835.721740722656;0
2313.795;1080.38818359375;0
2315.392;1326.67236328125;0
2316.988;1411.35205078125;0
2318.585;1403.98278808594;0
2320.18;1334.78686523438;0
2321.774;1250.98645019531;0
2323.368;1148.79516601562;0
2324.961;1096.11206054688;0
2326.553;801.678466796875;0
2328.145;847.602478027344;0
2329.735;790.673828125;0
2331.324;1105.1572265625;0
2332.916;947.113647460937;0
2334.503;795.092651367188;0
2336.092;614.359191894531;0
2337.677;748.218017578125;0
2339.263;955.767822265625;0
2340.85;1065.23071289063;0
2342.434;1041.60510253906;0
2344.018;1004.44769287109;0
2345.602;885.863525390625;0
2347.185;859.517150878906;0
2348.768;876.569274902344;0
2350.347;1033.8740234375;0
2351.928;1066.96704101563;0
2353.51;1022.39886474609;0
2355.087;876.166259765625;0
2356.665;728.409301757812;0
2358.243;549.533020019531;0
2359.819;448.744476318359;0
2361.396;428.635070800781;0
2362.972;462.673645019531;0
2364.547;657.1318359375;0
2366.121;721.231872558594;0
2367.694;884.418579101563;0
2369.267;861.802307128906;0
2370.839;733.008239746094;0
2372.411;665.845153808594;0
2373.982;745.326782226563;0
2375.55;1007.67950439453;0
2377.118;926.273986816406;0
2378.687;930.767333984375;0
2380.254;930.802185058594;0
2381.821;1140.05224609375;0
2383.387;1120.96264648438;0
2384.954;1110.63806152344;0
2386.516;1081.189453125;0
2388.082;1084.39831542969;0
2389.644;1023.60815429687;0
2391.209;981.4873046875;0
2392.769;783.053283691406;0
2394.33;863.995666503906;0
2395.892;1000.76672363281;0
2397.449;1155.53955078125;0
2399.008;1116.87463378906;0
2400.568;1107.44189453125;0
2402.125;1060.13049316406;0
2403.68;1096.38720703125;0
2405.238;1075.76733398438;0
2406.792;1165.82922363281;0
2408.349;1265.91003417969;0
2409.902;1294.78857421875;0
2411.455;1386.24475097656;0
2413.007;1404.13708496094;0
2414.558;1448.55493164063;0
2416.11;1411.33435058594;0
2417.66;1317.19165039062;0
2419.21;1158.06433105469;0
2420.758;1112.90893554688;0
2422.307;1130.99401855469;0
2423.855;1112.45483398438;0
2425.402;1078.31042480469;0
2426.947;936.533813476563;0
2428.492;946.443603515625;0
2430.038;956.374694824219;0
2431.58;941.551818847656;0
2433.124;1114.97668457031;0
2434.667;879.674865722656;0
2436.208;802.291137695313;0
2437.75;921.469055175781;0
2439.291;1095.12634277344;0
2440.83;1194.84130859375;0
2442.369;1000.59576416016;0
2443.906;1223.05261230469;0
2445.444;1363.44104003906;0
2446.981;1232.10180664063;0
2448.517;1117.47814941406;0
2450.053;1026.85205078125;0
2451.587;942.978942871094;0
2453.12;1140.26672363281;0
2454.655;1156.599609375;0
2456.187;1427.64440917969;0
2457.718;1326.24169921875;0
2459.25;1322.66223144531;0
2460.781;1097.31359863281;0
2462.31;1042.50268554687;0
2463.84;1137.19775390625;0
2465.368;1271.82958984375;0
2466.896;1107.61657714844;0
2468.423;966.07373046875;0
2469.949;1036.94311523438;0
2471.474;1220.07287597656;0
2472.998;1323.27734375;0
2474.522;1212.06860351562;0
2476.045;1292.77978515625;0
2477.568;1290.41076660156;0
2479.09;1320.95788574219;0
2480.612;1270.63781738281;0
2482.132;1108.78295898438;0
2483.653;1085.70324707031;0
2485.171;1049.80432128906;0
2486.689;1494.42785644531;0
2488.208;1669.51452636719;0
2489.725;1710.28173828125;0
2491.242;1609.84057617187;0
2492.757;1590.74682617188;0
2494.271;1503.56127929688;0
2495.785;1331.40258789063;0
2497.3;1365.71374511719;0
2498.812;1487.93737792969;0
2500.325;1440.40588378906;0
2501.837;1205.5615234375;0
2503.345;823.768127441406;0
2504.856;850.936279296875;0
2506.366;880.229919433594;0
2507.875;1095.15502929688;0
2509.382;1105.10180664063;0
2510.889;1108.95471191406;0
2512.397;969.491943359375;0
2513.901;766.345825195312;0
2515.406;744.186645507813;0
2516.911;974.379089355469;0
2518.415;1126.70397949219;0
2519.918;1101.26965332031;0
2521.421;1028.74182128906;0
2522.922;833.124206542969;0
2524.423;882.390075683594;0
2525.924;746.114318847656;0
2527.422;843.542358398437;0
2528.923;701.203125;0
2530.419;866.742126464844;0
2531.916;776.728942871094;0
2533.415;921.05078125;0
2534.909;574.706176757813;0
2536.404;543.46826171875;0
2537.899;109.168548583984;0
2539.394;397.438842773438;0
2540.887;526.50439453125;0
2542.38;1013.70642089844;0
2543.871;700.824035644531;0
2545.363;630.16796875;0
2546.852;535.596008300781;0
2548.345;341.286499023438;0
2549.833;178.425109863281;0
2551.321;45.0291290283203;0
2552.811;439.968811035156;0
2554.296;433.30728149414;0
2555.78;493.59033203125;0
2557.267;358.360229492188;0
2558.752;486.939636230469;0
2560.237;210.889358520508;0
2561.721;311.361999511719;0
2563.203;331.648193359375;0
2564.687;655.932250976563;0
2566.168;704.575073242187;0
2567.648;752.962524414063;0
2569.129;676.058715820313;0
2570.607;599.857421875;0
2572.086;719.698059082031;0
2573.565;803.268676757812;0
2575.041;982.268188476562;0
2576.518;925.571411132813;0
2577.994;1160.7353515625;0
2579.469;1272.98400878906;0
2580.945;1390.9853515625;0
2582.418;1129.51354980469;0
2583.892;1181.78491210938;0
2585.365;1212.24572753906;0
2586.835;1495.89709472656;0
2588.307;1453.40734863281;0
2589.778;1510.76977539063;0
2591.248;1446.52734375;0
2592.717;1553.67858886719;0
2594.186;1402.33435058594;0
2595.652;1466.49768066406;0
2597.121;1102.62219238281;0
2598.585;1176.26623535156;0
2600.052;1139.65270996094;0
2601.518;1338.99633789063;0
2602.982;1428.40856933594;0
2604.446;1349.11376953125;0
2605.907;1455.33703613281;0
2607.371;1346.0810546875;0
2608.83;1592.90246582031;0
2610.293;1599.79309082031;0
2611.752;1639.20190429687;0
2613.213;1652.23767089844;0
2614.672;1664.12585449219;0
2616.13;1865.75354003906;0
2617.587;1731.45544433594;0
2619.043;1915.01538085938;0
2620.501;1811.32385253906;0
2621.957;1845.37670898437;0
2623.409;1687.61853027344;0
2624.864;1775.78356933594;0
2626.318;1846.61560058594;0
2627.771;1899.38781738281;0
2629.222;1876.09533691406;0
2630.673;1900.55004882813;0
2632.124;2000.42932128906;0
2633.575;2092.47485351563;0
2635.023;1995.01489257813;0
2636.473;1779.57177734375;0
2637.922;1670.52526855469;0
2639.368;1685.00256347656;0
2640.816;1595.56652832031;0
2642.261;1624.22534179688;0
2643.705;1358.341796875;0
2645.151;1503.3046875;0
2646.596;1430.59118652344;0
2648.037;1569.44567871094;0
2649.48;1412.73181152344;0
2650.923;1255.26538085937;0
2652.364;1227.68591308594;0
2653.804;1343.55737304687;0
2655.243;1396.64184570313;0
2656.683;1474.94482421875;0
2658.121;1405.578125;0
2659.559;1173.85375976563;0
2660.997;1082.7392578125;0
2662.433;960.47119140625;0
2663.868;1201.63464355469;0
2665.305;1010.41821289062;0
2666.737;1130.47485351563;0
2668.173;1151.26647949219;0
2669.606;1234.79528808594;0
2671.038;1104.17041015625;0
2672.47;916.507934570312;0
2673.901;747.250793457031;0
2675.331;816.516967773438;0
2676.761;780.874633789063;0
2678.189;896.658630371094;0
2679.619;588.646911621094;0
2681.045;471.614105224609;0
2682.473;452.447082519531;0
2683.9;702.698547363281;0
2685.324;584.901245117188;0
2686.749;558.577941894531;0
2688.176;372.574615478516;0
2689.599;482.5224609375;0
2691.021;562.708984375;0
2692.444;665.569458007812;0
2693.865;706.743530273438;0
2695.287;457.349609375;0
2696.707;447.395751953125;0
2698.125;420.663299560547;0
2699.545;625.376342773438;0
2700.963;562.536804199219;0
2702.381;698.034973144531;0
2703.798;812.427368164063;0
2705.214;862.829284667969;0
2706.629;840.471740722656;0
2708.046;851.688659667969;0
2709.458;986.917785644531;0
2710.872;1008.43255615234;0
2712.285;1042.8740234375;0
2713.699;871.380615234375;0
2715.111;774.226196289063;0
2716.52;666.908508300781;0
2717.93;683.546936035156;0
2719.342;734.320068359375;0
2720.749;666.155639648438;0
2722.159;821.256958007813;0
2723.565;969.354125976563;0
2724.971;1035.642578125;0
2726.38;998.902160644531;0
2727.785;886.107299804688;0
2729.19;1169.36865234375;0
2730.594;1275.71252441406;0
2731.997;1483.02990722656;0
2733.401;1350.09985351563;0
2734.803;1210.14123535156;0
2736.204;1160.60375976562;0
2737.606;1296.54565429688;0
2739.005;1538.58081054688;0
2740.405;1634.37573242187;0
2741.806;1760.81787109375;0
2743.202;1769.12341308594;0
2744.602;1732.62939453125;0
2745.998;1477.44763183594;0
2747.395;1380.87902832031;0
2748.79;1219.95397949219;0
2750.185;1318.9052734375;0
2751.58;1349.82495117188;0
2752.975;1514.380859375;0
2754.366;1600.68334960938;0
2755.759;1682.17150878906;0
2757.151;1786.36291503906;0
2758.542;1756.81311035156;0
2759.933;1792.19152832031;0
2761.322;1859.77795410156;0
2762.71;1846.78686523437;0
2764.1;1782.0546875;0
2765.486;1629.97241210938;0
2766.875;1603.09094238281;0
2768.26;1620.60095214844;0
2769.646;1722.46765136719;0
2771.031;1709.39916992187;0
2772.418;1702.54052734375;0
2773.799;1604.71374511719;0
2775.184;1756.14855957031;0
2776.565;1849.75915527344;0
2777.946;1907.87463378906;0
2779.328;1969.15197753906;0
2780.708;2003.59094238281;0
2782.09;2106.6328125;0
2783.469;2065.94384765625;0
2784.847;2097.9658203125;0
2786.226;2101.36254882813;0
2787.603;2067.68408203125;0
2788.978;1896.03674316406;0
2790.355;1894.08654785156;0
2791.731;1737.5068359375;0
2793.104;1896.32250976562;0
2794.479;1674.91662597656;0
2795.853;1630.58996582031;0
2797.225;1541.47875976563;0
2798.596;1582.62573242187;0
2799.967;1683.26708984375;0
2801.341;1370.82641601563;0
2802.71;1189.11169433594;0
2804.077;855.475158691406;0
2805.447;906.189575195313;0
2806.815;855.544311523438;0
2808.183;718.425903320312;0
2809.551;658.287231445313;0
2810.915;683.685424804687;0
2812.282;816.178100585938;0
2813.646;777.6533203125;0
2815.011;776.019409179688;0
2816.375;733.054260253906;0
2817.736;648.781188964844;0
2819.099;691.818176269531;0
2820.462;409.604431152344;0
2821.821;529.91943359375;0
2823.182;360.877258300781;0
2824.542;666.040832519531;0
2825.901;715.87158203125;0
2827.261;950.126708984375;0
2828.617;992.605346679688;0
2829.974;989.109130859375;0
2831.33;891.101257324219;0
2832.686;729.124145507813;0
2834.043;743.763244628906;0
2835.395;849.9541015625;0
2836.75;1167.67504882813;0
2838.104;1254.85302734375;0
2839.456;1153.93347167969;0
2840.807;1108.36083984375;0
2842.16;1049.85534667969;0
2843.509;1123.99926757812;0
2844.858;1094.92419433594;0
2846.209;1062.45471191406;0
2847.556;800.729187011719;0
2848.906;707.348999023438;0
2850.253;746.609436035156;0
2851.6;804.178527832031;0
2852.946;742.722351074219;0
2854.29;505.457946777344;0
2855.635;617.636596679688;0
2856.98;576.606384277344;0
2858.323;647.884765625;0
2859.665;567.403015136719;0
2861.008;634.345031738281;0
2862.349;784.963989257813;0
2863.691;875.625183105469;0
2865.031;732.029296875;0
2866.37;795.859375;0
2867.709;505.338958740234;0
2869.048;575.238830566406;0
2870.385;520.445922851563;0
2871.722;802.037170410156;0
2873.059;1028.1875;0
2874.394;1119.26513671875;0
2875.73;1192.552734375;0
2877.064;1070.982421875;0
2878.398;841.6591796875;0
2879.731;877.302124023438;0
2881.063;1036.12646484375;0
2882.395;1279.94055175781;0
2883.727;1288.853515625;0
2885.059;1302.20568847656;0
2886.387;1423.53918457031;0
2887.717;1485.40942382812;0
2889.046;1497.60095214844;0
2890.374;1426.32409667969;0
2891.699;1412.97595214844;0
2893.028;1341.10241699219;0
2894.354;1305.76989746094;0
2895.679;1176.46569824219;0
2897.004;1519.45056152344;0
2898.328;1397.51721191406;0
2899.653;1633.44421386719;0
2900.976;1442.40051269531;0
2902.297;1569.03942871094;0
2903.619;1427.93725585938;0
2904.941;1479.64501953125;0
2906.26;1389.21252441406;0
2907.58;1429.50793457031;0
2908.898;1376.86730957031;0
2910.217;1418.1015625;0
2911.536;1311.29235839844;0
2912.852;1342.29211425781;0
2914.171;1414.94189453125;0
2915.485;1628.26354980469;0
2916.799;1747.58935546875;0
2918.116;1787.47302246094;0
2919.428;1713.6884765625;0
2920.743;1587.01025390625;0
2922.056;1610.869140625;0
2923.367;1634.96655273437;0
2924.679;1525.421875;0
2925.99;1596.21240234375;0
2927.299;1631.23559570313;0
2928.609;1890.26599121094;0
2929.918;1932.41516113281;0
2931.226;1778.68200683594;0
2932.535;1695.84973144531;0
2933.841;1477.66638183594;0
2935.149;1622.34582519531;0
2936.455;1475.03869628906;0
2937.758;1571.92529296875;0
2939.064;1486.59948730469;0
2940.368;1460.47290039063;0
2941.67;1351.40100097656;0
2942.973;1410.79650878906;0
2944.277;1525.42199707031;0
2945.577;1575.27624511719;0
2946.878;1549.36633300781;0
2948.178;1533.02758789062;0
2949.477;1535.96057128906;0
2950.776;1538.32421875;0
2952.073;1533.45288085938;0
2953.372;1497.28869628906;0
2954.669;1547.12268066406;0
2955.965;1451.31896972656;0
2957.261;1535.91833496094;0
2958.556;1552.77209472656;0
2959.849;1600.11096191406;0
2961.145;1570.49389648437;0
2962.436;1680.58068847656;0
2963.732;1767.16259765625;0
2965.022;1868.12902832031;0
2966.313;1695.70166015625;0
2967.603;1618.669921875;0
2968.893;1594.19274902344;0
2970.182;1441.05578613281;0
2971.471;1268.61376953125;0
2972.759;1102.93395996094;0
2974.047;1219.61584472656;0
2975.334;1359.13110351562;0
2976.62;1248.92272949219;0
2977.907;1142.712890625;0
2979.192;1124.60119628906;0
2980.475;1157.32470703125;0
2981.76;1268.53356933594;0
2983.043;1310.09094238281;0
2984.326;1244.48010253906;0
2985.607;1117.62646484375;0
2986.888;954.923706054688;0
2988.17;1082.40905761719;0
2989.449;971.416809082031;0
2990.728;1038.25;0
2992.007;929.630615234375;0
2993.284;951.259399414063;0
2994.562;816.635437011719;0
2995.84;684.704345703125;0
2997.115;740.745544433594;0
2998.393;701.866760253906;0
2999.666;666.394653320313;0
3000.94;592.491821289063;0
3002.215;661.702453613281;0
3003.486;765.359680175781;0
3004.76;812.687316894531;0
3006.033;903.6376953125;0
3007.303;777.101257324219;0
3008.573;557.736328125;0
3009.844;420.678955078125;0
3011.114;537.89892578125;0
3012.383;707.529052734375;0
3013.649;692.653259277344;0
3014.917;529.364318847656;0
3016.185;409.898956298828;0
3017.451;322.259643554688;0
3018.716;346.398101806641;0
3019.983;363.392944335938;0
3021.246;460.092590332031;0
3022.509;499.163604736328;0
3023.774;569.715270996094;0
3025.035;552.634887695313;0
3026.299;518.363647460938;0
3027.56;514.200012207031;0
3028.819;419.464874267578;0
3030.081;228.880233764648;0
3031.339;227.745574951172;0
3032.598;375.016326904297;0
3033.856;555.581298828125;0
3035.114;551.061157226563;0
3036.372;421.231231689453;0
3037.628;482.455627441406;0
3038.883;381.633850097656;0
3040.138;442.836975097656;0
3041.394;588.060974121094;0
3042.646;652.634460449219;0
3043.9;584.221069335938;0
3045.152;522.704528808594;0
3046.405;627.414245605469;0
3047.657;737.509033203125;0
3048.906;797.396301269531;0
3050.158;831.398864746094;0
3051.407;904.739379882813;0
3052.656;913.288696289063;0
3053.904;1017.04675292969;0
3055.153;1003.69189453125;0
3056.398;963.97705078125;0
3057.647;866.189819335938;0
3058.892;953.736389160156;0
3060.137;1058.99523925781;0
3061.382;1063.07775878906;0
3062.625;1063.98937988281;0
3063.869;1030.84191894531;0
3065.112;1038.88940429687;0
3066.353;1003.29858398437;0
3067.595;1061.91394042969;0
3068.838;1069.7919921875;0
3070.075;1109.25659179687;0
3071.317;1106.3798828125;0
3072.557;1157.27758789063;0
3073.795;1139.92028808594;0
3075.032;1020.85467529297;0
3076.27;1014.02587890625;0
3077.507;1088.56286621094;0
3078.742;1215.89233398438;0
3079.978;1233.80102539063;0
3081.212;1162.19750976563;0
3082.446;1133.63061523437;0
3083.681;1198.62023925781;0
3084.913;1095.03552246094;0
3086.147;1198.0419921875;0
3087.38;1163.78649902344;0
3088.61;1359.62097167969;0
3089.84;1204.84985351563;0
3091.071;1172.18737792969;0
3092.3;1182.24853515625;0
3093.529;1255.28662109375;0
3094.755;1299.56420898438;0
3095.984;1408.41467285156;0
3097.211;1466.95080566406;0
3098.438;1422.23950195313;0
3099.663;1279.83764648438;0
3100.888;1234.44104003906;0
3102.112;1208.92407226563;0
3103.335;1046.75390625;0
3104.56;957.410827636719;0
3105.782;1025.05041503906;0
3107.005;1201.78198242187;0
3108.226;1354.87243652344;0
3109.447;1137.98901367187;0
3110.667;1012.49774169922;0
3111.887;1101.14501953125;0
3113.104;1413.59143066406;0
3114.324;1417.38708496094;0
3115.541;1335.60632324219;0
3116.758;1333.43957519531;0
3117.976;1327.03747558594;0
3119.192;1191.07202148437;0
3120.408;1125.70495605469;0
3121.622;1289.3857421875;0
3122.835;1372.72729492188;0
3124.05;1220.72912597656;0
3125.262;1028.40576171875;0
3126.476;979.337646484375;0
3127.687;985.382019042969;0
3128.897;1100.71447753906;0
3130.108;1202.81774902344;0
3131.319;1389.02673339844;0
3132.528;1439.23645019531;0
3133.737;1423.44836425781;0
3134.945;1399.33081054688;0
3136.152;1270.55126953125;0
3137.358;1312.55456542969;0
3138.565;1268.11755371094;0
3139.772;1293.03002929687;0
3140.976;1181.29406738281;0
3142.18;1105.86535644531;0
3143.385;989.395446777344;0
3144.588;1019.76837158203;0
3145.79;1005.46179199219;0
3146.993;1095.09729003906;0
3148.194;977.076782226563;0
3149.395;1016.60461425781;0
3150.596;992.922424316406;0
3151.794;1000.29083251953;0
3152.994;812.5771484375;0
3154.193;756.937805175781;0
3155.39;685.3544921875;0
3156.587;723.535095214844;0
3157.784;773.736999511719;0
3158.982;809.729370117188;0
3160.177;709.180541992188;0
3161.37;531.328857421875;0
3162.565;401.457946777344;0
3163.759;497.777160644531;0
3164.952;559.621459960938;0
3166.146;570.659057617188;0
3167.337;554.224914550781;0
3168.527;615.209533691406;0
3169.719;686.99365234375;0
3170.91;581.906616210938;0
3172.098;401.462738037109;0
3173.288;334.205352783203;0
3174.475;351.60595703125;0
3175.663;336.66455078125;0
3176.849;243.269958496094;0
3178.037;292.534881591797;0
3179.223;358.127593994141;0
3180.408;449.604156494141;0
3181.592;293.451049804688;0
3182.777;317.578094482422;0
3183.96;285.588317871094;0
3185.143;333.156341552734;0
3186.325;326.767761230469;0
3187.507;286.790435791016;0
3188.688;351.969848632813;0
3189.869;287.748443603516;0
3191.049;293.140960693359;0
3192.228;409.625396728516;0
3193.406;408.154418945313;0
3194.585;395.617095947266;0
3195.763;410.450469970703;0
3196.939;392.540283203125;0
3198.116;508.703674316406;0
3199.292;557.345458984375;0
3200.466;625.469604492188;0
3201.643;677.187622070313;0
3202.816;750.390563964844;0
3203.991;916.189514160156;0
3205.161;935.028869628906;0
3206.334;793.242858886719;0
3207.504;764.943664550781;0
3208.677;754.463745117188;0
3209.846;903.470520019531;0
3211.017;977.401733398438;0
3212.187;1075.14172363281;0
3213.356;1013.24041748047;0
3214.524;942.922973632813;0
3215.69;898.40966796875;0
3216.859;944.035217285156;0
3218.024;1054.91162109375;0
3219.189;1238.04052734375;0
3220.354;1062.42028808594;0
3221.519;1099.71655273438;0
3222.682;911.258056640625;0
3223.845;1122.6796875;0
3225.01;1141.12170410156;0
3226.171;1255.03112792969;0
3227.332;1235.40783691406;0
3228.494;1318.25280761719;0
3229.655;1397.00671386719;0
3230.814;1490.89013671875;0
3231.973;1419.4599609375;0
3233.13;1449.71533203125;0
3234.29;1265.09777832031;0
3235.447;1202.939453125;0
3236.605;1144.34936523438;0
3237.76;1249.88159179687;0
3238.916;1159.31237792969;0
3240.071;1109.31311035156;0
3241.224;1108.93139648438;0
3242.381;1174.3173828125;0
3243.532;1160.69860839844;0
3244.685;1138.40856933594;0
3245.839;1019.89154052734;0
3246.99;883.033325195312;0
3248.141;841.052978515625;0
3249.292;992.062255859375;0
3250.439;1096.73083496094;0
3251.589;1014.83685302734;0
3252.739;975.821044921875;0
3253.886;946.239196777344;0
3255.034;1047.53381347656;0
3256.18;956.812133789063;0
3257.326;822.7392578125;0
3258.472;826.877563476563;0
3259.617;818.339782714844;0
3260.761;762.460510253906;0
3261.905;826.682739257813;0
3263.048;912.116943359375;0
3264.19;1010.32751464844;0
3265.333;862.873901367188;0
3266.475;868.536560058594;0
3267.617;942.428283691406;0
3268.757;1074.66284179688;0
3269.896;1079.35119628906;0
3271.036;1058.71313476563;0
3272.175;1064.97106933594;0
3273.313;971.458312988281;0
3274.449;964.730346679687;0
3275.586;944.676086425781;0
3276.722;1066.29748535156;0
3277.859;1172.03759765625;0
3278.993;1073.34802246094;0
3280.13;1011.01312255859;0
3281.263;892.039916992188;0
3282.395;1024.53491210938;0
3283.529;1082.83312988281;0
3284.66;1147.3798828125;0
3285.794;991.293334960938;0
3286.924;983.349853515625;0
3288.054;892.440856933594;0
3289.185;825.679016113281;0
3290.313;733.622680664062;0
3291.443;680.386596679688;0
3292.571;783.526916503906;0
3293.698;824.043640136719;0
3294.824;1016.15734863281;0
3295.952;902.090637207031;0
3297.077;864.179992675781;0
3298.203;729.653076171875;0
3299.328;852.39892578125;0
3300.45;801.195861816406;0
3301.574;688.156616210937;0
3302.698;524.05859375;0
3303.819;627.791198730469;0
3304.942;663.576599121094;0
3306.064;649.52734375;0
3307.182;597.868347167969;0
3308.303;477.265991210937;0
3309.423;556.502136230469;0
3310.542;425.691619873047;0
3311.66;409.949768066406;0
3312.778;324.167083740234;0
3313.895;366.566986083984;0
3315.012;455.156585693359;0
3316.128;469.160552978516;0
3317.243;532.362976074219;0
3318.357;566.765319824219;0
3319.471;694.261901855469;0
3320.586;647.076538085937;0
3321.698;789.878662109375;0
3322.813;806.3427734375;0
3323.923;807.475402832031;0
3325.034;824.829650878906;0
3326.146;818.980773925781;0
3327.255;949.477783203125;0
3328.366;808.211975097656;0
3329.474;763.960510253906;0
3330.582;704.279357910156;0
3331.691;759.692016601563;0
3332.797;808.555969238281;0
3333.905;812.498596191406;0
3335.011;802.724548339844;0
3336.116;882.499267578125;0
3337.22;808.821105957031;0
3338.327;769.578430175781;0
3339.429;550.993896484375;0
3340.534;459.038818359375;0
3341.635;456.1181640625;0
3342.737;390.499755859375;0
3343.84;468.418304443359;0
3344.94;404.753082275391;0
3346.041;419.6923828125;0
3347.142;365.270202636719;0
3348.24;391.256591796875;0
3349.337;512.544128417969;0
3350.437;505.729919433594;0
3351.534;492.920532226562;0
3352.633;494.452545166016;0
3353.727;546.437194824219;0
3354.823;617.322021484375;0
3355.919;608.783996582031;0
3357.013;669.600219726563;0
3358.108;656.153686523438;0
3359.201;797.92138671875;0
3360.293;760.901489257812;0
3361.385;814.087097167969;0
3362.478;716.369201660156;0
3363.569;806.195861816406;0
3364.661;739.208801269531;0
3365.75;755.314758300781;0
3366.838;659.854370117187;0
3367.929;691.524841308594;0
3369.017;818.974304199219;0
3370.105;876.633483886719;0
3371.193;991.070739746094;0
3372.279;845.185119628906;0
3373.364;916.020629882812;0
3374.45;921.156005859375;0
3375.534;976.567077636719;0
3376.62;1055.78210449219;0
3377.704;1089.70642089844;0
3378.786;1065.86499023438;0
3379.871;924.596557617187;0
3380.951;918.160400390625;0
3382.034;1011.13317871094;0
3383.114;960.326293945313;0
3384.195;929.272827148438;0
3385.276;888.314636230469;0
3386.354;1018.65484619141;0
3387.433;1034.32165527344;0
3388.511;1067.47888183594;0
3389.588;1097.79663085938;0
3390.664;1096.54211425781;0
3391.742;1085.14270019531;0
3392.816;1070.63305664063;0
3393.893;1100.45739746094;0
3394.968;1203.734375;0
3396.042;1224.84399414063;0
3397.115;1216.02587890625;0
3398.189;1125.79052734375;0
3399.262;1094.70739746094;0
3400.333;1071.61633300781;0
3401.404;1102.18371582031;0
3402.474;1092.96484375;0
3403.545;1198.95959472656;0
3404.615;1165.05639648438;0
3405.685;1343.42163085938;0
3406.752;1221.513671875;0
3407.82;1266.50183105469;0
3408.888;1179.61828613281;0
3409.955;1253.75451660156;0
3411.021;1225.43566894531;0
3412.085;1138.15563964844;0
3413.151;1051.31811523438;0
3414.215;1005.44140625;0
3415.279;1008.17877197266;0
3416.343;1061.30651855469;0
3417.406;1116.21130371094;0
3418.468;1123.70043945313;0
3419.53;1037.03735351563;0
3420.592;956.036926269531;0
3421.652;967.994262695313;0
3422.712;998.905151367188;0
3423.773;974.207092285156;0
3424.83;984.639465332031;0
3425.889;1123.25305175781;0
3426.946;1221.72412109375;0
3428.005;1180.62390136719;0
3429.061;1189.49060058594;0
3430.117;1282.18896484375;0
3431.172;1385.10302734375;0
3432.227;1231.68640136719;0
3433.281;1093.59118652344;0
3434.335;1066.49841308594;0
3435.389;1067.39685058594;0
3436.44;1095.03393554688;0
3437.492;1134.26489257813;0
3438.546;1241.38330078125;0
3439.598;1278.52819824219;0
3440.646;1246.84313964844;0
3441.697;1227.62756347656;0
3442.745;1181.71496582031;0
3443.793;1228.0732421875;0
3444.842;1231.11547851563;0
3445.891;1365.31396484375;0
3446.937;1368.30895996094;0
3447.984;1440.1396484375;0
3449.031;1280.1728515625;0
3450.075;1336.68322753906;0
3451.12;1287.72790527344;0
3452.164;1467.27722167969;0
3453.207;1409.31311035156;0
3454.251;1327.54919433594;0
3455.293;1264.64929199219;0
3456.336;1212.88720703125;0
3457.378;1197.7080078125;0
3458.417;1101.56860351563;0
3459.458;1012.24066162109;0
3460.498;1019.56475830078;0
3461.539;957.021789550781;0
3462.577;960.53466796875;0
3463.614;977.295837402344;0
3464.651;1054.69702148438;0
3465.689;1126.20275878906;0
3466.726;1093.03247070313;0
3467.763;1077.93591308594;0
3468.798;997.032043457031;0
3469.831;1005.12866210938;0
3470.866;1114.03918457031;0
3471.9;1074.36962890625;0
3472.933;1051.22399902344;0
3473.966;865.003173828125;0
3474.999;911.847900390625;0
3476.029;872.388000488281;0
3477.061;844.516906738281;0
3478.09;810.787109375;0
3479.121;787.123352050781;0
3480.15;881.220703125;0
3481.178;839.881774902344;0
3482.205;925.76025390625;0
3483.234;845.235900878906;0
3484.26;848.033081054688;0
3485.288;765.72216796875;0
3486.313;821.042846679687;0
3487.337;812.613098144531;0
3488.364;877.4658203125;0
3489.387;868.241394042969;0
3490.411;959.348327636719;0
3491.434;934.490112304687;0
3492.456;873.041137695313;0
3493.479;774.97265625;0
3494.5;710.501708984375;0
3495.521;532.666687011719;0
3496.543;389.207397460938;0
3497.561;282.868103027344;0
3498.579;246.699523925781;0
3499.6;266.746826171875;0
3500.618;133.634689331055;0
3501.636;66.32373046875;0
3502.653;-43.2128372192383;0
3503.669;-67.0386962890625;0
3504.685;-86.9558715820313;0
3505.699;-85.2240676879883;0
3506.716;-49.7681579589844;0
3507.729;-99.7362670898438;0
3508.743;-171.539352416992;0
3509.755;-86.7430572509766;0
