98.64605;0;0
101.2353;0;0
103.8217;0;0
106.4096;-7.22222232818604;0
108.9945;41.9111099243164;0
111.5767;-45.7301597595215;0
114.1602;-29.7283954620361;0
116.7409;-6.30303049087524;0
119.3209;94.820510864258;0
121.9002;13.5925922393799;0
124.4788;-39.7973861694336;0
127.0566;-136.146194458008;0
129.6317;-122.973541259766;0
132.2038;-74.2028961181641;0
134.7796;-72.120002746582;0
137.3503;8.67078208923363;0
139.9204;-6.48658990859985;0
142.4919;166.186386108398;0
145.0584;330.942749023438;0
147.6242;477.933319091797;0
150.1914;555.171142578125;0
152.7579;577.199401855469;0
155.3216;626.886169433594;0
157.8846;707.607238769531;0
160.4448;820.716064453125;0
163.0085;886.673767089844;0
165.5672;896.875305175781;0
168.1232;768.79736328125;0
170.6826;763.270446777344;0
173.2372;824.581848144531;0
175.7931;948.590942382812;0
178.3463;981.211059570313;0
180.8966;1077.47399902344;0
183.4504;1116.15966796875;0
185.9993;1230.76123046875;0
188.5476;1211.37243652344;0
191.0972;1185.90454101563;0
193.644;1191.62915039062;0
196.1859;1178.3037109375;0
198.7335;1291.56103515625;0
201.2761;1166.82653808594;0
203.8201;1154.4287109375;0
206.3593;1021.23510742187;0
208.8998;1057.32458496094;0
211.4397;1112.04370117188;0
213.9746;1212.21496582031;0
216.5109;1319.36279296875;0
219.0487;1424.07788085938;0
221.5816;1555.4716796875;0
224.1158;1670.63354492187;0
226.6473;1624.72131347656;0
229.176;1594.037109375;0
231.7082;1616.45971679688;0
234.2355;1705.33020019531;0
236.7643;1763.35278320313;0
239.2902;1750.83483886719;0
241.8133;1726.01489257813;0
244.3379;1552.18566894531;0
246.8618;1503.54956054687;0
249.3828;1390.69140625;0
251.9053;1484.91284179688;0
254.423;1473.205078125;0
256.942;1515.10327148438;0
259.4603;1551.74792480469;0
261.9759;1548.66528320312;0
264.4887;1559.76232910156;0
267.005;1542.17407226563;0
269.5164;1598.50439453125;0
272.0292;1638.02038574219;0
274.5393;1736.88732910156;0
277.0466;1730.857421875;0
279.5574;1807.70288085938;0
282.0654;1726.02551269531;0
284.5686;1794.22131347656;0
287.0752;1753.41430664063;0
289.5791;1720.75231933594;0
292.0803;1643.87878417969;0
294.5828;1614.91809082031;0
297.0826;1567.38903808594;0
299.5838;1468.4365234375;0
302.0801;1433.63037109375;0
304.5758;1415.701171875;0
307.0749;1438.45251464844;0
309.5672;1356.30883789062;0
312.0608;1430.00769042969;0
314.5558;1357.91552734375;0
317.044;1392.03405761719;0
319.5377;1234.21057128906;0
322.0266;1309.12451171875;0
324.5127;1368.23669433594;0
327.0023;1444.47204589844;0
329.4871;1432.15625;0
331.9691;1380.76428222656;0
334.4547;1358.0390625;0
336.9353;1378.83056640625;0
339.4174;1414.73486328125;0
341.901;1545.09875488281;0
344.3776;1719.79260253906;0
346.8577;1905.85119628906;0
349.333;1892.32373046875;0
351.8076;1820.54724121094;0
354.2857;1722.75427246094;0
356.7569;1668.27404785156;0
359.2296;1621.15100097656;0
361.7015;1510.19775390625;0
364.1729;1560.62268066406;0
366.6414;1535.41882324219;0
369.1093;1532.07287597656;0
371.5745;1552.51123046875;0
374.0432;1547.49353027344;0
376.507;1656.08410644531;0
378.9702;1537.9853515625;0
381.4348;1463.48864746094;0
383.8947;1407.83569335937;0
386.3538;1444.72961425781;0
388.8144;1619.41552734375;0
391.2722;1676.23120117188;0
393.7314;1738.57922363281;0
396.1859;1780.07739257813;0
398.6418;1821.07739257813;0
401.0949;2004.82592773438;0
403.5475;1895.9599609375;0
405.9972;1869.61169433594;0
408.4505;1781.31604003906;0
410.899;1944.22021484375;0
413.3468;1979.97155761719;0
415.796;1978.68896484375;0
418.2405;1920.86950683594;0
420.6884;1936.15100097656;0
423.1295;1869.72827148438;0
425.572;1823.1171875;0
428.0159;1830.0146484375;0
430.455;1772.2451171875;0
432.8956;1647.09448242188;0
435.3335;1611.89331054688;0
437.7707;1554.71496582031;0
440.2093;1578.14721679687;0
442.6432;1481.21008300781;0
445.0764;1480.23266601563;0
447.511;1420.96240234375;0
449.9429;1419.04431152344;0
452.3721;1488.31945800781;0
454.8048;1526.42602539063;0
457.2328;1565.4912109375;0
459.66;1566.48181152344;0
462.0847;1550.21752929688;0
464.5127;1509.68347167969;0
466.9381;1572.10314941406;0
469.3587;1636.11828613281;0
471.7807;1729.19274902344;0
474.2042;1818.26171875;0
476.6229;1945.25207519531;0
479.041;1977.79479980469;0
481.4604;1805.376953125;0
483.8752;1773.74975585938;0
486.2934;1795.32482910156;0
488.7068;1898.05395507813;0
491.1197;1782.27258300781;0
493.5339;1643.04663085938;0
495.9435;1583.59899902344;0
498.3544;1473.04150390625;0
500.7667;1566.85900878906;0
503.1723;1553.78356933594;0
505.5793;1629.03186035156;0
507.9856;1416.03198242187;0
510.3913;1281.36083984375;0
512.7944;1191.41796875;0
515.1968;1161.46826171875;0
517.5986;1102.11157226563;0
519.9997;1134.13024902344;0
522.3982;1115.13293457031;0
524.798;1109.10766601563;0
527.1973;1092.79760742187;0
529.5919;1141.05419921875;0
531.9899;1106.33947753906;0
534.3832;1120.91430664062;0
536.7758;1191.79223632813;0
539.1699;1279.54284667969;0
541.5593;1237.77001953125;0
543.9481;1249.26220703125;0
546.3382;1355.72326660156;0
548.7257;1459.27709960938;0
551.1146;1593.31799316406;0
553.4968;1609.68762207031;0
555.8824;1665.46752929688;0
558.2675;1575.34716796875;0
560.6478;1572.87646484375;0
563.0295;1539.89050292969;0
565.4106;1558.95336914063;0
567.7911;1517.06140136719;0
570.169;1463.32666015625;0
572.5462;1367.52319335938;0
574.9229;1422.64904785156;0
577.2968;1291.63439941406;0
579.6721;1290.87609863281;0
582.0449;1140.25122070313;0
584.417;1145.76843261719;0
586.7885;1060.10461425781;0
589.1553;1095.92700195313;0
591.5255;1188.19836425781;0
593.8931;1005.41265869141;0
596.2601;959.3154296875;0
598.6265;833.252563476563;0
600.9902;978.534790039063;0
603.3554;970.099060058594;0
605.7179;1016.27453613281;0
608.0778;1127.841796875;0
610.4391;1056.55041503906;0
612.7977;1051.88940429688;0
615.1558;1052.45544433594;0
617.5132;1188.49755859375;0
619.8701;1221.15539550781;0
622.2263;1220.81970214844;0
624.5779;1346.02673339844;0
626.9308;1566.46374511719;0
629.2852;1591.34228515625;0
631.6349;1646.61791992188;0
633.9841;1669.44799804688;0
636.3326;1764.40563964844;0
638.6805;1748.94909667969;0
641.0279;1658.70495605469;0
643.3746;1657.53723144531;0
645.7187;1757.474609375;0
648.0621;1751.21887207031;0
650.405;1685.10705566406;0
652.7453;1652.7666015625;0
655.087;1734.81506347656;0
657.426;1761.26452636719;0
659.7645;1671.64013671875;0
662.1024;1638.17590332031;0
664.4376;1569.32421875;0
666.7742;1583.00073242188;0
669.1063;1472.21423339844;0
671.4398;1575.07458496094;0
673.7726;1486.62097167969;0
676.1048;1483.8115234375;0
678.4324;1401.76208496094;0
680.7635;1398.01281738281;0
683.0919;1394.00708007813;0
685.4158;1366.10827636719;0
687.743;1363.65209960938;0
690.0696;1432.64990234375;0
692.3937;1472.12609863281;0
694.7151;1498.70043945313;0
697.038;1576.90991210938;0
699.3583;1528.26062011719;0
701.6779;1550.77294921875;0
703.995;1494.24987792969;0
706.3155;1487.48254394531;0
708.6294;1450.8935546875;0
710.9467;1383.92700195313;0
713.2594;1450.55590820313;0
715.5735;1348.79541015625;0
717.887;1383.84716796875;0
720.1979;1532.06945800781;0
722.5083;1760.66760253906;0
724.818;1690.30932617188;0
727.1252;1561.54870605469;0
729.4357;1432.38671875;0
731.7418;1527.23986816406;0
734.0452;1473.89685058594;0
736.35;1569.02416992188;0
738.6522;1503.43872070313;0
740.9539;1513.83776855469;0
743.2569;1457.13330078125;0
745.5554;1449.52453613281;0
747.8553;1485.05139160156;0
750.1545;1422.80505371094;0
752.4513;1434.0478515625;0
754.7474;1222.48645019531;0
757.043;1172.36193847656;0
759.336;1196.501953125;0
761.6304;1211.41723632813;0
763.9222;1232.92553710938;0
766.2114;961.814880371094;0
768.5041;957.463317871094;0
770.7922;758.713562011719;0
773.0777;922.737060546875;0
775.3647;981.073486328125;0
777.651;1185.90954589844;0
779.9368;1191.44494628906;0
782.22;1199.52905273438;0
784.5026;1175.287109375;0
786.7847;1271.91418457031;0
789.0662;1230.80517578125;0
791.3451;1224.24108886719;0
793.6254;1183.87414550781;0
795.9012;1306.69226074219;0
798.1784;1399.60314941406;0
800.455;1371.73693847656;0
802.7291;1366.63488769531;0
805.0026;1305.41259765625;0
807.2755;1534.16906738281;0
809.5478;1529.59155273438;0
811.8176;1631.52380371094;0
814.0869;1603.09631347656;0
816.3535;1709.51916503906;0
818.6235;1795.95654296875;0
820.8911;1794.38439941406;0
823.156;1843.79772949219;0
825.4204;1842.06579589844;0
827.6823;1787.2412109375;0
829.9474;1733.87963867188;0
832.2082;1688.94775390625;0
834.4683;1671.21875;0
836.7279;1657.46520996094;0
838.9869;1640.78857421875;0
841.2453;1604.60705566406;0
843.5012;1663.39733886719;0
845.7565;1636.82604980469;0
848.0133;1680.69299316406;0
850.2655;1590.64477539063;0
852.5153;1479.36755371094;0
854.7703;1519.05847167969;0
857.0189;1507.95568847656;0
859.2668;1438.9423828125;0
861.5182;1347.017578125;0
863.7651;1334.84521484375;0
866.0114;1411.453125;0
868.2592;1186.93823242188;0
870.5024;1069.08203125;0
872.7451;1026.66223144531;0
874.9872;1028.9931640625;0
877.2307;1048.52172851563;0
879.4717;965.037902832031;0
881.7101;1045.18322753906;0
883.95;1073.0546875;0
886.1854;1206.533203125;0
888.4202;1202.99633789063;0
890.6604;1191.89172363281;0
892.8941;1051.56237792969;0
895.1253;1087.01831054688;0
897.3599;1101.2158203125;0
899.59;1144.74731445313;0
901.8195;1066.85144042969;0
904.0504;1070.12744140625;0
906.2789;1190.72021484375;0
908.5087;1267.03430175781;0
910.7341;1362.55139160156;0
912.9589;1213.80407714844;0
915.1851;1273.47387695313;0
917.4088;1272.17272949219;0
919.63;1365.36437988281;0
921.8526;1220.13488769531;0
924.0727;1196.06311035156;0
926.2922;1391.5517578125;0
928.5112;1586.18676757813;0
930.7277;1519.94689941406;0
932.9476;1059.2578125;0
935.163;842.582458496094;0
937.3739;531.126953125;0
939.5901;736.427856445313;0
941.8019;761.70556640625;0
944.0151;822.756469726563;0
946.2258;702.256225585938;0
948.4341;559.355102539063;0
950.6456;602.377197265625;0
952.8527;600.304321289063;0
955.0593;632.46533203125;0
957.2653;485.141540527344;0
959.4689;529.17529296875;0
961.6738;513.189514160156;0
963.8782;551.844421386719;0
966.0782;479.368591308594;0
968.2815;521.614624023438;0
970.4803;576.245422363281;0
972.6787;543.546203613281;0
974.8784;582.899108886719;0
977.0757;804.300598144531;0
979.2704;847.702880859375;0
981.4667;870.945007324219;0
983.6603;879.709350585938;0
985.8535;1019.54254150391;0
988.0461;1040.44946289063;0
990.2363;1045.23425292969;0
992.4297;1263.40466308594;0
994.6169;1518.40905761719;0
996.8035;1678.55627441406;0
998.9933;1736.50366210938;0
1001.179;1702.46301269531;0
1003.364;1593.09997558594;0
1005.55;1355.42883300781;0
1007.732;1467.1259765625;0
1009.916;1448.82885742188;0
1012.096;1636.35302734375;0
1014.275;1542.01977539063;0
1016.459;1551.94323730469;0
1018.636;1621.56530761719;0
1020.813;1736.88635253906;0
1022.991;1953.30615234375;0
1025.165;1934.59375;0
1027.34;1806.57043457031;0
1029.515;1785.53283691406;0
1031.687;1573.46447753906;0
1033.859;1603.65832519531;0
1036.03;1502.89453125;0
1038.199;1603.32836914063;0
1040.369;1590.07092285156;0
1042.536;1582.11950683594;0
1044.704;1506.58483886719;0
1046.87;1462.13256835938;0
1049.034;1235.41833496094;0
1051.198;1104.65893554688;0
1053.363;971.638244628906;0
1055.526;1048.13269042969;0
1057.686;1132.85009765625;0
1059.845;1116.451171875;0
1062.005;1054.81127929688;0
1064.165;1054.38330078125;0
1066.323;1111.38671875;0
1068.477;1061.58166503906;0
1070.634;1005.88549804688;0
1072.788;859.96533203125;0
1074.942;835.001281738281;0
1077.096;930.521057128906;0
1079.247;1062.82434082031;0
1081.397;1223.2685546875;0
1083.547;1267.52673339844;0
1085.695;1202.68225097656;0
1087.844;1231.16003417969;0
1089.992;1199.51318359375;0
1092.138;1216.99890136719;0
1094.284;1272.17077636719;0
1096.425;1248.439453125;0
1098.571;1360.82873535156;0
1100.711;1275.46472167969;0
1102.851;1363.66845703125;0
1104.994;1444.2939453125;0
1107.132;1508.96569824219;0
1109.271;1383.70617675781;0
1111.408;1366.46533203125;0
1113.543;1422.52502441406;0
1115.682;1693.59143066406;0
1117.816;1531.47265625;0
1119.947;1487.21752929688;0
1122.08;1275.71105957031;0
1124.213;1490.37121582031;0
1126.343;1381.14733886719;0
1128.474;1387.82360839844;0
1130.602;1192.40112304688;0
1132.728;1242.10083007813;0
1134.856;1258.96997070313;0
1136.982;1349.72497558594;0
1139.109;1521.62463378906;0
1141.234;1614.33581542969;0
1143.356;1606.52587890625;0
1145.479;1565.59191894531;0
1147.599;1497.53198242188;0
1149.719;1482.94311523438;0
1151.839;1510.38110351563;0
1153.957;1558.40380859375;0
1156.076;1453.45532226563;0
1158.191;1154.64868164063;0
1160.305;1039.53601074219;0
1162.423;1032.49353027344;0
1164.536;1202.41516113281;0
1166.647;1111.79528808594;0
1168.761;1129.45825195313;0
1170.871;1092.64111328125;0
1172.983;1111.09509277344;0
1175.092;1265.98962402344;0
1177.2;1486.08923339844;0
1179.306;1739.64196777344;0
1181.413;1880.58703613281;0
1183.518;1855.9775390625;0
1185.623;1713.70422363281;0
1187.725;1609.43969726563;0
1189.826;1608.10998535156;0
1191.929;1838.14294433594;0
1194.032;1885.72668457031;0
1196.13;1728.18420410156;0
1198.23;1488.51184082031;0
1200.327;1549.81127929688;0
1202.423;1639.04479980469;0
1204.52;1823.86975097656;0
1206.613;1473.97644042969;0
1208.71;1546.49780273438;0
1210.801;1483.20666503906;0
1212.892;1755.20910644531;0
1214.987;1700.65197753906;0
1217.075;1861.18041992188;0
1219.166;1812.45129394531;0
1221.256;1916.56262207031;0
1223.342;1786.4853515625;0
1225.43;1824.38024902344;0
1227.515;1625.31677246094;0
1229.597;1632.55773925781;0
1231.685;1634.46313476563;0
1233.767;1674.34948730469;0
1235.85;1709.14453125;0
1237.931;1704.35522460938;0
1240.009;1687.60620117188;0
1242.09;1423.07641601563;0
1244.168;1358.88793945313;0
1246.245;1311.15356445313;0
1248.321;1451.30285644531;0
1250.397;1399.90625;0
1252.472;1539.83020019531;0
1254.547;1416.20727539063;0
1256.618;1453.64318847656;0
1258.69;1361.14758300781;0
1260.761;1455.73181152344;0
1262.83;1452.26928710938;0
1264.901;1474.70812988281;0
1266.969;1504.05786132813;0
1269.035;1432.9921875;0
1271.102;1468.51110839844;0
1273.167;1260.61193847656;0
1275.233;1256.07189941406;0
1277.295;1137.33129882813;0
1279.359;1246.19360351563;0
1281.42;1162.96069335938;0
1283.482;1238.93676757813;0
1285.542;1226.05126953125;0
1287.6;1324.35083007813;0
1289.659;1266.56030273438;0
1291.714;1444.29150390625;0
1293.774;1687.61401367188;0
1295.828;1807.39099121094;0
1297.881;1720.66040039063;0
1299.936;1647.77136230469;0
1301.987;1787.80798339844;0
1304.041;2009.70812988281;0
1306.09;1973.64440917969;0
1308.139;1919.84521484375;0
1310.19;1880.43041992188;0
1312.238;1919.46533203125;0
1314.286;1875.74304199219;0
1316.331;1841.85180664063;0
1318.376;1940.57446289063;0
1320.422;1921.35913085938;0
1322.466;1922.37219238281;0
1324.508;2008.68408203125;0
1326.549;2020.2978515625;0
1328.59;1908.66455078125;0
1330.632;1679.19677734375;0
1332.67;1697.92651367188;0
1334.707;1727.50915527344;0
1336.746;1734.7353515625;0
1338.78;1659.38195800781;0
1340.816;1479.89624023438;0
1342.852;1160.73376464844;0
1344.885;1179.416015625;0
1346.916;1164.01135253906;0
1348.948;1542.07080078125;0
1350.979;1391.99682617188;0
1353.011;1404.19091796875;0
1355.04;1238.14721679688;0
1357.066;1271.08874511719;0
1359.094;1330.01477050781;0
1361.121;1311.14587402344;0
1363.145;1310.69482421875;0
1365.171;1070.87292480469;0
1367.192;1016.79278564453;0
1369.216;793.742370605469;0
1371.239;907.222961425781;0
1373.258;830.023315429688;0
1375.28;888.790832519531;0
1377.298;687.260314941406;0
1379.316;575.465026855469;0
1381.335;583.314208984375;0
1383.35;770.123474121094;0
1385.366;893.773315429688;0
1387.38;888.772705078125;0
1389.394;831.606323242188;0
1391.409;937.651977539063;0
1393.42;927.966918945313;0
1395.43;950.106811523438;0
1397.44;723.296020507813;0
1399.451;633.020812988281;0
1401.458;642.199890136719;0
1403.466;510.747406005859;0
1405.472;476.576751708984;0
1407.478;327.964691162109;0
1409.483;591.694091796875;0
1411.486;688.33203125;0
1413.49;917.031799316406;0
1415.492;878.441467285156;0
1417.492;921.336730957031;0
1419.495;840.5400390625;0
1421.494;911.535827636719;0
1423.492;1052.99475097656;0
1425.49;1239.81762695313;0
1427.487;1298.30859375;0
1429.482;1392.49096679688;0
1431.477;1406.70935058594;0
1433.471;1511.2998046875;0
1435.466;1584.89599609375;0
1437.456;1573.46325683594;0
1439.447;1521.67163085938;0
1441.441;1470.29602050781;0
1443.427;1605.06274414063;0
1445.417;1671.23168945313;0
1447.406;1682.47021484375;0
1449.392;1573.66723632813;0
1451.381;1533.498046875;0
1453.365;1521.40661621094;0
1455.348;1485.6201171875;0
1457.333;1412.02392578125;0
1459.314;1349.83911132813;0
1461.296;1367.72802734375;0
1463.276;1239.04821777344;0
1465.256;1066.72900390625;0
1467.237;1111.61279296875;0
1469.215;1413.39758300781;0
1471.19;1762.86853027344;0
1473.167;1843.29321289063;0
1475.145;1810.77868652344;0
1477.118;1660.1015625;0
1479.092;1540.03979492188;0
1481.065;1391.9267578125;0
1483.038;1453.984375;0
1485.008;1413.66076660156;0
1486.979;1411.06689453125;0
1488.949;1283.75061035156;0
1490.917;1282.27917480469;0
1492.883;1341.98376464844;0
1494.852;1274.08447265625;0
1496.817;1231.70275878906;0
1498.782;1201.65930175781;0
1500.748;1304.71655273438;0
1502.708;1253.1787109375;0
1504.673;1219.96752929688;0
1506.634;1018.92974853516;0
1508.594;852.021179199219;0
1510.554;885.093933105469;0
1512.512;947.449462890625;0
1514.471;1181.61157226563;0
1516.428;1013.7822265625;0
1518.384;1106.52124023438;0
1520.34;866.389404296875;0
1522.294;981.946960449219;0
1524.249;787.968994140625;0
1526.202;994.875183105469;0
1528.153;877.258911132813;0
1530.103;1112.63122558594;0
1532.054;884.876037597656;0
1534.004;1033.798828125;0
1535.951;987.139526367188;0
1537.899;1171.08923339844;0
1539.847;1166.66662597656;0
1541.793;968.937683105469;0
1543.738;881.264770507813;0
1545.681;832.845825195313;0
1547.625;755.003051757813;0
1549.566;722.954528808594;0
1551.509;763.39306640625;0
1553.45;1031.24243164063;0
1555.389;1127.72094726563;0
1557.33;942.270446777344;0
1559.266;931.602600097656;0
1561.204;1007.33923339844;0
1563.141;1069.69873046875;0
1565.074;883.570190429688;0
1567.009;784.49755859375;0
1568.943;808.258728027344;0
1570.877;908.734985351563;0
1572.808;745.481811523438;0
1574.741;682.277038574219;0
1576.67;607.455871582031;0
1578.6;602.13037109375;0
1580.528;704.190063476563;0
1582.455;638.565612792969;0
1584.382;721.488037109375;0
1586.307;605.94970703125;0
1588.234;812.015747070313;0
1590.157;860.130493164063;0
1592.081;787.849609375;0
1594.002;494.284088134766;0
1595.927;322.656219482422;0
1597.845;319.743743896484;0
1599.767;438.762451171875;0
1601.685;410.934967041016;0
1603.602;356.701812744141;0
1605.523;195.951889038086;0
1607.438;457.6669921875;0
1609.354;589.071166992188;0
1611.269;852.287292480469;0
1613.181;649.208312988281;0
1615.096;644.284545898438;0
1617.008;469.738372802734;0
1618.92;694.630126953125;0
1620.83;786.020568847656;0
1622.74;925.466064453125;0
1624.649;852.612609863281;0
1626.557;641.603332519531;0
1628.464;620.360412597656;0
1630.37;745.185791015625;0
1632.275;970.013549804688;0
1634.18;1114.6708984375;0
1636.085;1020.26580810547;0
1637.988;1011.13177490234;0
1639.888;847.95654296875;0
1641.791;797.150451660156;0
1643.691;885.422668457031;0
1645.588;891.062927246094;0
1647.489;969.182312011719;0
1649.387;879.664733886719;0
1651.284;996.3974609375;0
1653.18;983.7216796875;0
1655.075;1154.41833496094;0
1656.972;1310.15539550781;0
1658.864;1585.37915039063;0
1660.754;1511.76098632813;0
1662.65;1385.3056640625;0
1664.539;1063.01965332031;0
1666.428;1106.90319824219;0
1668.32;1109.73376464844;0
1670.207;1307.51574707031;0
1672.096;1240.35998535156;0
1673.982;1232.04418945313;0
1675.867;1122.90161132813;0
1677.754;1117.93249511719;0
1679.638;1130.91442871094;0
1681.52;1137.95861816406;0
1683.403;960.731567382813;0
1685.285;669.789001464844;0
1687.166;526.464233398438;0
1689.048;715.977416992188;0
1690.924;845.105529785156;0
1692.804;971.182861328125;0
1694.682;784.551452636719;0
1696.558;860.103759765625;0
1698.435;755.173095703125;0
1700.308;682.759521484375;0
1702.184;549.307434082031;0
1704.057;511.372436523438;0
1705.929;557.510009765625;0
1707.801;627.164672851563;0
1709.674;657.114135742188;0
1711.542;738.802856445313;0
1713.412;730.119384765625;0
1715.28;536.730224609375;0
1717.145;505.191101074219;0
1719.015;491.629974365234;0
1720.88;464.933868408203;0
1722.746;208.08464050293;0
1724.61;172.848052978516;0
1726.471;421.542694091797;0
1728.334;665.520446777344;0
1730.197;690.939514160156;0
1732.057;631.184143066406;0
1733.919;539.700073242188;0
1735.777;485.379608154297;0
1737.634;400.556762695313;0
1739.493;412.118835449219;0
1741.349;368.383392333984;0
1743.205;325.745208740234;0
1745.061;392.504028320313;0
1746.915;508.986114501953;0
1748.77;804.523315429688;0
1750.621;812.228271484375;0
1752.473;823.876708984375;0
1754.323;659.899108886719;0
1756.173;590.084777832031;0
1758.022;585.766967773438;0
1759.87;526.832946777344;0
1761.718;418.054351806641;0
1763.566;420.867706298828;0
1765.411;393.269897460938;0
1767.256;366.037261962891;0
1769.101;393.411163330078;0
1770.945;626.578735351563;0
1772.787;867.657287597656;0
1774.629;853.646789550781;0
1776.469;717.436218261719;0
1778.309;710.692138671875;0
1780.15;720.077331542969;0
1781.987;816.480590820313;0
1783.826;757.568725585938;0
1785.662;834.56396484375;0
1787.498;909.688537597656;0
1789.334;974.609069824219;0
1791.169;1028.99230957031;0
1793.002;980.615966796875;0
1794.834;1104.92456054688;0
1796.667;1171.69567871094;0
1798.498;1224.26293945313;0
1800.328;1129.62609863281;0
1802.157;1010.56146240234;0
1803.986;996.949035644531;0
1805.813;1062.45190429688;0
1807.639;1053.95910644531;0
1809.467;1096.13720703125;0
1811.292;1182.76391601563;0
1813.117;1212.72839355469;0
1814.94;1213.36364746094;0
1816.763;1012.22534179688;0
1818.585;947.313537597656;0
1820.407;716.294921875;0
1822.227;803.169372558594;0
1824.048;759.492553710938;0
1825.865;777.607849121094;0
1827.683;535.518676757813;0
1829.501;491.002777099609;0
1831.317;342.283843994141;0
1833.135;424.035247802734;0
1834.948;192.265930175781;0
1836.761;249.670379638672;0
1838.577;236.55793762207;0
1840.388;389.150817871094;0
1842.198;389.780090332031;0
1844.009;428.108978271484;0
1845.819;474.581268310547;0
1847.629;436.646606445313;0
1849.436;237.08869934082;0
1851.244;140.018646240234;0
1853.052;248.209518432617;0
1854.858;369.610168457031;0
1856.661;357.045288085938;0
1858.466;427.6259765625;0
1860.269;344.353942871094;0
1862.073;542.561889648438;0
1863.875;490.472015380859;0
1865.673;557.862121582031;0
1867.476;358.732238769531;0
1869.275;258.860076904297;0
1871.072;392.956573486328;0
1872.872;678.644165039063;0
1874.667;677.478393554688;0
1876.464;721.21630859375;0
1878.26;632.888061523438;0
1880.053;646.039794921875;0
1881.849;504.893707275391;0
1883.64;320.227630615234;0
1885.431;278.263702392578;0
1887.226;362.084838867188;0
1889.014;443.4970703125;0
1890.803;547.055969238281;0
1892.594;499.762145996094;0
1894.38;728.619262695313;0
1896.167;856.405090332031;0
1897.955;936.897399902344;0
1899.74;821.540649414063;0
1901.526;697.00146484375;0
1903.309;731.724304199219;0
1905.091;709.600158691406;0
1906.876;700.851379394531;0
1908.658;570.368957519531;0
1910.438;561.15966796875;0
1912.217;620.113220214844;0
1913.996;586.342468261719;0
1915.775;439.847412109375;0
1917.553;318.850341796875;0
1919.33;274.462371826172;0
1921.106;304.352325439453;0
1922.881;313.301513671875;0
1924.655;449.087677001953;0
1926.431;489.044219970703;0
1928.202;426.615509033203;0
1929.974;177.46826171875;0
1931.746;126.370147705078;0
1933.516;161.307418823242;0
1935.286;336.853515625;0
1937.055;369.660003662109;0
1938.823;479.832092285156;0
1940.592;449.728881835938;0
1942.356;426.415008544922;0
1944.122;496.372131347656;0
1945.888;605.377990722656;0
1947.651;618.988098144531;0
1949.416;449.424774169922;0
1951.178;420.021270751953;0
1952.939;449.220672607422;0
1954.699;541.352294921875;0
1956.459;461.125183105469;0
1958.219;457.270904541016;0
1959.979;514.290588378906;0
1961.735;655.363464355469;0
1963.491;755.822998046875;0
1965.249;609.554260253906;0
1967.003;700.118286132813;0
1968.761;679.185913085938;0
1970.512;825.985107421875;0
1972.265;809.849243164063;0
1974.018;690.222778320313;0
1975.769;526.728088378906;0
1977.522;409.187225341797;0
1979.271;463.491271972656;0
1981.018;469.535858154297;0
1982.766;293.098724365234;0
1984.516;304.735443115234;0
1986.261;294.891448974609;0
1988.009;386.455780029297;0
1989.754;300.320068359375;0
1991.498;263.623657226563;0
1993.241;341.791473388672;0
1994.984;464.823608398438;0
1996.727;379.834808349609;0
1998.468;312.154846191406;0
2000.206;287.005920410156;0
2001.946;488.610260009766;0
2003.686;680.301208496094;0
2005.424;662.856567382813;0
2007.161;773.276245117188;0
2008.898;674.00341796875;0
2010.634;845.714904785156;0
2012.369;710.630798339844;0
2014.103;713.523620605469;0
2015.836;546.9482421875;0
2017.57;802.46533203125;0
2019.299;854.855712890625;0
2021.032;883.344177246094;0
2022.762;613.26416015625;0
2024.491;636.502258300781;0
2026.221;763.054992675781;0
2027.947;838.144592285156;0
2029.676;751.548889160156;0
2031.403;670.934448242188;0
2033.128;600.0791015625;0
2034.852;586.093933105469;0
2036.577;458.76708984375;0
2038.299;512.090026855469;0
2040.022;437.967041015625;0
2041.744;295.853637695313;0
2043.465;237.724792480469;0
2045.184;347.694488525391;0
2046.903;561.990600585938;0
2048.621;704.503356933594;0
2050.339;715.788269042969;0
2052.057;674.623168945313;0
2053.774;566.896911621094;0
2055.488;265.939056396484;0
2057.203;194.636535644531;0
2058.917;226.705017089844;0
2060.631;352.108001708984;0
2062.344;357.392700195313;0
2064.053;247.336929321289;0
2065.765;302.122406005859;0
2067.476;455.567535400391;0
2069.185;567.341186523438;0
2070.892;608.887878417969;0
2072.6;542.425231933594;0
2074.308;534.843444824219;0
2076.014;516.035888671875;0
2077.72;391.558898925781;0
2079.425;343.524749755859;0
2081.13;315.599395751953;0
2082.833;390.109436035156;0
2084.532;414.165985107422;0
2086.236;325.216430664063;0
2087.936;324.150543212891;0
2089.635;426.857055664063;0
2091.335;512.222229003906;0
2093.034;489.024810791016;0
2094.731;336.423614501953;0
2096.427;339.419647216797;0
2098.124;450.732727050781;0
2099.82;667.918334960938;0
2101.515;825.754333496094;0
2103.207;894.351806640625;0
2104.902;980.932983398438;0
2106.594;1116.66735839844;0
2108.286;1234.60754394531;0
2109.976;1274.48388671875;0
2111.667;1223.03564453125;0
2113.355;1358.3935546875;0
2115.044;1290.15881347656;0
2116.732;1275.12036132813;0
2118.42;1118.16027832031;0
2120.105;1166.275390625;0
2121.79;1200.75720214844;0
2123.476;1326.79272460938;0
2125.16;1314.123046875;0
2126.844;1376.41491699219;0
2128.524;1327.33508300781;0
2130.207;1427.6611328125;0
2131.888;1361.61547851563;0
2133.567;1351.75341796875;0
2135.247;1272.18786621094;0
2136.927;1425.48071289063;0
2138.603;1545.06433105469;0
2140.281;1586.2841796875;0
2141.957;1638.13586425781;0
2143.633;1478.06457519531;0
2145.308;1559.29528808594;0
2146.981;1486.93762207031;0
2148.654;1591.99243164063;0
2150.328;1366.90808105469;0
2152;1303.56408691406;0
2153.669;1323.53930664063;0
2155.34;1350.15673828125;0
2157.01;1363.18005371094;0
2158.677;1240.53210449219;0
2160.347;1340.94995117188;0
2162.013;1194.55310058594;0
2163.681;1214.67492675781;0
2165.347;1195.81140136719;0
2167.011;1245.44006347656;0
2168.674;1189.14697265625;0
2170.337;1218.697265625;0
2172.002;1230.09545898438;0
2173.662;1356.56860351563;0
2175.324;1236.89038085938;0
2176.985;1181.92785644531;0
2178.645;1057.70080566406;0
2180.304;1106.76318359375;0
2181.961;1322.4482421875;0
2183.618;1433.53771972656;0
2185.275;1306.06713867188;0
2186.932;1204.96215820313;0
2188.586;1217.91967773438;0
2190.242;1350.85168457031;0
2191.896;1135.99853515625;0
2193.547;1063.0595703125;0
2195.2;1189.69165039063;0
2196.851;1435.17065429688;0
2198.502;1490.49670410156;0
2200.153;1256.78088378906;0
2201.799;1228.13439941406;0
2203.447;1151.22412109375;0
2205.097;1181.83850097656;0
2206.742;1143.03015136719;0
2208.391;982.132690429688;0
2210.035;988.205200195313;0
2211.679;871.308776855469;0
2213.324;1023.04626464844;0
2214.966;1039.43640136719;0
2216.608;1050.42065429688;0
2218.252;1011.82208251953;0
2219.89;943.457946777344;0
2221.531;1095.58544921875;0
2223.172;1161.13000488281;0
2224.809;1285.20300292969;0
2226.449;1250.14367675781;0
2228.086;1298.5126953125;0
2229.72;1367.54028320313;0
2231.358;1370.89453125;0
2232.992;1240.30615234375;0
2234.625;1130.00219726563;0
2236.26;1221.66162109375;0
2237.893;1323.63269042969;0
2239.524;1437.58203125;0
2241.156;1280.06237792969;0
2242.785;1406.04077148438;0
2244.416;1356.10302734375;0
2246.044;1391.91418457031;0
2247.672;1286.80334472656;0
2249.301;1265.89099121094;0
2250.926;1395.49377441406;0
2252.554;1267.61303710938;0
2254.177;1377.15686035156;0
2255.803;1385.83117675781;0
2257.427;1511.93371582031;0
2259.051;1557.13122558594;0
2260.671;1302.90930175781;0
2262.294;1222.39501953125;0
2263.914;1098.20678710938;0
2265.533;1304.95886230469;0
2267.153;1331.77648925781;0
2268.773;1333.65405273438;0
2270.392;1264.69287109375;0
2272.006;1245.763671875;0
2273.624;1321.73266601563;0
2275.239;1423.345703125;0
2276.854;1502.71374511719;0
2278.468;1361.07775878906;0
2280.084;1392.52612304688;0
2281.695;1353.92102050781;0
2283.305;1491.11279296875;0
2284.919;1187.63891601563;0
2286.527;1218.52563476563;0
2288.14;1134.86315917969;0
2289.748;1399.39367675781;0
2291.354;1429.01574707031;0
2292.964;1530.61950683594;0
2294.569;1535.87182617188;0
2296.174;1543.328125;0
2297.782;1414.65490722656;0
2299.386;1356.62780761719;0
2300.99;1110.67175292969;0
2302.594;1164.07421875;0
2304.195;1134.43005371094;0
2305.798;1237.48583984375;0
2307.399;1005.93640136719;0
2308.998;957.243225097656;0
2310.598;914.820495605469;0
2312.197;1056.50451660156;0
2313.795;1182.02551269531;0
2315.392;1377.935546875;0
2316.988;1450.56811523438;0
2318.585;1376.25646972656;0
2320.18;1264.88940429688;0
2321.774;1249.79418945313;0
2323.368;1178.63244628906;0
2324.961;1225.39636230469;0
2326.553;964.195434570313;0
2328.145;985.4677734375;0
2329.735;874.473815917969;0
2331.324;1012.31427001953;0
2332.916;854.188842773438;0
2334.503;666.149169921875;0
2336.092;691.844665527344;0
2337.677;881.372436523438;0
2339.263;1020.22485351563;0
2340.85;1040.62890625;0
2342.434;1007.53741455078;0
2344.018;986.261108398438;0
2345.602;845.607238769531;0
2347.185;800.415405273438;0
2348.768;827.236267089844;0
2350.347;991.905334472656;0
2351.928;967.013549804688;0
2353.51;915.783203125;0
2355.087;755.279479980469;0
2356.665;650.470764160156;0
2358.243;543.983520507813;0
2359.819;571.505554199219;0
2361.396;587.070739746094;0
2362.972;662.754333496094;0
2364.547;660.784423828125;0
2366.121;650.512084960938;0
2367.694;742.75830078125;0
2369.267;797.756652832031;0
2370.839;659.840454101563;0
2372.411;637.885070800781;0
2373.982;687.46630859375;0
2375.55;951.686462402344;0
2377.118;696.927856445313;0
2378.687;681.18310546875;0
2380.254;652.9765625;0
2381.821;1021.02075195313;0
2383.387;1008.59997558594;0
2384.954;1134.16040039063;0
2386.516;987.478637695313;0
2388.082;1038.93615722656;0
2389.644;965.489440917969;0
2391.209;1095.48950195313;0
2392.769;813.033142089844;0
2394.33;900.431335449219;0
2395.892;1011.27679443359;0
2397.449;1360.77563476563;0
2399.008;1362.48669433594;0
2400.568;1458.4091796875;0
2402.125;1354.09655761719;0
2403.68;1390.21264648438;0
2405.238;1277.64685058594;0
2406.792;1433.73571777344;0
2408.349;1471.03833007813;0
2409.902;1483.00061035156;0
2411.455;1478.38391113281;0
2413.007;1412.18115234375;0
2414.558;1472.57299804688;0
2416.11;1368.11633300781;0
2417.66;1433.69982910156;0
2419.21;1241.17053222656;0
2420.758;1344.47045898438;0
2422.307;1289.8798828125;0
2423.855;1287.2900390625;0
2425.402;1174.12158203125;0
2426.947;1088.85986328125;0
2428.492;1072.99963378906;0
2430.038;994.472534179688;0
2431.58;1006.19738769531;0
2433.124;996.615356445313;0
2434.667;1003.69982910156;0
2436.208;980.585083007813;0
2437.75;1271.79577636719;0
2439.291;1321.26257324219;0
2440.83;1418.37072753906;0
2442.369;1410.26782226563;0
2443.906;1549.73315429688;0
2445.444;1608.99011230469;0
2446.981;1347.1494140625;0
2448.517;1205.67651367188;0
2450.053;1087.89379882813;0
2451.587;951.022521972656;0
2453.12;1089.57763671875;0
2454.655;1089.03869628906;0
2456.187;1230.07141113281;0
2457.718;1221.01184082031;0
2459.25;1280.75122070313;0
2460.781;1346.76977539063;0
2462.31;1241.49658203125;0
2463.84;1298.98095703125;0
2465.368;1324.14709472656;0
2466.896;1280.91296386719;0
2468.423;1103.37670898438;0
2469.949;1080.333984375;0
2471.474;1298.85852050781;0
2472.998;1411.90625;0
2474.522;1327.25061035156;0
2476.045;1252.48278808594;0
2477.568;1266.59912109375;0
2479.09;1323.7734375;0
2480.612;1302.16052246094;0
2482.132;1090.96484375;0
2483.653;951.977478027344;0
2485.171;970.837768554688;0
2486.689;1308.33825683594;0
2488.208;1522.39074707031;0
2489.725;1467.54821777344;0
2491.242;1447.25793457031;0
2492.757;1356.63293457031;0
2494.271;1306.56494140625;0
2495.785;1262.16467285156;0
2497.3;1278.31982421875;0
2498.812;1287.14172363281;0
2500.325;1146.18542480469;0
2501.837;1038.69116210938;0
2503.345;856.445129394531;0
2504.856;842.822509765625;0
2506.366;802.821716308594;0
2507.875;931.665344238281;0
2509.382;894.389099121094;0
2510.889;1035.99182128906;0
2512.397;956.923217773438;0
2513.901;844.74365234375;0
2515.406;784.690673828125;0
2516.911;878.000854492188;0
2518.415;990.753601074219;0
2519.918;992.833618164063;0
2521.421;940.017822265625;0
2522.922;746.526611328125;0
2524.423;715.76611328125;0
2525.924;539.622436523438;0
2527.422;505.868499755859;0
2528.923;436.298187255859;0
2530.419;617.970703125;0
2531.916;705.071838378906;0
2533.415;825.377868652344;0
2534.909;641.998596191406;0
2536.404;554.606018066406;0
2537.899;287.365875244141;0
2539.394;478.558959960938;0
2540.887;548.731689453125;0
2542.38;761.822143554688;0
2543.871;534.280700683594;0
2545.363;632.841674804688;0
2546.852;574.838134765625;0
2548.345;527.601318359375;0
2549.833;266.148864746094;0
2551.321;119.209121704102;0
2552.811;343.816375732422;0
2554.296;338.092590332031;0
2555.78;326.790313720703;0
2557.267;84.8180923461914;0
2558.752;209.586349487305;0
2560.237;48.9464073181152;0
2561.721;218.718826293945;0
2563.203;244.197128295898;0
2564.687;505.307586669922;0
2566.168;489.307220458984;0
2567.648;556.09326171875;0
2569.129;634.602844238281;0
2570.607;730.575805664063;0
2572.086;812.942504882813;0
2573.565;836.799987792969;0
2575.041;834.692138671875;0
2576.518;766.310546875;0
2577.994;900.09375;0
2579.469;972.105285644531;0
2580.945;1203.8994140625;0
2582.418;1143.25744628906;0
2583.892;1250.40380859375;0
2585.365;1186.13952636719;0
2586.835;1134.22692871094;0
2588.307;1121.76953125;0
2589.778;1016.67041015625;0
2591.248;1166.92016601563;0
2592.717;1286.18395996094;0
2594.186;1375.1259765625;0
2595.652;1376.41442871094;0
2597.121;1161.28125;0
2598.585;1157.72619628906;0
2600.052;1220.19787597656;0
2601.518;1178.2431640625;0
2602.982;1284.419921875;0
2604.446;1157.17687988281;0
2605.907;1348.73840332031;0
2607.371;1313.77514648438;0
2608.83;1463.51025390625;0
2610.293;1480.16137695313;0
2611.752;1506.84008789063;0
2613.213;1523.32043457031;0
2614.672;1566.37976074219;0
2616.13;1617.3515625;0
2617.587;1578.12609863281;0
2619.043;1638.14965820313;0
2620.501;1545.86779785156;0
2621.957;1587.61560058594;0
2623.409;1597.8369140625;0
2624.864;1723.87805175781;0
2626.318;1693.197265625;0
2627.771;1649.76428222656;0
2629.222;1685.45812988281;0
2630.673;1799.08190917969;0
2632.124;1827.67431640625;0
2633.575;1861.5205078125;0
2635.023;1692.06420898438;0
2636.473;1683.11608886719;0
2637.922;1573.04638671875;0
2639.368;1630.79467773438;0
2640.816;1535.31298828125;0
2642.261;1514.26000976563;0
2643.705;1231.6875;0
2645.151;1149.93872070313;0
2646.596;1097.29125976563;0
2648.037;1228.47900390625;0
2649.48;1161.875;0
2650.923;1040.29211425781;0
2652.364;1122.58813476563;0
2653.804;1140.19934082031;0
2655.243;1145.1884765625;0
2656.683;1118.59338378906;0
2658.121;1145.70922851563;0
2659.559;1108.77209472656;0
2660.997;1016.01599121094;0
2662.433;1027.97155761719;0
2663.868;1124.64453125;0
2665.305;1076.52722167969;0
2666.737;1080.95446777344;0
2668.173;1129.36901855469;0
2669.606;1099.65856933594;0
2671.038;1116.18347167969;0
2672.47;872.705200195313;0
2673.901;824.787292480469;0
2675.331;735.287841796875;0
2676.761;793.5478515625;0
2678.189;796.568969726563;0
2679.619;620.353759765625;0
2681.045;529.344787597656;0
2682.473;554.713134765625;0
2683.9;654.342529296875;0
2685.324;626.858825683594;0
2686.749;505.490539550781;0
2688.176;403.907745361328;0
2689.599;389.667236328125;0
2691.021;441.102294921875;0
2692.444;499.945037841797;0
2693.865;507.111602783203;0
2695.287;323.940155029297;0
2696.707;297.545196533203;0
2698.125;283.936065673828;0
2699.545;514.671203613281;0
2700.963;451.750915527344;0
2702.381;499.284912109375;0
2703.798;452.272125244141;0
2705.214;517.933288574219;0
2706.629;544.544616699219;0
2708.046;635.564514160156;0
2709.458;629.433959960938;0
2710.872;655.622619628906;0
2712.285;599.6240234375;0
2713.699;540.312438964844;0
2715.111;390.546264648438;0
2716.52;392.532958984375;0
2717.93;465.390899658203;0
2719.342;539.685852050781;0
2720.749;460.198547363281;0
2722.159;576.419189453125;0
2723.565;681.132141113281;0
2724.971;846.888793945313;0
2726.38;809.354919433594;0
2727.785;759.411743164063;0
2729.19;839.169372558594;0
2730.594;800.40380859375;0
2731.997;994.449645996094;0
2733.401;1029.86462402344;0
2734.803;1058.09375;0
2736.204;1111.69592285156;0
2737.606;1152.44848632813;0
2739.005;1276.57287597656;0
2740.405;1246.28894042969;0
2741.806;1207.15222167969;0
2743.202;1168.82666015625;0
2744.602;1166.97570800781;0
2745.998;1089.26684570313;0
2747.395;1091.8173828125;0
2748.79;930.627868652344;0
2750.185;999.142883300781;0
2751.58;945.36083984375;0
2752.975;1003.50305175781;0
2754.366;989.517272949219;0
2755.759;1132.33752441406;0
2757.151;1270.71105957031;0
2758.542;1326.87817382813;0
2759.933;1453.28259277344;0
2761.322;1565.78942871094;0
2762.71;1548.32739257813;0
2764.1;1349.88110351563;0
2765.486;1115.93725585938;0
2766.875;1031.29956054688;0
2768.26;1046.44763183594;0
2769.646;1114.82019042969;0
2771.031;1081.41638183594;0
2772.418;1075.12109375;0
2773.799;1159.37841796875;0
2775.184;1373.00866699219;0
2776.565;1472.650390625;0
2777.946;1435.41613769531;0
2779.328;1377.63671875;0
2780.708;1492.6416015625;0
2782.09;1536.98303222656;0
2783.469;1674.66149902344;0
2784.847;1563.56567382813;0
2786.226;1594.80627441406;0
2787.603;1534.71655273438;0
2788.978;1554.57434082031;0
2790.355;1525.70092773438;0
2791.731;1435.90563964844;0
2793.104;1383.00671386719;0
2794.479;1327.0986328125;0
2795.853;1323.48962402344;0
2797.225;1348.28979492188;0
2798.596;1325.84973144531;0
2799.967;1328.82958984375;0
2801.341;1137.806640625;0
2802.71;1078.29614257813;0
2804.077;832.343688964844;0
2805.447;818.693908691406;0
2806.815;715.019287109375;0
2808.183;683.877563476562;0
2809.551;670.168884277344;0
2810.915;682.677978515625;0
2812.282;725.518981933594;0
2813.646;741.025207519531;0
2815.011;741.3056640625;0
2816.375;808.24853515625;0
2817.736;761.739624023437;0
2819.099;677.778991699219;0
2820.462;453.478973388672;0
2821.821;503.174926757812;0
2823.182;482.64486694336;0
2824.542;624.113586425781;0
2825.901;702.695434570312;0
2827.261;764.389709472656;0
2828.617;773.864013671875;0
2829.974;581.567016601562;0
2831.33;734.720458984375;0
2832.686;779.992004394531;0
2834.043;998.715881347656;0
2835.395;975.115295410156;0
2836.75;1148.52392578125;0
2838.104;1169.49877929688;0
2839.456;1112.70385742188;0
2840.807;1053.02868652344;0
2842.16;990.719360351563;0
2843.509;1028.244140625;0
2844.858;871.834350585938;0
2846.209;757.098693847656;0
2847.556;542.187133789063;0
2848.906;562.425109863281;0
2850.253;671.076782226563;0
2851.6;705.591430664063;0
2852.946;694.313354492188;0
2854.29;421.464904785156;0
2855.635;391.603088378906;0
2856.98;237.160217285156;0
2858.323;349.089660644531;0
2859.665;333.328338623047;0
2861.008;383.120361328125;0
2862.349;470.489105224609;0
2863.691;517.282958984375;0
2865.031;552.846618652344;0
2866.37;466.068939208985;0
2867.709;376.619171142578;0
2869.048;311.163238525391;0
2870.385;323.480499267578;0
2871.722;480.27490234375;0
2873.059;580.651306152344;0
2874.394;616.8291015625;0
2875.73;602.520874023437;0
2877.064;659.0048828125;0
2878.398;523.265747070313;0
2879.731;556.588989257813;0
2881.063;540.463073730469;0
2882.395;735.826599121094;0
2883.727;806.504577636719;0
2885.059;845.050659179688;0
2886.387;927.113464355469;0
2887.717;868.267395019531;0
2889.046;910.175964355469;0
2890.374;938.5009765625;0
2891.699;1030.03002929688;0
2893.028;1067.130859375;0
2894.354;994.267822265625;0
2895.679;927.708923339844;0
2897.004;1060.67602539063;0
2898.328;1070.38989257813;0
2899.653;1142.40686035156;0
2900.976;1062.50451660156;0
2902.297;1143.74279785156;0
2903.619;1160.17883300781;0
2904.941;1057.0400390625;0
2906.26;922.671936035156;0
2907.58;956.498107910156;0
2908.898;1085.61315917969;0
2910.217;1130.6064453125;0
2911.536;1025.45751953125;0
2912.852;1007.56604003906;0
2914.171;1158.6845703125;0
2915.485;1236.70874023437;0
2916.799;1368.05053710938;0
2918.116;1321.41088867188;0
2919.428;1309.96264648437;0
2920.743;1183.39331054688;0
2922.056;1174.7822265625;0
2923.367;1231.38305664063;0
2924.679;1137.74426269531;0
2925.99;1128.69165039062;0
2927.299;990.306823730469;0
2928.609;1086.64636230469;0
2929.918;1137.7900390625;0
2931.226;1251.90832519531;0
2932.535;1257.66735839844;0
2933.841;1157.04418945312;0
2935.149;1096.41516113281;0
2936.455;1069.26953125;0
2937.758;1091.64904785156;0
2939.064;1125.01806640625;0
2940.368;1150.22106933594;0
2941.67;1221.52026367188;0
2942.973;1297.68176269531;0
2944.277;1360.81628417969;0
2945.577;1320.03247070312;0
2946.878;1286.10827636719;0
2948.178;1226.71374511719;0
2949.477;1206.3505859375;0
2950.776;1159.79382324219;0
2952.073;1172.96838378906;0
2953.372;1127.19299316406;0
2954.669;1108.57885742188;0
2955.965;1008.66613769531;0
2957.261;983.716186523438;0
2958.556;1053.53466796875;0
2959.849;1126.57873535156;0
2961.145;1164.29382324219;0
2962.436;1138.77917480469;0
2963.732;1122.49609375;0
2965.022;1245.81457519531;0
2966.313;1219.35302734375;0
2967.603;1166.89111328125;0
2968.893;1066.75244140625;0
2970.182;1015.79162597656;0
2971.471;1052.54418945313;0
2972.759;1116.18676757813;0
2974.047;1286.38610839844;0
2975.334;1306.36608886719;0
2976.62;1352.23693847656;0
2977.907;1190.33215332031;0
2979.192;1184.59191894531;0
2980.475;1046.73693847656;0
2981.76;1050.20935058594;0
2983.043;1041.88903808594;0
2984.326;1086.34387207031;0
2985.607;1049.716796875;0
2986.888;1001.64123535156;0
2988.17;945.035095214844;0
2989.449;929.905639648438;0
2990.728;846.390380859375;0
2992.007;847.690795898438;0
2993.284;786.089233398438;0
2994.562;894.599304199219;0
2995.84;795.436950683594;0
2997.115;805.916442871094;0
2998.393;712.337158203125;0
2999.666;662.007629394531;0
3000.94;787.772155761719;0
3002.215;753.743286132812;0
3003.486;773.791198730469;0
3004.76;731.475463867188;0
3006.033;759.463317871094;0
3007.303;734.995178222656;0
3008.573;572.728332519531;0
3009.844;560.322326660156;0
3011.114;612.21435546875;0
3012.383;664.22900390625;0
3013.649;559.5078125;0
3014.917;493.741302490235;0
3016.185;455.951202392578;0
3017.451;437.803741455078;0
3018.716;450.263458251953;0
3019.983;418.699798583985;0
3021.246;460.113067626953;0
3022.509;537.501647949219;0
3023.774;523.524169921875;0
3025.035;496.860443115234;0
3026.299;407.739044189453;0
3027.56;470.686126708984;0
3028.819;524.905090332031;0
3030.081;444.827545166015;0
3031.339;341.703826904297;0
3032.598;208.92057800293;0
3033.856;259.710296630859;0
3035.114;363.962677001953;0
3036.372;407.45654296875;0
3037.628;424.760223388672;0
3038.883;311.650787353516;0
3040.138;378.74057006836;0
3041.394;424.250061035156;0
3042.646;580.659851074219;0
3043.9;591.936218261719;0
3045.152;644.675903320313;0
3046.405;585.659973144531;0
3047.657;539.057678222656;0
3048.906;589.199401855469;0
3050.158;691.70166015625;0
3051.407;842.564331054687;0
3052.656;722.676208496094;0
3053.904;772.481567382813;0
3055.153;743.864196777344;0
3056.398;820.821105957031;0
3057.647;766.126892089844;0
3058.892;687.895141601563;0
3060.137;646.771423339844;0
3061.382;669.530456542969;0
3062.625;711.10498046875;0
3063.869;742.751892089844;0
3065.112;785.833862304688;0
3066.353;793.188171386719;0
3067.595;798.968139648438;0
3068.838;709.548217773438;0
3070.075;891.876953125;0
3071.317;962.22216796875;0
3072.557;1036.47216796875;0
3073.795;927.848999023437;0
3075.032;883.139282226563;0
3076.27;805.363830566406;0
3077.507;801.516784667969;0
3078.742;761.072387695313;0
3079.978;827.255737304688;0
3081.212;752.343017578125;0
3082.446;771.665283203125;0
3083.681;722.609497070313;0
3084.913;719.819885253906;0
3086.147;729.028503417969;0
3087.38;789.734191894531;0
3088.61;858.29345703125;0
3089.84;859.105529785156;0
3091.071;753.838928222656;0
3092.3;807.307373046875;0
3093.529;874.140563964844;0
3094.755;940.560302734375;0
3095.984;995.567443847656;0
3097.211;1039.22705078125;0
3098.438;1125.42663574219;0
3099.663;1081.87194824219;0
3100.888;970.972351074219;0
3102.112;946.522338867188;0
3103.335;874.271789550781;0
3104.56;855.558166503906;0
3105.782;833.220764160156;0
3107.005;793.608459472656;0
3108.226;859.837829589844;0
3109.447;770.883178710938;0
3110.667;821.85595703125;0
3111.887;881.52001953125;0
3113.104;1008.91668701172;0
3114.324;1026.64807128906;0
3115.541;956.431640625;0
3116.758;937.859313964844;0
3117.976;908.891052246094;0
3119.192;998.747009277344;0
3120.408;959.702514648438;0
3121.622;908.204895019531;0
3122.835;861.529724121094;0
3124.05;858.121520996094;0
3125.262;890.758178710938;0
3126.476;840.298645019531;0
3127.687;783.440063476563;0
3128.897;761.720153808594;0
3130.108;763.164611816406;0
3131.319;834.661987304687;0
3132.528;918.210876464844;0
3133.737;999.26171875;0
3134.945;1110.53857421875;0
3136.152;1015.15570068359;0
3137.358;1007.08483886719;0
3138.565;941.049377441406;0
3139.772;978.341369628906;0
3140.976;813.978759765625;0
3142.18;673.404174804687;0
3143.385;649.573181152344;0
3144.588;717.936645507812;0
3145.79;805.272888183594;0
3146.993;885.466430664063;0
3148.194;883.718383789063;0
3149.395;905.312805175781;0
3150.596;877.117797851563;0
3151.794;897.699462890625;0
3152.994;779.818664550781;0
3154.193;654.476196289063;0
3155.39;576.76708984375;0
3156.587;660.244018554687;0
3157.784;830.683288574219;0
3158.982;752.688110351563;0
3160.177;649.058471679688;0
3161.37;500.840087890625;0
3162.565;581.361145019531;0
3163.759;599.621459960938;0
3164.952;682.177917480469;0
3166.146;691.476257324219;0
3167.337;774.849853515625;0
3168.527;745.638732910156;0
3169.719;725.452697753906;0
3170.91;644.070007324219;0
3172.098;506.612182617188;0
3173.288;418.796173095703;0
3174.475;342.951904296875;0
3175.663;368.664215087891;0
3176.849;371.481231689453;0
3178.037;390.781677246094;0
3179.223;417.247711181641;0
3180.408;468.680114746094;0
3181.592;342.743133544922;0
3182.777;322.228973388672;0
3183.96;341.480255126953;0
3185.143;466.503326416016;0
3186.325;540.805297851563;0
3187.507;574.987731933594;0
3188.688;664.129821777344;0
3189.869;581.674865722656;0
3191.049;524.398559570313;0
3192.228;588.524841308594;0
3193.406;619.941040039062;0
3194.585;559.091918945312;0
3195.763;492.422088623047;0
3196.939;426.183166503906;0
3198.116;440.350769042969;0
3199.292;465.496948242188;0
3200.466;571.261779785156;0
3201.643;708.979370117188;0
3202.816;712.366577148438;0
3203.991;785.756652832031;0
3205.161;746.149658203125;0
3206.334;790.476196289063;0
3207.504;787.612487792969;0
3208.677;844.747680664063;0
3209.846;915.054931640625;0
3211.017;981.686584472656;0
3212.187;1094.86376953125;0
3213.356;961.520446777344;0
3214.524;962.865966796875;0
3215.69;868.607604980469;0
3216.859;961.665344238281;0
3218.024;902.041625976563;0
3219.189;1011.96057128906;0
3220.354;874.510925292969;0
3221.519;922.11328125;0
3222.682;867.715026855469;0
3223.845;978.322570800781;0
3225.01;1018.09063720703;0
3226.171;1091.06994628906;0
3227.332;1054.59655761719;0
3228.494;1093.47094726563;0
3229.655;1088.77758789063;0
3230.814;1271.57360839844;0
3231.973;1182.30639648438;0
3233.13;1154.93981933594;0
3234.29;1117.56030273438;0
3235.447;1154.20446777344;0
3236.605;1146.18969726563;0
3237.76;1085.23999023437;0
3238.916;1046.07629394531;0
3240.071;1035.35791015625;0
3241.224;1015.21313476562;0
3242.381;1061.89575195313;0
3243.532;994.613464355469;0
3244.685;1002.11358642578;0
3245.839;897.344116210938;0
3246.99;923.465759277344;0
3248.141;811.456787109375;0
3249.292;922.984924316406;0
3250.439;894.812133789063;0
3251.589;1007.89001464844;0
3252.739;1048.5185546875;0
3253.886;1023.52941894531;0
3255.034;907.988647460937;0
3256.18;824.959289550781;0
3257.326;722.633361816406;0
3258.472;800.042053222656;0
3259.617;768.316223144531;0
3260.761;759.182922363281;0
3261.905;749.418334960938;0
3263.048;758.689025878906;0
3264.19;824.221618652344;0
3265.333;819.392272949219;0
3266.475;816.250305175781;0
3267.617;878.273620605469;0
3268.757;944.613647460938;0
3269.896;1036.03845214844;0
3271.036;1044.79504394531;0
3272.175;1060.4150390625;0
3273.313;1020.05383300781;0
3274.449;1047.287109375;0
3275.586;985.880676269531;0
3276.722;994.913330078125;0
3277.859;1060.77856445313;0
3278.993;1133.63806152344;0
3280.13;1058.13854980469;0
3281.263;954.538269042969;0
3282.395;976.287841796875;0
3283.529;1114.76538085938;0
3284.66;1281.07751464844;0
3285.794;1170.79748535156;0
3286.924;1094.00305175781;0
3288.054;976.912353515625;0
3289.185;941.5615234375;0
3290.313;857.657287597656;0
3291.443;842.315551757813;0
3292.571;926.264465332031;0
3293.698;977.788818359375;0
3294.824;937.886962890625;0
3295.952;876.092895507812;0
3297.077;859.10009765625;0
3298.203;880.962707519531;0
3299.328;880.680969238281;0
3300.45;910.068603515625;0
3301.574;893.815124511719;0
3302.698;894.938720703125;0
3303.819;893.954833984375;0
3304.942;808.843994140625;0
3306.064;783.498474121094;0
3307.182;769.000305175781;0
3308.303;757.133056640625;0
3309.423;764.249450683594;0
3310.542;668.22998046875;0
3311.66;714.077758789062;0
3312.778;648.683044433594;0
3313.895;675.932189941406;0
3315.012;696.606262207031;0
3316.128;795.938110351563;0
3317.243;827.5283203125;0
3318.357;795.618469238281;0
3319.471;643.423645019531;0
3320.586;563.138305664063;0
3321.698;659.623413085938;0
3322.813;770.329833984375;0
3323.923;784.956909179688;0
3325.034;727.758544921875;0
3326.146;759.370666503906;0
3327.255;816.638000488281;0
3328.366;818.926025390625;0
3329.474;811.726867675781;0
3330.582;808.160827636719;0
3331.691;811.539489746094;0
3332.797;784.811645507812;0
3333.905;805.94287109375;0
3335.011;737.193237304688;0
3336.116;815.582580566406;0
3337.22;755.392639160156;0
3338.327;753.757934570313;0
3339.429;614.08056640625;0
3340.534;587.299682617188;0
3341.635;659.886535644531;0
3342.737;615.848510742188;0
3343.84;564.842956542969;0
3344.94;476.286041259766;0
3346.041;494.974029541016;0
3347.142;501.172729492188;0
3348.24;510.974578857422;0
3349.337;517.760864257813;0
3350.437;496.717132568359;0
3351.534;413.854309082031;0
3352.633;443.262969970703;0
3353.727;528.635559082031;0
3354.823;651.9384765625;0
3355.919;720.019470214844;0
3357.013;737.013488769531;0
3358.108;765.77099609375;0
3359.201;821.948303222656;0
3360.293;786.544250488281;0
3361.385;756.669372558594;0
3362.478;692.32568359375;0
3363.569;910.739074707031;0
3364.661;864.690856933594;0
3365.75;817.842041015625;0
3366.838;611.346618652344;0
3367.929;726.526306152344;0
3369.017;873.741455078125;0
3370.105;966.987487792969;0
3371.193;899.81103515625;0
3372.279;814.516967773438;0
3373.364;728.005798339844;0
3374.45;766.250366210938;0
3375.534;782.426391601563;0
3376.62;917.016479492188;0
3377.704;968.55126953125;0
3378.786;880.17431640625;0
3379.871;861.925231933594;0
3380.951;846.155029296875;0
3382.034;925.097961425781;0
3383.114;848.476196289063;0
3384.195;860.03759765625;0
3385.276;875.6416015625;0
3386.354;927.172424316406;0
3387.433;923.933898925781;0
3388.511;870.829833984375;0
3389.588;816.05517578125;0
3390.664;804.870483398438;0
3391.742;789.556030273438;0
3392.816;808.635314941406;0
3393.893;773.614013671875;0
3394.968;875.352661132813;0
3396.042;937.54296875;0
3397.115;933.780517578125;0
3398.189;838.368591308594;0
3399.262;778.331665039063;0
3400.333;841.731079101563;0
3401.404;920.101867675781;0
3402.474;946.267333984375;0
3403.545;955.328857421875;0
3404.615;951.175476074219;0
3405.685;931.259521484375;0
3406.752;889.098815917969;0
3407.82;925.240051269531;0
3408.888;964.070739746094;0
3409.955;937.644165039063;0
3411.021;876.376037597656;0
3412.085;864.642211914062;0
3413.151;854.789123535156;0
3414.215;841.150451660156;0
3415.279;768.856872558594;0
3416.343;774.274536132813;0
3417.406;785.019653320313;0
3418.468;836.619079589844;0
3419.53;826.836303710937;0
3420.592;786.737854003906;0
3421.652;827.15380859375;0
3422.712;918.550048828125;0
3423.773;968.053039550781;0
3424.83;1023.14868164063;0
3425.889;1057.25305175781;0
3426.946;1083.9228515625;0
3428.005;1001.50958251953;0
3429.061;932.265197753906;0
3430.117;906.575134277344;0
3431.172;971.964233398437;0
3432.227;855.325988769531;0
3433.281;865.944763183594;0
3434.335;823.954772949219;0
3435.389;885.544677734375;0
3436.44;885.414916992188;0
3437.492;885.271667480469;0
3438.546;845.633544921875;0
3439.598;936.715881347656;0
3440.646;914.15087890625;0
3441.697;1007.97125244141;0
3442.745;950.164367675781;0
3443.793;940.374450683594;0
3444.842;887.46435546875;0
3445.891;877.897644042969;0
3446.937;897.035888671875;0
3447.984;994.13037109375;0
3449.031;978.930236816406;0
3450.075;1031.28625488281;0
3451.12;1089.75378417969;0
3452.164;1110.22619628906;0
3453.207;1111.39599609375;0
3454.251;939.794311523438;0
3455.293;964.728271484375;0
3456.336;960.340393066406;0
3457.378;950.599548339844;0
3458.417;854.796813964844;0
3459.458;735.0498046875;0
3460.498;744.059265136719;0
3461.539;743.001037597656;0
3462.577;730.476440429688;0
3463.614;752.720336914063;0
3464.651;758.250854492188;0
3465.689;770.490112304688;0
3466.726;744.772644042969;0
3467.763;638.71240234375;0
3468.798;600.822204589844;0
3469.831;590.243286132813;0
3470.866;677.45458984375;0
3471.9;696.56298828125;0
3472.933;682.148132324219;0
3473.966;605.749084472656;0
3474.999;633.539733886719;0
3476.029;612.193176269531;0
3477.061;657.873962402344;0
3478.09;565.705932617188;0
3479.121;579.939453125;0
3480.15;562.700256347656;0
3481.178;549.491638183594;0
3482.205;558.522094726563;0
3483.234;541.023010253906;0
3484.26;616.689514160156;0
3485.288;577.971740722656;0
3486.313;660.569213867188;0
3487.337;671.627197265625;0
3488.364;718.646667480469;0
3489.387;765.257202148438;0
3490.411;789.387023925781;0
3491.434;786.253723144531;0
3492.456;723.620483398438;0
3493.479;617.595520019531;0
3494.5;541.418273925781;0
3495.521;336.003295898438;0
3496.543;271.123962402344;0
3497.561;193.060028076172;0
3498.579;133.476638793945;0
3499.6;143.195785522461;0
3500.618;65.1018676757813;0
3501.636;34.2368278503418;0
3502.653;-27.5299816131592;0
3503.669;-53.8273277282715;0
3504.685;41.94539642334;0
3505.699;-32.0055503845215;0
3506.716;-13.9079036712646;0
3507.729;-141.738815307617;0
3508.743;-124.291084289551;0
3509.755;-72.4583358764648;0
