98.64605;0;0
101.2353;0;0
103.8217;0;0
106.4096;1.51851856708527;0
108.9945;-55.533332824707;0
111.5767;-33.0634918212891;0
114.1602;-25.7901229858398;0
116.7409;-38.6363639831543;0
119.3209;-68.8376083374023;0
121.9002;-149.081481933594;0
124.4788;-86.7843170166016;0
127.0566;29.1111106872559;0
129.6317;21.1322746276855;0
132.2038;7.28502416610718;0
134.7796;-68.5155563354492;0
137.3503;67.8559646606445;0
139.9204;153.344833374023;0
142.4919;369.007171630859;0
145.0584;436.478118896484;0
147.6242;548.158752441406;0
150.1914;614.429443359375;0
152.7579;783.455810546875;0
155.3216;730.924133300781;0
157.8846;856.863037109375;0
160.4448;903.903686523438;0
163.0085;983.579223632813;0
165.5672;1035.28344726563;0
168.1232;1026.94775390625;0
170.6826;1076.14672851563;0
173.2372;1068.26062011719;0
175.7931;1155.04479980469;0
178.3463;1310.97180175781;0
180.8966;1569.77209472656;0
183.4504;1735.82678222656;0
185.9993;1871.73449707031;0
188.5476;1847.77783203125;0
191.0972;1912.4482421875;0
193.644;1938.12805175781;0
196.1859;1915.96044921875;0
198.7335;1877.48583984375;0
201.2761;1741.70056152344;0
203.8201;1674.4990234375;0
206.3593;1644.26928710938;0
208.8998;1808.83801269531;0
211.4397;1844.97924804688;0
213.9746;1990.46142578125;0
216.5109;2034.35034179687;0
219.0487;2256.22045898437;0
221.5816;2309.80224609375;0
224.1158;2444.93212890625;0
226.6473;2478.736328125;0
229.176;2566.35961914062;0
231.7082;2606.68359375;0
234.2355;2759.63647460937;0
236.7643;2725.83618164062;0
239.2902;2636.22045898437;0
241.8133;2641.58569335938;0
244.3379;2515.17895507812;0
246.8618;2609.95288085938;0
249.3828;2450.64404296875;0
251.9053;2660.13745117187;0
254.423;2616.62524414063;0
256.942;2580.6328125;0
259.4603;2726.01684570313;0
261.9759;2809.75317382813;0
264.4887;2908.95483398438;0
267.005;2687.95092773438;0
269.5164;2635.50463867188;0
272.0292;2687.24487304687;0
274.5393;2889.90576171875;0
277.0466;2989.03002929687;0
279.5574;3062.18823242187;0
282.0654;2900.4765625;0
284.5686;2823.28051757813;0
287.0752;2747.82666015625;0
289.5791;2791.5009765625;0
292.0803;2737.48583984375;0
294.5828;2651.6875;0
297.0826;2629.0244140625;0
299.5838;2486.25415039063;0
302.0801;2361.27490234375;0
304.5758;2132.29565429688;0
307.0749;2146.41625976563;0
309.5672;2162.83618164063;0
312.0608;2232.24682617187;0
314.5558;2282.09228515625;0
317.044;2305.04907226563;0
319.5377;2250.82861328125;0
322.0266;2177.3935546875;0
324.5127;2182.16381835938;0
327.0023;2379.23168945313;0
329.4871;2484.66284179688;0
331.9691;2686.40673828125;0
334.4547;2756.25415039063;0
336.9353;2891.75317382813;0
339.4174;2884.73266601562;0
341.901;2926.11865234375;0
344.3776;2966.64965820313;0
346.8577;2926.62524414063;0
349.333;2856.82299804687;0
351.8076;2812.46508789062;0
354.2857;2899.7646484375;0
356.7569;2771.28442382813;0
359.2296;2637.24243164062;0
361.7015;2422.57934570313;0
364.1729;2534.31689453125;0
366.6414;2286.65649414063;0
369.1093;2094.47631835937;0
371.5745;1969.13220214844;0
374.0432;2104.90185546875;0
376.507;2438.7265625;0
378.9702;2341.87109375;0
381.4348;2259.05810546875;0
383.8947;2171.43408203125;0
386.3538;2248.15209960937;0
388.8144;2342.94384765625;0
391.2722;2420.32275390625;0
393.7314;2361.6396484375;0
396.1859;2404.1015625;0
398.6418;2337.78759765625;0
401.0949;2683.33447265625;0
403.5475;2643.52661132812;0
405.9972;2719.33325195313;0
408.4505;2552.6748046875;0
410.899;2748.599609375;0
413.3468;2826.70922851563;0
415.796;2953.173828125;0
418.2405;2911.33959960937;0
420.6884;2817.57983398438;0
423.1295;2612.11572265625;0
425.572;2544.13061523438;0
428.0159;2582.361328125;0
430.455;2690.35595703125;0
432.8956;2677.86376953125;0
435.3335;2704.73193359375;0
437.7707;2476.54077148438;0
440.2093;2594.7880859375;0
442.6432;2612.81372070313;0
445.0764;2627.54296875;0
447.511;2415.55688476562;0
449.9429;2270.64916992188;0
452.3721;2434.41137695313;0
454.8048;2451.91870117188;0
457.2328;2363.314453125;0
459.66;2255.55810546875;0
462.0847;2255.02514648438;0
464.5127;2346.27221679687;0
466.9381;2467.64770507813;0
469.3587;2599.51025390625;0
471.7807;2783.40991210937;0
474.2042;2789.7412109375;0
476.6229;2877.05615234375;0
479.041;2794.13354492188;0
481.4604;2768.79345703125;0
483.8752;2639.8203125;0
486.2934;2519.08447265625;0
488.7068;2537.5458984375;0
491.1197;2488.560546875;0
493.5339;2493.2431640625;0
495.9435;2279.15454101562;0
498.3544;2091.41870117187;0
500.7667;2205.20068359375;0
503.1723;2415.33227539063;0
505.5793;2536.35327148437;0
507.9856;2190.9326171875;0
510.3913;1940.96081542969;0
512.7944;1802.10852050781;0
515.1968;1713.03698730469;0
517.5986;1675.14184570313;0
519.9997;1703.76171875;0
522.3982;1901.55017089844;0
524.798;1874.50964355469;0
527.1973;1902.38305664063;0
529.5919;2060.79125976562;0
531.9899;2057.2783203125;0
534.3832;2270.48681640625;0
536.7758;2151.1650390625;0
539.1699;2314.7421875;0
541.5593;2047.78771972656;0
543.9481;2103.43310546875;0
546.3382;2164.25219726563;0
548.7257;2326.5791015625;0
551.1146;2359.4169921875;0
553.4968;2430.32397460938;0
555.8824;2534.69384765625;0
558.2675;2528.74560546875;0
560.6478;2604.98193359375;0
563.0295;2611.0751953125;0
565.4106;2556.359375;0
567.7911;2343.76733398437;0
570.169;2204.43090820312;0
572.5462;2140.95263671875;0
574.9229;2168.20361328125;0
577.2968;1957.41748046875;0
579.6721;1931.14916992187;0
582.0449;1819.15637207031;0
584.417;1802.67785644531;0
586.7885;1676.82470703125;0
589.1553;1722.07507324219;0
591.5255;1799.72827148438;0
593.8931;1759.39953613281;0
596.2601;1651.15771484375;0
598.6265;1416.212890625;0
600.9902;1346.23522949219;0
603.3554;1347.77172851563;0
605.7179;1512.99731445313;0
608.0778;1710.13940429688;0
610.4391;1555.91442871094;0
612.7977;1619.05737304688;0
615.1558;1645.59167480469;0
617.5132;2037.75817871094;0
619.8701;1919.42919921875;0
622.2263;1788.49243164063;0
624.5779;1736.87158203125;0
626.9308;2004.1787109375;0
629.2852;2247.03271484375;0
631.6349;2385.96606445312;0
633.9841;2554.37890625;0
636.3326;2563.50463867187;0
638.6805;2595.46801757813;0
641.0279;2536.75952148437;0
643.3746;2734.65795898438;0
645.7187;2825.26489257813;0
648.0621;2838.68676757812;0
650.405;2552.14404296875;0
652.7453;2581.07495117187;0
655.087;2677.82421875;0
657.426;2844.2314453125;0
659.7645;2738.40258789063;0
662.1024;2394.56469726563;0
664.4376;2066.71264648438;0
666.7742;1885.77221679687;0
669.1063;1792.64013671875;0
671.4398;1990.59619140625;0
673.7726;1981.95727539063;0
676.1048;2028.1396484375;0
678.4324;2038.544921875;0
680.7635;2056.90356445313;0
683.0919;2171.27075195312;0
685.4158;2047.97277832031;0
687.743;1994.64978027344;0
690.0696;1913.99670410156;0
692.3937;1965.04870605469;0
694.7151;1961.89428710938;0
697.038;2118.48803710938;0
699.3583;2019.84924316406;0
701.6779;2163.9921875;0
703.995;2156.08569335938;0
706.3155;2342.9072265625;0
708.6294;2412.4462890625;0
710.9467;2420.99438476562;0
713.2594;2576.19653320312;0
715.5735;2260.38354492188;0
717.887;2158.22778320313;0
720.1979;2183.94287109375;0
722.5083;2543.517578125;0
724.818;2635.40478515625;0
727.1252;2412.35009765625;0
729.4357;2296.0576171875;0
731.7418;2381.51635742187;0
734.0452;2518.48706054688;0
736.35;2509.72583007813;0
738.6522;2345.89501953125;0
740.9539;2171.87060546875;0
743.2569;2073.60595703125;0
745.5554;2110.2568359375;0
747.8553;2127.20556640625;0
750.1545;2092.37109375;0
752.4513;2162.54418945312;0
754.7474;1771.09692382812;0
757.043;1616.25207519531;0
759.336;1529.67077636719;0
761.6304;1694.9736328125;0
763.9222;1598.43762207031;0
766.2114;1113.22131347656;0
768.5041;1048.57019042969;0
770.7922;882.194946289063;0
773.0777;1028.87622070313;0
775.3647;1102.98876953125;0
777.651;1436.65478515625;0
779.9368;1525.716796875;0
782.22;1566.19641113281;0
784.5026;1483.17651367188;0
786.7847;1632.70983886719;0
789.0662;1583.701171875;0
791.3451;1819.81848144531;0
793.6254;1815.53002929688;0
795.9012;1988.76892089844;0
798.1784;2009.04467773438;0
800.455;2079.4267578125;0
802.7291;2085.9716796875;0
805.0026;1850.11999511719;0
807.2755;2127.67333984375;0
809.5478;2057.74755859375;0
811.8176;2262.78247070313;0
814.0869;2357.5166015625;0
816.3535;2620.29516601563;0
818.6235;2890.38134765625;0
820.8911;2650.505859375;0
823.156;2706.88647460937;0
825.4204;2576.73217773437;0
827.6823;2549.10107421875;0
829.9474;2339.74340820313;0
832.2082;2283.373046875;0
834.4683;2141.91357421875;0
836.7279;2079.34423828125;0
838.9869;1986.60302734375;0
841.2453;1989.97375488281;0
843.5012;2351.04077148438;0
845.7565;2286.86889648437;0
848.0133;2494.36767578125;0
850.2655;2271.19799804688;0
852.5153;2301.576171875;0
854.7703;2275.51098632813;0
857.0189;2059.12084960938;0
859.2668;1907.72875976563;0
861.5182;1736.11242675781;0
863.7651;1936.4853515625;0
866.0114;2002.18872070313;0
868.2592;1664.900390625;0
870.5024;1477.30358886719;0
872.7451;1422.84533691406;0
874.9872;1779.12939453125;0
877.2307;1899.08752441406;0
879.4717;1925.06457519531;0
881.7101;1784.39050292969;0
883.95;1689.73181152344;0
886.1854;1695.08740234375;0
888.4202;1644.35815429688;0
890.6604;1598.10302734375;0
892.8941;1506.10278320313;0
895.1253;1746.04516601563;0
897.3599;1951.85119628906;0
899.59;1838.39831542969;0
901.8195;1591.02856445313;0
904.0504;1509.96728515625;0
906.2789;1834.36389160156;0
908.5087;2054.31323242188;0
910.7341;2105.0576171875;0
912.9589;1954.30041503906;0
915.1851;2064.48461914063;0
917.4088;2096.85620117187;0
919.63;2005.80627441406;0
921.8526;1570.42272949219;0
924.0727;1625.57153320312;0
926.2922;2022.66784667969;0
928.5112;2382.66772460937;0
930.7277;2149.3955078125;0
932.9476;1661.67028808594;0
935.163;1517.98583984375;0
937.3739;1435.12670898438;0
939.5901;1781.29931640625;0
941.8019;1726.83862304688;0
944.0151;1664.54809570313;0
946.2258;1337.50134277344;0
948.4341;1001.85833740234;0
950.6456;1094.24865722656;0
952.8527;996.324462890625;0
955.0593;1202.39672851563;0
957.2653;929.279968261719;0
959.4689;980.837219238281;0
961.6738;1078.34228515625;0
963.8782;1155.72998046875;0
966.0782;1148.8310546875;0
968.2815;1198.27453613281;0
970.4803;1244.17785644531;0
972.6787;1262.18334960938;0
974.8784;1105.93957519531;0
977.0757;1133.59094238281;0
979.2704;1108.15087890625;0
981.4667;1195.9873046875;0
983.6603;1259.19323730469;0
985.8535;1364.95336914063;0
988.0461;1286.78820800781;0
990.2363;1180.47668457031;0
992.4297;1403.27233886719;0
994.6169;1655.46020507813;0
996.8035;2065.77856445313;0
998.9933;2231.21728515625;0
1001.179;2259.84301757813;0
1003.364;2185.09790039063;0
1005.55;1920.03881835937;0
1007.732;2033.89208984375;0
1009.916;1915.47290039063;0
1012.096;2071.88793945313;0
1014.275;1761.79821777344;0
1016.459;1804.51330566406;0
1018.636;1818.80798339844;0
1020.813;2163.42407226562;0
1022.991;2342.06762695313;0
1025.165;2319.39379882813;0
1027.34;2138.70385742188;0
1029.515;2034.78698730469;0
1031.687;1859.9677734375;0
1033.859;1900.9169921875;0
1036.03;1893.69750976563;0
1038.199;1994.61022949219;0
1040.369;1843.64379882812;0
1042.536;1848.36120605469;0
1044.704;1818.42895507813;0
1046.87;1867.744140625;0
1049.034;1597.63232421875;0
1051.198;1379.21423339844;0
1053.363;1356.29943847656;0
1055.526;1495.712890625;0
1057.686;1609.3935546875;0
1059.845;1658.89758300781;0
1062.005;1550.55847167969;0
1064.165;1596.82043457031;0
1066.323;1544.24157714844;0
1068.477;1450.48449707031;0
1070.634;1363.00915527344;0
1072.788;1072.48889160156;0
1074.942;1124.62609863281;0
1077.096;1174.98156738281;0
1079.247;1419.00720214844;0
1081.397;1599.2373046875;0
1083.547;1639.10791015625;0
1085.695;1594.74401855469;0
1087.844;1592.92236328125;0
1089.992;1552.35412597656;0
1092.138;1490.66918945312;0
1094.284;1442.47412109375;0
1096.425;1391.14697265625;0
1098.571;1498.78649902344;0
1100.711;1542.67468261719;0
1102.851;1725.61596679688;0
1104.994;1910.29333496094;0
1107.132;1863.62536621094;0
1109.271;1791.14123535156;0
1111.408;1847.04541015625;0
1113.543;1953.00744628906;0
1115.682;2134.13671875;0
1117.816;1934.76696777344;0
1119.947;1957.3115234375;0
1122.08;1877.81823730469;0
1124.213;2087.99340820313;0
1126.343;1963.40295410156;0
1128.474;1832.42456054688;0
1130.602;1500.0732421875;0
1132.728;1557.79016113281;0
1134.856;1551.97375488281;0
1136.982;1550.90087890625;0
1139.109;1534.79370117188;0
1141.234;1614.43420410156;0
1143.356;1656.51379394531;0
1145.479;1662.02258300781;0
1147.599;1636.99682617187;0
1149.719;1655.29675292969;0
1151.839;1618.14624023437;0
1153.957;1535.87866210938;0
1156.076;1379.49401855469;0
1158.191;1009.21459960938;0
1160.305;971.047302246094;0
1162.423;1014.18798828125;0
1164.536;1298.7158203125;0
1166.647;1071.11535644531;0
1168.761;1164.9091796875;0
1170.871;1141.08056640625;0
1172.983;1288.70812988281;0
1175.092;1384.11450195313;0
1177.2;1517.95947265625;0
1179.306;1653.40649414063;0
1181.413;1668.17797851563;0
1183.518;1552.22326660156;0
1185.623;1347.53796386719;0
1187.725;1163.22583007813;0
1189.826;1175.37976074219;0
1191.929;1398.73474121094;0
1194.032;1575.65698242187;0
1196.13;1440.71215820313;0
1198.23;1417.04052734375;0
1200.327;1473.59045410156;0
1202.423;1635.68188476563;0
1204.52;1806.73583984375;0
1206.613;1433.45056152344;0
1208.71;1562.80725097656;0
1210.801;1488.041015625;0
1212.892;1826.416015625;0
1214.987;1744.49389648438;0
1217.075;1762.60205078125;0
1219.166;1565.75146484375;0
1221.256;1642.93603515625;0
1223.342;1416.162109375;0
1225.43;1598.99047851563;0
1227.515;1364.51672363281;0
1229.597;1456.57116699219;0
1231.685;1439.27172851563;0
1233.767;1452.35717773438;0
1235.85;1528.22229003906;0
1237.931;1582.38891601563;0
1240.009;1661.82116699219;0
1242.09;1496.52893066406;0
1244.168;1395.30102539063;0
1246.245;1520.15441894531;0
1248.321;1712.86950683594;0
1250.397;1754.22412109375;0
1252.472;1760.66259765625;0
1254.547;1523.83666992188;0
1256.618;1338.52893066406;0
1258.69;1125.3974609375;0
1260.761;1150.9140625;0
1262.83;1270.71350097656;0
1264.901;1357.40246582031;0
1266.969;1438.24157714844;0
1269.035;1308.71643066406;0
1271.102;1516.73474121094;0
1273.167;1432.60009765625;0
1275.233;1593.08984375;0
1277.295;1365.64831542969;0
1279.359;1517.49768066406;0
1281.42;1254.74914550781;0
1283.482;1225.72192382813;0
1285.542;1049.43786621094;0
1287.6;1167.02612304688;0
1289.659;958.885925292969;0
1291.714;1037.95458984375;0
1293.774;1234.45727539063;0
1295.828;1409.16247558594;0
1297.881;1451.69934082031;0
1299.936;1490.16040039062;0
1301.987;1575.03723144531;0
1304.041;1765.77404785156;0
1306.09;1546.14953613281;0
1308.139;1413.05603027344;0
1310.19;1196.94543457031;0
1312.238;1306.83776855469;0
1314.286;1229.09558105469;0
1316.331;1222.23657226563;0
1318.376;1362.43505859375;0
1320.422;1486.3642578125;0
1322.466;1490.14965820313;0
1324.508;1437.58471679688;0
1326.549;1474.35766601562;0
1328.59;1408.02685546875;0
1330.632;1236.20458984375;0
1332.67;1391.8330078125;0
1334.707;1604.33825683594;0
1336.746;1811.28442382813;0
1338.78;1750.4482421875;0
1340.816;1616.04821777344;0
1342.852;1128.64416503906;0
1344.885;1018.79510498047;0
1346.916;840.852416992188;0
1348.948;1275.07238769531;0
1350.979;1240.29321289063;0
1353.011;1287.25134277344;0
1355.04;1212.767578125;0
1357.066;1223.70825195313;0
1359.094;1430.14208984375;0
1361.121;1340.58972167969;0
1363.145;1434.93017578125;0
1365.171;1178.37475585938;0
1367.192;1060.90637207031;0
1369.216;943.300231933594;0
1371.239;1091.77856445313;0
1373.258;1216.67456054688;0
1375.28;1172.98986816406;0
1377.298;961.944946289063;0
1379.316;824.532836914063;0
1381.335;845.281677246094;0
1383.35;983.112426757813;0
1385.366;1012.97174072266;0
1387.38;894.15478515625;0
1389.394;793.842529296875;0
1391.409;980.231201171875;0
1393.42;875.672546386719;0
1395.43;997.72216796875;0
1397.44;863.046813964844;0
1399.451;936.535461425781;0
1401.458;795.965759277344;0
1403.466;416.005249023438;0
1405.472;386.434600830078;0
1407.478;404.245300292969;0
1409.483;732.343383789063;0
1411.486;924.523315429688;0
1413.49;1102.81530761719;0
1415.492;1192.85522460938;0
1417.492;1184.50610351563;0
1419.495;1060.45703125;0
1421.494;1056.20361328125;0
1423.492;1131.9501953125;0
1425.49;1306.73254394531;0
1427.487;1430.63439941406;0
1429.482;1547.27746582031;0
1431.477;1549.447265625;0
1433.471;1521.59497070313;0
1435.466;1505.95141601562;0
1437.456;1496.43469238281;0
1439.447;1448.45227050781;0
1441.441;1384.56176757813;0
1443.427;1414.75231933594;0
1445.417;1506.12670898437;0
1447.406;1552.01965332031;0
1449.392;1573.54223632813;0
1451.381;1509.58776855469;0
1453.365;1475.7119140625;0
1455.348;1314.69250488281;0
1457.333;1308.30725097656;0
1459.314;1279.55603027344;0
1461.296;1293.7666015625;0
1463.276;1063.82531738281;0
1465.256;845.945678710938;0
1467.237;835.777587890625;0
1469.215;1022.64678955078;0
1471.19;1095.24340820313;0
1473.167;1066.23425292969;0
1475.145;1024.94982910156;0
1477.118;1033.16772460938;0
1479.092;980.443603515625;0
1481.065;883.666320800781;0
1483.038;837.613647460938;0
1485.008;837.730041503906;0
1486.979;909.459899902344;0
1488.949;910.469970703125;0
1490.917;857.315734863281;0
1492.883;832.218017578125;0
1494.852;745.843444824219;0
1496.817;755.7568359375;0
1498.782;746.963989257813;0
1500.748;862.802795410156;0
1502.708;810.496520996094;0
1504.673;747.487182617188;0
1506.634;592.217407226563;0
1508.594;520.583312988281;0
1510.554;624.884704589844;0
1512.512;781.486267089844;0
1514.471;1011.27612304688;0
1516.428;916.587585449219;0
1518.384;957.974487304688;0
1520.34;655.880676269531;0
1522.294;598.9697265625;0
1524.249;366.694732666016;0
1526.202;554.097778320313;0
1528.153;561.206604003906;0
1530.103;750.790405273438;0
1532.054;624.698059082031;0
1534.004;709.345397949219;0
1535.951;783.06591796875;0
1537.899;888.466857910156;0
1539.847;900.232788085938;0
1541.793;625.550231933594;0
1543.738;578.668701171875;0
1545.681;485.525054931641;0
1547.625;519.776306152344;0
1549.566;407.196319580078;0
1551.509;299.791015625;0
1553.45;359.915466308594;0
1555.389;573.098937988281;0
1557.33;443.782623291016;0
1559.266;470.522003173828;0
1561.204;413.872711181641;0
1563.141;676.829650878906;0
1565.074;633.0595703125;0
1567.009;564.999267578125;0
1568.943;622.426330566406;0
1570.877;739.895751953125;0
1572.808;748.740173339844;0
1574.741;657.514892578125;0
1576.67;588.66259765625;0
1578.6;615.960144042969;0
1580.528;696.304260253906;0
1582.455;689.332458496094;0
1584.382;738.756774902344;0
1586.307;691.442626953125;0
1588.234;808.16357421875;0
1590.157;842.030639648438;0
1592.081;828.710510253906;0
1594.002;685.425354003906;0
1595.927;519.286254882813;0
1597.845;471.293304443359;0
1599.767;437.557556152344;0
1601.685;327.301239013672;0
1603.602;278.302124023438;0
1605.523;116.893569946289;0
1607.438;334.438079833984;0
1609.354;434.021484375;0
1611.269;645.530395507813;0
1613.181;461.847930908203;0
1615.096;397.747375488281;0
1617.008;255.227569580078;0
1618.92;441.510437011719;0
1620.83;516.956481933594;0
1622.74;662.432006835938;0
1624.649;585.193115234375;0
1626.557;414.430603027344;0
1628.464;398.478668212891;0
1630.37;448.375946044922;0
1632.275;552.60986328125;0
1634.18;517.211608886719;0
1636.085;553.182495117188;0
1637.988;562.091064453125;0
1639.888;558.774719238281;0
1641.791;535.067626953125;0
1643.691;584.518737792969;0
1645.588;611.903869628906;0
1647.489;662.334289550781;0
1649.387;657.810607910156;0
1651.284;735.894836425781;0
1653.18;684.149841308594;0
1655.075;702.46484375;0
1656.972;711.061950683594;0
1658.864;776.271667480469;0
1660.754;753.42724609375;0
1662.65;689.638793945313;0
1664.539;610.122680664063;0
1666.428;685.189697265625;0
1668.32;665.528991699219;0
1670.207;734.029541015625;0
1672.096;632.469055175781;0
1673.982;694.847595214844;0
1675.867;699.720703125;0
1677.754;774.08837890625;0
1679.638;755.618286132813;0
1681.52;699.866149902344;0
1683.403;555.943603515625;0
1685.285;328.073638916016;0
1687.166;228.367568969727;0
1689.048;281.938262939453;0
1690.924;448.119110107422;0
1692.804;525.902465820313;0
1694.682;514.626098632813;0
1696.558;533.289978027344;0
1698.435;491.44970703125;0
1700.308;412.771911621094;0
1702.184;297.589935302734;0
1704.057;251.45930480957;0
1705.929;219.713394165039;0
1707.801;216.574417114258;0
1709.674;223.264587402344;0
1711.542;321.228363037109;0
1713.412;389.132385253906;0
1715.28;358.643341064453;0
1717.145;356.76123046875;0
1719.015;365.234619140625;0
1720.88;308.087188720703;0
1722.746;101.094596862793;0
1724.61;51.0346031188965;0
1726.471;112.882736206055;0
1728.334;226.047653198242;0
1730.197;185.814682006836;0
1732.057;204.728042602539;0
1733.919;242.095825195313;0
1735.777;300.085632324219;0
1737.634;253.452621459961;0
1739.493;331.709045410156;0
1741.349;310.526275634766;0
1743.205;315.418426513672;0
1745.061;275.019561767578;0
1746.915;331.577697753906;0
1748.77;509.034606933594;0
1750.621;548.181762695313;0
1752.473;490.678375244141;0
1754.323;362.079010009766;0
1756.173;305.494720458984;0
1758.022;413.386901855469;0
1759.87;419.626770019531;0
1761.718;391.988525390625;0
1763.566;356.909210205078;0
1765.411;405.526092529297;0
1767.256;408.923858642578;0
1769.101;458.880340576172;0
1770.945;501.062194824219;0
1772.787;562.469421386719;0
1774.629;523.882019042969;0
1776.469;477.077880859375;0
1778.309;522.168029785156;0
1780.15;511.041412353516;0
1781.987;490.253509521484;0
1783.826;308.804412841797;0
1785.662;329.682739257813;0
1787.498;327.531921386719;0
1789.334;336.368835449219;0
1791.169;348.938354492188;0
1793.002;347.800720214844;0
1794.834;530.035034179688;0
1796.667;579.501037597656;0
1798.498;706.309753417969;0
1800.328;723.905639648438;0
1802.157;618.066162109375;0
1803.986;583.898071289063;0
1805.813;520.845703125;0
1807.639;629.353576660156;0
1809.467;702.755004882813;0
1811.292;804.494445800781;0
1813.117;812.238525390625;0
1814.94;859.20947265625;0
1816.763;911.296264648438;0
1818.585;888.721008300781;0
1820.407;684.594909667969;0
1822.227;591.695678710938;0
1824.048;542.245544433594;0
1825.865;593.826904296875;0
1827.683;454.308837890625;0
1829.501;446.804077148438;0
1831.317;370.870361328125;0
1833.135;446.729858398438;0
1834.948;233.629287719727;0
1836.761;285.278259277344;0
1838.577;333.727996826172;0
1840.388;542.297729492188;0
1842.198;515.479736328125;0
1844.009;476.995391845703;0
1845.819;441.089416503906;0
1847.629;436.362945556641;0
1849.436;330.885803222656;0
1851.244;319.324676513672;0
1853.052;296.903350830078;0
1854.858;300.705627441406;0
1856.661;220.665756225586;0
1858.466;309.762145996094;0
1860.269;243.661407470703;0
1862.073;350.363586425781;0
1863.875;252.090850830078;0
1865.673;351.048522949219;0
1867.476;303.475769042969;0
1869.275;295.816986083984;0
1871.072;409.627807617188;0
1872.872;489.881805419922;0
1874.667;475.272003173828;0
1876.464;371.354034423828;0
1878.26;372.016693115234;0
1880.053;353.482269287109;0
1881.849;370.526214599609;0
1883.64;373.815246582031;0
1885.431;454.904846191406;0
1887.226;521.239501953125;0
1889.014;385.374786376953;0
1890.803;399.088439941406;0
1892.594;325.169586181641;0
1894.38;493.306549072266;0
1896.167;517.371337890625;0
1897.955;605.619079589844;0
1899.74;581.711791992188;0
1901.526;576.461791992188;0
1903.309;536.231750488281;0
1905.091;502.243713378906;0
1906.876;437.38671875;0
1908.658;352.549560546875;0
1910.438;379.954528808594;0
1912.217;434.6015625;0
1913.996;449.160369873047;0
1915.775;419.853179931641;0
1917.553;368.681488037109;0
1919.33;415.200836181641;0
1921.106;316.855682373047;0
1922.881;229.757141113281;0
1924.655;173.682983398438;0
1926.431;196.633209228516;0
1928.202;146.274490356445;0
1929.974;23.7179298400879;0
1931.746;67.2243499755859;0
1933.516;180.701477050781;0
1935.286;256.420471191406;0
1937.055;291.382507324219;0
1938.823;386.594696044922;0
1940.592;418.726867675781;0
1942.356;387.216278076172;0
1944.122;391.285675048828;0
1945.888;402.047760009766;0
1947.651;364.058898925781;0
1949.416;122.319145202637;0
1951.178;116.052314758301;0
1952.939;103.478408813477;0
1954.699;279.562530517578;0
1956.459;321.004333496094;0
1958.219;348.920318603516;0
1959.979;452.755096435547;0
1961.735;532.17529296875;0
1963.491;613.625366210938;0
1965.249;529.883056640625;0
1967.003;554.841430664063;0
1968.761;601.729919433594;0
1970.512;711.108947753906;0
1972.265;767.089660644531;0
1974.018;697.560852050781;0
1975.769;597.634460449219;0
1977.522;525.310607910156;0
1979.271;509.700317382813;0
1981.018;471.470275878906;0
1982.766;324.176025390625;0
1984.516;324.039825439453;0
1986.261;279.061645507813;0
1988.009;321.463714599609;0
1989.754;329.801574707031;0
1991.498;313.297454833984;0
1993.241;341.840270996094;0
1994.984;299.695587158203;0
1996.727;190.824142456055;0
1998.468;146.894714355469;0
2000.206;109.241371154785;0
2001.946;197.419876098633;0
2003.686;268.098693847656;0
2005.424;261.386291503906;0
2007.161;425.5048828125;0
2008.898;425.6767578125;0
2010.634;542.906799316406;0
2012.369;392.5283203125;0
2014.103;352.652526855469;0
2015.836;267.057098388672;0
2017.57;425.184783935547;0
2019.299;459.599151611328;0
2021.032;428.747039794922;0
2022.762;338.072967529297;0
2024.491;353.799133300781;0
2026.221;447.036651611328;0
2027.947;452.785491943359;0
2029.676;396.601226806641;0
2031.403;350.261657714844;0
2033.128;310.09619140625;0
2034.852;368.928314208984;0
2036.577;435.536773681641;0
2038.299;572.983703613281;0
2040.022;596.268005371094;0
2041.744;428.382446289063;0
2043.465;371.101745605469;0
2045.184;305.648071289063;0
2046.903;439.798370361328;0
2048.621;421.669281005859;0
2050.339;451.371551513672;0
2052.057;420.571838378906;0
2053.774;358.046295166016;0
2055.488;216.128280639648;0
2057.203;224.072830200195;0
2058.917;242.069244384766;0
2060.631;307.223175048828;0
2062.344;321.424743652344;0
2064.053;380.785125732422;0
2065.765;384.082061767578;0
2067.476;404.760009765625;0
2069.185;423.703735351563;0
2070.892;489.574249267578;0
2072.6;484.263641357422;0
2074.308;461.001159667969;0
2076.014;453.233917236328;0
2077.72;446.627685546875;0
2079.425;477.626953125;0
2081.13;460.565032958984;0
2082.833;412.886352539063;0
2084.532;364.368743896484;0
2086.236;298.234375;0
2087.936;236.928787231445;0
2089.635;292.564086914063;0
2091.335;304.140258789063;0
2093.034;316.768432617188;0
2094.731;126.67081451416;0
2096.427;178.546966552734;0
2098.124;310.582122802734;0
2099.82;568.331298828125;0
2101.515;594.904846191406;0
2103.207;603.468322753906;0
2104.902;565.520874023438;0
2106.594;631.284729003906;0
2108.286;660.648742675781;0
2109.976;686.168518066406;0
2111.667;636.505737304688;0
2113.355;666.771545410156;0
2115.044;651.778503417969;0
2116.732;650.604614257813;0
2118.42;581.158508300781;0
2120.105;590.195434570313;0
2121.79;665.933959960938;0
2123.476;753.707824707031;0
2125.16;731.739074707031;0
2126.844;727.472290039063;0
2128.524;716.351806640625;0
2130.207;742.155456542969;0
2131.888;728.087585449219;0
2133.567;706.28271484375;0
2135.247;705.6318359375;0
2136.927;746.394897460938;0
2138.603;735.184265136719;0
2140.281;730.573913574219;0
2141.957;714.565490722656;0
2143.633;698.4931640625;0
2145.308;744.692749023438;0
2146.981;780.2763671875;0
2148.654;832.238037109375;0
2150.328;753.578308105469;0
2152;657.409423828125;0
2153.669;674.867797851563;0
2155.34;667.931823730469;0
2157.01;760.233520507813;0
2158.677;728.920776367188;0
2160.347;785.55029296875;0
2162.013;784.566162109375;0
2163.681;835.525024414063;0
2165.347;905.94775390625;0
2167.011;903.574462890625;0
2168.674;814.16064453125;0
2170.337;731.470275878906;0
2172.002;689.829833984375;0
2173.662;748.788879394531;0
2175.324;726.011962890625;0
2176.985;666.165710449219;0
2178.645;613.361328125;0
2180.304;607.821044921875;0
2181.961;644.655822753906;0
2183.618;724.090270996094;0
2185.275;631.462524414063;0
2186.932;668.326904296875;0
2188.586;618.571472167969;0
2190.242;783.307250976563;0
2191.896;661.316345214844;0
2193.547;642.830139160156;0
2195.2;661.4267578125;0
2196.851;697.071350097656;0
2198.502;715.877380371094;0
2200.153;627.7353515625;0
2201.799;752.036804199219;0
2203.447;733.502868652344;0
2205.097;797.022583007813;0
2206.742;769.419311523438;0
2208.391;716.429443359375;0
2210.035;734.498596191406;0
2211.679;646.960083007813;0
2213.324;670.179260253906;0
2214.966;637.327697753906;0
2216.608;682.766662597656;0
2218.252;726.81201171875;0
2219.89;733.241088867188;0
2221.531;851.387084960938;0
2223.172;976.027709960938;0
2224.809;947.051879882813;0
2226.449;822.237365722656;0
2228.086;714.80810546875;0
2229.72;762.793273925781;0
2231.358;799.729858398438;0
2232.992;736.283630371094;0
2234.625;624.528991699219;0
2236.26;713.186889648438;0
2237.893;838.349975585938;0
2239.524;897.130432128906;0
2241.156;786.084655761719;0
2242.785;814.548278808594;0
2244.416;864.178649902344;0
2246.044;892.648071289063;0
2247.672;818.956481933594;0
2249.301;778.548400878906;0
2250.926;822.732849121094;0
2252.554;728.088073730469;0
2254.177;808.872131347656;0
2255.803;826.590637207031;0
2257.427;986.146545410156;0
2259.051;982.984436035156;0
2260.671;705.659729003906;0
2262.294;600.763854980469;0
2263.914;485.051177978516;0
2265.533;738.1279296875;0
2267.153;699.470581054688;0
2268.773;822.59326171875;0
2270.392;757.775634765625;0
2272.006;838.018249511719;0
2273.624;770.544372558594;0
2275.239;899.021850585938;0
2276.854;1022.89611816406;0
2278.468;1086.8349609375;0
2280.084;1099.20251464844;0
2281.695;1020.96685791016;0
2283.305;1075.68090820313;0
2284.919;826.123474121094;0
2286.527;796.962219238281;0
2288.14;711.201293945313;0
2289.748;882.055358886719;0
2291.354;888.881042480469;0
2292.964;894.456115722656;0
2294.569;959.446228027344;0
2296.174;995.958435058594;0
2297.782;984.546569824219;0
2299.386;954.210571289063;0
2300.99;743.283874511719;0
2302.594;842.720764160156;0
2304.195;869.1181640625;0
2305.798;941.363891601563;0
2307.399;790.836242675781;0
2308.998;591.501342773438;0
2310.598;503.126068115234;0
2312.197;618.218872070313;0
2313.795;878.985900878906;0
2315.392;1185.26342773437;0
2316.988;1224.71813964844;0
2318.585;1276.68322753906;0
2320.18;1263.04760742187;0
2321.774;1278.58923339844;0
2323.368;1246.4150390625;0
2324.961;1252.513671875;0
2326.553;996.106567382813;0
2328.145;976.393798828125;0
2329.735;971.284851074219;0
2331.324;1249.36169433594;0
2332.916;1160.25231933594;0
2334.503;872.750793457031;0
2336.092;632.544921875;0
2337.677;640.963195800781;0
2339.263;890.125549316406;0
2340.85;980.69189453125;0
2342.434;936.067077636719;0
2344.018;878.552001953125;0
2345.602;805.105712890625;0
2347.185;786.946105957031;0
2348.768;756.73876953125;0
2350.347;879.941223144531;0
2351.928;957.760437011719;0
2353.51;949.528686523438;0
2355.087;904.989318847656;0
2356.665;827.973022460938;0
2358.243;632.951293945313;0
2359.819;460.340148925781;0
2361.396;409.230804443359;0
2362.972;519.867309570313;0
2364.547;743.513671875;0
2366.121;752.835571289063;0
2367.694;839.387451171875;0
2369.267;806.057067871094;0
2370.839;643.475219726563;0
2372.411;523.683227539063;0
2373.982;518.759948730469;0
2375.55;722.402160644531;0
2377.118;652.834899902344;0
2378.687;622.285217285156;0
2380.254;631.056213378906;0
2381.821;932.060668945313;0
2383.387;1085.74365234375;0
2384.954;1219.43859863281;0
2386.516;1153.71252441406;0
2388.082;1127.94262695313;0
2389.644;1098.41052246094;0
2391.209;1064.22717285156;0
2392.769;927.480895996094;0
2394.33;942.442443847656;0
2395.892;1026.67126464844;0
2397.449;972.360168457031;0
2399.008;853.736267089844;0
2400.568;764.421203613281;0
2402.125;724.486450195313;0
2403.68;736.245056152344;0
2405.238;753.586608886719;0
2406.792;916.227172851563;0
2408.349;964.331848144531;0
2409.902;969.456298828125;0
2411.455;1029.71337890625;0
2413.007;1151.28442382813;0
2414.558;1225.16381835938;0
2416.11;1167.43432617188;0
2417.66;1071.98645019531;0
2419.21;943.154113769531;0
2420.758;956.486450195313;0
2422.307;940.407531738281;0
2423.855;942.268005371094;0
2425.402;903.251281738281;0
2426.947;859.294494628906;0
2428.492;791.924377441406;0
2430.038;825.141845703125;0
2431.58;747.836547851563;0
2433.124;896.787780761719;0
2434.667;666.479675292969;0
2436.208;665.722717285156;0
2437.75;735.558227539063;0
2439.291;853.657287597656;0
2440.83;821.908813476563;0
2442.369;785.86962890625;0
2443.906;827.207824707031;0
2445.444;1001.48022460938;0
2446.981;826.165954589844;0
2448.517;859.544067382813;0
2450.053;771.975280761719;0
2451.587;741.120483398438;0
2453.12;883.199340820313;0
2454.655;941.119262695313;0
2456.187;1108.89099121094;0
2457.718;1142.29223632813;0
2459.25;1127.3291015625;0
2460.781;966.00341796875;0
2462.31;837.576477050781;0
2463.84;958.227416992188;0
2465.368;1061.96276855469;0
2466.896;971.668395996094;0
2468.423;740.899841308594;0
2469.949;867.009765625;0
2471.474;986.417236328125;0
2472.998;1134.88549804688;0
2474.522;896.394775390625;0
2476.045;887.492004394531;0
2477.568;867.385375976563;0
2479.09;949.029296875;0
2480.612;958.922790527344;0
2482.132;718.177001953125;0
2483.653;654.592590332031;0
2485.171;558.454223632813;0
2486.689;1080.31372070313;0
2488.208;1322.20031738281;0
2489.725;1507.21875;0
2491.242;1478.03149414063;0
2492.757;1466.30944824219;0
2494.271;1384.61193847656;0
2495.785;1323.60241699219;0
2497.3;1506.72424316406;0
2498.812;1661.30944824219;0
2500.325;1517.35778808594;0
2501.837;1176.53442382813;0
2503.345;703.324279785156;0
2504.856;602.177917480469;0
2506.366;603.570068359375;0
2507.875;874.499328613281;0
2509.382;973.963623046875;0
2510.889;1060.767578125;0
2512.397;904.463928222656;0
2513.901;752.430847167969;0
2515.406;629.383483886719;0
2516.911;780.978881835938;0
2518.415;816.106323242188;0
2519.918;844.101440429688;0
2521.421;802.296752929688;0
2522.922;616.812194824219;0
2524.423;651.756286621094;0
2525.924;517.904418945313;0
2527.422;700.698669433594;0
2528.923;591.247741699219;0
2530.419;728.66162109375;0
2531.916;628.604675292969;0
2533.415;772.629943847656;0
2534.909;535.847351074219;0
2536.404;505.586608886719;0
2537.899;42.5136947631836;0
2539.394;217.078582763672;0
2540.887;293.841522216797;0
2542.38;652.029113769531;0
2543.871;492.30859375;0
2545.363;520.132995605469;0
2546.852;570.063842773438;0
2548.345;299.540740966797;0
2549.833;104.510307312012;0
2551.321;-36.8560829162598;0
2552.811;532.478759765625;0
2554.296;638.594543457031;0
2555.78;764.502990722656;0
2557.267;559.533203125;0
2558.752;616.350524902344;0
2560.237;306.921630859375;0
2561.721;362.282043457031;0
2563.203;315.576019287109;0
2564.687;623.838439941406;0
2566.168;506.945861816406;0
2567.648;637.766174316406;0
2569.129;568.283142089844;0
2570.607;646.4140625;0
2572.086;744.586059570313;0
2573.565;816.027526855469;0
2575.041;989.069946289063;0
2576.518;866.471923828125;0
2577.994;1053.79235839844;0
2579.469;1118.94848632813;0
2580.945;1322.67199707031;0
2582.418;1189.20959472656;0
2583.892;1330.12145996094;0
2585.365;1334.435546875;0
2586.835;1416.90625;0
2588.307;1374.73474121094;0
2589.778;1398.72216796875;0
2591.248;1409.19055175781;0
2592.717;1409.47204589844;0
2594.186;1194.44458007813;0
2595.652;1344.90490722656;0
2597.121;1036.40783691406;0
2598.585;1134.84265136719;0
2600.052;973.875549316406;0
2601.518;923.638793945313;0
2602.982;981.832641601563;0
2604.446;922.511291503906;0
2605.907;1146.23474121094;0
2607.371;1011.44299316406;0
2608.83;1238.91247558594;0
2610.293;1272.41613769531;0
2611.752;1339.84436035156;0
2613.213;1395.31018066406;0
2614.672;1404.037109375;0
2616.13;1648.69372558594;0
2617.587;1494.72583007812;0
2619.043;1794.57958984375;0
2620.501;1600.25659179688;0
2621.957;1652.75744628906;0
2623.409;1442.08459472656;0
2624.864;1646.90649414063;0
2626.318;1640.47106933594;0
2627.771;1719.66882324219;0
2629.222;1608.609375;0
2630.673;1701.7353515625;0
2632.124;1764.42333984375;0
2633.575;1858.19360351562;0
2635.023;1724.74267578125;0
2636.473;1556.30236816406;0
2637.922;1516.93920898438;0
2639.368;1650.57873535156;0
2640.816;1710.35510253906;0
2642.261;1731.92224121094;0
2643.705;1355.94262695313;0
2645.151;1337.94775390625;0
2646.596;1274.0146484375;0
2648.037;1481.20092773438;0
2649.48;1267.26770019531;0
2650.923;1118.51062011719;0
2652.364;1168.94470214844;0
2653.804;1179.25769042969;0
2655.243;1187.36096191406;0
2656.683;1118.67016601563;0
2658.121;1186.20288085938;0
2659.559;1017.28619384766;0
2660.997;959.144226074219;0
2662.433;909.907104492188;0
2663.868;1134.46435546875;0
2665.305;973.903991699219;0
2666.737;999.731262207031;0
2668.173;1008.36999511719;0
2669.606;1093.48962402344;0
2671.038;1048.95275878906;0
2672.47;833.340637207031;0
2673.901;608.341735839844;0
2675.331;751.599365234375;0
2676.761;863.013610839844;0
2678.189;1010.02996826172;0
2679.619;671.993103027344;0
2681.045;530.772583007813;0
2682.473;683.037414550781;0
2683.9;883.553161621094;0
2685.324;853.628784179688;0
2686.749;829.633605957031;0
2688.176;713.785339355469;0
2689.599;629.971801757813;0
2691.021;508.587738037109;0
2692.444;567.440673828125;0
2693.865;692.330200195313;0
2695.287;539.02880859375;0
2696.707;424.210632324219;0
2698.125;265.319610595703;0
2699.545;363.358062744141;0
2700.963;314.551940917969;0
2702.381;444.355072021484;0
2703.798;612.548217773438;0
2705.214;699.246704101563;0
2706.629;758.116882324219;0
2708.046;722.935913085938;0
2709.458;898.925537109375;0
2710.872;986.039367675781;0
2712.285;1136.55688476563;0
2713.699;998.760131835938;0
2715.111;857.835815429688;0
2716.52;834.478881835938;0
2717.93;755.110290527344;0
2719.342;772.565490722656;0
2720.749;581.862731933594;0
2722.159;693.215698242188;0
2723.565;821.578125;0
2724.971;892.872009277344;0
2726.38;925.846130371094;0
2727.785;842.234802246094;0
2729.19;957.147094726563;0
2730.594;957.145751953125;0
2731.997;1211.34191894531;0
2733.401;1214.17858886719;0
2734.803;1155.54699707031;0
2736.204;1148.23071289063;0
2737.606;1307.57067871094;0
2739.005;1663.78833007813;0
2740.405;1723.99206542969;0
2741.806;1943.85217285156;0
2743.202;2040.47875976563;0
2744.602;2116.43237304687;0
2745.998;1954.67358398438;0
2747.395;1890.20166015625;0
2748.79;1778.34619140625;0
2750.185;1745.94702148438;0
2751.58;1679.15783691406;0
2752.975;1714.89025878906;0
2754.366;1762.70251464844;0
2755.759;1866.0341796875;0
2757.151;1959.28784179687;0
2758.542;2072.9091796875;0
2759.933;2198.01196289062;0
2761.322;2226.48583984375;0
2762.71;2172.71801757813;0
2764.1;1971.98779296875;0
2765.486;1860.65356445313;0
2766.875;1783.43493652344;0
2768.26;1858.73095703125;0
2769.646;2026.99853515625;0
2771.031;1953.53161621094;0
2772.418;1833.775390625;0
2773.799;1688.89196777344;0
2775.184;1872.56774902344;0
2776.565;1912.99621582031;0
2777.946;2081.39990234375;0
2779.328;2215.43774414063;0
2780.708;2348.33203125;0
2782.09;2364.19140625;0
2783.469;2426.90087890625;0
2784.847;2517.89501953125;0
2786.226;2563.05981445312;0
2787.603;2443.50170898438;0
2788.978;2368.10986328125;0
2790.355;2357.662109375;0
2791.731;2297.71557617187;0
2793.104;2334.22998046875;0
2794.479;2153.72875976563;0
2795.853;2041.15319824219;0
2797.225;2061.98022460938;0
2798.596;2036.6845703125;0
2799.967;1947.87268066406;0
2801.341;1505.90124511719;0
2802.71;1359.67578125;0
2804.077;1025.853515625;0
2805.447;1223.52001953125;0
2806.815;978.533935546875;0
2808.183;1040.92687988281;0
2809.551;753.529907226563;0
2810.915;854.569030761719;0
2812.282;809.382934570313;0
2813.646;857.7509765625;0
2815.011;894.566711425781;0
2816.375;865.384765625;0
2817.736;831.050354003906;0
2819.099;809.819274902344;0
2820.462;537.021118164063;0
2821.821;611.771301269531;0
2823.182;539.067932128906;0
2824.542;920.802429199219;0
2825.901;1102.25671386719;0
2827.261;1270.53686523438;0
2828.617;1285.65246582031;0
2829.974;1028.86682128906;0
2831.33;945.534484863281;0
2832.686;747.929138183594;0
2834.043;825.281921386719;0
2835.395;867.7392578125;0
2836.75;1095.52465820313;0
2838.104;1275.90148925781;0
2839.456;1138.20764160156;0
2840.807;1149.775390625;0
2842.16;942.7197265625;0
2843.509;1083.65747070313;0
2844.858;1004.8642578125;0
2846.209;1036.20178222656;0
2847.556;740.719787597656;0
2848.906;885.507751464844;0
2850.253;1028.62976074219;0
2851.6;1237.90295410156;0
2852.946;1034.21057128906;0
2854.29;710.100830078125;0
2855.635;646.416687011719;0
2856.98;629.044860839844;0
2858.323;681.553039550781;0
2859.665;636.047485351563;0
2861.008;643.184692382813;0
2862.349;769.5302734375;0
2863.691;805.780822753906;0
2865.031;656.695007324219;0
2866.37;787.853454589844;0
2867.709;573.226806640625;0
2869.048;661.926879882813;0
2870.385;540.287963867188;0
2871.722;843.801513671875;0
2873.059;1082.03759765625;0
2874.394;1090.41015625;0
2875.73;1223.02282714844;0
2877.064;1245.70947265625;0
2878.398;1217.96398925781;0
2879.731;1187.86657714844;0
2881.063;1327.11535644531;0
2882.395;1509.05358886719;0
2883.727;1691.46545410156;0
2885.059;1638.88146972656;0
2886.387;1768.29675292969;0
2887.717;1787.04418945313;0
2889.046;1817.34582519531;0
2890.374;1894.86938476562;0
2891.699;1873.61181640625;0
2893.028;1771.61889648438;0
2894.354;1574.17443847656;0
2895.679;1447.46936035156;0
2897.004;1688.58703613281;0
2898.328;1676.38879394531;0
2899.653;1787.32153320313;0
2900.976;1704.91394042969;0
2902.297;1817.27941894531;0
2903.619;1689.22497558594;0
2904.941;1713.13208007813;0
2906.26;1421.00695800781;0
2907.58;1370.50695800781;0
2908.898;1229.36865234375;0
2910.217;1232.96203613281;0
2911.536;1206.78454589844;0
2912.852;1240.84265136719;0
2914.171;1443.42846679688;0
2915.485;1565.74487304688;0
2916.799;1710.10607910156;0
2918.116;1737.47778320313;0
2919.428;1724.63793945313;0
2920.743;1687.79931640625;0
2922.056;1716.18676757813;0
2923.367;1831.35705566406;0
2924.679;1606.09155273438;0
2925.99;1724.73901367188;0
2927.299;1813.16870117188;0
2928.609;2168.04760742188;0
2929.918;2275.48657226562;0
2931.226;2075.7197265625;0
2932.535;1988.08422851562;0
2933.841;1744.02172851563;0
2935.149;1925.54248046875;0
2936.455;1768.07861328125;0
2937.758;1703.07922363281;0
2939.064;1478.88732910156;0
2940.368;1432.71325683594;0
2941.67;1348.97290039063;0
2942.973;1392.57409667969;0
2944.277;1531.60241699219;0
2945.577;1503.86486816406;0
2946.878;1560.47082519531;0
2948.178;1578.52868652344;0
2949.477;1880.32434082031;0
2950.776;1886.90734863281;0
2952.073;1865.06005859375;0
2953.372;1703.56640625;0
2954.669;1727.60180664063;0
2955.965;1742.78625488281;0
2957.261;1851.82165527344;0
2958.556;1776.56591796875;0
2959.849;1718.79516601563;0
2961.145;1728.83471679688;0
2962.436;2003.70861816406;0
2963.732;2066.5341796875;0
2965.022;2155.97973632813;0
2966.313;1999.37915039062;0
2967.603;1990.39599609375;0
2968.893;1776.4765625;0
2970.182;1668.46423339844;0
2971.471;1497.29577636719;0
2972.759;1371.55627441406;0
2974.047;1387.20031738281;0
2975.334;1337.10668945313;0
2976.62;1276.60424804688;0
2977.907;1106.38500976563;0
2979.192;1116.88977050781;0
2980.475;1022.64093017578;0
2981.76;1206.74682617188;0
2983.043;1306.41577148438;0
2984.326;1487.77270507813;0
2985.607;1274.36486816406;0
2986.888;1138.48754882813;0
2988.17;1219.87634277344;0
2989.449;1279.15258789063;0
2990.728;1219.87341308594;0
2992.007;1089.68811035156;0
2993.284;947.497985839844;0
2994.562;930.82958984375;0
2995.84;739.838012695313;0
2997.115;744.035949707031;0
2998.393;723.607849121094;0
2999.666;741.584106445313;0
3000.94;764.710815429688;0
3002.215;844.02099609375;0
3003.486;827.516235351563;0
3004.76;859.529846191406;0
3006.033;896.839477539063;0
3007.303;917.80419921875;0
3008.573;741.662902832031;0
3009.844;619.140563964844;0
3011.114;644.294311523438;0
3012.383;809.73046875;0
3013.649;767.564514160156;0
3014.917;590.11962890625;0
3016.185;609.171875;0
3017.451;528.603759765625;0
3018.716;695.748474121094;0
3019.983;591.084350585938;0
3021.246;711.843933105469;0
3022.509;731.317993164063;0
3023.774;664.840148925781;0
3025.035;582.947937011719;0
3026.299;429.100921630859;0
3027.56;392.410247802734;0
3028.819;398.244293212891;0
3030.081;319.147247314453;0
3031.339;384.207550048828;0
3032.598;445.218078613281;0
3033.856;543.156677246094;0
3035.114;754.276794433594;0
3036.372;757.991882324219;0
3037.628;941.803527832031;0
3038.883;773.372192382813;0
3040.138;775.999267578125;0
3041.394;748.333679199219;0
3042.646;782.713623046875;0
3043.9;723.685424804688;0
3045.152;633.352600097656;0
3046.405;544.262634277344;0
3047.657;497.076049804688;0
3048.906;615.834106445313;0
3050.158;724.881225585938;0
3051.407;886.931762695313;0
3052.656;837.509399414063;0
3053.904;992.016662597656;0
3055.153;1046.01416015625;0
3056.398;1158.94714355469;0
3057.647;1114.42993164063;0
3058.892;1143.00366210937;0
3060.137;1310.08459472656;0
3061.382;1416.46118164063;0
3062.625;1429.9140625;0
3063.869;1350.11010742188;0
3065.112;1207.10717773438;0
3066.353;1203.32641601563;0
3067.595;1114.55859375;0
3068.838;1019.78814697266;0
3070.075;1102.16870117188;0
3071.317;1053.43139648438;0
3072.557;1184.83227539063;0
3073.795;1093.03784179688;0
3075.032;1140.1240234375;0
3076.27;1268.39501953125;0
3077.507;1316.4462890625;0
3078.742;1330.56433105469;0
3079.978;1237.99548339844;0
3081.212;1224.16857910156;0
3082.446;1290.96472167969;0
3083.681;1280.10375976563;0
3084.913;1259.75427246094;0
3086.147;1350.75439453125;0
3087.38;1461.61389160156;0
3088.61;1586.08898925781;0
3089.84;1561.80871582031;0
3091.071;1484.66943359375;0
3092.3;1498.44897460938;0
3093.529;1512.72692871094;0
3094.755;1453.20483398438;0
3095.984;1515.9140625;0
3097.211;1441.01611328125;0
3098.438;1533.68005371094;0
3099.663;1536.44482421875;0
3100.888;1571.6533203125;0
3102.112;1443.79052734375;0
3103.335;1238.59533691406;0
3104.56;1108.86535644531;0
3105.782;1213.80590820313;0
3107.005;1189.5087890625;0
3108.226;1388.08654785156;0
3109.447;1203.001953125;0
3110.667;1161.72302246094;0
3111.887;1084.18957519531;0
3113.104;1245.7626953125;0
3114.324;1349.64221191406;0
3115.541;1376.82739257812;0
3116.758;1379.10070800781;0
3117.976;1330.06799316406;0
3119.192;1348.91455078125;0
3120.408;1299.72631835938;0
3121.622;1270.6044921875;0
3122.835;1129.97790527344;0
3124.05;997.466857910156;0
3125.262;947.657592773437;0
3126.476;862.592895507812;0
3127.687;816.714233398438;0
3128.897;843.912109375;0
3130.108;999.513610839844;0
3131.319;1128.4072265625;0
3132.528;1262.52270507813;0
3133.737;1217.86730957031;0
3134.945;1284.55395507812;0
3136.152;1128.04821777344;0
3137.358;1168.3759765625;0
3138.565;1153.6015625;0
3139.772;1108.60473632812;0
3140.976;934.345275878906;0
3142.18;808.292053222656;0
3143.385;907.092956542969;0
3144.588;986.969665527344;0
3145.79;1157.55712890625;0
3146.993;1192.70031738281;0
3148.194;1090.17980957031;0
3149.395;956.179748535156;0
3150.596;833.859436035156;0
3151.794;871.415954589844;0
3152.994;787.598754882812;0
3154.193;741.866394042969;0
3155.39;700.101135253906;0
3156.587;780.743103027344;0
3157.784;908.46044921875;0
3158.982;818.851623535156;0
3160.177;692.505310058594;0
3161.37;542.575256347656;0
3162.565;671.392700195313;0
3163.759;815.625549316406;0
3164.952;843.883117675781;0
3166.146;807.784423828125;0
3167.337;791.342895507813;0
3168.527;866.840454101563;0
3169.719;914.904296875;0
3170.91;752.313232421875;0
3172.098;583.503723144531;0
3173.288;474.539154052735;0
3174.475;533.352111816406;0
3175.663;640.167602539063;0
3176.849;702.914489746094;0
3178.037;713.141906738281;0
3179.223;664.931457519531;0
3180.408;596.054321289062;0
3181.592;556.956359863281;0
3182.777;637.092346191406;0
3183.96;740.161499023438;0
3185.143;652.228210449219;0
3186.325;686.84619140625;0
3187.507;515.688415527344;0
3188.688;623.822998046875;0
3189.869;533.294616699219;0
3191.049;608.798522949219;0
3192.228;751.649963378906;0
3193.406;709.82568359375;0
3194.585;728.036499023437;0
3195.763;798.594787597656;0
3196.939;887.806091308594;0
3198.116;911.8779296875;0
3199.292;855.928649902344;0
3200.466;837.894470214844;0
3201.643;979.400024414063;0
3202.816;1073.22827148437;0
3203.991;1098.15673828125;0
3205.161;952.51953125;0
3206.334;819.168823242187;0
3207.504;927.928955078125;0
3208.677;916.499877929688;0
3209.846;1030.40124511719;0
3211.017;1104.94030761719;0
3212.187;1310.54248046875;0
3213.356;1281.6484375;0
3214.524;1254.09558105469;0
3215.69;1217.97521972656;0
3216.859;1343.73266601563;0
3218.024;1399.58959960938;0
3219.189;1572.53930664063;0
3220.354;1385.06726074219;0
3221.519;1301.73962402344;0
3222.682;1119.21362304687;0
3223.845;1209.49584960938;0
3225.01;1327.59069824219;0
3226.171;1538.77551269531;0
3227.332;1685.52416992188;0
3228.494;1698.94421386719;0
3229.655;1694.06408691406;0
3230.814;1642.73779296875;0
3231.973;1703.18774414062;0
3233.13;1775.30065917969;0
3234.29;1773.50170898438;0
3235.447;1697.56872558594;0
3236.605;1692.20031738281;0
3237.76;1792.62878417969;0
3238.916;1870.16369628906;0
3240.071;1838.68859863281;0
3241.224;1747.19958496094;0
3242.381;1669.89001464844;0
3243.532;1564.76037597656;0
3244.685;1559.0283203125;0
3245.839;1453.76672363281;0
3246.99;1438.91320800781;0
3248.141;1386.5751953125;0
3249.292;1445.10766601562;0
3250.439;1371.76000976562;0
3251.589;1272.36694335937;0
3252.739;1319.11938476562;0
3253.886;1386.5478515625;0
3255.034;1524.5400390625;0
3256.18;1563.9775390625;0
3257.326;1520.74768066406;0
3258.472;1597.40490722656;0
3259.617;1551.017578125;0
3260.761;1515.79064941406;0
3261.905;1487.27722167969;0
3263.048;1408.82800292969;0
3264.19;1468.15710449219;0
3265.333;1324.40612792969;0
3266.475;1326.81359863281;0
3267.617;1297.26147460937;0
3268.757;1370.37036132813;0
3269.896;1465.40515136719;0
3271.036;1425.91540527344;0
3272.175;1473.0107421875;0
3273.313;1416.35461425781;0
3274.449;1521.40478515625;0
3275.586;1444.14514160156;0
3276.722;1473.42822265625;0
3277.859;1453.07348632813;0
3278.993;1395.11047363281;0
3280.13;1310.89172363281;0
3281.263;1231.86853027344;0
3282.395;1275.53588867188;0
3283.529;1313.35803222656;0
3284.66;1469.55517578125;0
3285.794;1450.02075195313;0
3286.924;1433.87243652344;0
3288.054;1286.84704589844;0
3289.185;1272.15771484375;0
3290.313;1175.60339355469;0
3291.443;1170.04919433594;0
3292.571;1225.38537597656;0
3293.698;1208.55969238281;0
3294.824;1246.54089355469;0
3295.952;1088.44555664062;0
3297.077;1056.36584472656;0
3298.203;916.20361328125;0
3299.328;1065.52526855469;0
3300.45;1211.111328125;0
3301.574;1306.537109375;0
3302.698;1174.80529785156;0
3303.819;1140.65991210938;0
3304.942;969.09326171875;0
3306.064;866.017395019531;0
3307.182;935.774963378906;0
3308.303;821.147338867187;0
3309.423;888.244689941406;0
3310.542;657.218139648438;0
3311.66;689.122985839844;0
3312.778;509.101257324219;0
3313.895;443.122741699219;0
3315.012;431.085510253906;0
3316.128;538.434326171875;0
3317.243;540.658813476563;0
3318.357;642.549377441406;0
3319.471;654.031188964844;0
3320.586;749.36962890625;0
3321.698;897.570617675781;0
3322.813;1042.18347167969;0
3323.923;1087.10778808594;0
3325.034;1182.4599609375;0
3326.146;1131.51403808594;0
3327.255;1171.82604980469;0
3328.366;881.291259765625;0
3329.474;830.525085449219;0
3330.582;768.062133789062;0
3331.691;904.563293457031;0
3332.797;995.582885742187;0
3333.905;1030.61584472656;0
3335.011;904.613952636719;0
3336.116;843.323669433594;0
3337.22;797.498474121094;0
3338.327;920.600402832031;0
3339.429;943.349365234375;0
3340.534;903.354675292969;0
3341.635;1000.09466552734;0
3342.737;902.688720703125;0
3343.84;874.913879394531;0
3344.94;765.885620117187;0
3346.041;746.267395019531;0
3347.142;751.286071777344;0
3348.24;589.883728027344;0
3349.337;634.309692382813;0
3350.437;624.430725097656;0
3351.534;673.077331542969;0
3352.633;708.423461914063;0
3353.727;690.823364257812;0
3354.823;719.720458984375;0
3355.919;750.836120605469;0
3357.013;841.724975585938;0
3358.108;816.115356445313;0
3359.201;964.593322753906;0
3360.293;975.6240234375;0
3361.385;1145.55261230469;0
3362.478;1043.65234375;0
3363.569;1086.83227539062;0
3364.661;1028.52954101562;0
3365.75;959.287292480469;0
3366.838;862.014770507813;0
3367.929;880.268737792969;0
3369.017;956.395935058594;0
3370.105;1092.69506835938;0
3371.193;1041.66735839844;0
3372.279;975.058837890625;0
3373.364;1018.99456787109;0
3374.45;1109.40393066406;0
3375.534;1203.76770019531;0
3376.62;1155.89086914063;0
3377.704;1263.49279785156;0
3378.786;1222.07861328125;0
3379.871;1263.82385253906;0
3380.951;1069.94958496094;0
3382.034;1123.59875488281;0
3383.114;922.221557617187;0
3384.195;1068.38354492188;0
3385.276;1074.21423339844;0
3386.354;1283.68566894531;0
3387.433;1364.44299316406;0
3388.511;1440.3193359375;0
3389.588;1420.82922363281;0
3390.664;1396.12841796875;0
3391.742;1294.71704101562;0
3392.816;1311.95471191406;0
3393.893;1329.47619628906;0
3394.968;1487.29333496094;0
3396.042;1445.42211914063;0
3397.115;1349.97009277344;0
3398.189;1208.76916503906;0
3399.262;1213.65075683594;0
3400.333;1194.74572753906;0
3401.404;1187.08325195313;0
3402.474;1067.88647460938;0
3403.545;1102.22229003906;0
3404.615;1104.66723632812;0
3405.685;1319.50463867188;0
3406.752;1254.78930664063;0
3407.82;1321.30615234375;0
3408.888;1328.16772460938;0
3409.955;1365.42858886719;0
3411.021;1350.89868164063;0
3412.085;1306.69641113281;0
3413.151;1318.47253417969;0
3414.215;1258.22009277344;0
3415.279;1242.85900878906;0
3416.343;1264.06286621094;0
3417.406;1274.39831542969;0
3418.468;1416.10791015625;0
3419.53;1336.47680664063;0
3420.592;1326.0048828125;0
3421.652;1210.75634765625;0
3422.712;1210.29736328125;0
3423.773;1142.17687988281;0
3424.83;1084.39709472656;0
3425.889;1231.59204101563;0
3426.946;1325.58117675781;0
3428.005;1306.142578125;0
3429.061;1245.25817871094;0
3430.117;1267.46936035156;0
3431.172;1390.98803710938;0
3432.227;1324.02014160156;0
3433.281;1397.48046875;0
3434.335;1383.40966796875;0
3435.389;1444.84118652344;0
3436.44;1483.14318847656;0
3437.492;1485.01745605469;0
3438.546;1438.58728027344;0
3439.598;1384.70288085937;0
3440.646;1293.55944824219;0
3441.697;1321.201171875;0
3442.745;1273.21728515625;0
3443.793;1329.49279785156;0
3444.842;1302.24633789063;0
3445.891;1313.67822265625;0
3446.937;1368.8515625;0
3447.984;1474.98693847656;0
3449.031;1421.64233398438;0
3450.075;1301.21948242187;0
3451.12;1249.22863769531;0
3452.164;1271.79040527344;0
3453.207;1368.50598144531;0
3454.251;1299.09313964844;0
3455.293;1244.15295410156;0
3456.336;1064.47717285156;0
3457.378;1072.93005371094;0
3458.417;1069.50305175781;0
3459.458;1170.26721191406;0
3460.498;1211.78076171875;0
3461.539;1290.76281738281;0
3462.577;1280.70568847656;0
3463.614;1199.10925292969;0
3464.651;1138.76831054688;0
3465.689;1171.111328125;0
3466.726;1109.17260742188;0
3467.763;1006.15277099609;0
3468.798;904.353210449219;0
3469.831;931.159301757813;0
3470.866;1138.33874511719;0
3471.9;1184.64477539063;0
3472.933;1211.26342773438;0
3473.966;1043.80249023438;0
3474.999;1100.1943359375;0
3476.029;1103.17333984375;0
3477.061;1113.79809570313;0
3478.09;935.735656738281;0
3479.121;925.113098144531;0
3480.15;973.261413574219;0
3481.178;945.880432128906;0
3482.205;989.846008300781;0
3483.234;918.288208007812;0
3484.26;986.965637207031;0
3485.288;942.886840820313;0
3486.313;955.919372558594;0
3487.337;939.088806152344;0
3488.364;944.119018554688;0
3489.387;1071.56481933594;0
3490.411;1138.72338867187;0
3491.434;1161.06286621094;0
3492.456;998.335144042969;0
3493.479;844.001281738281;0
3494.5;752.469116210938;0
3495.521;636.574401855469;0
3496.543;567.424072265625;0
3497.561;504.220703125;0
3498.579;300.961547851563;0
3499.6;281.932098388672;0
3500.618;59.79833984375;0
3501.636;-3.0498218536377;0
3502.653;-136.578735351563;0
3503.669;-112.154136657715;0
3504.685;-34.268497467041;0
3505.699;-23.2233123779297;0
3506.716;-69.2720031738281;0
3507.729;-89.1031646728516;0
3508.743;-199.001739501953;0
3509.755;-117.305557250977;0
