98.64605;0;0
101.2353;0;0
103.8217;0;0
106.4096;-6.88888883590698;0
108.9945;-17.0222225189209;0
111.5767;-39.476188659668;0
114.1602;55.6666679382324;0
116.7409;78.9797973632813;0
119.3209;152.504272460938;0
121.9002;46.103702545166;0
124.4788;-23.2091503143311;0
127.0566;-147.467834472656;0
129.6317;-225.296295166016;0
132.2038;-94.8888854980469;0
134.7796;-97.652587890625;0
137.3503;40.992015838623;0
139.9204;29.3029098510742;0
142.4919;327.828186035156;0
145.0584;519.875610351563;0
147.6242;651.631958007813;0
150.1914;697.714904785156;0
152.7579;815.447448730469;0
155.3216;777.506958007813;0
157.8846;922.286987304687;0
160.4448;977.869262695312;0
163.0085;1063.04272460938;0
165.5672;1018.34478759766;0
168.1232;955.3857421875;0
170.6826;1068.80346679688;0
173.2372;1200.78442382813;0
175.7931;1351.48205566406;0
178.3463;1430.5166015625;0
180.8966;1549.87817382813;0
183.4504;1666.42797851563;0
185.9993;1683.34899902344;0
188.5476;1613.66149902344;0
191.0972;1645.45629882813;0
193.644;1730.97412109375;0
196.1859;1786.26232910156;0
198.7335;1759.04760742187;0
201.2761;1671.5166015625;0
203.8201;1627.80090332031;0
206.3593;1697.4091796875;0
208.8998;1838.61828613281;0
211.4397;1969.69738769531;0
213.9746;2039.53918457031;0
216.5109;2193.39599609375;0
219.0487;2409.91015625;0
221.5816;2518.00048828125;0
224.1158;2464.66162109375;0
226.6473;2385.13793945313;0
229.176;2476.44873046875;0
231.7082;2648.20947265625;0
234.2355;2844.0908203125;0
236.7643;2802.1962890625;0
239.2902;2742.98559570313;0
241.8133;2691.2939453125;0
244.3379;2568.89306640625;0
246.8618;2560.16235351563;0
249.3828;2410.16235351563;0
251.9053;2547.29223632813;0
254.423;2525.84594726563;0
256.942;2500.65380859375;0
259.4603;2423.07763671875;0
261.9759;2329.55981445313;0
264.4887;2323.28857421875;0
267.005;2306.17358398438;0
269.5164;2448.68408203125;0
272.0292;2585.1171875;0
274.5393;2726.21313476563;0
277.0466;2775.27905273438;0
279.5574;2796.27734375;0
282.0654;2794.07397460938;0
284.5686;2717.68212890625;0
287.0752;2807.37133789063;0
289.5791;2787.07568359375;0
292.0803;2743.18115234375;0
294.5828;2470.48828125;0
297.0826;2377.25463867188;0
299.5838;2243.28100585938;0
302.0801;2104.89868164063;0
304.5758;1927.51647949219;0
307.0749;1875.99291992187;0
309.5672;1912.52966308594;0
312.0608;1983.50671386719;0
314.5558;1931.35571289063;0
317.044;2031.50280761719;0
319.5377;1939.7646484375;0
322.0266;2063.72875976563;0
324.5127;2058.00366210938;0
327.0023;2159.90576171875;0
329.4871;2278.318359375;0
331.9691;2317.35400390625;0
334.4547;2390.1337890625;0
336.9353;2357.62719726563;0
339.4174;2442.6025390625;0
341.901;2623.8701171875;0
344.3776;2823.51611328125;0
346.8577;2950.05078125;0
349.333;2843.69677734375;0
351.8076;2744.61010742188;0
354.2857;2494.80981445313;0
356.7569;2403.50439453125;0
359.2296;2295.50390625;0
361.7015;2161.59497070313;0
364.1729;2190.98999023438;0
366.6414;2252.31787109375;0
369.1093;2412.84130859375;0
371.5745;2377.19555664063;0
374.0432;2276.71533203125;0
376.507;2265.76049804688;0
378.9702;2165.04443359375;0
381.4348;2052.24560546875;0
383.8947;2030.61340332031;0
386.3538;2056.73657226563;0
388.8144;2157.76635742188;0
391.2722;2134.13134765625;0
393.7314;2198.19165039063;0
396.1859;2448.08959960938;0
398.6418;2692.3505859375;0
401.0949;2969.88134765625;0
403.5475;2746.87060546875;0
405.9972;2620.052734375;0
408.4505;2568.333984375;0
410.899;2845.1962890625;0
413.3468;2951.60107421875;0
415.796;2943.27075195313;0
418.2405;2883.00146484375;0
420.6884;2917.62084960938;0
423.1295;2830.2314453125;0
425.572;2787.88891601563;0
428.0159;2684.6142578125;0
430.455;2719.94482421875;0
432.8956;2525.12158203125;0
435.3335;2472.322265625;0
437.7707;2232.26220703125;0
440.2093;2339.36938476563;0
442.6432;2352.49755859375;0
445.0764;2354.89331054688;0
447.511;2200.23193359375;0
449.9429;2055.658203125;0
452.3721;2189.21923828125;0
454.8048;2265.72607421875;0
457.2328;2351.18188476563;0
459.66;2298.27783203125;0
462.0847;2316.63647460938;0
464.5127;2288.21508789063;0
466.9381;2347.13452148438;0
469.3587;2315.84741210938;0
471.7807;2486.67456054688;0
474.2042;2530.40258789063;0
476.6229;2868.79565429688;0
479.041;2913.2548828125;0
481.4604;2904.34301757813;0
483.8752;2693.181640625;0
486.2934;2627.71606445313;0
488.7068;2585.01171875;0
491.1197;2543.87231445313;0
493.5339;2365.41870117188;0
495.9435;2263.10620117188;0
498.3544;2011.49377441406;0
500.7667;2108.57470703125;0
503.1723;2088.78100585938;0
505.5793;2137.32861328125;0
507.9856;1874.96594238281;0
510.3913;1683.06237792969;0
512.7944;1600.21923828125;0
515.1968;1508.71044921875;0
517.5986;1584.14599609375;0
519.9997;1657.09997558594;0
522.3982;1824.21337890625;0
524.798;1761.65234375;0
527.1973;1653.1259765625;0
529.5919;1682.02844238281;0
531.9899;1692.28039550781;0
534.3832;1857.97668457031;0
536.7758;1777.02270507813;0
539.1699;1897.97277832031;0
541.5593;1726.15466308594;0
543.9481;1876.47351074219;0
546.3382;1907.08508300781;0
548.7257;2012.44519042969;0
551.1146;1955.56335449219;0
553.4968;1990.04296875;0
555.8824;2181.32421875;0
558.2675;2177.89721679688;0
560.6478;2223.87939453125;0
563.0295;2162.6142578125;0
565.4106;2143.8828125;0
567.7911;1977.45947265625;0
570.169;1931.67456054688;0
572.5462;1900.96508789063;0
574.9229;1938.31774902344;0
577.2968;1720.39111328125;0
579.6721;1606.625;0
582.0449;1624.6845703125;0
584.417;1616.14440917969;0
586.7885;1553.10021972656;0
589.1553;1546.22729492187;0
591.5255;1607.52111816406;0
593.8931;1553.95971679688;0
596.2601;1365.17590332031;0
598.6265;1183.24829101563;0
600.9902;1265.84582519531;0
603.3554;1251.28161621094;0
605.7179;1337.416015625;0
608.0778;1334.50561523438;0
610.4391;1321.97802734375;0
612.7977;1353.52319335938;0
615.1558;1365.66967773437;0
617.5132;1561.19067382812;0
619.8701;1456.53344726563;0
622.2263;1455.15051269531;0
624.5779;1552.41943359375;0
626.9308;2002.98278808594;0
629.2852;2198.42651367188;0
631.6349;2341.07250976563;0
633.9841;2405.4638671875;0
636.3326;2454.84814453125;0
638.6805;2415.60229492188;0
641.0279;2254.38891601563;0
643.3746;2384.87939453125;0
645.7187;2444.19091796875;0
648.0621;2453.0966796875;0
650.405;2215.599609375;0
652.7453;2245.36694335938;0
655.087;2320.73657226563;0
657.426;2313.53930664063;0
659.7645;2214.98095703125;0
662.1024;1891.19250488281;0
664.4376;1697.78491210937;0
666.7742;1551.87805175781;0
669.1063;1695.76684570313;0
671.4398;1951.65576171875;0
673.7726;2027.3837890625;0
676.1048;2007.7294921875;0
678.4324;1972.10778808594;0
680.7635;1937.69030761719;0
683.0919;1932.58251953125;0
685.4158;1899.73510742188;0
687.743;1824.3125;0
690.0696;1926.1396484375;0
692.3937;1923.86206054688;0
694.7151;1883.15063476563;0
697.038;1996.56555175781;0
699.3583;1911.41333007813;0
701.6779;2039.96484375;0
703.995;1933.04809570313;0
706.3155;2040.34729003906;0
708.6294;2027.05810546875;0
710.9467;2012.06945800781;0
713.2594;2035.16967773437;0
715.5735;1808.24450683594;0
717.887;1646.96728515625;0
720.1979;1807.75244140625;0
722.5083;2285.61010742188;0
724.818;2322.31958007813;0
727.1252;2057.099609375;0
729.4357;1799.95458984375;0
731.7418;1897.89575195312;0
734.0452;1970.666015625;0
736.35;1955.36535644531;0
738.6522;1950.04272460937;0
740.9539;1817.427734375;0
743.2569;1701.15502929688;0
745.5554;1622.92016601562;0
747.8553;1705.63781738281;0
750.1545;1788.55432128906;0
752.4513;1830.49780273437;0
754.7474;1462.02856445313;0
757.043;1272.26135253906;0
759.336;1183.95910644531;0
761.6304;1322.72692871094;0
763.9222;1374.91870117187;0
766.2114;996.948547363281;0
768.5041;1020.27221679688;0
770.7922;824.457397460937;0
773.0777;1080.69445800781;0
775.3647;1275.21569824219;0
777.651;1594.50085449219;0
779.9368;1464.35388183594;0
782.22;1419.21557617188;0
784.5026;1353.52575683594;0
786.7847;1563.95520019531;0
789.0662;1380.93640136719;0
791.3451;1406.81604003906;0
793.6254;1421.79772949219;0
795.9012;1673.41674804688;0
798.1784;1805.82775878906;0
800.455;1877.69030761719;0
802.7291;1794.22509765625;0
805.0026;1594.49096679688;0
807.2755;1728.86633300781;0
809.5478;1705.38049316406;0
811.8176;1789.63256835938;0
814.0869;1902.88244628906;0
816.3535;2130.59912109375;0
818.6235;2367.89111328125;0
820.8911;2248.57861328125;0
823.156;2208.53857421875;0
825.4204;2190.05615234375;0
827.6823;2197.47778320313;0
829.9474;2146.22338867188;0
832.2082;2100.81469726563;0
834.4683;2004.3828125;0
836.7279;1991.7626953125;0
838.9869;1892.22790527344;0
841.2453;1878.95959472656;0
843.5012;2142.037109375;0
845.7565;2184.85327148438;0
848.0133;2310.73559570313;0
850.2655;2163.68359375;0
852.5153;2056.46997070313;0
854.7703;2154.63330078125;0
857.0189;2018.54089355469;0
859.2668;2011.19091796875;0
861.5182;1870.58715820312;0
863.7651;2024.50183105469;0
866.0114;2094.5859375;0
868.2592;1770.75830078125;0
870.5024;1610.69311523438;0
872.7451;1404.27673339844;0
874.9872;1702.06469726563;0
877.2307;1716.42407226563;0
879.4717;1766.09924316406;0
881.7101;1615.4248046875;0
883.95;1509.5087890625;0
886.1854;1677.99548339844;0
888.4202;1617.57788085938;0
890.6604;1757.77099609375;0
892.8941;1582.18505859375;0
895.1253;1717.3369140625;0
897.3599;1683.97302246094;0
899.59;1554.87854003906;0
901.8195;1415.05822753906;0
904.0504;1479.77917480469;0
906.2789;1813.29748535156;0
908.5087;1977.14306640625;0
910.7341;1956.39880371094;0
912.9589;1772.25537109375;0
915.1851;1811.0458984375;0
917.4088;1812.09692382812;0
919.63;1816.16882324219;0
921.8526;1426.93530273438;0
924.0727;1557.26281738281;0
926.2922;1847.05053710938;0
928.5112;2096.64770507813;0
930.7277;1898.78845214844;0
932.9476;1347.47839355469;0
935.163;1312.50073242188;0
937.3739;909.642150878906;0
939.5901;1116.09521484375;0
941.8019;1067.34948730469;0
944.0151;1209.10205078125;0
946.2258;1030.38757324219;0
948.4341;748.300231933594;0
950.6456;846.217590332031;0
952.8527;894.584106445312;0
955.0593;1054.65979003906;0
957.2653;805.17919921875;0
959.4689;841.003051757813;0
961.6738;876.920349121094;0
963.8782;905.534912109375;0
966.0782;879.865783691406;0
968.2815;974.108947753906;0
970.4803;1031.02563476563;0
972.6787;1109.23291015625;0
974.8784;986.520263671875;0
977.0757;1126.99035644531;0
979.2704;982.155334472656;0
981.4667;1088.83215332031;0
983.6603;1151.06005859375;0
985.8535;1338.32702636719;0
988.0461;1395.17785644531;0
990.2363;1398.72790527344;0
992.4297;1691.28137207031;0
994.6169;1985.79711914063;0
996.8035;2287.501953125;0
998.9933;2378.02978515625;0
1001.179;2317.26684570313;0
1003.364;2266.767578125;0
1005.55;1992.86389160156;0
1007.732;2127.669921875;0
1009.916;2095.07885742188;0
1012.096;2297.47875976563;0
1014.275;2062.79174804688;0
1016.459;2081.06640625;0
1018.636;2132.43041992188;0
1020.813;2416.60278320313;0
1022.991;2591.841796875;0
1025.165;2680.69165039063;0
1027.34;2466.40649414063;0
1029.515;2441.201171875;0
1031.687;2222.07080078125;0
1033.859;2359.64819335938;0
1036.03;2244.68896484375;0
1038.199;2240.38989257813;0
1040.369;2096.75268554688;0
1042.536;2176.88842773438;0
1044.704;2090.01953125;0
1046.87;2129.1484375;0
1049.034;1862.04968261719;0
1051.198;1777.50573730469;0
1053.363;1574.86096191406;0
1055.526;1562.09741210938;0
1057.686;1579.95446777344;0
1059.845;1673.3984375;0
1062.005;1504.42907714844;0
1064.165;1533.63232421875;0
1066.323;1497.44506835938;0
1068.477;1550.75561523437;0
1070.634;1622.09240722656;0
1072.788;1393.1279296875;0
1074.942;1400.53833007813;0
1077.096;1249.88586425781;0
1079.247;1554.05871582031;0
1081.397;1667.23510742187;0
1083.547;1794.30810546875;0
1085.695;1637.3193359375;0
1087.844;1627.61376953125;0
1089.992;1571.19445800781;0
1092.138;1450.23547363281;0
1094.284;1549.919921875;0
1096.425;1675.27612304687;0
1098.571;1961.28259277344;0
1100.711;2031.62341308594;0
1102.851;2115.66284179688;0
1104.994;2194.75317382813;0
1107.132;2109.01025390625;0
1109.271;2025.28698730469;0
1111.408;2029.20336914063;0
1113.543;2163.93408203125;0
1115.682;2281.72509765625;0
1117.816;2099.35034179688;0
1119.947;1974.39465332031;0
1122.08;1755.34338378906;0
1124.213;1905.47717285156;0
1126.343;1926.33483886719;0
1128.474;2036.13012695313;0
1130.602;1760.43176269531;0
1132.728;1717.27856445312;0
1134.856;1666.48034667969;0
1136.982;1671.92211914063;0
1139.109;1703.57385253906;0
1141.234;1765.6328125;0
1143.356;1902.73400878906;0
1145.479;1779.39294433594;0
1147.599;1789.60107421875;0
1149.719;1861.60693359375;0
1151.839;2031.24755859375;0
1153.957;1891.96752929688;0
1156.076;1658.76403808594;0
1158.191;1266.6416015625;0
1160.305;1228.53686523437;0
1162.423;1235.27770996094;0
1164.536;1428.96118164062;0
1166.647;1286.251953125;0
1168.761;1432.28527832031;0
1170.871;1516.68310546875;0
1172.983;1616.41906738281;0
1175.092;1802.197265625;0
1177.2;1984.36462402344;0
1179.306;2174.92846679688;0
1181.413;2190.3505859375;0
1183.518;2087.11547851563;0
1185.623;1972.58874511719;0
1187.725;1829.32360839844;0
1189.826;1873.6689453125;0
1191.929;1988.01904296875;0
1194.032;2080.380859375;0
1196.13;1896.4326171875;0
1198.23;1846.34765625;0
1200.327;1861.6669921875;0
1202.423;1978.21484375;0
1204.52;2108.62841796875;0
1206.613;1791.73815917969;0
1208.71;1949.00134277344;0
1210.801;1936.59008789063;0
1212.892;2242.70751953125;0
1214.987;2128.83422851563;0
1217.075;2160.97045898438;0
1219.166;2015.9189453125;0
1221.256;2043.68176269531;0
1223.342;1846.85961914062;0
1225.43;1908.84228515625;0
1227.515;1749.203125;0
1229.597;1707.83703613281;0
1231.685;1801.16943359375;0
1233.767;1822.85522460938;0
1235.85;1974.1318359375;0
1237.931;2002.22900390625;0
1240.009;2028.69409179687;0
1242.09;1746.76184082031;0
1244.168;1476.66723632812;0
1246.245;1486.17236328125;0
1248.321;1709.98840332031;0
1250.397;1785.97302246094;0
1252.472;1841.47277832031;0
1254.547;1611.36364746094;0
1256.618;1523.50256347656;0
1258.69;1350.03918457031;0
1260.761;1457.70812988281;0
1262.83;1579.6875;0
1264.901;1665.345703125;0
1266.969;1684.52185058594;0
1269.035;1507.33679199219;0
1271.102;1624.23559570312;0
1273.167;1530.43774414063;0
1275.233;1684.39147949219;0
1277.295;1594.65014648437;0
1279.359;1703.10083007812;0
1281.42;1403.626953125;0
1283.482;1325.05871582031;0
1285.542;1127.44836425781;0
1287.6;1321.77722167969;0
1289.659;1183.29187011719;0
1291.714;1393.80078125;0
1293.774;1559.38879394531;0
1295.828;1648.95178222656;0
1297.881;1592.94848632812;0
1299.936;1537.47778320313;0
1301.987;1644.37963867188;0
1304.041;1896.04577636719;0
1306.09;1824.02954101563;0
1308.139;1688.44421386719;0
1310.19;1552.29504394531;0
1312.238;1722.82897949219;0
1314.286;1708.68334960938;0
1316.331;1712.91125488281;0
1318.376;1805.24987792969;0
1320.422;1775.63061523438;0
1322.466;1695.83532714844;0
1324.508;1688.71130371094;0
1326.549;1824.26721191406;0
1328.59;1862.06176757813;0
1330.632;1612.98547363281;0
1332.67;1624.71166992188;0
1334.707;1619.4814453125;0
1336.746;1739.14794921875;0
1338.78;1709.60510253906;0
1340.816;1586.85461425781;0
1342.852;1123.57214355469;0
1344.885;1065.42749023437;0
1346.916;949.092529296875;0
1348.948;1378.36364746094;0
1350.979;1418.70495605469;0
1353.011;1472.6240234375;0
1355.04;1420.69067382813;0
1357.066;1383.5634765625;0
1359.094;1546.01635742187;0
1361.121;1367.60302734375;0
1363.145;1440.64392089844;0
1365.171;1229.01550292969;0
1367.192;1181.8515625;0
1369.216;903.711853027344;0
1371.239;995.45263671875;0
1373.258;1086.51831054687;0
1375.28;1122.9091796875;0
1377.298;884.729431152344;0
1379.316;711.311645507813;0
1381.335;763.479064941406;0
1383.35;864.835266113281;0
1385.366;943.983032226563;0
1387.38;808.885437011719;0
1389.394;780.414123535156;0
1391.409;961.468872070312;0
1393.42;824.035034179688;0
1395.43;864.84326171875;0
1397.44;613.591491699219;0
1399.451;786.0458984375;0
1401.458;668.318664550781;0
1403.466;475.854064941406;0
1405.472;455.319061279297;0
1407.478;598.95849609375;0
1409.483;892.201232910156;0
1411.486;963.669921875;0
1413.49;994.329223632813;0
1415.492;980.100402832031;0
1417.492;1018.39233398437;0
1419.495;869.095764160156;0
1421.494;880.470825195312;0
1423.492;982.468627929687;0
1425.49;1140.20446777344;0
1427.487;1282.46118164062;0
1429.482;1272.11560058594;0
1431.477;1312.33435058594;0
1433.471;1292.51196289063;0
1435.466;1349.65466308594;0
1437.456;1348.13134765625;0
1439.447;1239.83251953125;0
1441.441;1233.87231445313;0
1443.427;1340.79309082031;0
1445.417;1485.81091308594;0
1447.406;1522.04138183594;0
1449.392;1526.70825195313;0
1451.381;1508.26416015625;0
1453.365;1501.82019042969;0
1455.348;1398.48754882812;0
1457.333;1319.0380859375;0
1459.314;1314.02075195313;0
1461.296;1298.8671875;0
1463.276;1114.35034179687;0
1465.256;944.906188964844;0
1467.237;1019.66015625;0
1469.215;1262.095703125;0
1471.19;1379.82604980469;0
1473.167;1352.29296875;0
1475.145;1351.71826171875;0
1477.118;1320.54626464844;0
1479.092;1310.55505371094;0
1481.065;1295.96655273438;0
1483.038;1235.89404296875;0
1485.008;1195.3349609375;0
1486.979;1187.62231445312;0
1488.949;1139.75866699219;0
1490.917;1084.41064453125;0
1492.883;1034.24462890625;0
1494.852;968.038452148437;0
1496.817;938.5751953125;0
1498.782;923.66748046875;0
1500.748;1063.953125;0
1502.708;964.673950195313;0
1504.673;905.25146484375;0
1506.634;790.688842773438;0
1508.594;669.974426269531;0
1510.554;706.170043945313;0
1512.512;806.002685546875;0
1514.471;1088.72375488281;0
1516.428;996.341979980469;0
1518.384;996.852661132813;0
1520.34;781.367309570312;0
1522.294;859.001892089844;0
1524.249;694.08984375;0
1526.202;832.703979492188;0
1528.153;700.221008300781;0
1530.103;823.972839355469;0
1532.054;687.062561035156;0
1534.004;775.703857421875;0
1535.951;799.233520507812;0
1537.899;885.544250488281;0
1539.847;866.080627441406;0
1541.793;680.509216308594;0
1543.738;604.934753417969;0
1545.681;566.366149902344;0
1547.625;575.225769042969;0
1549.566;585.083068847656;0
1551.509;569.153381347656;0
1553.45;630.2880859375;0
1555.389;633.819152832031;0
1557.33;521.965515136719;0
1559.266;543.393859863281;0
1561.204;609.659729003906;0
1563.141;704.088806152344;0
1565.074;601.346252441406;0
1567.009;525.090576171875;0
1568.943;561.5439453125;0
1570.877;675.261901855469;0
1572.808;561.244506835937;0
1574.741;515.158325195312;0
1576.67;392.892333984375;0
1578.6;435.890930175781;0
1580.528;448.278839111328;0
1582.455;508.353454589844;0
1584.382;589.982482910156;0
1586.307;546.219543457031;0
1588.234;550.398010253906;0
1590.157;558.295654296875;0
1592.081;592.134704589844;0
1594.002;477.137390136719;0
1595.927;309.081481933594;0
1597.845;194.631607055664;0
1599.767;255.849746704102;0
1601.685;252.113479614258;0
1603.602;333.422790527344;0
1605.523;222.999923706055;0
1607.438;415.513427734375;0
1609.354;485.072540283203;0
1611.269;682.674621582031;0
1613.181;485.207275390625;0
1615.096;374.112884521485;0
1617.008;210.280288696289;0
1618.92;397.686492919922;0
1620.83;450.781372070313;0
1622.74;623.811340332031;0
1624.649;554.398559570312;0
1626.557;422.196563720703;0
1628.464;355.704620361328;0
1630.37;404.536834716797;0
1632.275;555.068725585937;0
1634.18;530.995361328125;0
1636.085;507.091247558594;0
1637.988;538.13427734375;0
1639.888;479.602142333985;0
1641.791;498.941467285156;0
1643.691;476.876708984375;0
1645.588;527.325134277344;0
1647.489;606.454528808594;0
1649.387;634.736145019531;0
1651.284;744.946899414063;0
1653.18;662.755554199219;0
1655.075;712.276733398438;0
1656.972;740.401123046875;0
1658.864;877.575256347656;0
1660.754;862.80078125;0
1662.65;783.969116210938;0
1664.539;648.97021484375;0
1666.428;628.69482421875;0
1668.32;585.365173339844;0
1670.207;620.981323242187;0
1672.096;545.432067871094;0
1673.982;600.161926269531;0
1675.867;581.726379394531;0
1677.754;646.570007324219;0
1679.638;655.58154296875;0
1681.52;619.983276367188;0
1683.403;494.330810546875;0
1685.285;335.290740966797;0
1687.166;300.196411132813;0
1689.048;400.195678710938;0
1690.924;491.474060058594;0
1692.804;553.024719238281;0
1694.682;525.744079589844;0
1696.558;582.187561035156;0
1698.435;541.355224609375;0
1700.308;500.691497802735;0
1702.184;411.751983642578;0
1704.057;409.53662109375;0
1705.929;349.712127685547;0
1707.801;321.278472900391;0
1709.674;314.791198730469;0
1711.542;468.072387695313;0
1713.412;539.744384765625;0
1715.28;491.696166992187;0
1717.145;346.260986328125;0
1719.015;316.214752197266;0
1720.88;273.669555664063;0
1722.746;195.283615112305;0
1724.61;169.382263183594;0
1726.471;250.302474975586;0
1728.334;389.019805908203;0
1730.197;351.359039306641;0
1732.057;339.427459716797;0
1733.919;289.869659423828;0
1735.777;267.465362548828;0
1737.634;237.326538085938;0
1739.493;377.770324707031;0
1741.349;450.426513671875;0
1743.205;441.146118164063;0
1745.061;405.456298828125;0
1746.915;414.021697998047;0
1748.77;579.399291992187;0
1750.621;531.587097167969;0
1752.473;503.645690917969;0
1754.323;373.846740722656;0
1756.173;399.384033203125;0
1758.022;413.534240722656;0
1759.87;373.376281738281;0
1761.718;256.463623046875;0
1763.566;291.65869140625;0
1765.411;352.260192871094;0
1767.256;322.767883300781;0
1769.101;327.850616455078;0
1770.945;337.357086181641;0
1772.787;506.881225585937;0
1774.629;489.304931640625;0
1776.469;574.516296386719;0
1778.309;533.070861816406;0
1780.15;544.860107421875;0
1781.987;525.884094238281;0
1783.826;432.920593261719;0
1785.662;549.747375488281;0
1787.498;494.253295898438;0
1789.334;563.549499511719;0
1791.169;533.858154296875;0
1793.002;571.623840332031;0
1794.834;621.179748535156;0
1796.667;628.970336914063;0
1798.498;665.736755371094;0
1800.328;705.182312011719;0
1802.157;618.63671875;0
1803.986;595.759216308594;0
1805.813;560.105346679688;0
1807.639;675.11962890625;0
1809.467;721.024169921875;0
1811.292;745.485717773438;0
1813.117;672.94873046875;0
1814.94;677.302062988281;0
1816.763;699.434631347656;0
1818.585;684.682250976563;0
1820.407;528.489501953125;0
1822.227;476.300720214844;0
1824.048;452.115966796875;0
1825.865;521.825988769531;0
1827.683;387.097503662109;0
1829.501;313.375854492188;0
1831.317;226.444244384766;0
1833.135;290.861511230469;0
1834.948;129.734970092773;0
1836.761;171.577575683594;0
1838.577;213.267486572266;0
1840.388;414.980773925781;0
1842.198;368.493072509766;0
1844.009;373.244262695313;0
1845.819;361.01123046875;0
1847.629;301.143585205078;0
1849.436;231.854354858398;0
1851.244;132.36572265625;0
1853.052;233.894256591797;0
1854.858;174.334518432617;0
1856.661;210.109573364258;0
1858.466;268.329376220703;0
1860.269;299.793334960938;0
1862.073;406.170471191406;0
1863.875;347.683990478515;0
1865.673;319.000640869141;0
1867.476;255.009246826172;0
1869.275;208.932083129883;0
1871.072;390.493225097656;0
1872.872;451.801910400391;0
1874.667;387.13589477539;0
1876.464;263.712738037109;0
1878.26;252.570999145508;0
1880.053;260.892456054688;0
1881.849;216.016983032227;0
1883.64;218.056518554688;0
1885.431;341.344360351563;0
1887.226;449.766662597656;0
1889.014;310.4345703125;0
1890.803;359.236938476563;0
1892.594;295.729339599609;0
1894.38;517.91162109375;0
1896.167;460.006896972656;0
1897.955;521.015197753906;0
1899.74;442.380981445313;0
1901.526;459.439544677734;0
1903.309;468.860717773438;0
1905.091;423.977874755859;0
1906.876;364.01318359375;0
1908.658;193.077819824219;0
1910.438;200.172103881836;0
1912.217;232.851623535156;0
1913.996;302.783966064453;0
1915.775;317.859375;0
1917.553;355.079315185547;0
1919.33;421.336303710937;0
1921.106;406.186981201172;0
1922.881;318.300628662109;0
1924.655;342.896942138672;0
1926.431;353.420379638672;0
1928.202;233.537582397461;0
1929.974;69.9152145385742;0
1931.746;92.2180480957031;0
1933.516;234.970581054688;0
1935.286;356.991058349609;0
1937.055;380.603393554687;0
1938.823;473.590606689453;0
1940.592;428.06527709961;0
1942.356;388.316802978516;0
1944.122;395.668487548828;0
1945.888;469.944244384766;0
1947.651;466.144073486328;0
1949.416;305.934692382813;0
1951.178;302.431549072266;0
1952.939;314.854736328125;0
1954.699;477.644073486328;0
1956.459;551.021850585938;0
1958.219;577.328857421875;0
1959.979;617.115112304687;0
1961.735;603.067199707031;0
1963.491;649.630737304688;0
1965.249;476.672943115235;0
1967.003;459.859191894531;0
1968.761;435.748931884766;0
1970.512;541.789611816406;0
1972.265;565.758972167969;0
1974.018;496.436401367188;0
1975.769;461.235015869141;0
1977.522;402.965576171875;0
1979.271;414.072937011719;0
1981.018;339.89111328125;0
1982.766;202.53303527832;0
1984.516;230.373519897461;0
1986.261;222.815551757813;0
1988.009;326.248016357422;0
1989.754;300.170928955078;0
1991.498;316.251068115235;0
1993.241;347.157409667969;0
1994.984;350.667724609375;0
1996.727;287.560638427734;0
1998.468;229.614044189453;0
2000.206;232.604843139648;0
2001.946;331.75521850586;0
2003.686;416.28744506836;0
2005.424;378.310577392578;0
2007.161;443.9326171875;0
2008.898;402.375732421875;0
2010.634;457.534362792969;0
2012.369;419.964080810547;0
2014.103;425.220031738281;0
2015.836;410.080047607422;0
2017.57;450.322723388672;0
2019.299;459.950134277344;0
2021.032;412.518737792969;0
2022.762;343.247131347656;0
2024.491;322.134246826172;0
2026.221;334.955230712891;0
2027.947;352.821166992187;0
2029.676;358.843170166015;0
2031.403;414.354553222656;0
2033.128;381.466430664063;0
2034.852;391.401062011719;0
2036.577;375.078369140625;0
2038.299;449.683288574219;0
2040.022;416.003021240234;0
2041.744;243.365661621094;0
2043.465;193.215911865234;0
2045.184;201.776260375977;0
2046.903;347.827117919922;0
2048.621;343.043395996094;0
2050.339;309.315307617188;0
2052.057;254.19841003418;0
2053.774;231.021667480469;0
2055.488;178.118408203125;0
2057.203;207.488327026367;0
2058.917;223.688873291016;0
2060.631;302.273742675781;0
2062.344;299.244415283203;0
2064.053;294.713348388672;0
2065.765;273.236053466797;0
2067.476;291.257019042969;0
2069.185;320.997467041015;0
2070.892;354.011108398438;0
2072.6;343.414520263672;0
2074.308;356.986114501953;0
2076.014;329.391296386719;0
2077.72;315.184020996094;0
2079.425;307.919830322265;0
2081.13;328.042663574219;0
2082.833;385.329711914063;0
2084.532;355.667999267578;0
2086.236;283.349426269531;0
2087.936;145.752212524414;0
2089.635;167.796676635742;0
2091.335;221.452682495117;0
2093.034;239.942459106445;0
2094.731;157.708114624023;0
2096.427;167.489776611328;0
2098.124;311.318634033203;0
2099.82;436.978088378906;0
2101.515;489.912628173828;0
2103.207;472.917877197266;0
2104.902;509.753753662109;0
2106.594;552.531372070312;0
2108.286;579.808776855469;0
2109.976;582.257629394531;0
2111.667;546.403442382813;0
2113.355;583.826293945313;0
2115.044;546.190979003906;0
2116.732;542.36279296875;0
2118.42;465.271240234375;0
2120.105;481.850799560547;0
2121.79;522.275146484375;0
2123.476;588.48486328125;0
2125.16;581.852966308594;0
2126.844;599.157165527344;0
2128.524;580.508544921875;0
2130.207;573.351623535156;0
2131.888;562.575256347656;0
2133.567;597.847045898438;0
2135.247;607.283447265625;0
2136.927;623.555236816406;0
2138.603;594.881896972656;0
2140.281;633.713500976562;0
2141.957;638.717712402344;0
2143.633;654.89599609375;0
2145.308;684.695495605469;0
2146.981;690.33837890625;0
2148.654;731.713684082031;0
2150.328;671.034973144531;0
2152;636.858825683594;0
2153.669;622.039367675781;0
2155.34;637.057800292969;0
2157.01;658.913696289063;0
2158.677;641.163757324219;0
2160.347;676.747680664063;0
2162.013;695.168640136719;0
2163.681;745.980712890625;0
2165.347;789.7431640625;0
2167.011;780.162292480469;0
2168.674;725.346313476563;0
2170.337;689.029418945312;0
2172.002;638.764770507813;0
2173.662;685.000366210938;0
2175.324;668.513671875;0
2176.985;709.860229492187;0
2178.645;660.706726074219;0
2180.304;616.386413574219;0
2181.961;662.343872070313;0
2183.618;704.357543945312;0
2185.275;658.871887207031;0
2186.932;649.103088378906;0
2188.586;688.519653320313;0
2190.242;810.859130859375;0
2191.896;662.8125;0
2193.547;617.683959960937;0
2195.2;604.984802246094;0
2196.851;668.571838378906;0
2198.502;667.328369140625;0
2200.153;588.698791503906;0
2201.799;669.7763671875;0
2203.447;637.356750488281;0
2205.097;684.773254394531;0
2206.742;647.652770996094;0
2208.391;643.705505371094;0
2210.035;675.181945800781;0
2211.679;645.613220214844;0
2213.324;623.538818359375;0
2214.966;596.997375488281;0
2216.608;512.51708984375;0
2218.252;498.259033203125;0
2219.89;438.380432128906;0
2221.531;571.940612792969;0
2223.172;663.122253417969;0
2224.809;721.369812011719;0
2226.449;731.127685546875;0
2228.086;782.18115234375;0
2229.72;781.759155273438;0
2231.358;725.528686523438;0
2232.992;562.115356445313;0
2234.625;512.663024902344;0
2236.26;616.837829589844;0
2237.893;751.634155273437;0
2239.524;822.276306152344;0
2241.156;626.490661621094;0
2242.785;629.237670898438;0
2244.416;605.701232910156;0
2246.044;702.33056640625;0
2247.672;649.799682617188;0
2249.301;650.108642578125;0
2250.926;731.51904296875;0
2252.554;633.661071777344;0
2254.177;687.425964355469;0
2255.803;662.811889648438;0
2257.427;834.435852050781;0
2259.051;870.015258789063;0
2260.671;689.216857910156;0
2262.294;570.592407226562;0
2263.914;504.389465332031;0
2265.533;710.747497558594;0
2267.153;758.436096191406;0
2268.773;812.526550292969;0
2270.392;736.126892089844;0
2272.006;693.904174804687;0
2273.624;657.860290527344;0
2275.239;778.885314941406;0
2276.854;910.20263671875;0
2278.468;905.146606445313;0
2280.084;930.754455566406;0
2281.695;839.063049316406;0
2283.305;931.669311523437;0
2284.919;693.575500488281;0
2286.527;734.907531738281;0
2288.14;711.314270019531;0
2289.748;915.26953125;0
2291.354;1007.75579833984;0
2292.964;993.439819335938;0
2294.569;1009.76599121094;0
2296.174;937.510131835938;0
2297.782;918.116638183594;0
2299.386;883.16748046875;0
2300.99;725.357543945313;0
2302.594;807.114013671875;0
2304.195;782.943481445313;0
2305.798;891.286560058594;0
2307.399;760.697875976562;0
2308.998;690.416259765625;0
2310.598;643.86962890625;0
2312.197;712.039184570312;0
2313.795;864.825073242188;0
2315.392;1009.11352539062;0
2316.988;1038.90441894531;0
2318.585;1008.08685302734;0
2320.18;970.105102539063;0
2321.774;933.0703125;0
2323.368;922.863952636719;0
2324.961;916.257019042969;0
2326.553;758.639953613281;0
2328.145;806.527770996094;0
2329.735;812.677490234375;0
2331.324;1068.20581054688;0
2332.916;963.51953125;0
2334.503;795.907531738281;0
2336.092;593.521606445312;0
2337.677;577.034790039062;0
2339.263;695.837219238281;0
2340.85;790.8271484375;0
2342.434;866.738708496094;0
2344.018;898.251586914063;0
2345.602;840.796630859375;0
2347.185;814.965454101562;0
2348.768;787.712341308594;0
2350.347;887.702697753906;0
2351.928;899.046447753906;0
2353.51;943.188049316406;0
2355.087;867.793151855469;0
2356.665;759.634643554687;0
2358.243;548.866821289063;0
2359.819;553.211853027344;0
2361.396;631.616149902344;0
2362.972;743.912658691406;0
2364.547;800.989074707031;0
2366.121;813.289611816406;0
2367.694;950.367736816406;0
2369.267;965.666870117188;0
2370.839;743.408020019531;0
2372.411;636.367858886719;0
2373.982;623.181457519531;0
2375.55;864.929321289063;0
2377.118;669.398620605469;0
2378.687;707.146240234375;0
2380.254;800.00927734375;0
2381.821;1113.76965332031;0
2383.387;1098.87170410156;0
2384.954;1080.97387695313;0
2386.516;1040.74304199219;0
2388.082;1046.74060058594;0
2389.644;943.530700683594;0
2391.209;809.335388183594;0
2392.769;696.409057617187;0
2394.33;889.78662109375;0
2395.892;1084.38146972656;0
2397.449;1097.43017578125;0
2399.008;1013.38464355469;0
2400.568;1010.13690185547;0
2402.125;1019.57537841797;0
2403.68;944.365844726563;0
2405.238;908.181518554688;0
2406.792;993.136108398437;0
2408.349;1150.900390625;0
2409.902;1163.03137207031;0
2411.455;1209.97497558594;0
2413.007;1201.24035644531;0
2414.558;1266.248046875;0
2416.11;1198.00537109375;0
2417.66;1096.40283203125;0
2419.21;957.558715820313;0
2420.758;999.439880371094;0
2422.307;986.920593261719;0
2423.855;927.593811035156;0
2425.402;873.078247070312;0
2426.947;832.169982910156;0
2428.492;862.492980957031;0
2430.038;785.410705566406;0
2431.58;775.014831542969;0
2433.124;974.877502441406;0
2434.667;856.96435546875;0
2436.208;742.257751464844;0
2437.75;801.837951660156;0
2439.291;967.135192871094;0
2440.83;1072.30578613281;0
2442.369;1025.41882324219;0
2443.906;1179.25354003906;0
2445.444;1372.8115234375;0
2446.981;1186.60314941406;0
2448.517;1096.27856445313;0
2450.053;911.054443359375;0
2451.587;810.071472167969;0
2453.12;1000.76513671875;0
2454.655;1128.58666992188;0
2456.187;1412.36877441406;0
2457.718;1384.25622558594;0
2459.25;1388.58715820313;0
2460.781;1206.58520507813;0
2462.31;1081.58532714844;0
2463.84;1135.25207519531;0
2465.368;1184.53588867187;0
2466.896;1097.96350097656;0
2468.423;900.621704101563;0
2469.949;986.242431640625;0
2471.474;1090.47546386719;0
2472.998;1238.48413085938;0
2474.522;1040.09436035156;0
2476.045;1179.52478027344;0
2477.568;1142.6640625;0
2479.09;1273.72863769531;0
2480.612;1201.60095214844;0
2482.132;1015.05603027344;0
2483.653;928.252868652344;0
2485.171;857.128234863281;0
2486.689;1302.82336425781;0
2488.208;1447.65759277344;0
2489.725;1493.51245117187;0
2491.242;1450.38549804688;0
2492.757;1441.5009765625;0
2494.271;1307.86120605469;0
2495.785;1246.91296386719;0
2497.3;1376.65478515625;0
2498.812;1513.75183105469;0
2500.325;1304.64697265625;0
2501.837;998.005676269531;0
2503.345;579.20751953125;0
2504.856;508.054229736328;0
2506.366;619.538452148437;0
2507.875;906.102355957031;0
2509.382;1040.78527832031;0
2510.889;1049.25219726563;0
2512.397;860.278686523438;0
2513.901;667.605712890625;0
2515.406;587.097229003906;0
2516.911;849.773986816406;0
2518.415;889.019836425781;0
2519.918;904.611206054687;0
2521.421;882.881164550781;0
2522.922;769.460510253906;0
2524.423;799.869873046875;0
2525.924;616.222290039063;0
2527.422;681.001159667969;0
2528.923;615.406372070313;0
2530.419;891.992004394531;0
2531.916;906.689208984375;0
2533.415;1028.49633789063;0
2534.909;699.189880371094;0
2536.404;642.149169921875;0
2537.899;258.99658203125;0
2539.394;323.806335449219;0
2540.887;423.688568115234;0
2542.38;702.204711914063;0
2543.871;530.437805175781;0
2545.363;475.224090576172;0
2546.852;501.535949707031;0
2548.345;318.368774414062;0
2549.833;258.059539794922;0
2551.321;158.519134521484;0
2552.811;656.20556640625;0
2554.296;601.013427734375;0
2555.78;646.884948730469;0
2557.267;468.238586425781;0
2558.752;508.34326171875;0
2560.237;168.398178100586;0
2561.721;231.38410949707;0
2563.203;327.970153808594;0
2564.687;719.669494628906;0
2566.168;658.588500976562;0
2567.648;727.556274414063;0
2569.129;634.018310546875;0
2570.607;643.52783203125;0
2572.086;763.085632324219;0
2573.565;870.913024902344;0
2575.041;1049.24890136719;0
2576.518;939.5068359375;0
2577.994;1101.38427734375;0
2579.469;1231.97924804687;0
2580.945;1432.984375;0
2582.418;1286.50256347656;0
2583.892;1329.97534179687;0
2585.365;1307.29284667969;0
2586.835;1417.56762695313;0
2588.307;1394.02368164063;0
2589.778;1408.09777832031;0
2591.248;1432.22766113281;0
2592.717;1573.30090332031;0
2594.186;1448.76098632813;0
2595.652;1557.49755859375;0
2597.121;1192.40612792969;0
2598.585;1306.37561035156;0
2600.052;1266.07409667969;0
2601.518;1303.05249023438;0
2602.982;1372.4267578125;0
2604.446;1394.86706542969;0
2605.907;1634.70837402344;0
2607.371;1484.73083496094;0
2608.83;1608.04504394531;0
2610.293;1591.64428710937;0
2611.752;1668.86511230469;0
2613.213;1679.93078613281;0
2614.672;1659.17590332031;0
2616.13;1875.48974609375;0
2617.587;1753.09619140625;0
2619.043;1926.88549804688;0
2620.501;1715.74792480469;0
2621.957;1725.6806640625;0
2623.409;1552.33752441406;0
2624.864;1744.89575195312;0
2626.318;1753.40124511719;0
2627.771;1920.07800292969;0
2629.222;1841.1435546875;0
2630.673;1934.91235351563;0
2632.124;1963.17248535156;0
2633.575;2088.71069335938;0
2635.023;1977.08129882813;0
2636.473;1760.28051757813;0
2637.922;1630.9541015625;0
2639.368;1663.20178222656;0
2640.816;1679.82360839844;0
2642.261;1695.78857421875;0
2643.705;1422.75915527344;0
2645.151;1459.61975097656;0
2646.596;1399.67175292969;0
2648.037;1501.87133789063;0
2649.48;1310.83459472656;0
2650.923;1169.71508789062;0
2652.364;1267.96435546875;0
2653.804;1356.20068359375;0
2655.243;1462.42749023438;0
2656.683;1474.31591796875;0
2658.121;1484.75939941406;0
2659.559;1183.31408691406;0
2660.997;1038.8525390625;0
2662.433;980.183044433594;0
2663.868;1208.6083984375;0
2665.305;1066.25451660156;0
2666.737;1024.67041015625;0
2668.173;1051.63134765625;0
2669.606;1028.8037109375;0
2671.038;1028.96398925781;0
2672.47;770.112121582031;0
2673.901;742.135620117188;0
2675.331;758.597473144531;0
2676.761;837.504516601562;0
2678.189;821.080078125;0
2679.619;580.547546386719;0
2681.045;334.795776367188;0
2682.473;433.71630859375;0
2683.9;532.89599609375;0
2685.324;687.328857421875;0
2686.749;652.171203613281;0
2688.176;477.014862060547;0
2689.599;360.082244873047;0
2691.021;304.32763671875;0
2692.444;389.835235595703;0
2693.865;557.906188964844;0
2695.287;465.436157226562;0
2696.707;520.764587402344;0
2698.125;463.003112792969;0
2699.545;724.151428222656;0
2700.963;737.209167480469;0
2702.381;667.287719726562;0
2703.798;640.387817382813;0
2705.214;668.953857421875;0
2706.629;824.453186035156;0
2708.046;880.150695800781;0
2709.458;990.7041015625;0
2710.872;1041.67248535156;0
2712.285;998.34423828125;0
2713.699;816.711120605469;0
2715.111;625.774108886719;0
2716.52;582.360534667969;0
2717.93;591.29638671875;0
2719.342;633.2421875;0
2720.749;533.583190917969;0
2722.159;660.787963867187;0
2723.565;809.49267578125;0
2724.971;902.677001953125;0
2726.38;925.251708984375;0
2727.785;953.545166015625;0
2729.19;1182.3349609375;0
2730.594;1285.6318359375;0
2731.997;1442.65124511719;0
2733.401;1388.72058105469;0
2734.803;1382.14636230469;0
2736.204;1372.32141113281;0
2737.606;1482.95129394531;0
2739.005;1617.52600097656;0
2740.405;1516.85083007813;0
2741.806;1617.02368164062;0
2743.202;1639.37072753906;0
2744.602;1818.76574707031;0
2745.998;1638.43310546875;0
2747.395;1520.81896972656;0
2748.79;1345.37121582031;0
2750.185;1444.45568847656;0
2751.58;1503.37072753906;0
2752.975;1651.33666992187;0
2754.366;1763.46459960938;0
2755.759;1945.96215820312;0
2757.151;2024.94030761719;0
2758.542;1983.51037597656;0
2759.933;2013.67211914063;0
2761.322;2104.53686523438;0
2762.71;2077.92114257813;0
2764.1;1907.56384277344;0
2765.486;1640.27258300781;0
2766.875;1592.57897949219;0
2768.26;1631.79919433594;0
2769.646;1773.54821777344;0
2771.031;1799.89575195312;0
2772.418;1715.84008789063;0
2773.799;1667.53649902344;0
2775.184;1763.67712402344;0
2776.565;1914.18273925781;0
2777.946;2077.93872070313;0
2779.328;2091.2705078125;0
2780.708;2064.623046875;0
2782.09;2092.21850585938;0
2783.469;2244.50122070313;0
2784.847;2269.2470703125;0
2786.226;2229.8984375;0
2787.603;2108.00952148438;0
2788.978;2048.228515625;0
2790.355;2028.19360351563;0
2791.731;1915.69262695313;0
2793.104;2016.72326660156;0
2794.479;1949.76293945313;0
2795.853;1831.3701171875;0
2797.225;1874.67077636719;0
2798.596;1779.71362304687;0
2799.967;1803.26257324219;0
2801.341;1454.03845214844;0
2802.71;1294.22497558594;0
2804.077;1018.57330322266;0
2805.447;984.89306640625;0
2806.815;824.776977539063;0
2808.183;822.426940917969;0
2809.551;760.078063964844;0
2810.915;950.620788574219;0
2812.282;1027.169921875;0
2813.646;1069.95568847656;0
2815.011;982.179626464844;0
2816.375;990.30126953125;0
2817.736;961.717956542969;0
2819.099;1009.86169433594;0
2820.462;692.795593261719;0
2821.821;689.271423339844;0
2823.182;639.081359863281;0
2824.542;980.234191894531;0
2825.901;1068.85778808594;0
2827.261;1091.35522460937;0
2828.617;961.07275390625;0
2829.974;829.443237304687;0
2831.33;826.789001464844;0
2832.686;740.369873046875;0
2834.043;867.2353515625;0
2835.395;1001.45007324219;0
2836.75;1345.69519042969;0
2838.104;1426.41650390625;0
2839.456;1284.837890625;0
2840.807;1271.51635742188;0
2842.16;1139.1201171875;0
2843.509;1215.25939941406;0
2844.858;1120.9365234375;0
2846.209;1036.49768066406;0
2847.556;858.043090820312;0
2848.906;678.267822265625;0
2850.253;827.895568847656;0
2851.6;768.877014160156;0
2852.946;764.65576171875;0
2854.29;392.372131347656;0
2855.635;493.717742919922;0
2856.98;400.254333496094;0
2858.323;563.924072265625;0
2859.665;492.395141601563;0
2861.008;431.001556396484;0
2862.349;581.822631835938;0
2863.691;665.846069335938;0
2865.031;711.026916503906;0
2866.37;740.902404785156;0
2867.709;459.475067138672;0
2869.048;419.074127197266;0
2870.385;422.362274169922;0
2871.722;731.490234375;0
2873.059;1016.60534667969;0
2874.394;990.520874023438;0
2875.73;1115.34606933594;0
2877.064;1057.13317871094;0
2878.398;962.981506347656;0
2879.731;899.878356933594;0
2881.063;1017.02935791016;0
2882.395;1180.98596191406;0
2883.727;1297.2734375;0
2885.059;1303.89135742188;0
2886.387;1480.72546386719;0
2887.717;1485.44396972656;0
2889.046;1441.38635253906;0
2890.374;1327.71862792969;0
2891.699;1328.93237304687;0
2893.028;1245.59057617188;0
2894.354;1202.77258300781;0
2895.679;1133.57177734375;0
2897.004;1432.61535644531;0
2898.328;1375.09838867187;0
2899.653;1580.78198242187;0
2900.976;1590.77490234375;0
2902.297;1673.90185546875;0
2903.619;1525.52136230469;0
2904.941;1404.83837890625;0
2906.26;1258.07409667969;0
2907.58;1254.54626464844;0
2908.898;1246.26086425781;0
2910.217;1374.50866699219;0
2911.536;1291.85180664063;0
2912.852;1462.68347167969;0
2914.171;1679.93933105469;0
2915.485;1823.61779785156;0
2916.799;1921.27380371094;0
2918.116;1852.68371582031;0
2919.428;1787.95715332031;0
2920.743;1526.53637695313;0
2922.056;1488.11010742188;0
2923.367;1655.49816894531;0
2924.679;1595.65368652344;0
2925.99;1682.46252441406;0
2927.299;1630.25122070313;0
2928.609;1812.52111816406;0
2929.918;1769.43151855469;0
2931.226;1507.095703125;0
2932.535;1454.82019042969;0
2933.841;1296.57824707031;0
2935.149;1582.03356933594;0
2936.455;1493.57788085938;0
2937.758;1578.76538085938;0
2939.064;1426.03967285156;0
2940.368;1410.76611328125;0
2941.67;1413.73449707031;0
2942.973;1499.43444824219;0
2944.277;1681.21740722656;0
2945.577;1648.30334472656;0
2946.878;1638.13903808594;0
2948.178;1621.060546875;0
2949.477;1552.13781738281;0
2950.776;1625.00122070313;0
2952.073;1668.40600585938;0
2953.372;1604.91540527344;0
2954.669;1594.1484375;0
2955.965;1473.89379882813;0
2957.261;1577.11218261719;0
2958.556;1482.2197265625;0
2959.849;1487.42895507813;0
2961.145;1636.32751464844;0
2962.436;1753.58227539063;0
2963.732;1670.52978515625;0
2965.022;1626.72399902344;0
2966.313;1494.15893554687;0
2967.603;1567.77941894531;0
2968.893;1372.42749023438;0
2970.182;1316.3154296875;0
2971.471;1094.05590820313;0
2972.759;1066.00854492188;0
2974.047;1081.86682128906;0
2975.334;1179.40710449219;0
2976.62;1228.53515625;0
2977.907;1171.91967773438;0
2979.192;1113.18078613281;0
2980.475;902.959594726563;0
2981.76;993.0498046875;0
2983.043;990.485595703125;0
2984.326;1077.93432617188;0
2985.607;936.283752441406;0
2986.888;927.090698242188;0
2988.17;1015.68853759766;0
2989.449;930.07861328125;0
2990.728;867.14990234375;0
2992.007;806.90234375;0
2993.284;725.223999023438;0
2994.562;772.337097167969;0
2995.84;571.019348144531;0
2997.115;578.255187988281;0
2998.393;390.814392089844;0
2999.666;391.358673095703;0
3000.94;401.385345458984;0
3002.215;469.528289794922;0
3003.486;543.009643554688;0
3004.76;624.386352539063;0
3006.033;782.659973144531;0
3007.303;688.596984863281;0
3008.573;479.191772460938;0
3009.844;338.438629150391;0
3011.114;421.002960205078;0
3012.383;504.593200683594;0
3013.649;427.526184082031;0
3014.917;311.652252197266;0
3016.185;348.354370117188;0
3017.451;330.586761474609;0
3018.716;356.825500488281;0
3019.983;255.71110534668;0
3021.246;301.675018310547;0
3022.509;415.828338623047;0
3023.774;526.281494140625;0
3025.035;551.364624023438;0
3026.299;323.632537841797;0
3027.56;382.112762451172;0
3028.819;364.631500244141;0
3030.081;372.554046630859;0
3031.339;159.111618041992;0
3032.598;166.202667236328;0
3033.856;201.25830078125;0
3035.114;343.732757568359;0
3036.372;286.836944580078;0
3037.628;467.944610595703;0
3038.883;410.924194335938;0
3040.138;407.772735595703;0
3041.394;360.260223388672;0
3042.646;442.498382568359;0
3043.9;342.243835449219;0
3045.152;311.050415039063;0
3046.405;328.577209472656;0
3047.657;503.957641601563;0
3048.906;676.320434570313;0
3050.158;756.33935546875;0
3051.407;892.158386230469;0
3052.656;774.921691894531;0
3053.904;859.62890625;0
3055.153;823.136352539062;0
3056.398;857.693237304688;0
3057.647;715.543579101563;0
3058.892;728.119079589844;0
3060.137;922.643249511719;0
3061.382;1039.3369140625;0
3062.625;1060.31140136719;0
3063.869;952.676208496094;0
3065.112;897.636291503906;0
3066.353;767.764404296875;0
3067.595;810.392456054688;0
3068.838;807.630859375;0
3070.075;1152.16418457031;0
3071.317;1212.63757324219;0
3072.557;1195.69555664062;0
3073.795;929.609069824219;0
3075.032;861.552612304688;0
3076.27;950.454467773437;0
3077.507;1036.42626953125;0
3078.742;1037.17419433594;0
3079.978;976.066223144531;0
3081.212;938.367248535156;0
3082.446;998.792175292969;0
3083.681;1015.27368164062;0
3084.913;1068.30554199219;0
3086.147;1051.17858886719;0
3087.38;1105.02062988281;0
3088.61;1124.42590332031;0
3089.84;1124.34326171875;0
3091.071;1029.92919921875;0
3092.3;985.707885742188;0
3093.529;1122.37426757812;0
3094.755;1272.49548339844;0
3095.984;1464.29345703125;0
3097.211;1482.1044921875;0
3098.438;1311.59826660156;0
3099.663;1200.44104003906;0
3100.888;1061.49279785156;0
3102.112;1101.70361328125;0
3103.335;979.817993164062;0
3104.56;916.16162109375;0
3105.782;1076.17163085938;0
3107.005;1071.97119140625;0
3108.226;1150.54919433594;0
3109.447;946.471008300781;0
3110.667;926.139343261719;0
3111.887;853.017822265625;0
3113.104;989.663513183594;0
3114.324;1022.41625976563;0
3115.541;1181.82958984375;0
3116.758;1183.03430175781;0
3117.976;1190.01281738281;0
3119.192;1102.1484375;0
3120.408;1124.84606933594;0
3121.622;1146.75146484375;0
3122.835;1112.63244628906;0
3124.05;1100.78674316406;0
3125.262;1172.18151855469;0
3126.476;1080.26330566406;0
3127.687;920.729736328125;0
3128.897;909.443298339844;0
3130.108;1136.37475585938;0
3131.319;1276.87072753906;0
3132.528;1427.59851074219;0
3133.737;1308.89294433594;0
3134.945;1431.755859375;0
3136.152;1225.07751464844;0
3137.358;1384.31994628906;0
3138.565;1358.68823242187;0
3139.772;1420.07287597656;0
3140.976;1248.03015136719;0
3142.18;1052.32165527344;0
3143.385;963.875671386719;0
3144.588;1047.94116210937;0
3145.79;1213.6875;0
3146.993;1378.44360351563;0
3148.194;1167.43151855469;0
3149.395;1081.65258789063;0
3150.596;1015.28973388672;0
3151.794;1053.30810546875;0
3152.994;960.425537109375;0
3154.193;871.88916015625;0
3155.39;834.440124511719;0
3156.587;816.58740234375;0
3157.784;816.173645019531;0
3158.982;677.533813476563;0
3160.177;524.335693359375;0
3161.37;355.025451660156;0
3162.565;452.933929443359;0
3163.759;604.949951171875;0
3164.952;585.961791992188;0
3166.146;559.639282226563;0
3167.337;524.105590820313;0
3168.527;577.397094726563;0
3169.719;625.073181152344;0
3170.91;488.940490722656;0
3172.098;448.598602294922;0
3173.288;306.369171142578;0
3174.475;261.487243652344;0
3175.663;171.887725830078;0
3176.849;293.506011962891;0
3178.037;443.124816894531;0
3179.223;534.99267578125;0
3180.408;480.010894775391;0
3181.592;282.238983154297;0
3182.777;276.717346191406;0
3183.96;310.560211181641;0
3185.143;504.740539550781;0
3186.325;582.607482910156;0
3187.507;680.356079101563;0
3188.688;581.970458984375;0
3189.869;510.969482421875;0
3191.049;321.205688476563;0
3192.228;463.98974609375;0
3193.406;395.930541992188;0
3194.585;437.224639892578;0
3195.763;477.998046875;0
3196.939;513.648315429688;0
3198.116;612.173828125;0
3199.292;702.459289550781;0
3200.466;759.074096679688;0
3201.643;916.354309082031;0
3202.816;1028.52514648437;0
3203.991;1148.58801269531;0
3205.161;1127.5439453125;0
3206.334;998.731140136719;0
3207.504;1107.3662109375;0
3208.677;1138.0966796875;0
3209.846;1247.94482421875;0
3211.017;1365.65502929687;0
3212.187;1442.20593261719;0
3213.356;1282.10925292969;0
3214.524;1211.7119140625;0
3215.69;1148.82971191406;0
3216.859;1328.70654296875;0
3218.024;1342.13696289062;0
3219.189;1470.23278808594;0
3220.354;1346.99670410156;0
3221.519;1332.61218261719;0
3222.682;1161.08569335938;0
3223.845;1228.44262695312;0
3225.01;1350.5703125;0
3226.171;1692.02331542969;0
3227.332;1801.51538085938;0
3228.494;1906.55676269531;0
3229.655;1815.40112304688;0
3230.814;1851.30700683594;0
3231.973;1737.17102050781;0
3233.13;1710.36633300781;0
3234.29;1695.09729003906;0
3235.447;1711.40600585938;0
3236.605;1737.73522949219;0
3237.76;1724.48962402344;0
3238.916;1746.66381835938;0
3240.071;1697.560546875;0
3241.224;1662.80102539062;0
3242.381;1560.73400878906;0
3243.532;1491.68139648437;0
3244.685;1535.81787109375;0
3245.839;1498.65100097656;0
3246.99;1472.28601074219;0
3248.141;1312.03466796875;0
3249.292;1382.99938964844;0
3250.439;1391.11962890625;0
3251.589;1375.9091796875;0
3252.739;1389.8076171875;0
3253.886;1402.39672851562;0
3255.034;1531.77075195312;0
3256.18;1478.73657226563;0
3257.326;1394.21765136719;0
3258.472;1433.28271484375;0
3259.617;1409.54284667969;0
3260.761;1300.32849121094;0
3261.905;1278.89208984375;0
3263.048;1269.94458007813;0
3264.19;1415.54968261719;0
3265.333;1313.52722167969;0
3266.475;1316.43395996094;0
3267.617;1332.390625;0
3268.757;1417.84655761719;0
3269.896;1510.02734375;0
3271.036;1490.81921386719;0
3272.175;1552.7763671875;0
3273.313;1467.00854492188;0
3274.449;1537.17834472656;0
3275.586;1530.07006835938;0
3276.722;1534.48474121094;0
3277.859;1542.29028320313;0
3278.993;1446.63342285156;0
3280.13;1446.5341796875;0
3281.263;1326.70788574219;0
3282.395;1320.25073242187;0
3283.529;1351.13134765625;0
3284.66;1574.99523925781;0
3285.794;1544.94165039063;0
3286.924;1466.9697265625;0
3288.054;1253.07678222656;0
3289.185;1192.96752929687;0
3290.313;996.778686523438;0
3291.443;987.750305175781;0
3292.571;990.998352050781;0
3293.698;1201.63146972656;0
3294.824;1295.64892578125;0
3295.952;1295.09399414063;0
3297.077;1290.82421875;0
3298.203;1232.80627441406;0
3299.328;1360.59191894531;0
3300.45;1281.47436523438;0
3301.574;1208.80322265625;0
3302.698;949.089477539063;0
3303.819;1037.87915039063;0
3304.942;954.683410644531;0
3306.064;916.232604980469;0
3307.182;895.062866210938;0
3308.303;795.201232910156;0
3309.423;864.491149902344;0
3310.542;720.234680175781;0
3311.66;728.440979003906;0
3312.778;664.560791015625;0
3313.895;670.708312988281;0
3315.012;696.771118164063;0
3316.128;755.134948730469;0
3317.243;730.274597167969;0
3318.357;807.673278808594;0
3319.471;894.974792480469;0
3320.586;957.281005859375;0
3321.698;1119.54052734375;0
3322.813;1169.88000488281;0
3323.923;1291.31042480469;0
3325.034;1307.18505859375;0
3326.146;1308.50622558594;0
3327.255;1265.74291992187;0
3328.366;1127.08117675781;0
3329.474;1057.16979980469;0
3330.582;1005.92712402344;0
3331.691;1024.97814941406;0
3332.797;1095.43029785156;0
3333.905;1063.05541992188;0
3335.011;1044.90344238281;0
3336.116;980.4892578125;0
3337.22;993.302795410156;0
3338.327;1035.61059570313;0
3339.429;1092.82495117188;0
3340.534;980.952758789063;0
3341.635;969.823547363281;0
3342.737;848.64013671875;0
3343.84;954.625366210938;0
3344.94;947.223510742187;0
3346.041;872.326965332031;0
3347.142;727.47802734375;0
3348.24;605.796447753906;0
3349.337;693.039245605469;0
3350.437;718.72021484375;0
3351.534;687.83349609375;0
3352.633;717.302978515625;0
3353.727;781.841613769531;0
3354.823;756.678283691406;0
3355.919;824.373168945313;0
3357.013;868.6259765625;0
3358.108;959.240844726562;0
3359.201;1030.24597167969;0
3360.293;1021.45782470703;0
3361.385;1072.7060546875;0
3362.478;918.13818359375;0
3363.569;994.168212890625;0
3364.661;929.136108398438;0
3365.75;1043.69384765625;0
3366.838;1006.26391601562;0
3367.929;1102.3857421875;0
3369.017;1180.34985351563;0
3370.105;1161.162109375;0
3371.193;1130.07885742188;0
3372.279;925.934936523438;0
3373.364;1041.36437988281;0
3374.45;1041.03857421875;0
3375.534;1110.76745605469;0
3376.62;1157.4404296875;0
3377.704;1286.71057128906;0
3378.786;1263.77893066406;0
3379.871;1221.23254394531;0
3380.951;1162.25634765625;0
3382.034;1241.30456542969;0
3383.114;1143.681640625;0
3384.195;1124.47680664063;0
3385.276;1151.830078125;0
3386.354;1178.12121582031;0
3387.433;1205.447265625;0
3388.511;1267.88891601563;0
3389.588;1255.18420410156;0
3390.664;1340.85668945313;0
3391.742;1230.51928710938;0
3392.816;1214.78503417969;0
3393.893;1159.76245117188;0
3394.968;1288.06921386719;0
3396.042;1336.71228027344;0
3397.115;1349.22192382813;0
3398.189;1246.27404785156;0
3399.262;1248.50378417969;0
3400.333;1257.66662597656;0
3401.404;1334.83679199219;0
3402.474;1336.30004882813;0
3403.545;1358.10095214844;0
3404.615;1361.87182617188;0
3405.685;1572.55834960938;0
3406.752;1650.3916015625;0
3407.82;1699.63659667969;0
3408.888;1593.74645996094;0
3409.955;1513.26904296875;0
3411.021;1429.28198242188;0
3412.085;1399.62219238281;0
3413.151;1336.58752441406;0
3414.215;1260.38012695313;0
3415.279;1245.13220214844;0
3416.343;1334.94030761719;0
3417.406;1408.23608398438;0
3418.468;1424.09008789063;0
3419.53;1292.09020996094;0
3420.592;1269.88671875;0
3421.652;1313.22375488281;0
3422.712;1339.32836914063;0
3423.773;1227.62121582031;0
3424.83;1203.20727539063;0
3425.889;1379.31433105469;0
3426.946;1522.67529296875;0
3428.005;1555.63903808594;0
3429.061;1552.99328613281;0
3430.117;1687.75744628906;0
3431.172;1722.39404296875;0
3432.227;1651.66564941406;0
3433.281;1559.50158691406;0
3434.335;1462.41748046875;0
3435.389;1423.13452148438;0
3436.44;1488.37060546875;0
3437.492;1542.69152832031;0
3438.546;1542.1826171875;0
3439.598;1427.232421875;0
3440.646;1322.31799316406;0
3441.697;1366.17797851563;0
3442.745;1411.10803222656;0
3443.793;1583.16711425781;0
3444.842;1500.83874511719;0
3445.891;1544.55773925781;0
3446.937;1505.26428222656;0
3447.984;1562.25549316406;0
3449.031;1479.77099609375;0
3450.075;1522.50708007813;0
3451.12;1516.8330078125;0
3452.164;1532.29138183594;0
3453.207;1490.81713867188;0
3454.251;1560.13122558594;0
3455.293;1583.89013671875;0
3456.336;1582.04809570313;0
3457.378;1456.28161621094;0
3458.417;1331.65258789063;0
3459.458;1202.58532714844;0
3460.498;1213.1220703125;0
3461.539;1279.8466796875;0
3462.577;1321.89440917969;0
3463.614;1297.89392089844;0
3464.651;1292.13647460938;0
3465.689;1215.36145019531;0
3466.726;1216.89880371094;0
3467.763;1179.72119140625;0
3468.798;1216.59875488281;0
3469.831;1069.77868652344;0
3470.866;1111.11376953125;0
3471.9;1075.35241699219;0
3472.933;1102.10375976563;0
3473.966;1003.93005371094;0
3474.999;1052.578125;0
3476.029;1108.35986328125;0
3477.061;1176.29382324219;0
3478.09;996.151428222656;0
3479.121;947.1748046875;0
3480.15;880.612731933594;0
3481.178;873.154541015625;0
3482.205;930.9150390625;0
3483.234;939.347778320313;0
3484.26;940.677795410156;0
3485.288;875.933227539063;0
3486.313;887.426330566406;0
3487.337;998.646850585938;0
3488.364;1011.34857177734;0
3489.387;1165.30187988281;0
3490.411;1161.71472167969;0
3491.434;1253.31494140625;0
3492.456;1078.13842773438;0
3493.479;898.909362792969;0
3494.5;732.313720703125;0
3495.521;532.593383789062;0
3496.543;521.201110839844;0
3497.561;491.55712890625;0
3498.579;334.591583251953;0
3499.6;255.243850708008;0
3500.618;34.581657409668;0
3501.636;45.0649757385254;0
3502.653;-41.3741264343262;0
3503.669;-55.043571472168;0
3504.685;-97.0460662841797;0
3505.699;-81.1503753662109;0
3506.716;-31.0790557861328;0
3507.729;-77.2870407104492;0
3508.743;-204.605331420898;0
3509.755;-133.361114501953;0
