98.64605;0;0
101.2353;0;0
103.8217;0;0
106.4096;-16.4074077606201;0
108.9945;42.6666679382324;0
111.5767;-3.39682531356812;0
114.1602;-68.3333358764648;0
116.7409;-49.7070693969727;0
119.3209;10.3504276275635;0
121.9002;63.2370376586914;0
124.4788;110.137252807617;0
127.0566;-12.6374273300171;0
129.6317;-70.8412704467773;0
132.2038;-81.5990371704102;0
134.7796;-52.924446105957;0
137.3503;-75.0164642333984;0
139.9204;-109.946357727051;0
142.4919;127.00358581543;0
145.0584;321.6767578125;0
147.6242;538.882568359375;0
150.1914;584.705688476563;0
152.7579;702.222229003906;0
155.3216;637.422790527344;0
157.8846;761.033569335937;0
160.4448;766.570373535156;0
163.0085;908.770690917969;0
165.5672;939.721069335938;0
168.1232;959.25927734375;0
170.6826;986.016784667969;0
173.2372;1083.90710449219;0
175.7931;1199.83825683594;0
178.3463;1234.20532226563;0
180.8966;1326.30700683594;0
183.4504;1400.9736328125;0
185.9993;1511.48022460938;0
188.5476;1465.08850097656;0
191.0972;1439.99621582031;0
193.644;1387.72875976563;0
196.1859;1364.15441894531;0
198.7335;1409.20532226562;0
201.2761;1322.45764160156;0
203.8201;1343.66662597656;0
206.3593;1316.580078125;0
208.8998;1455.05834960938;0
211.4397;1461.74768066406;0
213.9746;1510.32580566406;0
216.5109;1683.83996582031;0
219.0487;1784.82482910156;0
221.5816;1904.48205566406;0
224.1158;1800.93408203125;0
226.6473;1876.41613769531;0
229.176;1927.736328125;0
231.7082;2093.0810546875;0
234.2355;2203.37475585938;0
236.7643;2151.67041015625;0
239.2902;2097.16943359375;0
241.8133;2057.6025390625;0
244.3379;2036.13562011719;0
246.8618;2035.50842285156;0
249.3828;1954.2109375;0
251.9053;2064.90966796875;0
254.423;2034.32202148438;0
256.942;2027.052734375;0
259.4603;2054.0263671875;0
261.9759;2017.14501953125;0
264.4887;1983.32397460938;0
267.005;1915.69116210937;0
269.5164;2003.62145996094;0
272.0292;2073.06591796875;0
274.5393;2208.96411132813;0
277.0466;2230.30883789063;0
279.5574;2365.09985351563;0
282.0654;2393.11108398438;0
284.5686;2378.74755859375;0
287.0752;2384.29565429688;0
289.5791;2267.96801757813;0
292.0803;2204.50659179688;0
294.5828;2040.05456542969;0
297.0826;1913.39733886719;0
299.5838;1890.13745117187;0
302.0801;1776.43688964844;0
304.5758;1741.947265625;0
307.0749;1701.57067871094;0
309.5672;1674.85119628906;0
312.0608;1646.28063964844;0
314.5558;1614.64782714844;0
317.044;1696.49340820313;0
319.5377;1687.32763671875;0
322.0266;1745.71936035156;0
324.5127;1746.685546875;0
327.0023;1903.37854003906;0
329.4871;1944.51977539063;0
331.9691;2095.16577148438;0
334.4547;2030.89453125;0
336.9353;2008.64025878906;0
339.4174;1905.158203125;0
341.901;2018.69873046875;0
344.3776;2107.35034179688;0
346.8577;2248.26733398438;0
349.333;2253.85131835938;0
351.8076;2162.30883789063;0
354.2857;2001.92846679688;0
356.7569;1930.99243164063;0
359.2296;1903.77661132813;0
361.7015;1881.90087890625;0
364.1729;1895.125;0
366.6414;1849.79321289063;0
369.1093;1913.24645996094;0
371.5745;1895.92077636719;0
374.0432;1848.83251953125;0
376.507;1797.83850097656;0
378.9702;1632.24438476563;0
381.4348;1579.33178710937;0
383.8947;1590.58410644531;0
386.3538;1753.35656738281;0
388.8144;1903.30249023438;0
391.2722;1953.10656738281;0
393.7314;1957.77966308594;0
396.1859;2011.03076171875;0
398.6418;2120.51708984375;0
401.0949;2269.5087890625;0
403.5475;2250.57177734375;0
405.9972;2232.69360351563;0
408.4505;2218.25122070313;0
410.899;2291.69091796875;0
413.3468;2251.01538085938;0
415.796;2231.37475585938;0
418.2405;2280.96459960938;0
420.6884;2305.87890625;0
423.1295;2241.69262695313;0
425.572;2199.15380859375;0
428.0159;2123.17529296875;0
430.455;2155.57568359375;0
432.8956;1976.80883789063;0
435.3335;2012.66540527344;0
437.7707;1813.5126953125;0
440.2093;1812.27014160156;0
442.6432;1709.29711914063;0
445.0764;1739.41198730469;0
447.511;1734.90454101563;0
449.9429;1699.55981445313;0
452.3721;1770.31237792969;0
454.8048;1711.4130859375;0
457.2328;1779.52783203125;0
459.66;1772.2666015625;0
462.0847;1816.29333496094;0
464.5127;1892.13049316406;0
466.9381;1954.25048828125;0
469.3587;2078.5263671875;0
471.7807;2089.82348632813;0
474.2042;2109.42529296875;0
476.6229;2253.15283203125;0
479.041;2327.53393554688;0
481.4604;2334.6123046875;0
483.8752;2219.7861328125;0
486.2934;2229.48486328125;0
488.7068;2182.84838867188;0
491.1197;2170.88134765625;0
493.5339;1967.46032714844;0
495.9435;1822.03479003906;0
498.3544;1666.05798339844;0
500.7667;1721.58264160156;0
503.1723;1829.7666015625;0
505.5793;1848.53173828125;0
507.9856;1702.27514648438;0
510.3913;1468.15478515625;0
512.7944;1447.08239746094;0
515.1968;1404.11889648438;0
517.5986;1488.09326171875;0
519.9997;1415.74047851563;0
522.3982;1433.22570800781;0
524.798;1373.06262207031;0
527.1973;1407.34448242188;0
529.5919;1521.25390625;0
531.9899;1500.18579101562;0
534.3832;1605.75756835938;0
536.7758;1539.52465820313;0
539.1699;1631.97839355469;0
541.5593;1501.60681152344;0
543.9481;1541.748046875;0
546.3382;1643.43859863281;0
548.7257;1706.66882324219;0
551.1146;1771.22998046875;0
553.4968;1802.15966796875;0
555.8824;1963.77893066406;0
558.2675;2060.58251953125;0
560.6478;2092.26293945313;0
563.0295;1994.99255371094;0
565.4106;1828.44689941406;0
567.7911;1684.29833984375;0
570.169;1679.09948730469;0
572.5462;1684.07055664062;0
574.9229;1756.20837402344;0
577.2968;1635.39575195313;0
579.6721;1598.96520996094;0
582.0449;1459.45837402344;0
584.417;1395.21752929688;0
586.7885;1221.00146484375;0
589.1553;1244.88317871094;0
591.5255;1264.07934570313;0
593.8931;1298.18530273438;0
596.2601;1259.908203125;0
598.6265;1165.55712890625;0
600.9902;1284.49633789063;0
603.3554;1269.85107421875;0
605.7179;1375.43273925781;0
608.0778;1355.4482421875;0
610.4391;1345.10400390625;0
612.7977;1254.31616210938;0
615.1558;1258.26916503906;0
617.5132;1457.74975585938;0
619.8701;1517.67492675781;0
622.2263;1526.28759765625;0
624.5779;1433.71960449219;0
626.9308;1607.62231445312;0
629.2852;1725.78942871094;0
631.6349;1832.19860839844;0
633.9841;1913.60546875;0
636.3326;1962.61059570313;0
638.6805;2044.03100585938;0
641.0279;2083.50048828125;0
643.3746;2163.27368164063;0
645.7187;2198.3076171875;0
648.0621;2148.48608398438;0
650.405;1874.91784667969;0
652.7453;1939.74389648438;0
655.087;1942.63403320313;0
657.426;2073.80297851563;0
659.7645;2001.880859375;0
662.1024;1944.8095703125;0
664.4376;1861.21691894531;0
666.7742;1760.67175292969;0
669.1063;1620.40881347656;0
671.4398;1666.97033691406;0
673.7726;1692.30651855469;0
676.1048;1715.720703125;0
678.4324;1774.40222167969;0
680.7635;1792.50134277344;0
683.0919;1820.24951171875;0
685.4158;1651.849609375;0
687.743;1497.31701660156;0
690.0696;1471.24365234375;0
692.3937;1552.87036132813;0
694.7151;1596.7890625;0
697.038;1703.13842773437;0
699.3583;1718.89404296875;0
701.6779;1809.52404785156;0
703.995;1788.31433105469;0
706.3155;1733.62145996094;0
708.6294;1751.12097167969;0
710.9467;1691.13305664063;0
713.2594;1833.70007324219;0
715.5735;1709.33569335938;0
717.887;1718.71862792969;0
720.1979;1739.19201660156;0
722.5083;1979.55187988281;0
724.818;1975.19519042969;0
727.1252;1891.87341308594;0
729.4357;1705.77514648438;0
731.7418;1761.20556640625;0
734.0452;1831.00756835937;0
736.35;1843.61499023437;0
738.6522;1778.02551269531;0
740.9539;1686.2158203125;0
743.2569;1680.65014648438;0
745.5554;1629.673828125;0
747.8553;1583.05639648438;0
750.1545;1546.13415527344;0
752.4513;1642.5693359375;0
754.7474;1601.13708496094;0
757.043;1503.88330078125;0
759.336;1556.34289550781;0
761.6304;1491.8212890625;0
763.9222;1377;0
766.2114;996.861694335937;0
768.5041;944.540161132813;0
770.7922;915.606018066406;0
773.0777;1040.15344238281;0
775.3647;1123.15991210937;0
777.651;1240.31188964844;0
779.9368;1214.72961425781;0
782.22;1158.94421386719;0
784.5026;1193.84216308594;0
786.7847;1245.05712890625;0
789.0662;1242.31665039063;0
791.3451;1243.73620605469;0
793.6254;1364.91381835938;0
795.9012;1599.73132324219;0
798.1784;1727.11657714844;0
800.455;1686.41784667969;0
802.7291;1625.18762207031;0
805.0026;1584.24072265625;0
807.2755;1764.22827148438;0
809.5478;1714.2392578125;0
811.8176;1715.28063964844;0
814.0869;1762.68701171875;0
816.3535;1958.76538085937;0
818.6235;2090.57006835938;0
820.8911;1963.36779785156;0
823.156;1872.70959472656;0
825.4204;1826.96264648438;0
827.6823;1862.36169433594;0
829.9474;1848.666015625;0
832.2082;1929.50134277344;0
834.4683;1977.96435546875;0
836.7279;1986.73681640625;0
838.9869;1823.30212402344;0
841.2453;1736.07458496094;0
843.5012;1877.47863769531;0
845.7565;1908.41735839844;0
848.0133;2045.06787109375;0
850.2655;1906.57922363281;0
852.5153;1901.38354492187;0
854.7703;1849.58142089844;0
857.0189;1800.81884765625;0
859.2668;1717.69714355469;0
861.5182;1538.55627441406;0
863.7651;1541.50512695313;0
866.0114;1509.662109375;0
868.2592;1357.14794921875;0
870.5024;1232.20056152344;0
872.7451;1192.11291503906;0
874.9872;1248.50537109375;0
877.2307;1235.07470703125;0
879.4717;1295.95324707031;0
881.7101;1386.64624023437;0
883.95;1326.78466796875;0
886.1854;1368.46411132813;0
888.4202;1232.93041992188;0
890.6604;1341.90734863281;0
892.8941;1233.45043945312;0
895.1253;1445.28393554687;0
897.3599;1469.81616210938;0
899.59;1449.6083984375;0
901.8195;1185.33251953125;0
904.0504;1237.56848144531;0
906.2789;1321.36193847656;0
908.5087;1463.50122070313;0
910.7341;1387.16613769531;0
912.9589;1265.36657714844;0
915.1851;1309.45153808594;0
917.4088;1316.90783691406;0
919.63;1346.216796875;0
921.8526;1144.46765136719;0
924.0727;1257.17626953125;0
926.2922;1521.30505371094;0
928.5112;1755.04968261719;0
930.7277;1534.92651367187;0
932.9476;1174.47351074219;0
935.163;1144.79699707031;0
937.3739;1036.41162109375;0
939.5901;1184.74353027344;0
941.8019;948.069946289062;0
944.0151;977.703430175781;0
946.2258;835.490356445313;0
948.4341;800.264831542969;0
950.6456;837.082275390625;0
952.8527;793.997802734375;0
955.0593;801.79150390625;0
957.2653;639.745666503906;0
959.4689;626.459228515625;0
961.6738;731.526489257812;0
963.8782;667.476257324219;0
966.0782;692.603759765625;0
968.2815;766.451171875;0
970.4803;894.699523925781;0
972.6787;889.17236328125;0
974.8784;775.103271484375;0
977.0757;830.260375976563;0
979.2704;829.785888671875;0
981.4667;861.077209472656;0
983.6603;950.850646972656;0
985.8535;1030.41418457031;0
988.0461;1157.0263671875;0
990.2363;1133.73608398438;0
992.4297;1388.60791015625;0
994.6169;1632.27355957031;0
996.8035;1899.84143066406;0
998.9933;2071.73217773438;0
1001.179;2023.09033203125;0
1003.364;2016.06591796875;0
1005.55;1794.14489746094;0
1007.732;1863.89770507812;0
1009.916;1805.80236816406;0
1012.096;1892.97900390625;0
1014.275;1726.28063964844;0
1016.459;1711.18212890625;0
1018.636;1651.51574707031;0
1020.813;1876.01904296875;0
1022.991;2009.39831542969;0
1025.165;2093.04663085938;0
1027.34;1900.66687011719;0
1029.515;1813.36437988281;0
1031.687;1670.0234375;0
1033.859;1736.51916503906;0
1036.03;1760.89367675781;0
1038.199;1734.67456054687;0
1040.369;1632.3095703125;0
1042.536;1658.24633789062;0
1044.704;1698.42651367187;0
1046.87;1656.14123535156;0
1049.034;1373.37475585938;0
1051.198;1207.56457519531;0
1053.363;1093.00122070312;0
1055.526;1196.27368164063;0
1057.686;1169.71630859375;0
1059.845;1225.85363769531;0
1062.005;1113.54638671875;0
1064.165;1174.50744628906;0
1066.323;1078.13989257812;0
1068.477;1021.10290527344;0
1070.634;1121.91809082031;0
1072.788;1187.98461914063;0
1074.942;1351.12219238281;0
1077.096;1264.05090332031;0
1079.247;1415.38195800781;0
1081.397;1494.17431640625;0
1083.547;1646.18078613281;0
1085.695;1481.54260253906;0
1087.844;1467.11962890625;0
1089.992;1312.79138183594;0
1092.138;1301.81164550781;0
1094.284;1284.08837890625;0
1096.425;1337.43994140625;0
1098.571;1468.52355957031;0
1100.711;1515.67211914063;0
1102.851;1641.97973632813;0
1104.994;1694.41235351563;0
1107.132;1648.11413574219;0
1109.271;1612.05334472656;0
1111.408;1623.00915527344;0
1113.543;1698.240234375;0
1115.682;1757.95361328125;0
1117.816;1698.6201171875;0
1119.947;1697.84057617187;0
1122.08;1615.42578125;0
1124.213;1681.26721191406;0
1126.343;1522.27734375;0
1128.474;1518.19494628906;0
1130.602;1355.35791015625;0
1132.728;1349.44445800781;0
1134.856;1339.59130859375;0
1136.982;1300.77111816406;0
1139.109;1459.80395507812;0
1141.234;1404.53112792969;0
1143.356;1473.1552734375;0
1145.479;1399.26843261719;0
1147.599;1425.41015625;0
1149.719;1455.49096679688;0
1151.839;1432.51147460938;0
1153.957;1381.02734375;0
1156.076;1244.2607421875;0
1158.191;935.326049804688;0
1160.305;905.333068847656;0
1162.423;782.058410644531;0
1164.536;1021.26361083984;0
1166.647;895.514404296875;0
1168.761;1177.65063476563;0
1170.871;1075.27099609375;0
1172.983;1166.32238769531;0
1175.092;1300.21154785156;0
1177.2;1655.2705078125;0
1179.306;1847.10034179687;0
1181.413;1859.22985839844;0
1183.518;1778.88525390625;0
1185.623;1743.31481933594;0
1187.725;1604.65209960938;0
1189.826;1665.45568847656;0
1191.929;1820.96691894531;0
1194.032;1948.92712402344;0
1196.13;1744.36987304687;0
1198.23;1595.33764648438;0
1200.327;1539.78845214844;0
1202.423;1744.39770507813;0
1204.52;1914.08081054688;0
1206.613;1696.08813476562;0
1208.71;1705.61987304688;0
1210.801;1606.35656738281;0
1212.892;1987.46948242188;0
1214.987;2034.89624023438;0
1217.075;2121.76733398438;0
1219.166;2014.47143554687;0
1221.256;2078.50390625;0
1223.342;1948.97204589844;0
1225.43;1906.61218261719;0
1227.515;1624.00012207031;0
1229.597;1619.17053222656;0
1231.685;1703.40844726563;0
1233.767;1819.01025390625;0
1235.85;1920.25927734375;0
1237.931;1950.81811523438;0
1240.009;1879.00170898438;0
1242.09;1710.52563476563;0
1244.168;1421.73352050781;0
1246.245;1477.6708984375;0
1248.321;1621.91296386719;0
1250.397;1795.86267089844;0
1252.472;1870.62243652344;0
1254.547;1781.07751464844;0
1256.618;1657.33154296875;0
1258.69;1421.08666992188;0
1260.761;1368.5322265625;0
1262.83;1481.42028808594;0
1264.901;1638.25891113281;0
1266.969;1656.56042480469;0
1269.035;1541.33959960938;0
1271.102;1722.76696777344;0
1273.167;1641.55517578125;0
1275.233;1780.92663574219;0
1277.295;1557.1005859375;0
1279.359;1697.62829589844;0
1281.42;1390.94934082031;0
1283.482;1369.6142578125;0
1285.542;1167.28662109375;0
1287.6;1313.51245117188;0
1289.659;1177.85375976562;0
1291.714;1286.92651367188;0
1293.774;1584.939453125;0
1295.828;1845.69494628906;0
1297.881;2040.08312988281;0
1299.936;1932.58947753906;0
1301.987;2009.19067382812;0
1304.041;2143.2607421875;0
1306.09;2017.58117675781;0
1308.139;1832.82373046875;0
1310.19;1710.44018554687;0
1312.238;1900.14782714844;0
1314.286;1883.57434082031;0
1316.331;1828.39465332031;0
1318.376;1887.38952636719;0
1320.422;1881.2333984375;0
1322.466;1853.59289550781;0
1324.508;1878.30187988281;0
1326.549;1959.28356933594;0
1328.59;2032.46069335938;0
1330.632;1811.32568359375;0
1332.67;1836.16320800781;0
1334.707;1817.13366699219;0
1336.746;1920.51843261719;0
1338.78;1950.09423828125;0
1340.816;1768.08312988281;0
1342.852;1366.48718261719;0
1344.885;1232.6435546875;0
1346.916;1230.35339355469;0
1348.948;1579.568359375;0
1350.979;1594.10656738281;0
1353.011;1624.84826660156;0
1355.04;1639.24890136719;0
1357.066;1568.64562988281;0
1359.094;1523.36694335938;0
1361.121;1293.41198730469;0
1363.145;1406.99230957031;0
1365.171;1247.54162597656;0
1367.192;1175.68115234375;0
1369.216;934.169067382813;0
1371.239;977.935852050781;0
1373.258;1045.87866210937;0
1375.28;976.888000488281;0
1377.298;832.071350097656;0
1379.316;727.090393066406;0
1381.335;843.036926269531;0
1383.35;989.510498046875;0
1385.366;1064.23071289063;0
1387.38;944.57421875;0
1389.394;792.300415039062;0
1391.409;816.560363769531;0
1393.42;742.519287109375;0
1395.43;901.953552246094;0
1397.44;819.421630859375;0
1399.451;929.150207519531;0
1401.458;736.69580078125;0
1403.466;504.607116699219;0
1405.472;325.113525390625;0
1407.478;377.370697021484;0
1409.483;643.946105957031;0
1411.486;850.413696289063;0
1413.49;1005.30657958984;0
1415.492;1036.72644042969;0
1417.492;1071.38024902344;0
1419.495;1055.00842285156;0
1421.494;1089.8125;0
1423.492;1199.60729980469;0
1425.49;1322.38220214844;0
1427.487;1433.66906738281;0
1429.482;1549.97302246094;0
1431.477;1615.85913085938;0
1433.471;1639.95910644531;0
1435.466;1683.99914550781;0
1437.456;1799.33508300781;0
1439.447;1745.07165527344;0
1441.441;1644.99572753906;0
1443.427;1605.99060058594;0
1445.417;1721.16271972656;0
1447.406;1786.95556640625;0
1449.392;1744.70251464844;0
1451.381;1710.64074707031;0
1453.365;1668.88134765625;0
1455.348;1584.75622558594;0
1457.333;1497.59741210938;0
1459.314;1432.51232910156;0
1461.296;1376.60522460938;0
1463.276;1325.65026855469;0
1465.256;1134.51232910156;0
1467.237;1358.27478027344;0
1469.215;1504.66381835938;0
1471.19;1878.37646484375;0
1473.167;1897.80871582031;0
1475.145;1970.51135253906;0
1477.118;1864.03881835938;0
1479.092;1747.72436523438;0
1481.065;1623.01232910156;0
1483.038;1560.23999023438;0
1485.008;1455.52514648438;0
1486.979;1364.2021484375;0
1488.949;1302.9375;0
1490.917;1244.17602539062;0
1492.883;1203.47143554687;0
1494.852;1038.82348632813;0
1496.817;1073.23706054688;0
1498.782;1177.29223632813;0
1500.748;1372.86669921875;0
1502.708;1345.17980957031;0
1504.673;1226.67248535156;0
1506.634;1084.01208496094;0
1508.594;898.432373046875;0
1510.554;944.699401855469;0
1512.512;1029.03942871094;0
1514.471;1309.21337890625;0
1516.428;1202.03015136719;0
1518.384;1168.03918457031;0
1520.34;917.466918945313;0
1522.294;1034.06970214844;0
1524.249;927.060852050781;0
1526.202;1208.24816894531;0
1528.153;1133.00927734375;0
1530.103;1504.79016113281;0
1532.054;1254.85949707031;0
1534.004;1358.22497558594;0
1535.951;1218.89428710938;0
1537.899;1267.75537109375;0
1539.847;1225.34228515625;0
1541.793;1016.88653564453;0
1543.738;933.856140136719;0
1545.681;901.197326660156;0
1547.625;808.02392578125;0
1549.566;869.7177734375;0
1551.509;846.520141601563;0
1553.45;1011.84478759766;0
1555.389;1073.58044433594;0
1557.33;867.718017578125;0
1559.266;859.588989257813;0
1561.204;887.193359375;0
1563.141;1022.64202880859;0
1565.074;1003.37945556641;0
1567.009;917.390625;0
1568.943;944.342224121094;0
1570.877;930.345275878906;0
1572.808;796.955444335938;0
1574.741;690.394897460938;0
1576.67;673.774780273438;0
1578.6;690.985290527344;0
1580.528;811.919311523438;0
1582.455;841.205261230469;0
1584.382;892.862365722656;0
1586.307;879.526245117188;0
1588.234;970.90966796875;0
1590.157;1028.79052734375;0
1592.081;1086.05749511719;0
1594.002;805.821899414063;0
1595.927;631.528076171875;0
1597.845;402.172424316406;0
1599.767;460.859039306641;0
1601.685;355.031494140625;0
1603.602;386.800872802734;0
1605.523;282.722747802734;0
1607.438;563.291442871094;0
1609.354;720.346618652344;0
1611.269;956.560119628906;0
1613.181;672.370666503906;0
1615.096;547.548461914063;0
1617.008;313.763061523438;0
1618.92;615.289306640625;0
1620.83;741.050170898438;0
1622.74;1046.76416015625;0
1624.649;957.201782226563;0
1626.557;817.026916503906;0
1628.464;694.256530761719;0
1630.37;882.463134765625;0
1632.275;1031.93786621094;0
1634.18;1040.68359375;0
1636.085;902.383117675781;0
1637.988;845.583923339844;0
1639.888;806.5693359375;0
1641.791;742.720581054688;0
1643.691;845.657470703125;0
1645.588;896.699523925781;0
1647.489;1136.80102539063;0
1649.387;1122.39050292969;0
1651.284;1243.36206054688;0
1653.18;1144.72119140625;0
1655.075;1257.2509765625;0
1656.972;1319.62365722656;0
1658.864;1548.38977050781;0
1660.754;1508.10620117188;0
1662.65;1362.48449707031;0
1664.539;1117.48278808594;0
1666.428;1138.99743652344;0
1668.32;1164.13952636719;0
1670.207;1352.68664550781;0
1672.096;1223.19458007813;0
1673.982;1205.10754394531;0
1675.867;1105.42578125;0
1677.754;1176.37133789063;0
1679.638;1166.72204589844;0
1681.52;1036.81115722656;0
1683.403;928.527770996094;0
1685.285;686.205017089844;0
1687.166;627.9541015625;0
1689.048;621.773132324219;0
1690.924;786.01953125;0
1692.804;937.675537109375;0
1694.682;860.525695800781;0
1696.558;873.795715332031;0
1698.435;744.263427734375;0
1700.308;770.373291015625;0
1702.184;646.125305175781;0
1704.057;638.519470214844;0
1705.929;499.889129638672;0
1707.801;563.567565917969;0
1709.674;487.443695068359;0
1711.542;666.628601074219;0
1713.412;706.900146484375;0
1715.28;634.813781738281;0
1717.145;528.702941894531;0
1719.015;518.29541015625;0
1720.88;434.19189453125;0
1722.746;330.383270263672;0
1724.61;390.539001464844;0
1726.471;537.792785644531;0
1728.334;636.556762695313;0
1730.197;439.115203857422;0
1732.057;504.030303955078;0
1733.919;491.322875976563;0
1735.777;479.688446044922;0
1737.634;390.572540283203;0
1739.493;538.150268554688;0
1741.349;601.209777832031;0
1743.205;594.391418457031;0
1745.061;635.070007324219;0
1746.915;737.472595214844;0
1748.77;884.173034667969;0
1750.621;800.273681640625;0
1752.473;718.545471191406;0
1754.323;651.357177734375;0
1756.173;600.271423339844;0
1758.022;695.889343261719;0
1759.87;659.671020507813;0
1761.718;550.166809082031;0
1763.566;552.815551757813;0
1765.411;557.389709472656;0
1767.256;499.439392089844;0
1769.101;503.279205322266;0
1770.945;535.224609375;0
1772.787;803.620178222656;0
1774.629;775.931945800781;0
1776.469;958.715270996094;0
1778.309;967.303466796875;0
1780.15;987.472900390625;0
1781.987;912.667907714844;0
1783.826;671.555297851563;0
1785.662;851.46826171875;0
1787.498;866.520263671875;0
1789.334;1060.3779296875;0
1791.169;1073.7080078125;0
1793.002;1044.51037597656;0
1794.834;1171.00732421875;0
1796.667;1251.86547851563;0
1798.498;1471.86450195313;0
1800.328;1478.7568359375;0
1802.157;1326.22326660156;0
1803.986;1218.47937011719;0
1805.813;1264.29931640625;0
1807.639;1363.79418945313;0
1809.467;1365.96411132813;0
1811.292;1344.03125;0
1813.117;1191.88439941406;0
1814.94;1187.74584960938;0
1816.763;1092.2822265625;0
1818.585;1161.60473632813;0
1820.407;983.71337890625;0
1822.227;969.052490234375;0
1824.048;810.510986328125;0
1825.865;874.673034667969;0
1827.683;634.7373046875;0
1829.501;666.819213867188;0
1831.317;543.589050292969;0
1833.135;711.37744140625;0
1834.948;332.272888183594;0
1836.761;308.763916015625;0
1838.577;284.189239501953;0
1840.388;547.842041015625;0
1842.198;507.983093261719;0
1844.009;512.16357421875;0
1845.819;601.715759277344;0
1847.629;642.915832519531;0
1849.436;557.372131347656;0
1851.244;406.047943115234;0
1853.052;423.346130371094;0
1854.858;401.704528808594;0
1856.661;381.319183349609;0
1858.466;557.301147460938;0
1860.269;519.210510253906;0
1862.073;748.383056640625;0
1863.875;606.269958496094;0
1865.673;600.204467773438;0
1867.476;489.519989013672;0
1869.275;357.883117675781;0
1871.072;536.182800292969;0
1872.872;665.419006347656;0
1874.667;669.813903808594;0
1876.464;723.938232421875;0
1878.26;676.141052246094;0
1880.053;665.076782226562;0
1881.849;354.945953369141;0
1883.64;127.971069335937;0
1885.431;188.929870605469;0
1887.226;415.934936523438;0
1889.014;403.319641113281;0
1890.803;464.417266845703;0
1892.594;493.672302246094;0
1894.38;775.9677734375;0
1896.167;799.858825683594;0
1897.955;788.234313964844;0
1899.74;678.538757324219;0
1901.526;564.660888671875;0
1903.309;590.934692382813;0
1905.091;657.361877441406;0
1906.876;729.054260253906;0
1908.658;480.457580566406;0
1910.438;396.686218261719;0
1912.217;323.184814453125;0
1913.996;258.292175292969;0
1915.775;305.564392089844;0
1917.553;315.668121337891;0
1919.33;557.714477539063;0
1921.106;513.370056152344;0
1922.881;442.525115966797;0
1924.655;355.735107421875;0
1926.431;248.777847290039;0
1928.202;143.097778320313;0
1929.974;1.47266471385956;0
1931.746;114.438926696777;0
1933.516;212.142501831055;0
1935.286;295.556091308594;0
1937.055;280.912933349609;0
1938.823;477.371612548828;0
1940.592;493.224945068359;0
1942.356;444.572357177734;0
1944.122;419.297607421875;0
1945.888;562.621704101563;0
1947.651;635.988952636719;0
1949.416;441.17724609375;0
1951.178;447.414703369141;0
1952.939;419.698333740234;0
1954.699;696.029846191406;0
1956.459;799.412475585938;0
1958.219;862.403686523437;0
1959.979;930.447937011719;0
1961.735;982.767456054688;0
1963.491;1113.25109863281;0
1965.249;916.894470214844;0
1967.003;1029.47937011719;0
1968.761;1017.22265625;0
1970.512;1210.45910644531;0
1972.265;1154.07885742188;0
1974.018;1005.41668701172;0
1975.769;827.029357910156;0
1977.522;540.251525878906;0
1979.271;440.307312011719;0
1981.018;434.866271972656;0
1982.766;248.824584960938;0
1984.516;364.245300292969;0
1986.261;244.731994628906;0
1988.009;445.161346435547;0
1989.754;420.102569580078;0
1991.498;482.222351074219;0
1993.241;523.750732421875;0
1994.984;489.660797119141;0
1996.727;312.315460205078;0
1998.468;252.718246459961;0
2000.206;322.869659423828;0
2001.946;613.215209960938;0
2003.686;817.088256835938;0
2005.424;699.045043945313;0
2007.161;659.1962890625;0
2008.898;571.3232421875;0
2010.634;725.65087890625;0
2012.369;707.512512207031;0
2014.103;729.795166015625;0
2015.836;674.277648925781;0
2017.57;897.955932617188;0
2019.299;942.386291503906;0
2021.032;900.681213378906;0
2022.762;701.508605957031;0
2024.491;658.536560058594;0
2026.221;767.430480957031;0
2027.947;841.190368652344;0
2029.676;775.149536132813;0
2031.403;779.419128417969;0
2033.128;599.331848144531;0
2034.852;686.100524902344;0
2036.577;543.715881347656;0
2038.299;656.880493164063;0
2040.022;591.805908203125;0
2041.744;428.224731445313;0
2043.465;471.510833740234;0
2045.184;389.108673095703;0
2046.903;640.132995605469;0
2048.621;495.140625;0
2050.339;516.46630859375;0
2052.057;350.333435058594;0
2053.774;404.736877441406;0
2055.488;261.561492919922;0
2057.203;344.142333984375;0
2058.917;366.477416992188;0
2060.631;442.677215576172;0
2062.344;422.632019042969;0
2064.053;407.787292480469;0
2065.765;450.920745849609;0
2067.476;524.365783691406;0
2069.185;570.562194824219;0
2070.892;631.623413085938;0
2072.6;648.216064453125;0
2074.308;651.22900390625;0
2076.014;603.551147460938;0
2077.72;486.960327148438;0
2079.425;405.677551269531;0
2081.13;305.147888183594;0
2082.833;329.035095214844;0
2084.532;404.110015869141;0
2086.236;390.42431640625;0
2087.936;377.931365966797;0
2089.635;447.422454833984;0
2091.335;444.440795898438;0
2093.034;403.43212890625;0
2094.731;219.501113891602;0
2096.427;320.844635009766;0
2098.124;545.826721191406;0
2099.82;763.773132324219;0
2101.515;972.572814941406;0
2103.207;834.891357421875;0
2104.902;970.950866699219;0
2106.594;1000.64111328125;0
2108.286;1260.33666992188;0
2109.976;1324.77197265625;0
2111.667;1321.68981933594;0
2113.355;1386.74328613281;0
2115.044;1313.14672851563;0
2116.732;1243.29699707031;0
2118.42;1068.96411132813;0
2120.105;1083.81323242188;0
2121.79;1316.84326171875;0
2123.476;1474.67419433594;0
2125.16;1443.12768554688;0
2126.844;1336.53698730469;0
2128.524;1360.79113769531;0
2130.207;1514.33459472656;0
2131.888;1583.61169433594;0
2133.567;1541.849609375;0
2135.247;1473.71862792969;0
2136.927;1489.48498535156;0
2138.603;1610.52709960938;0
2140.281;1627.20300292969;0
2141.957;1620.06884765625;0
2143.633;1378.46179199219;0
2145.308;1475.7197265625;0
2146.981;1427.28881835938;0
2148.654;1567.27990722656;0
2150.328;1305.35827636719;0
2152;1219.91687011719;0
2153.669;1316.76110839844;0
2155.34;1392.78308105469;0
2157.01;1596.75830078125;0
2158.677;1469.8212890625;0
2160.347;1595.97253417969;0
2162.013;1513.20886230469;0
2163.681;1537.9736328125;0
2165.347;1549.80908203125;0
2167.011;1494.70397949219;0
2168.674;1501.43420410156;0
2170.337;1396.21826171875;0
2172.002;1288.39221191406;0
2173.662;1262.29187011719;0
2175.324;1159.47143554688;0
2176.985;1276.15185546875;0
2178.645;1160.99951171875;0
2180.304;1218.03662109375;0
2181.961;1247.04077148438;0
2183.618;1313.12927246094;0
2185.275;1125.29956054688;0
2186.932;1144.00207519531;0
2188.586;1173.56298828125;0
2190.242;1441.24816894531;0
2191.896;1105.43896484375;0
2193.547;985.687683105469;0
2195.2;954.62646484375;0
2196.851;1134.63940429688;0
2198.502;1208.44055175781;0
2200.153;1119.87976074219;0
2201.799;1147.57678222656;0
2203.447;1104.36010742188;0
2205.097;1067.7958984375;0
2206.742;1053.08264160156;0
2208.391;989.879089355469;0
2210.035;1006.44390869141;0
2211.679;879.900512695313;0
2213.324;889.033203125;0
2214.966;984.665893554688;0
2216.608;979.471923828125;0
2218.252;1047.67346191406;0
2219.89;950.603881835938;0
2221.531;1205.44396972656;0
2223.172;1317.25952148438;0
2224.809;1348.27294921875;0
2226.449;1282.70642089844;0
2228.086;1335.4599609375;0
2229.72;1365.2109375;0
2231.358;1329.31579589844;0
2232.992;1106.07958984375;0
2234.625;1043.99536132813;0
2236.26;1157.77087402344;0
2237.893;1326.7470703125;0
2239.524;1478.71179199219;0
2241.156;1282.12353515625;0
2242.785;1258.8193359375;0
2244.416;1105.23913574219;0
2246.044;1189.91577148438;0
2247.672;1166.29565429688;0
2249.301;1128.47338867188;0
2250.926;1205.75170898438;0
2252.554;1103.7783203125;0
2254.177;1255.88684082031;0
2255.803;1278.71923828125;0
2257.427;1389.42980957031;0
2259.051;1425.89282226563;0
2260.671;1122.33178710938;0
2262.294;1089.67260742188;0
2263.914;934.741577148438;0
2265.533;1155.67944335938;0
2267.153;1114.93188476563;0
2268.773;1138.38525390625;0
2270.392;1057.03698730469;0
2272.006;1098.17626953125;0
2273.624;1123.11645507813;0
2275.239;1206.50561523438;0
2276.854;1323.83227539063;0
2278.468;1359.66772460938;0
2280.084;1425.45654296875;0
2281.695;1265.08764648438;0
2283.305;1312.44396972656;0
2284.919;971.531188964844;0
2286.527;1031.8603515625;0
2288.14;1052.63720703125;0
2289.748;1294.75061035156;0
2291.354;1304.96081542969;0
2292.964;1171.93420410156;0
2294.569;1245.96459960938;0
2296.174;1215.2021484375;0
2297.782;1270.39514160156;0
2299.386;1135.25927734375;0
2300.99;941.251281738281;0
2302.594;895.168212890625;0
2304.195;1000.29949951172;0
2305.798;1054.75109863281;0
2307.399;884.517395019531;0
2308.998;714.486938476563;0
2310.598;704.215209960938;0
2312.197;850.591125488281;0
2313.795;988.392456054688;0
2315.392;1262.61791992188;0
2316.988;1316.57641601563;0
2318.585;1412.93469238281;0
2320.18;1306.91467285156;0
2321.774;1313.73889160156;0
2323.368;1226.39599609375;0
2324.961;1201.76428222656;0
2326.553;988.908081054688;0
2328.145;1016.13146972656;0
2329.735;967.251708984375;0
2331.324;1201.267578125;0
2332.916;1045.61706542969;0
2334.503;833.055480957031;0
2336.092;651.295593261719;0
2337.677;726.366088867188;0
2339.263;962.711059570313;0
2340.85;974.822021484375;0
2342.434;1008.67150878906;0
2344.018;901.202453613281;0
2345.602;812.374450683594;0
2347.185;712.1435546875;0
2348.768;751.063781738281;0
2350.347;944.35986328125;0
2351.928;979.986755371094;0
2353.51;1082.96252441406;0
2355.087;985.723754882813;0
2356.665;780.467712402344;0
2358.243;513.822387695313;0
2359.819;434.684722900391;0
2361.396;632.008666992188;0
2362.972;707.574829101563;0
2364.547;925.826110839844;0
2366.121;885.586242675781;0
2367.694;1081.8740234375;0
2369.267;943.155090332031;0
2370.839;787.690612792969;0
2372.411;587.286376953125;0
2373.982;659.456604003906;0
2375.55;855.981384277344;0
2377.118;726.970397949219;0
2378.687;747.595581054688;0
2380.254;866.456481933594;0
2381.821;1093.75219726563;0
2383.387;1031.26525878906;0
2384.954;1007.37841796875;0
2386.516;1036.92822265625;0
2388.082;1125.93493652344;0
2389.644;1015.82696533203;0
2391.209;875.015502929688;0
2392.769;619.008239746094;0
2394.33;788.793701171875;0
2395.892;1004.62585449219;0
2397.449;1179.78625488281;0
2399.008;1152.16760253906;0
2400.568;1280.22033691406;0
2402.125;1305.72290039063;0
2403.68;1277.23107910156;0
2405.238;1185.52307128906;0
2406.792;1343.71020507813;0
2408.349;1444.68432617188;0
2409.902;1424.224609375;0
2411.455;1330.88842773438;0
2413.007;1328.29125976563;0
2414.558;1380.96154785156;0
2416.11;1329.06909179688;0
2417.66;1292.72436523438;0
2419.21;1182.29772949219;0
2420.758;1211.73315429688;0
2422.307;1164.56237792969;0
2423.855;1100.47155761719;0
2425.402;1011.91009521484;0
2426.947;888.90087890625;0
2428.492;898.199035644531;0
2430.038;947.070373535156;0
2431.58;900.070007324219;0
2433.124;1050.83996582031;0
2434.667;880.198303222656;0
2436.208;882.534362792969;0
2437.75;1016.39263916016;0
2439.291;1114.27355957031;0
2440.83;1224.3505859375;0
2442.369;1181.09094238281;0
2443.906;1282.607421875;0
2445.444;1396.03540039063;0
2446.981;1214.55456542969;0
2448.517;1244.96643066406;0
2450.053;1104.16162109375;0
2451.587;1037.43566894531;0
2453.12;1120.83166503906;0
2454.655;1223.150390625;0
2456.187;1323.89831542969;0
2457.718;1265.54833984375;0
2459.25;1225.55004882813;0
2460.781;1094.013671875;0
2462.31;1100.93908691406;0
2463.84;1285.94787597656;0
2465.368;1382.96240234375;0
2466.896;1240.55786132813;0
2468.423;1035.51098632813;0
2469.949;1100.03247070313;0
2471.474;1241.24926757813;0
2472.998;1391.51733398438;0
2474.522;1167.69030761719;0
2476.045;1215.71179199219;0
2477.568;1137.74523925781;0
2479.09;1257.88159179688;0
2480.612;1275.46862792969;0
2482.132;1152.1650390625;0
2483.653;1062.58215332031;0
2485.171;963.705627441406;0
2486.689;1219.24487304688;0
2488.208;1459.00805664063;0
2489.725;1584.32495117188;0
2491.242;1596.6396484375;0
2492.757;1504.28515625;0
2494.271;1411.59460449219;0
2495.785;1261.90246582031;0
2497.3;1380.87658691406;0
2498.812;1423.40588378906;0
2500.325;1343.15698242188;0
2501.837;1035.12805175781;0
2503.345;666.370422363281;0
2504.856;598.13330078125;0
2506.366;727.802612304688;0
2507.875;913.711181640625;0
2509.382;975.16943359375;0
2510.889;1036.84252929688;0
2512.397;930.508361816406;0
2513.901;730.728393554688;0
2515.406;533.468322753906;0
2516.911;695.597717285156;0
2518.415;848.407653808594;0
2519.918;860.762145996094;0
2521.421;792.115966796875;0
2522.922;559.680053710938;0
2524.423;657.214111328125;0
2525.924;589.784729003906;0
2527.422;705.223571777344;0
2528.923;531.651062011719;0
2530.419;582.5546875;0
2531.916;522.496948242188;0
2533.415;625.444213867188;0
2534.909;421.25927734375;0
2536.404;339.214782714844;0
2537.899;36.2740325927734;0
2539.394;140.562225341797;0
2540.887;316.23681640625;0
2542.38;603.742980957031;0
2543.871;416.627777099609;0
2545.363;389.666595458984;0
2546.852;361.168640136719;0
2548.345;246.798309326172;0
2549.833;52.2364921569824;0
2551.321;-92.9072418212891;0
2552.811;416.340728759766;0
2554.296;501.832580566406;0
2555.78;669.405456542969;0
2557.267;405.558929443359;0
2558.752;500.260162353516;0
2560.237;285.624114990235;0
2561.721;399.331268310547;0
2563.203;512.731811523438;0
2564.687;713.132934570313;0
2566.168;663.911926269531;0
2567.648;608.848083496094;0
2569.129;598.611145019531;0
2570.607;627.376831054687;0
2572.086;835.264282226562;0
2573.565;980.604919433594;0
2575.041;1110.35827636719;0
2576.518;1012.05548095703;0
2577.994;1144.25354003906;0
2579.469;1257.73168945312;0
2580.945;1361.60278320313;0
2582.418;1135.09033203125;0
2583.892;1151.75012207031;0
2585.365;1103.47082519531;0
2586.835;1304.58605957031;0
2588.307;1348.65112304688;0
2589.778;1378.98974609375;0
2591.248;1490.369140625;0
2592.717;1654.12121582031;0
2594.186;1530.24938964844;0
2595.652;1630.86694335938;0
2597.121;1276.20324707031;0
2598.585;1336.70446777344;0
2600.052;1142.26159667969;0
2601.518;1216.19555664063;0
2602.982;1288.287109375;0
2604.446;1227.6533203125;0
2605.907;1333.51879882813;0
2607.371;1317.44091796875;0
2608.83;1542.85473632813;0
2610.293;1530.65588378906;0
2611.752;1536.73693847656;0
2613.213;1500.54345703125;0
2614.672;1451.6328125;0
2616.13;1575.99792480469;0
2617.587;1490.3115234375;0
2619.043;1687.98608398438;0
2620.501;1640.05529785156;0
2621.957;1675.29577636719;0
2623.409;1646.15112304688;0
2624.864;1756.21252441406;0
2626.318;1712.17919921875;0
2627.771;1724.06994628906;0
2629.222;1681.59985351563;0
2630.673;1776.43774414063;0
2632.124;1825.42919921875;0
2633.575;1864.10034179688;0
2635.023;1741.54650878906;0
2636.473;1685.97570800781;0
2637.922;1593.89184570313;0
2639.368;1714.765625;0
2640.816;1630.07958984375;0
2642.261;1642.41784667969;0
2643.705;1364.27917480469;0
2645.151;1338.31335449219;0
2646.596;1254.0078125;0
2648.037;1275.53930664062;0
2649.48;957.590759277344;0
2650.923;781.966003417969;0
2652.364;867.843383789063;0
2653.804;1011.44946289063;0
2655.243;1193.8955078125;0
2656.683;1245.23413085938;0
2658.121;1288.12768554687;0
2659.559;1030.80151367188;0
2660.997;912.962768554688;0
2662.433;910.969299316406;0
2663.868;1108.37536621094;0
2665.305;927.849365234375;0
2666.737;868.855895996094;0
2668.173;883.067077636719;0
2669.606;890.371887207031;0
2671.038;858.546569824219;0
2672.47;618.789123535156;0
2673.901;625.98681640625;0
2675.331;695.151672363281;0
2676.761;787.961181640625;0
2678.189;713.864196777344;0
2679.619;427.415069580078;0
2681.045;295.946472167969;0
2682.473;411.598999023438;0
2683.9;638.735778808594;0
2685.324;604.426818847656;0
2686.749;562.76904296875;0
2688.176;358.762573242187;0
2689.599;379.185028076172;0
2691.021;463.590393066406;0
2692.444;599.493591308594;0
2693.865;574.829895019531;0
2695.287;331.606842041015;0
2696.707;279.162231445313;0
2698.125;296.384857177734;0
2699.545;395.159698486328;0
2700.963;340.265625;0
2702.381;332.811981201172;0
2703.798;373.798583984375;0
2705.214;451.800170898438;0
2706.629;698.901733398438;0
2708.046;725.776000976562;0
2709.458;816.777587890625;0
2710.872;685.559326171875;0
2712.285;746.511657714844;0
2713.699;522.541442871094;0
2715.111;444.683624267578;0
2716.52;421.561431884766;0
2717.93;520.24267578125;0
2719.342;542.098815917969;0
2720.749;566.109252929687;0
2722.159;737.620788574219;0
2723.565;924.74609375;0
2724.971;961.266357421875;0
2726.38;945.625610351562;0
2727.785;844.484802246094;0
2729.19;972.174865722656;0
2730.594;1064.58728027344;0
2731.997;1312.0537109375;0
2733.401;1268.57312011719;0
2734.803;1272.1455078125;0
2736.204;1240.76965332031;0
2737.606;1352.994140625;0
2739.005;1450.37438964844;0
2740.405;1341.58081054688;0
2741.806;1327.61669921875;0
2743.202;1209.36584472656;0
2744.602;1229.93811035156;0
2745.998;1202.22631835937;0
2747.395;1215.46154785156;0
2748.79;1144.6396484375;0
2750.185;1059.62817382812;0
2751.58;1120.3076171875;0
2752.975;1164.45825195313;0
2754.366;1318.41271972656;0
2755.759;1293.30322265625;0
2757.151;1428.10546875;0
2758.542;1554.26159667969;0
2759.933;1784.95495605469;0
2761.322;1941.80249023438;0
2762.71;1737.58129882813;0
2764.1;1451.95727539063;0
2765.486;1159.12158203125;0
2766.875;1183.37609863281;0
2768.26;1263.09423828125;0
2769.646;1408.6279296875;0
2771.031;1346.64404296875;0
2772.418;1346.92041015625;0
2773.799;1313.89978027344;0
2775.184;1526.73071289063;0
2776.565;1615.47961425781;0
2777.946;1757.14294433594;0
2779.328;1729.16040039063;0
2780.708;1768.42102050781;0
2782.09;1760.705078125;0
2783.469;1795.45703125;0
2784.847;1746.5673828125;0
2786.226;1671.14721679687;0
2787.603;1612.06481933594;0
2788.978;1643.79187011719;0
2790.355;1683.9892578125;0
2791.731;1563.28247070313;0
2793.104;1492.52526855469;0
2794.479;1373.70654296875;0
2795.853;1247.31018066406;0
2797.225;1241.05737304687;0
2798.596;1243.06909179688;0
2799.967;1242.08557128906;0
2801.341;1059.96240234375;0
2802.71;989.053405761719;0
2804.077;877.126037597656;0
2805.447;921.070678710938;0
2806.815;729.663269042969;0
2808.183;800.128051757812;0
2809.551;650.499145507812;0
2810.915;745.790832519531;0
2812.282;643.971557617188;0
2813.646;601.7080078125;0
2815.011;540.223571777344;0
2816.375;580.016174316406;0
2817.736;550.604919433594;0
2819.099;632.641723632813;0
2820.462;467.458404541016;0
2821.821;566.940002441406;0
2823.182;461.527862548828;0
2824.542;755.893737792969;0
2825.901;809.084838867187;0
2827.261;912.720703125;0
2828.617;840.76025390625;0
2829.974;774.508056640625;0
2831.33;876.740173339844;0
2832.686;818.958984375;0
2834.043;913.494323730469;0
2835.395;883.348083496094;0
2836.75;1135.94445800781;0
2838.104;1193.71032714844;0
2839.456;1067.41723632813;0
2840.807;992.470764160156;0
2842.16;889.909545898437;0
2843.509;949.896118164063;0
2844.858;878.650207519531;0
2846.209;842.716064453125;0
2847.556;707.993225097656;0
2848.906;588.691711425781;0
2850.253;752.144653320313;0
2851.6;794.7998046875;0
2852.946;706.547058105469;0
2854.29;478.322326660156;0
2855.635;440.760162353515;0
2856.98;449.623992919922;0
2858.323;492.919006347656;0
2859.665;372.646026611328;0
2861.008;430.69400024414;0
2862.349;505.173919677735;0
2863.691;658.974609375;0
2865.031;634.082946777344;0
2866.37;645.075012207031;0
2867.709;484.406433105469;0
2869.048;505.017517089844;0
2870.385;480.585876464844;0
2871.722;699.239440917969;0
2873.059;840.753967285156;0
2874.394;897.345764160156;0
2875.73;928.461303710938;0
2877.064;924.8154296875;0
2878.398;880.878479003906;0
2879.731;937.626525878906;0
2881.063;1005.69488525391;0
2882.395;1095.46118164063;0
2883.727;1196.76867675781;0
2885.059;1188.53967285156;0
2886.387;1216.28125;0
2887.717;1094.00085449219;0
2889.046;1088.29748535156;0
2890.374;1200.43762207031;0
2891.699;1243.72985839844;0
2893.028;1208.06164550781;0
2894.354;1076.35766601562;0
2895.679;1072.10400390625;0
2897.004;1217.15002441406;0
2898.328;1126.0615234375;0
2899.653;1241.00317382813;0
2900.976;1259.140625;0
2902.297;1368.59228515625;0
2903.619;1298.74694824219;0
2904.941;1249.16394042969;0
2906.26;1152.24035644531;0
2907.58;1116.85009765625;0
2908.898;1124.05529785156;0
2910.217;1266.48095703125;0
2911.536;1272.93334960938;0
2912.852;1309.13879394531;0
2914.171;1272.98510742187;0
2915.485;1309.48962402344;0
2916.799;1269.52453613281;0
2918.116;1251.55822753906;0
2919.428;1274.25476074219;0
2920.743;1325.35009765625;0
2922.056;1400.79028320312;0
2923.367;1477.02954101563;0
2924.679;1341.52355957031;0
2925.99;1394.7060546875;0
2927.299;1435.36535644531;0
2928.609;1590.72216796875;0
2929.918;1539.16455078125;0
2931.226;1293.1376953125;0
2932.535;1229.759765625;0
2933.841;1141.72998046875;0
2935.149;1330.28442382812;0
2936.455;1293.41723632813;0
2937.758;1448.46057128906;0
2939.064;1393.52563476563;0
2940.368;1408.94543457031;0
2941.67;1267.49768066406;0
2942.973;1282.97326660156;0
2944.277;1244.35131835938;0
2945.577;1251.73168945312;0
2946.878;1270.95178222656;0
2948.178;1387.84851074219;0
2949.477;1465.27795410156;0
2950.776;1429.75891113281;0
2952.073;1446.80297851563;0
2953.372;1377.00427246094;0
2954.669;1413.98522949219;0
2955.965;1440.29504394531;0
2957.261;1555.73095703125;0
2958.556;1523.6689453125;0
2959.849;1423.95397949219;0
2961.145;1450.29675292969;0
2962.436;1416.88464355469;0
2963.732;1465.65307617187;0
2965.022;1444.9248046875;0
2966.313;1474.13708496094;0
2967.603;1457.57055664063;0
2968.893;1453.61743164063;0
2970.182;1484.27917480469;0
2971.471;1516.62512207031;0
2972.759;1479.78051757812;0
2974.047;1416.71166992188;0
2975.334;1372.64636230469;0
2976.62;1417.86462402344;0
2977.907;1439.75622558594;0
2979.192;1328.53601074219;0
2980.475;1079.03723144531;0
2981.76;1086.87341308594;0
2983.043;1073.79772949219;0
2984.326;1108.85546875;0
2985.607;977.527282714844;0
2986.888;994.911071777344;0
2988.17;1120.12817382813;0
2989.449;1089.85717773438;0
2990.728;1049.91394042969;0
2992.007;935.859741210938;0
2993.284;949.604736328125;0
2994.562;820.204284667969;0
2995.84;692.4736328125;0
2997.115;657.573181152344;0
2998.393;754.837890625;0
2999.666;799.371276855469;0
3000.94;715.280639648437;0
3002.215;735.343933105469;0
3003.486;799.636108398438;0
3004.76;890.032592773438;0
3006.033;912.417114257813;0
3007.303;799.477661132812;0
3008.573;609.304443359375;0
3009.844;459.496429443359;0
3011.114;494.725463867188;0
3012.383;647.102111816406;0
3013.649;652.960571289062;0
3014.917;547.301025390625;0
3016.185;532.901245117187;0
3017.451;493.756774902344;0
3018.716;527.422241210938;0
3019.983;469.783660888672;0
3021.246;515.457641601562;0
3022.509;624.158996582031;0
3023.774;671.483825683594;0
3025.035;621.890991210938;0
3026.299;529.247619628906;0
3027.56;517.860717773438;0
3028.819;549.382507324219;0
3030.081;513.365539550781;0
3031.339;489.81005859375;0
3032.598;420.827728271484;0
3033.856;420.424407958984;0
3035.114;400.287200927734;0
3036.372;390.958953857422;0
3037.628;410.364196777344;0
3038.883;396.004547119141;0
3040.138;475.880706787109;0
3041.394;577.208984375;0
3042.646;632.379516601562;0
3043.9;630.694030761719;0
3045.152;606.681518554688;0
3046.405;631.089050292969;0
3047.657;613.4521484375;0
3048.906;694.323852539063;0
3050.158;793.924621582031;0
3051.407;991.033569335938;0
3052.656;876.318115234375;0
3053.904;925.885314941406;0
3055.153;896.281616210938;0
3056.398;976.843994140625;0
3057.647;909.576232910156;0
3058.892;852.146545410156;0
3060.137;816.847534179688;0
3061.382;822.778442382812;0
3062.625;820.211730957031;0
3063.869;863.861206054688;0
3065.112;817.7958984375;0
3066.353;787.297424316406;0
3067.595;747.340515136719;0
3068.838;828.629455566406;0
3070.075;1037.20690917969;0
3071.317;1130.97119140625;0
3072.557;1204.68371582031;0
3073.795;1071.12512207031;0
3075.032;969.527160644531;0
3076.27;881.667297363281;0
3077.507;880.739440917969;0
3078.742;913.86767578125;0
3079.978;863.838500976562;0
3081.212;744.406677246094;0
3082.446;783.195739746094;0
3083.681;781.393371582031;0
3084.913;906.21728515625;0
3086.147;924.1123046875;0
3087.38;964.521789550781;0
3088.61;1010.77734375;0
3089.84;1017.65509033203;0
3091.071;1041.71630859375;0
3092.3;1017.62872314453;0
3093.529;1037.72924804687;0
3094.755;1119.626953125;0
3095.984;1242.20910644531;0
3097.211;1268.36547851563;0
3098.438;1117.93420410156;0
3099.663;1069.49291992188;0
3100.888;1021.74182128906;0
3102.112;998.49365234375;0
3103.335;918.873107910156;0
3104.56;978.32470703125;0
3105.782;1132.83837890625;0
3107.005;1152.09350585938;0
3108.226;1134.8447265625;0
3109.447;1041.54895019531;0
3110.667;958.281372070312;0
3111.887;1057.9033203125;0
3113.104;1112.10632324219;0
3114.324;1242.27673339844;0
3115.541;1163.41772460938;0
3116.758;1180.78442382812;0
3117.976;1049.29333496094;0
3119.192;916.759094238281;0
3120.408;791.203186035156;0
3121.622;820.072448730469;0
3122.835;917.037170410156;0
3124.05;909.764953613281;0
3125.262;918.256591796875;0
3126.476;783.519714355469;0
3127.687;769.118957519531;0
3128.897;876.165161132812;0
3130.108;961.659606933594;0
3131.319;1048.93518066406;0
3132.528;936.183532714844;0
3133.737;991.251037597656;0
3134.945;1029.55065917969;0
3136.152;1069.18737792969;0
3137.358;1070.82946777344;0
3138.565;1199.86340332031;0
3139.772;1189.46154785156;0
3140.976;1189.62561035156;0
3142.18;934.023803710938;0
3143.385;887.759460449219;0
3144.588;868.072143554687;0
3145.79;1027.73840332031;0
3146.993;1074.08703613281;0
3148.194;948.785034179687;0
3149.395;848.788146972656;0
3150.596;858.768615722656;0
3151.794;868.372314453125;0
3152.994;801.078186035156;0
3154.193;722.328918457031;0
3155.39;704.561401367187;0
3156.587;655.447021484375;0
3157.784;685.915344238281;0
3158.982;664.966735839844;0
3160.177;597.380737304687;0
3161.37;432.936645507813;0
3162.565;509.966979980469;0
3163.759;682.475524902344;0
3164.952;772.01708984375;0
3166.146;735.032836914063;0
3167.337;687.031677246094;0
3168.527;688.909301757813;0
3169.719;653.373474121094;0
3170.91;543.68505859375;0
3172.098;465.885314941406;0
3173.288;399.403594970703;0
3174.475;371.920043945313;0
3175.663;332.389343261719;0
3176.849;403.56884765625;0
3178.037;476.630310058594;0
3179.223;535.360046386719;0
3180.408;475.088653564453;0
3181.592;291.481750488281;0
3182.777;217.174758911133;0
3183.96;234.588729858398;0
3185.143;352.614959716797;0
3186.325;496.969757080078;0
3187.507;537.207702636719;0
3188.688;644.656372070313;0
3189.869;605.869934082031;0
3191.049;532.625671386719;0
3192.228;604.923156738281;0
3193.406;532.315185546875;0
3194.585;612.020324707031;0
3195.763;629.703796386719;0
3196.939;658.806213378906;0
3198.116;650.994384765625;0
3199.292;599.957824707031;0
3200.466;673.805480957031;0
3201.643;800.95654296875;0
3202.816;910.550598144531;0
3203.991;961.478271484375;0
3205.161;906.673217773438;0
3206.334;905.887145996094;0
3207.504;1040.8212890625;0
3208.677;1099.78344726562;0
3209.846;1152.80285644531;0
3211.017;1144.26428222656;0
3212.187;1169.48767089844;0
3213.356;1010.58435058594;0
3214.524;1052.36401367187;0
3215.69;1041.87829589844;0
3216.859;1163.26782226562;0
3218.024;1082.30993652344;0
3219.189;1112.89038085937;0
3220.354;997.117065429687;0
3221.519;1005.171875;0
3222.682;884.884155273437;0
3223.845;882.4794921875;0
3225.01;892.301208496094;0
3226.171;1106.67529296875;0
3227.332;1201.36291503906;0
3228.494;1282.14147949219;0
3229.655;1322.16442871094;0
3230.814;1392.27880859375;0
3231.973;1432.76281738281;0
3233.13;1405.88781738281;0
3234.29;1364.98767089844;0
3235.447;1307.42700195313;0
3236.605;1175.59741210938;0
3237.76;1278.50842285156;0
3238.916;1257.89868164063;0
3240.071;1350.23559570313;0
3241.224;1228.63208007812;0
3242.381;1176.04736328125;0
3243.532;1127.89733886719;0
3244.685;1199.66821289063;0
3245.839;1119.94311523437;0
3246.99;1072.86315917969;0
3248.141;966.75341796875;0
3249.292;1059.28833007813;0
3250.439;1065.35229492187;0
3251.589;1033.49914550781;0
3252.739;966.0615234375;0
3253.886;956.26318359375;0
3255.034;1026.65759277344;0
3256.18;1036.935546875;0
3257.326;1023.99206542969;0
3258.472;1024.27954101563;0
3259.617;1061.86987304688;0
3260.761;1013.23852539063;0
3261.905;1031.32141113281;0
3263.048;995.647155761719;0
3264.19;1019.54284667969;0
3265.333;1049.68041992187;0
3266.475;1103.92004394531;0
3267.617;1151.21520996094;0
3268.757;1132.62426757813;0
3269.896;1208.27673339844;0
3271.036;1211.82629394531;0
3272.175;1187.66931152344;0
3273.313;1126.92211914063;0
3274.449;1141.29479980469;0
3275.586;1106.22192382813;0
3276.722;1106.88269042969;0
3277.859;1166.91528320312;0
3278.993;1135.82495117187;0
3280.13;1051.96020507813;0
3281.263;896.321350097656;0
3282.395;977.875061035156;0
3283.529;1118.30786132813;0
3284.66;1295.15832519531;0
3285.794;1285.49877929688;0
3286.924;1261.98291015625;0
3288.054;1213.63354492188;0
3289.185;1095.17065429688;0
3290.313;915.136291503906;0
3291.443;872.27294921875;0
3292.571;937.349670410156;0
3293.698;1047.47741699219;0
3294.824;1096.18786621094;0
3295.952;1033.81469726563;0
3297.077;1015.31561279297;0
3298.203;957.233093261719;0
3299.328;1099.90026855469;0
3300.45;1097.70812988281;0
3301.574;1075.76782226563;0
3302.698;950.603393554688;0
3303.819;1014.82183837891;0
3304.942;1012.74212646484;0
3306.064;948.858825683594;0
3307.182;941.486877441406;0
3308.303;741.95703125;0
3309.423;806.937194824219;0
3310.542;757.522583007813;0
3311.66;842.447204589844;0
3312.778;801.232360839844;0
3313.895;734.315612792969;0
3315.012;729.70263671875;0
3316.128;712.279968261719;0
3317.243;717.999084472656;0
3318.357;724.4765625;0
3319.471;794.587524414063;0
3320.586;772.030639648438;0
3321.698;947.241821289062;0
3322.813;1012.98034667969;0
3323.923;1027.34118652344;0
3325.034;985.559631347656;0
3326.146;953.162658691406;0
3327.255;940.998840332031;0
3328.366;879.704956054688;0
3329.474;911.094299316406;0
3330.582;946.161437988281;0
3331.691;949.88525390625;0
3332.797;974.0703125;0
3333.905;1037.40625;0
3335.011;998.449951171875;0
3336.116;926.082580566406;0
3337.22;885.214294433594;0
3338.327;927.708251953125;0
3339.429;826.966674804688;0
3340.534;775.988037109375;0
3341.635;745.721740722656;0
3342.737;733.125061035156;0
3343.84;714.421875;0
3344.94;697.503540039063;0
3346.041;738.588439941406;0
3347.142;767.6484375;0
3348.24;712.919311523438;0
3349.337;682.694702148438;0
3350.437;618.185729980469;0
3351.534;607.43310546875;0
3352.633;567.3447265625;0
3353.727;520.573120117188;0
3354.823;490.512329101563;0
3355.919;546.536193847656;0
3357.013;638.134338378906;0
3358.108;732.483459472656;0
3359.201;864.958801269531;0
3360.293;766.638061523438;0
3361.385;715.529174804688;0
3362.478;579.181457519531;0
3363.569;707.188781738281;0
3364.661;765.84521484375;0
3365.75;831.442199707031;0
3366.838;737.116027832031;0
3367.929;744.62548828125;0
3369.017;765.498046875;0
3370.105;891.717407226563;0
3371.193;884.8701171875;0
3372.279;842.628967285156;0
3373.364;896.69287109375;0
3374.45;878.964477539063;0
3375.534;890.726440429688;0
3376.62;801.923278808594;0
3377.704;889.182678222656;0
3378.786;878.632568359375;0
3379.871;928.201110839844;0
3380.951;903.880920410156;0
3382.034;972.001220703125;0
3383.114;889.222961425781;0
3384.195;891.980041503906;0
3385.276;896.548095703125;0
3386.354;964.873596191406;0
3387.433;937.131530761719;0
3388.511;944.609436035156;0
3389.588;955.266235351563;0
3390.664;1018.73693847656;0
3391.742;979.178771972656;0
3392.816;982.329162597656;0
3393.893;974.588928222656;0
3394.968;1111.67761230469;0
3396.042;1137.07507324219;0
3397.115;1177.82751464844;0
3398.189;1024.01599121094;0
3399.262;962.815551757813;0
3400.333;936.875854492188;0
3401.404;982.92431640625;0
3402.474;978.008850097656;0
3403.545;1008.54016113281;0
3404.615;1066.49926757813;0
3405.685;1102.04870605469;0
3406.752;1133.24792480469;0
3407.82;1200.40905761719;0
3408.888;1277.31652832031;0
3409.955;1193.158203125;0
3411.021;1047.19787597656;0
3412.085;916.830078125;0
3413.151;934.902770996094;0
3414.215;877.287963867188;0
3415.279;834.311950683594;0
3416.343;791.648803710938;0
3417.406;909.920288085938;0
3418.468;982.437744140625;0
3419.53;991.581359863281;0
3420.592;1003.04565429688;0
3421.652;1006.15765380859;0
3422.712;1041.91467285156;0
3423.773;980.246398925781;0
3424.83;1030.21630859375;0
3425.889;1022.08337402344;0
3426.946;1069.64233398437;0
3428.005;1052.44470214844;0
3429.061;1132.44348144531;0
3430.117;1173.95336914063;0
3431.172;1188.5048828125;0
3432.227;1025.22705078125;0
3433.281;997.521789550781;0
3434.335;964.083618164063;0
3435.389;1039.25866699219;0
3436.44;990.572204589844;0
3437.492;1115.48107910156;0
3438.546;1116.55187988281;0
3439.598;1124.06726074219;0
3440.646;1007.66693115234;0
3441.697;1072.03149414062;0
3442.745;1074.79309082031;0
3443.793;1157.16491699219;0
3444.842;1112.13269042969;0
3445.891;1188.12158203125;0
3446.937;1196.552734375;0
3447.984;1186.78625488281;0
3449.031;1056.33117675781;0
3450.075;1043.18298339844;0
3451.12;1121.59619140625;0
3452.164;1264.05737304688;0
3453.207;1223.57678222656;0
3454.251;1141.5849609375;0
3455.293;1032.48791503906;0
3456.336;1021.02117919922;0
3457.378;1016.78570556641;0
3458.417;980.163940429688;0
3459.458;867.741943359375;0
3460.498;739.765625;0
3461.539;708.014282226563;0
3462.577;733.426208496094;0
3463.614;861.97900390625;0
3464.651;874.194030761719;0
3465.689;916.349670410156;0
3466.726;849.944763183594;0
3467.763;789.800476074219;0
3468.798;719.774291992188;0
3469.831;701.50927734375;0
3470.866;751.417297363281;0
3471.9;716.622741699219;0
3472.933;672.230224609375;0
3473.966;565.531860351563;0
3474.999;631.747497558594;0
3476.029;660.790710449219;0
3477.061;764.228515625;0
3478.09;671.105407714844;0
3479.121;619.430969238281;0
3480.15;587.235778808594;0
3481.178;605.169616699219;0
3482.205;675.025146484375;0
3483.234;653.702514648437;0
3484.26;672.010192871094;0
3485.288;671.136108398438;0
3486.313;739.962646484375;0
3487.337;821.729125976563;0
3488.364;854.485595703125;0
3489.387;863.079284667969;0
3490.411;800.445007324219;0
3491.434;723.496765136719;0
3492.456;690.703186035156;0
3493.479;617.908752441406;0
3494.5;580.199584960937;0
3495.521;453.787963867188;0
3496.543;370.541534423828;0
3497.561;361.277557373047;0
3498.579;234.951263427734;0
3499.6;176.251617431641;0
3500.618;38.0165786743165;0
3501.636;-2.39049172401428;0
3502.653;-23.2384243011475;0
3503.669;-12.3256931304932;0
3504.685;55.455623626709;0
3505.699;66.0122146606445;0
3506.716;-62.2919464111328;0
3507.729;-155.6845703125;0
3508.743;-184.133102416992;0
3509.755;-56.4791679382324;0
