98.64605;0;0
101.2353;0;0
103.8217;0;0
106.4096;-31.8518524169922;0
108.9945;-18.4888896942139;0
111.5767;-40.6190490722656;0
114.1602;11.6913576126099;0
116.7409;27.0303039550781;0
119.3209;25.3333339691162;0
121.9002;5.7259259223938;0
124.4788;22.1045761108398;0
127.0566;3.67251467704773;0
129.6317;-71.2857131958008;0
132.2038;-60.811595916748;0
134.7796;7.49333333969116;0
137.3503;142.33332824707;0
139.9204;115.218391418457;0
142.4919;187.032257080078;0
145.0584;227.65657043457;0
147.6242;371.530151367188;0
150.1914;511.750762939453;0
152.7579;575.267822265625;0
155.3216;513.382141113281;0
157.8846;476.028411865234;0
160.4448;481.992584228516;0
163.0085;575.647766113281;0
165.5672;608.600891113281;0
168.1232;606.7734375;0
170.6826;662.2998046875;0
173.2372;772.066650390625;0
175.7931;901.939575195313;0
178.3463;890.448608398438;0
180.8966;912.078369140625;0
183.4504;912.117919921875;0
185.9993;1078.11279296875;0
188.5476;1069.6298828125;0
191.0972;1097.7216796875;0
193.644;1059.59130859375;0
196.1859;1093.7568359375;0
198.7335;1098.87512207031;0
201.2761;1016.74200439453;0
203.8201;994.752563476563;0
206.3593;991.132263183594;0
208.8998;1112.91979980469;0
211.4397;1214.9248046875;0
213.9746;1280.26635742188;0
216.5109;1352.29504394531;0
219.0487;1410.74401855469;0
221.5816;1381.42919921875;0
224.1158;1408.5166015625;0
226.6473;1404.00329589844;0
229.176;1493.74304199219;0
231.7082;1450.66687011719;0
234.2355;1498.40148925781;0
236.7643;1493.43041992188;0
239.2902;1566.77783203125;0
241.8133;1520.02868652344;0
244.3379;1488.94262695313;0
246.8618;1451.64611816406;0
249.3828;1415.12939453125;0
251.9053;1413.60241699219;0
254.423;1394.85119628906;0
256.942;1427.88684082031;0
259.4603;1452.09729003906;0
261.9759;1410.32458496094;0
264.4887;1347.916015625;0
267.005;1335.88391113281;0
269.5164;1319.03076171875;0
272.0292;1444.59948730469;0
274.5393;1585.63391113281;0
277.0466;1683.14514160156;0
279.5574;1707.91638183594;0
282.0654;1631.033203125;0
284.5686;1726.8076171875;0
287.0752;1686.20751953125;0
289.5791;1694.81494140625;0
292.0803;1572.39599609375;0
294.5828;1542.14562988281;0
297.0826;1490.85607910156;0
299.5838;1453.14074707031;0
302.0801;1436.88818359375;0
304.5758;1397.34912109375;0
307.0749;1377.64697265625;0
309.5672;1241.35412597656;0
312.0608;1279.0302734375;0
314.5558;1240.53564453125;0
317.044;1334.03198242188;0
319.5377;1185.31420898438;0
322.0266;1270.48962402344;0
324.5127;1271.8193359375;0
327.0023;1432.37243652344;0
329.4871;1426.69030761719;0
331.9691;1499.81604003906;0
334.4547;1568.01550292969;0
336.9353;1630.04016113281;0
339.4174;1771.48107910156;0
341.901;1676.92529296875;0
344.3776;1705.09326171875;0
346.8577;1626.27563476563;0
349.333;1675.91955566406;0
351.8076;1630.50915527344;0
354.2857;1643.28576660156;0
356.7569;1630.52062988281;0
359.2296;1629.90368652344;0
361.7015;1547.64318847656;0
364.1729;1503.646484375;0
366.6414;1523.50903320313;0
369.1093;1613.08056640625;0
371.5745;1670.09216308594;0
374.0432;1604.71301269531;0
376.507;1539.24914550781;0
378.9702;1428.26928710938;0
381.4348;1414.65612792969;0
383.8947;1371.88171386719;0
386.3538;1504.73559570313;0
388.8144;1594.31823730469;0
391.2722;1642.84265136719;0
393.7314;1608.52575683594;0
396.1859;1651.5;0
398.6418;1731.50109863281;0
401.0949;1802.11889648438;0
403.5475;1728.82861328125;0
405.9972;1644.35693359375;0
408.4505;1649.68615722656;0
410.899;1721.85461425781;0
413.3468;1763.68566894531;0
415.796;1803.71044921875;0
418.2405;1775.62121582031;0
420.6884;1794.12683105469;0
423.1295;1653.07922363281;0
425.572;1590.20788574219;0
428.0159;1483.78344726563;0
430.455;1622.18676757813;0
432.8956;1575.58044433594;0
435.3335;1617.96923828125;0
437.7707;1437.04638671875;0
440.2093;1482.84838867188;0
442.6432;1389.96899414063;0
445.0764;1444.34143066406;0
447.511;1327.3701171875;0
449.9429;1347.14123535156;0
452.3721;1357.29858398438;0
454.8048;1453.55139160156;0
457.2328;1521.23168945313;0
459.66;1457.83251953125;0
462.0847;1502.06262207031;0
464.5127;1479.84790039063;0
466.9381;1505.18286132813;0
469.3587;1509.32165527344;0
471.7807;1638.78674316406;0
474.2042;1728.8310546875;0
476.6229;1809.40344238281;0
479.041;1739.61962890625;0
481.4604;1697.44152832031;0
483.8752;1648.64807128906;0
486.2934;1650.15466308594;0
488.7068;1563.99597167969;0
491.1197;1484.36108398438;0
493.5339;1507.92431640625;0
495.9435;1508.65185546875;0
498.3544;1383.48889160156;0
500.7667;1327.65795898438;0
503.1723;1369.22863769531;0
505.5793;1520.61828613281;0
507.9856;1412.275390625;0
510.3913;1321.62780761719;0
512.7944;1258.2734375;0
515.1968;1271.39392089844;0
517.5986;1250.27307128906;0
519.9997;1151.79711914063;0
522.3982;1168.85717773438;0
524.798;1146.53186035156;0
527.1973;1175.46130371094;0
529.5919;1193.57104492188;0
531.9899;1187.8251953125;0
534.3832;1296.57238769531;0
536.7758;1309.68640136719;0
539.1699;1350.72583007813;0
541.5593;1248.3427734375;0
543.9481;1240.45788574219;0
546.3382;1262.99572753906;0
548.7257;1309.08068847656;0
551.1146;1271.24108886719;0
553.4968;1305.88623046875;0
555.8824;1453.24353027344;0
558.2675;1600.11120605469;0
560.6478;1666.17272949219;0
563.0295;1640.02722167969;0
565.4106;1533.45288085938;0
567.7911;1516.83203125;0
570.169;1476.36938476563;0
572.5462;1483.32360839844;0
574.9229;1442.17639160156;0
577.2968;1374.03820800781;0
579.6721;1396.75317382813;0
582.0449;1457.56958007813;0
584.417;1340.50512695313;0
586.7885;1246.86486816406;0
589.1553;1207.71276855469;0
591.5255;1247.24951171875;0
593.8931;1166.20776367188;0
596.2601;1182.45153808594;0
598.6265;1198.43127441406;0
600.9902;1284.89831542969;0
603.3554;1204.98266601563;0
605.7179;1202.96069335938;0
608.0778;1229.28039550781;0
610.4391;1161.21337890625;0
612.7977;1181.26159667969;0
615.1558;1185.02355957031;0
617.5132;1423.88720703125;0
619.8701;1461.27380371094;0
622.2263;1469.99780273438;0
624.5779;1419.95629882813;0
626.9308;1549.8544921875;0
629.2852;1605.20263671875;0
631.6349;1650.19653320312;0
633.9841;1707.71398925781;0
636.3326;1778.86401367187;0
638.6805;1887.509765625;0
641.0279;1823.93518066406;0
643.3746;1908.39489746094;0
645.7187;1944.46948242187;0
648.0621;1988.76281738281;0
650.405;1823.39367675781;0
652.7453;1788.30932617188;0
655.087;1752.50256347656;0
657.426;1776.16186523437;0
659.7645;1689.27233886719;0
662.1024;1649.27893066406;0
664.4376;1566.40783691406;0
666.7742;1520.10632324219;0
669.1063;1443.39086914063;0
671.4398;1421.83532714844;0
673.7726;1366.96862792969;0
676.1048;1403.697265625;0
678.4324;1524.18212890625;0
680.7635;1492.87683105469;0
683.0919;1542.17687988281;0
685.4158;1480.23107910156;0
687.743;1570.37658691406;0
690.0696;1486.99719238281;0
692.3937;1468.81713867188;0
694.7151;1380.13220214844;0
697.038;1473.84936523438;0
699.3583;1468.18017578125;0
701.6779;1529.50646972656;0
703.995;1532.42834472656;0
706.3155;1595.38073730469;0
708.6294;1644.36962890625;0
710.9467;1569.44921875;0
713.2594;1561.45178222656;0
715.5735;1482.82641601563;0
717.887;1547.42065429688;0
720.1979;1541.66931152344;0
722.5083;1759.21252441406;0
724.818;1742.45385742187;0
727.1252;1750.14379882813;0
729.4357;1587.78637695312;0
731.7418;1635.15832519531;0
734.0452;1648.39562988281;0
736.35;1663.84838867188;0
738.6522;1578.6220703125;0
740.9539;1524.29223632812;0
743.2569;1495.35388183594;0
745.5554;1410.75439453125;0
747.8553;1328.15576171875;0
750.1545;1241.89782714844;0
752.4513;1378.22961425781;0
754.7474;1266.86975097656;0
757.043;1272.58850097656;0
759.336;1214.5380859375;0
761.6304;1389.03039550781;0
763.9222;1358.02465820313;0
766.2114;1144.89953613281;0
768.5041;1028.68298339844;0
770.7922;957.485656738281;0
773.0777;1025.59899902344;0
775.3647;1082.91687011719;0
777.651;1211.54089355469;0
779.9368;1195.99243164063;0
782.22;1269.08666992188;0
784.5026;1189.95849609375;0
786.7847;1286.92956542969;0
789.0662;1220.61352539063;0
791.3451;1335.86547851563;0
793.6254;1355.97900390625;0
795.9012;1474.79541015625;0
798.1784;1579.80139160156;0
800.455;1574.91149902344;0
802.7291;1504.45471191406;0
805.0026;1415.87194824219;0
807.2755;1551.26013183594;0
809.5478;1660.71520996094;0
811.8176;1675.44201660156;0
814.0869;1785.67687988281;0
816.3535;1815.69738769531;0
818.6235;1939.41955566406;0
820.8911;1835.33227539063;0
823.156;1837.18884277344;0
825.4204;1807.70922851563;0
827.6823;1808.19384765625;0
829.9474;1766.67065429688;0
832.2082;1816.685546875;0
834.4683;1853.28149414062;0
836.7279;1882.37329101562;0
838.9869;1799.10388183594;0
841.2453;1823.57287597656;0
843.5012;1957.76062011719;0
845.7565;1965.47534179687;0
848.0133;1952.71984863281;0
850.2655;1860.7119140625;0
852.5153;1723.31555175781;0
854.7703;1735.74255371094;0
857.0189;1669.76843261719;0
859.2668;1679.65625;0
861.5182;1616.07666015625;0
863.7651;1602.58312988281;0
866.0114;1629.48034667969;0
868.2592;1436.73010253906;0
870.5024;1359.19274902344;0
872.7451;1323.51647949219;0
874.9872;1405.38586425781;0
877.2307;1372.35571289063;0
879.4717;1181.20166015625;0
881.7101;1123.03405761719;0
883.95;1127.40502929688;0
886.1854;1330.56091308594;0
888.4202;1409.05737304688;0
890.6604;1485.3271484375;0
892.8941;1421.37341308594;0
895.1253;1449.31762695313;0
897.3599;1512.36059570313;0
899.59;1425.09606933594;0
901.8195;1351.97119140625;0
904.0504;1246.21252441406;0
906.2789;1404.09509277344;0
908.5087;1443.19091796875;0
910.7341;1564.24987792969;0
912.9589;1529.5673828125;0
915.1851;1630.58984375;0
917.4088;1645.74597167969;0
919.63;1637.70971679688;0
921.8526;1376.68981933594;0
924.0727;1392.59912109375;0
926.2922;1546.51745605469;0
928.5112;1753.84106445313;0
930.7277;1584.85961914063;0
932.9476;1313.54736328125;0
935.163;1218.23510742188;0
937.3739;1093.92236328125;0
939.5901;1179.28039550781;0
941.8019;1091.21130371094;0
944.0151;1039.35986328125;0
946.2258;860.204040527344;0
948.4341;729.846740722656;0
950.6456;711.020446777344;0
952.8527;751.730346679688;0
955.0593;800.096618652344;0
957.2653;726.538879394531;0
959.4689;739.857482910156;0
961.6738;780.344665527344;0
963.8782;827.93212890625;0
966.0782;884.660217285156;0
968.2815;951.325622558594;0
970.4803;1023.70550537109;0
972.6787;982.392700195313;0
974.8784;940.971313476563;0
977.0757;985.39013671875;0
979.2704;966.852233886719;0
981.4667;951.664123535156;0
983.6603;1019.99841308594;0
985.8535;1078.13977050781;0
988.0461;1229.8935546875;0
990.2363;1117.99670410156;0
992.4297;1354.60815429688;0
994.6169;1440.66467285156;0
996.8035;1695.04968261719;0
998.9933;1742.06567382813;0
1001.179;1780.64440917969;0
1003.364;1764.81079101562;0
1005.55;1668.88159179688;0
1007.732;1783.93408203125;0
1009.916;1778.88928222656;0
1012.096;1834.30029296875;0
1014.275;1558.05432128906;0
1016.459;1595.8701171875;0
1018.636;1708.61584472656;0
1020.813;2038.748046875;0
1022.991;2148.76416015625;0
1025.165;2198.66674804688;0
1027.34;2045.25561523438;0
1029.515;1988.15869140625;0
1031.687;1802.26123046875;0
1033.859;1929.34020996094;0
1036.03;1937.73303222656;0
1038.199;2018.55627441406;0
1040.369;1806.6748046875;0
1042.536;1729.77685546875;0
1044.704;1568.525390625;0
1046.87;1564.25256347656;0
1049.034;1406.72973632813;0
1051.198;1327.62976074219;0
1053.363;1289.31311035156;0
1055.526;1380.90368652344;0
1057.686;1410.01525878906;0
1059.845;1403.6787109375;0
1062.005;1274.78259277344;0
1064.165;1280.84826660156;0
1066.323;1350.00427246094;0
1068.477;1432.13659667969;0
1070.634;1467.322265625;0
1072.788;1399.63598632813;0
1074.942;1369.55102539063;0
1077.096;1402.08874511719;0
1079.247;1450.39453125;0
1081.397;1494.45837402344;0
1083.547;1519.13415527344;0
1085.695;1461.392578125;0
1087.844;1500.11328125;0
1089.992;1509.5615234375;0
1092.138;1526.96081542969;0
1094.284;1632.41455078125;0
1096.425;1626.84594726563;0
1098.571;1687.92993164062;0
1100.711;1622.724609375;0
1102.851;1689.7451171875;0
1104.994;1750.09252929688;0
1107.132;1656.33129882812;0
1109.271;1634.42614746094;0
1111.408;1612.10363769531;0
1113.543;1802.01635742188;0
1115.682;1866.81018066406;0
1117.816;1712.08203125;0
1119.947;1572.55969238281;0
1122.08;1375.86218261719;0
1124.213;1586.78991699219;0
1126.343;1633.10046386719;0
1128.474;1754.3544921875;0
1130.602;1578.19921875;0
1132.728;1551.19018554687;0
1134.856;1479.47033691406;0
1136.982;1405.11901855469;0
1139.109;1514.33288574219;0
1141.234;1586.92236328125;0
1143.356;1697.96704101563;0
1145.479;1502.77490234375;0
1147.599;1420.76770019531;0
1149.719;1352.25720214844;0
1151.839;1408.46301269531;0
1153.957;1283.60705566406;0
1156.076;1175.68505859375;0
1158.191;1091.47497558594;0
1160.305;1236.48681640625;0
1162.423;1389.74768066406;0
1164.536;1504.19934082031;0
1166.647;1319.91723632813;0
1168.761;1357.21875;0
1170.871;1294.68139648438;0
1172.983;1418.4052734375;0
1175.092;1446.86059570312;0
1177.2;1584.2216796875;0
1179.306;1707.98291015625;0
1181.413;1807.54064941406;0
1183.518;1700.06323242187;0
1185.623;1628.62451171875;0
1187.725;1486.77905273438;0
1189.826;1546.40234375;0
1191.929;1667.50415039062;0
1194.032;1769.79809570313;0
1196.13;1746.50036621094;0
1198.23;1739.39331054688;0
1200.327;1725.28295898438;0
1202.423;1815.76257324219;0
1204.52;1769.44348144531;0
1206.613;1632.51318359375;0
1208.71;1701.55908203125;0
1210.801;1767.94360351562;0
1212.892;1967.67810058594;0
1214.987;1837.28625488281;0
1217.075;1879.91528320313;0
1219.166;1807.68139648437;0
1221.256;1873.14611816406;0
1223.342;1774.05700683594;0
1225.43;1729.95922851563;0
1227.515;1662.34094238281;0
1229.597;1647.00231933594;0
1231.685;1665.11560058594;0
1233.767;1665.45202636719;0
1235.85;1646.72253417969;0
1237.931;1721.72290039063;0
1240.009;1752.92663574219;0
1242.09;1752.04357910156;0
1244.168;1607.8564453125;0
1246.245;1594.08435058594;0
1248.321;1584.580078125;0
1250.397;1685.83166503906;0
1252.472;1743.3388671875;0
1254.547;1638.89294433594;0
1256.618;1536.94165039063;0
1258.69;1419.59631347656;0
1260.761;1492.73071289062;0
1262.83;1596.18078613281;0
1264.901;1555.45483398437;0
1266.969;1634.00451660156;0
1269.035;1529.06140136719;0
1271.102;1681.84777832031;0
1273.167;1508.24938964844;0
1275.233;1580.04711914063;0
1277.295;1462.23657226563;0
1279.359;1512.92822265625;0
1281.42;1258.45495605469;0
1283.482;1176.41357421875;0
1285.542;1071.7734375;0
1287.6;1257.30493164063;0
1289.659;1320.73657226563;0
1291.714;1488.96948242188;0
1293.774;1601.2197265625;0
1295.828;1694.44348144531;0
1297.881;1760.62548828125;0
1299.936;1716.53930664063;0
1301.987;1702.20593261719;0
1304.041;1789.02502441406;0
1306.09;1753.25842285156;0
1308.139;1716.5869140625;0
1310.19;1686.62280273437;0
1312.238;1915.34765625;0
1314.286;1990.72412109375;0
1316.331;1924.04821777344;0
1318.376;1930.6962890625;0
1320.422;1895.14489746094;0
1322.466;1994.0068359375;0
1324.508;2010.11401367188;0
1326.549;1965.10900878906;0
1328.59;1869.10388183594;0
1330.632;1696.10168457031;0
1332.67;1731.5341796875;0
1334.707;1732.29992675781;0
1336.746;1809.06896972656;0
1338.78;1846.20703125;0
1340.816;1748.45971679687;0
1342.852;1357.99047851563;0
1344.885;1173.5244140625;0
1346.916;1082.73266601563;0
1348.948;1324.0009765625;0
1350.979;1425.42761230469;0
1353.011;1403.52294921875;0
1355.04;1344.24572753906;0
1357.066;1243.65344238281;0
1359.094;1432.20935058594;0
1361.121;1304.68371582031;0
1363.145;1377.14453125;0
1365.171;1071.47570800781;0
1367.192;1039.63427734375;0
1369.216;878.084411621094;0
1371.239;1066.123046875;0
1373.258;1167.36120605469;0
1375.28;1155.46569824219;0
1377.298;865.988464355469;0
1379.316;723.033935546875;0
1381.335;794.522644042969;0
1383.35;994.106872558594;0
1385.366;1099.43322753906;0
1387.38;977.2734375;0
1389.394;833.836303710938;0
1391.409;890.973754882813;0
1393.42;851.269470214844;0
1395.43;985.819946289063;0
1397.44;916.643981933594;0
1399.451;981.524536132813;0
1401.458;904.80224609375;0
1403.466;744.592834472656;0
1405.472;717.268371582031;0
1407.478;675.1103515625;0
1409.483;849.538452148438;0
1411.486;933.458435058594;0
1413.49;1052.40124511719;0
1415.492;1029.17163085938;0
1417.492;974.660461425781;0
1419.495;962.351440429688;0
1421.494;962.792358398438;0
1423.492;1116.7099609375;0
1425.49;1119.54028320313;0
1427.487;1316.61511230469;0
1429.482;1369.76477050781;0
1431.477;1558.40258789062;0
1433.471;1495.90783691406;0
1435.466;1513.9755859375;0
1437.456;1570.18273925781;0
1439.447;1498.36877441406;0
1441.441;1550.32922363281;0
1443.427;1485.93029785156;0
1445.417;1567.79455566406;0
1447.406;1627.29736328125;0
1449.392;1716.10974121094;0
1451.381;1746.23425292969;0
1453.365;1663.11303710938;0
1455.348;1596.07946777344;0
1457.333;1587.57202148437;0
1459.314;1637.03491210938;0
1461.296;1569.02001953125;0
1463.276;1382.63830566406;0
1465.256;1110.21887207031;0
1467.237;1176.37377929688;0
1469.215;1375.82470703125;0
1471.19;1467.79455566406;0
1473.167;1483.94982910156;0
1475.145;1458.51623535156;0
1477.118;1442.60607910156;0
1479.092;1347.55261230469;0
1481.065;1379.91149902344;0
1483.038;1460.794921875;0
1485.008;1483.19506835937;0
1486.979;1418.33276367188;0
1488.949;1402.13879394531;0
1490.917;1319.68225097656;0
1492.883;1266.29614257813;0
1494.852;1123.5361328125;0
1496.817;1087.52453613281;0
1498.782;961.249267578125;0
1500.748;1038.80297851563;0
1502.708;1007.88488769531;0
1504.673;1017.49389648438;0
1506.634;883.185546875;0
1508.594;604.774719238281;0
1510.554;694.036315917969;0
1512.512;806.894226074219;0
1514.471;1170.49389648438;0
1516.428;1057.73913574219;0
1518.384;1042.84155273438;0
1520.34;773.461669921875;0
1522.294;807.901916503906;0
1524.249;669.169555664063;0
1526.202;930.356201171875;0
1528.153;967.930908203125;0
1530.103;1168.91137695313;0
1532.054;1033.88879394531;0
1534.004;1078.74536132813;0
1535.951;1095.93872070313;0
1537.899;1089.71960449219;0
1539.847;1050.78149414063;0
1541.793;896.428039550781;0
1543.738;780.320617675781;0
1545.681;702.91064453125;0
1547.625;645.517578125;0
1549.566;801.216003417969;0
1551.509;811.085876464844;0
1553.45;917.105834960938;0
1555.389;890.880065917969;0
1557.33;721.720947265625;0
1559.266;738.758544921875;0
1561.204;871.144409179688;0
1563.141;1012.94482421875;0
1565.074;1014.37786865234;0
1567.009;778.437255859375;0
1568.943;738.789733886719;0
1570.877;714.099487304688;0
1572.808;726.477478027344;0
1574.741;642.922180175781;0
1576.67;530.100280761719;0
1578.6;441.233856201172;0
1580.528;508.551696777344;0
1582.455;507.385986328125;0
1584.382;503.734344482422;0
1586.307;529.928405761719;0
1588.234;578.189331054688;0
1590.157;723.73486328125;0
1592.081;762.564025878906;0
1594.002;697.898864746094;0
1595.927;549.517333984375;0
1597.845;423.418029785156;0
1599.767;433.377471923828;0
1601.685;344.726837158203;0
1603.602;404.1328125;0
1605.523;197.039794921875;0
1607.438;371.189788818359;0
1609.354;446.415222167969;0
1611.269;695.854858398438;0
1613.181;558.907348632813;0
1615.096;541.350524902344;0
1617.008;422.297760009766;0
1618.92;678.365966796875;0
1620.83;706.275634765625;0
1622.74;867.693420410156;0
1624.649;810.487121582031;0
1626.557;621.192016601563;0
1628.464;572.425842285156;0
1630.37;631.881652832031;0
1632.275;729.21484375;0
1634.18;767.180114746094;0
1636.085;688.549133300781;0
1637.988;778.140258789063;0
1639.888;758.150573730469;0
1641.791;767.923522949219;0
1643.691;819.30517578125;0
1645.588;879.180358886719;0
1647.489;1055.66064453125;0
1649.387;986.523803710938;0
1651.284;1111.88256835938;0
1653.18;966.071166992188;0
1655.075;1072.4306640625;0
1656.972;1128.63012695313;0
1658.864;1424.45007324219;0
1660.754;1456.11267089844;0
1662.65;1313.61975097656;0
1664.539;1112.19506835938;0
1666.428;1143.39428710938;0
1668.32;1080.66357421875;0
1670.207;1156.22534179688;0
1672.096;1035.8603515625;0
1673.982;1094.23510742188;0
1675.867;1033.57202148438;0
1677.754;1128.87097167969;0
1679.638;1148.57641601562;0
1681.52;1066.79956054688;0
1683.403;843.540344238281;0
1685.285;567.576538085938;0
1687.166;476.685882568359;0
1689.048;557.535095214844;0
1690.924;691.013061523438;0
1692.804;839.446716308594;0
1694.682;837.280395507813;0
1696.558;894.291931152344;0
1698.435;748.925720214844;0
1700.308;591.737426757813;0
1702.184;499.615844726563;0
1704.057;674.005432128906;0
1705.929;703.684020996094;0
1707.801;673.7626953125;0
1709.674;505.908050537109;0
1711.542;608.231323242188;0
1713.412;549.176696777344;0
1715.28;492.855255126953;0
1717.145;406.155944824219;0
1719.015;429.225677490234;0
1720.88;314.786895751953;0
1722.746;212.915267944336;0
1724.61;267.332763671875;0
1726.471;418.224822998047;0
1728.334;395.944610595703;0
1730.197;295.654083251953;0
1732.057;262.966278076172;0
1733.919;361.236297607422;0
1735.777;398.118286132813;0
1737.634;278.723907470703;0
1739.493;378.031494140625;0
1741.349;409.356506347656;0
1743.205;509.119842529297;0
1745.061;544.849975585938;0
1746.915;612.972778320313;0
1748.77;807.781372070313;0
1750.621;649.762390136719;0
1752.473;584.095886230469;0
1754.323;427.374969482422;0
1756.173;484.044128417969;0
1758.022;556.436157226563;0
1759.87;488.438812255859;0
1761.718;435.267822265625;0
1763.566;441.699798583984;0
1765.411;546.393249511719;0
1767.256;521.01171875;0
1769.101;552.215148925781;0
1770.945;573.003540039063;0
1772.787;842.041687011719;0
1774.629;796.883544921875;0
1776.469;941.529113769531;0
1778.309;873.643127441406;0
1780.15;854.114624023438;0
1781.987;799.273742675781;0
1783.826;713.787292480469;0
1785.662;817.432983398438;0
1787.498;784.544128417969;0
1789.334;778.676330566406;0
1791.169;853.496276855469;0
1793.002;850.781677246094;0
1794.834;931.19921875;0
1796.667;999.859985351563;0
1798.498;1067.09741210938;0
1800.328;1009.02252197266;0
1802.157;779.524230957031;0
1803.986;768.6025390625;0
1805.813;854.146301269531;0
1807.639;1029.48889160156;0
1809.467;1021.40808105469;0
1811.292;1011.79278564453;0
1813.117;967.420715332031;0
1814.94;949.180786132813;0
1816.763;999.628540039063;0
1818.585;977.764038085938;0
1820.407;887.365051269531;0
1822.227;861.8759765625;0
1824.048;775.630126953125;0
1825.865;817.967712402344;0
1827.683;600.447570800781;0
1829.501;587.738159179688;0
1831.317;446.843048095703;0
1833.135;483.525726318359;0
1834.948;250.822906494141;0
1836.761;215.279190063477;0
1838.577;325.005676269531;0
1840.388;507.891021728516;0
1842.198;496.357940673828;0
1844.009;323.525665283203;0
1845.819;268.282592773438;0
1847.629;313.430786132813;0
1849.436;211.172653198242;0
1851.244;108.213470458984;0
1853.052;67.7131500244141;0
1854.858;226.877777099609;0
1856.661;175.625198364258;0
1858.466;254.622436523438;0
1860.269;169.86946105957;0
1862.073;437.588500976563;0
1863.875;368.001770019531;0
1865.673;361.553741455078;0
1867.476;360.577728271484;0
1869.275;358.962615966797;0
1871.072;523.041748046875;0
1872.872;591.1484375;0
1874.667;536.171630859375;0
1876.464;464.33349609375;0
1878.26;341.411804199219;0
1880.053;331.739898681641;0
1881.849;322.651153564453;0
1883.64;233.256637573242;0
1885.431;289.445251464844;0
1887.226;379.881469726563;0
1889.014;220.568298339844;0
1890.803;260.619140625;0
1892.594;205.821014404297;0
1894.38;535.729797363281;0
1896.167;548.345581054688;0
1897.955;555.3349609375;0
1899.74;436.142364501953;0
1901.526;424.101715087891;0
1903.309;408.324096679688;0
1905.091;473.255126953125;0
1906.876;523.450317382813;0
1908.658;327.687469482422;0
1910.438;262.078643798828;0
1912.217;142.851425170898;0
1913.996;232.116882324219;0
1915.775;253.319488525391;0
1917.553;240.348129272461;0
1919.33;238.425262451172;0
1921.106;210.664260864258;0
1922.881;219.95686340332;0
1924.655;249.858627319336;0
1926.431;201.925094604492;0
1928.202;164.378509521484;0
1929.974;31.552173614502;0
1931.746;49.2876777648926;0
1933.516;144.25407409668;0
1935.286;280.413421630859;0
1937.055;304.506256103516;0
1938.823;367.533599853516;0
1940.592;404.384368896484;0
1942.356;421.663665771484;0
1944.122;458.882843017578;0
1945.888;484.695739746094;0
1947.651;528.102416992188;0
1949.416;374.991760253906;0
1951.178;310.367645263672;0
1952.939;331.117706298828;0
1954.699;486.136169433594;0
1956.459;585.967590332031;0
1958.219;533.505187988281;0
1959.979;594.44873046875;0
1961.735;696.207946777344;0
1963.491;775.11572265625;0
1965.249;490.727691650391;0
1967.003;476.377197265625;0
1968.761;470.400848388672;0
1970.512;749.24462890625;0
1972.265;783.575317382813;0
1974.018;637.28173828125;0
1975.769;591.363891601563;0
1977.522;553.044006347656;0
1979.271;649.656677246094;0
1981.018;497.428802490234;0
1982.766;243.027908325195;0
1984.516;281.231811523438;0
1986.261;310.484954833984;0
1988.009;478.787322998047;0
1989.754;465.474426269531;0
1991.498;557.995361328125;0
1993.241;704.681762695313;0
1994.984;807.976623535156;0
1996.727;591.871765136719;0
1998.468;528.034484863281;0
2000.206;463.354614257813;0
2001.946;664.833068847656;0
2003.686;815.915405273438;0
2005.424;773.601928710938;0
2007.161;831.22705078125;0
2008.898;735.457214355469;0
2010.634;827.182312011719;0
2012.369;833.736633300781;0
2014.103;704.786865234375;0
2015.836;640.217529296875;0
2017.57;771.029663085938;0
2019.299;831.557495117188;0
2021.032;841.69091796875;0
2022.762;633.097351074219;0
2024.491;713.108459472656;0
2026.221;762.6103515625;0
2027.947;769.269714355469;0
2029.676;660.08642578125;0
2031.403;703.393981933594;0
2033.128;732.525573730469;0
2034.852;606.636413574219;0
2036.577;374.835510253906;0
2038.299;444.494018554688;0
2040.022;599.094482421875;0
2041.744;518.636962890625;0
2043.465;354.122314453125;0
2045.184;240.048782348633;0
2046.903;364.01708984375;0
2048.621;405.818786621094;0
2050.339;443.899291992188;0
2052.057;344.370666503906;0
2053.774;285.785522460938;0
2055.488;84.2545700073242;0
2057.203;195.103088378906;0
2058.917;345.4541015625;0
2060.631;408.640686035156;0
2062.344;318.552673339844;0
2064.053;193.744644165039;0
2065.765;321.773132324219;0
2067.476;489.861358642578;0
2069.185;530.7880859375;0
2070.892;566.439819335938;0
2072.6;610.371520996094;0
2074.308;644.250915527344;0
2076.014;568.74560546875;0
2077.72;456.523162841797;0
2079.425;408.029052734375;0
2081.13;320.485198974609;0
2082.833;374.110198974609;0
2084.532;380.126312255859;0
2086.236;446.090057373047;0
2087.936;225.002426147461;0
2089.635;288.135559082031;0
2091.335;372.907318115234;0
2093.034;473.505432128906;0
2094.731;344.746978759766;0
2096.427;404.469085693359;0
2098.124;601.582275390625;0
2099.82;907.753234863281;0
2101.515;1008.87084960938;0
2103.207;1033.72705078125;0
2104.902;927.085388183594;0
2106.594;921.656005859375;0
2108.286;963.950988769531;0
2109.976;1182.30383300781;0
2111.667;1234.71618652344;0
2113.355;1220.54040527344;0
2115.044;1094.31140136719;0
2116.732;995.028930664063;0
2118.42;890.137573242188;0
2120.105;850.804931640625;0
2121.79;911.835144042969;0
2123.476;1125.47302246094;0
2125.16;1222.27917480469;0
2126.844;1256.36657714844;0
2128.524;1229.29077148437;0
2130.207;1323.49633789062;0
2131.888;1390.20544433594;0
2133.567;1380.41870117188;0
2135.247;1346.3583984375;0
2136.927;1358.69030761719;0
2138.603;1523.63720703125;0
2140.281;1535.75500488281;0
2141.957;1546.48852539063;0
2143.633;1358.61560058594;0
2145.308;1370.4658203125;0
2146.981;1403.26171875;0
2148.654;1531.67028808594;0
2150.328;1367.91418457031;0
2152;1263.8828125;0
2153.669;1227.65930175781;0
2155.34;1230.59887695312;0
2157.01;1334.70056152344;0
2158.677;1146.85498046875;0
2160.347;1205.517578125;0
2162.013;1102.78930664062;0
2163.681;1406.44812011719;0
2165.347;1318.82800292969;0
2167.011;1333.91577148437;0
2168.674;1114.20849609375;0
2170.337;1185.888671875;0
2172.002;1092.73583984375;0
2173.662;1093.52807617187;0
2175.324;1041.70910644531;0
2176.985;1081.25170898437;0
2178.645;1027.01672363281;0
2180.304;971.172668457031;0
2181.961;975.046997070313;0
2183.618;1155.30859375;0
2185.275;1141.4052734375;0
2186.932;1097.94555664063;0
2188.586;911.974243164063;0
2190.242;866.7578125;0
2191.896;633.061279296875;0
2193.547;639.623229980469;0
2195.2;738.8291015625;0
2196.851;880.323059082031;0
2198.502;818.659606933594;0
2200.153;695.837768554688;0
2201.799;754.509094238281;0
2203.447;701.464538574219;0
2205.097;864.437622070313;0
2206.742;781.470642089844;0
2208.391;731.789306640625;0
2210.035;604.395263671875;0
2211.679;703.157592773438;0
2213.324;852.540466308594;0
2214.966;843.209655761719;0
2216.608;672.719604492188;0
2218.252;629.790710449219;0
2219.89;570.874145507813;0
2221.531;790.573974609375;0
2223.172;832.329345703125;0
2224.809;974.139282226563;0
2226.449;867.560424804688;0
2228.086;889.377380371094;0
2229.72;1024.30090332031;0
2231.358;1027.70861816406;0
2232.992;949.413940429688;0
2234.625;756.302795410156;0
2236.26;929.818176269531;0
2237.893;1092.29211425781;0
2239.524;1118.50122070312;0
2241.156;919.784790039063;0
2242.785;868.259216308594;0
2244.416;886.478698730469;0
2246.044;1037.6640625;0
2247.672;949.591674804688;0
2249.301;926.265686035156;0
2250.926;981.825500488281;0
2252.554;865.141296386719;0
2254.177;934.88134765625;0
2255.803;845.59814453125;0
2257.427;1096.16955566406;0
2259.051;1120.60485839844;0
2260.671;1023.01354980469;0
2262.294;897.838928222656;0
2263.914;856.321411132813;0
2265.533;1047.41015625;0
2267.153;1011.92279052734;0
2268.773;1119.96862792969;0
2270.392;1033.87951660156;0
2272.006;967.322265625;0
2273.624;766.105224609375;0
2275.239;790.0361328125;0
2276.854;1035.17065429688;0
2278.468;1129.07043457031;0
2280.084;1054.40319824219;0
2281.695;909.497985839844;0
2283.305;865.525268554688;0
2284.919;632.942810058594;0
2286.527;593.395141601563;0
2288.14;610.473449707031;0
2289.748;805.509338378906;0
2291.354;832.716979980469;0
2292.964;726.7763671875;0
2294.569;751.680847167969;0
2296.174;724.985473632813;0
2297.782;781.80126953125;0
2299.386;712.793823242188;0
2300.99;625.740844726563;0
2302.594;644.420166015625;0
2304.195;565.159729003906;0
2305.798;628.838500976563;0
2307.399;476.901000976563;0
2308.998;468.013885498047;0
2310.598;469.288208007813;0
2312.197;632.718444824219;0
2313.795;854.201843261719;0
2315.392;1077.91809082031;0
2316.988;1250.90686035156;0
2318.585;1254.82873535156;0
2320.18;1200.23840332031;0
2321.774;999.245910644531;0
2323.368;919.955505371094;0
2324.961;672.767517089844;0
2326.553;455.692504882813;0
2328.145;365.178680419922;0
2329.735;444.114929199219;0
2331.324;692.501220703125;0
2332.916;777.004272460938;0
2334.503;718.734924316406;0
2336.092;588.352722167969;0
2337.677;564.966552734375;0
2339.263;636.6875;0
2340.85;717.515502929688;0
2342.434;671.340515136719;0
2344.018;580.267333984375;0
2345.602;554.961181640625;0
2347.185;489.526123046875;0
2348.768;501.62744140625;0
2350.347;560.040954589844;0
2351.928;685.432495117188;0
2353.51;680.46875;0
2355.087;565.228637695313;0
2356.665;405.528778076172;0
2358.243;328.280395507813;0
2359.819;357.318115234375;0
2361.396;449.10302734375;0
2362.972;481.869384765625;0
2364.547;527.292602539063;0
2366.121;438.695892333984;0
2367.694;642.515075683594;0
2369.267;493.689483642578;0
2370.839;484.698883056641;0
2372.411;280.234405517578;0
2373.982;392.346618652344;0
2375.55;487.370330810547;0
2377.118;345.316619873047;0
2378.687;350.437377929688;0
2380.254;398.075134277344;0
2381.821;722.463134765625;0
2383.387;856.170593261719;0
2384.954;841.760070800781;0
2386.516;668.21728515625;0
2388.082;511.436859130859;0
2389.644;454.418304443359;0
2391.209;426.163299560547;0
2392.769;296.691528320313;0
2394.33;474.333770751953;0
2395.892;689.364501953125;0
2397.449;828.164184570313;0
2399.008;751.517639160156;0
2400.568;820.869750976563;0
2402.125;824.554321289063;0
2403.68;928.904113769531;0
2405.238;820.148315429688;0
2406.792;896.376281738281;0
2408.349;870.560302734375;0
2409.902;942.437316894531;0
2411.455;1044.80493164063;0
2413.007;1030.43054199219;0
2414.558;1084.14306640625;0
2416.11;1027.98278808594;0
2417.66;1041.61413574219;0
2419.21;957.982055664063;0
2420.758;889.155395507813;0
2422.307;830.801147460938;0
2423.855;767.212036132813;0
2425.402;807.056640625;0
2426.947;777.143737792969;0
2428.492;691.260559082031;0
2430.038;569.518615722656;0
2431.58;595.807189941406;0
2433.124;707.519958496094;0
2434.667;657.139099121094;0
2436.208;622.665893554688;0
2437.75;711.211853027344;0
2439.291;760.570983886719;0
2440.83;724.60302734375;0
2442.369;674.673278808594;0
2443.906;809.448669433594;0
2445.444;951.929748535156;0
2446.981;945.5068359375;0
2448.517;962.030883789063;0
2450.053;910.544311523438;0
2451.587;827.396850585938;0
2453.12;967.954162597656;0
2454.655;978.538635253906;0
2456.187;1069.24890136719;0
2457.718;1051.92114257813;0
2459.25;1074.83215332031;0
2460.781;1020.49291992188;0
2462.31;937.349792480469;0
2463.84;965.571350097656;0
2465.368;954.768310546875;0
2466.896;928.8271484375;0
2468.423;787.8447265625;0
2469.949;834.793273925781;0
2471.474;855.776123046875;0
2472.998;1049.0126953125;0
2474.522;1000.04443359375;0
2476.045;1090.42541503906;0
2477.568;1015.37780761719;0
2479.09;1074.45715332031;0
2480.612;1068.77478027344;0
2482.132;1086.99438476563;0
2483.653;999.874572753906;0
2485.171;905.638854980469;0
2486.689;1055.67858886719;0
2488.208;1196.61328125;0
2489.725;1280.21801757813;0
2491.242;1193.38024902344;0
2492.757;1227.32080078125;0
2494.271;1140.81787109375;0
2495.785;1106.09155273438;0
2497.3;1129.26733398438;0
2498.812;1131.04797363281;0
2500.325;1130.91784667969;0
2501.837;974.751892089844;0
2503.345;798.004821777344;0
2504.856;672.403198242188;0
2506.366;756.907043457031;0
2507.875;895.409729003906;0
2509.382;930.244689941406;0
2510.889;919.07666015625;0
2512.397;824.462951660156;0
2513.901;657.66552734375;0
2515.406;519.01513671875;0
2516.911;670.812622070313;0
2518.415;764.380615234375;0
2519.918;763.611083984375;0
2521.421;536.846923828125;0
2522.922;369.574859619141;0
2524.423;354.865783691406;0
2525.924;461.051391601563;0
2527.422;553.574157714844;0
2528.923;528.308410644531;0
2530.419;662.948364257813;0
2531.916;659.796203613281;0
2533.415;763.405639648438;0
2534.909;437.886627197266;0
2536.404;364.768402099609;0
2537.899;179.323486328125;0
2539.394;369.986236572266;0
2540.887;455.01708984375;0
2542.38;583.254638671875;0
2543.871;297.919189453125;0
2545.363;245.713928222656;0
2546.852;174.744354248047;0
2548.345;167.675369262695;0
2549.833;63.9212265014648;0
2551.321;131.530227661133;0
2552.811;387.173065185547;0
2554.296;517.757202148438;0
2555.78;500.5625;0
2557.267;356.582397460938;0
2558.752;406.030090332031;0
2560.237;217.464279174805;0
2561.721;298.553985595703;0
2563.203;269.642700195313;0
2564.687;401.843994140625;0
2566.168;398.382354736328;0
2567.648;453.208770751953;0
2569.129;465.833587646484;0
2570.607;454.572448730469;0
2572.086;575.42333984375;0
2573.565;685.169738769531;0
2575.041;795.131591796875;0
2576.518;645.652465820313;0
2577.994;716.290222167969;0
2579.469;875.831176757813;0
2580.945;1098.82092285156;0
2582.418;1033.82263183594;0
2583.892;972.838195800781;0
2585.365;992.756286621094;0
2586.835;1075.474609375;0
2588.307;1098.19970703125;0
2589.778;970.378479003906;0
2591.248;1118.89245605469;0
2592.717;1168.40502929688;0
2594.186;1077.69470214844;0
2595.652;1051.42639160156;0
2597.121;939.821655273438;0
2598.585;1087.10437011719;0
2600.052;1050.38452148438;0
2601.518;1131.21765136719;0
2602.982;1168.49353027344;0
2604.446;1111.32604980469;0
2605.907;1156.82885742188;0
2607.371;1028.66674804688;0
2608.83;1102.60314941406;0
2610.293;1100.60803222656;0
2611.752;1188.64904785156;0
2613.213;1203.9111328125;0
2614.672;1223.61926269531;0
2616.13;1324.33093261719;0
2617.587;1286.15991210938;0
2619.043;1442.55322265625;0
2620.501;1377.62353515625;0
2621.957;1371.70849609375;0
2623.409;1222.36462402344;0
2624.864;1428.95922851563;0
2626.318;1539.02917480469;0
2627.771;1624.98937988281;0
2629.222;1474.41259765625;0
2630.673;1378.84753417969;0
2632.124;1381.73754882813;0
2633.575;1434.123046875;0
2635.023;1432.05786132813;0
2636.473;1276.89318847656;0
2637.922;1136.76245117188;0
2639.368;1124.13439941406;0
2640.816;1117.43591308594;0
2642.261;1187.61022949219;0
2643.705;1018.99829101563;0
2645.151;1051.27673339844;0
2646.596;1048.443359375;0
2648.037;1202.05249023438;0
2649.48;1207.0947265625;0
2650.923;1212.23547363281;0
2652.364;1147.02893066406;0
2653.804;1044.74731445313;0
2655.243;976.436828613281;0
2656.683;1007.22723388672;0
2658.121;1090.12475585938;0
2659.559;1001.45886230469;0
2660.997;968.025024414063;0
2662.433;940.814025878906;0
2663.868;1017.82452392578;0
2665.305;938.384155273438;0
2666.737;880.166870117188;0
2668.173;918.380798339844;0
2669.606;889.025207519531;0
2671.038;994.820861816406;0
2672.47;916.716369628906;0
2673.901;885.615966796875;0
2675.331;791.517211914063;0
2676.761;735.205322265625;0
2678.189;755.006530761719;0
2679.619;621.569763183594;0
2681.045;430.589904785156;0
2682.473;497.868377685547;0
2683.9;523.413391113281;0
2685.324;518.680480957031;0
2686.749;428.081634521484;0
2688.176;366.061340332031;0
2689.599;520.428894042969;0
2691.021;648.821350097656;0
2692.444;734.314453125;0
2693.865;746.496215820313;0
2695.287;519.408508300781;0
2696.707;467.535369873047;0
2698.125;476.359924316406;0
2699.545;618.772888183594;0
2700.963;567.440246582031;0
2702.381;561.472900390625;0
2703.798;633.5361328125;0
2705.214;778.518981933594;0
2706.629;807.411499023438;0
2708.046;686.441162109375;0
2709.458;632.31005859375;0
2710.872;580.63232421875;0
2712.285;637.212097167969;0
2713.699;564.180236816406;0
2715.111;416.046569824219;0
2716.52;388.241271972656;0
2717.93;431.661804199219;0
2719.342;523.970092773438;0
2720.749;531.8388671875;0
2722.159;582.169311523438;0
2723.565;770.8525390625;0
2724.971;731.112609863281;0
2726.38;723.060668945313;0
2727.785;619.805053710938;0
2729.19;803.566528320313;0
2730.594;924.343688964844;0
2731.997;1112.91906738281;0
2733.401;1093.40551757813;0
2734.803;967.359252929688;0
2736.204;866.336120605469;0
2737.606;1018.11053466797;0
2739.005;1133.01916503906;0
2740.405;1148.94970703125;0
2741.806;1083.34338378906;0
2743.202;1186.08947753906;0
2744.602;1206.40869140625;0
2745.998;1152.41748046875;0
2747.395;1092.55969238281;0
2748.79;1022.60906982422;0
2750.185;1034.7900390625;0
2751.58;986.663146972656;0
2752.975;1084.45349121094;0
2754.366;1154.55004882813;0
2755.759;1334.77124023438;0
2757.151;1326.90795898438;0
2758.542;1250.42956542969;0
2759.933;1183.59948730469;0
2761.322;1169.64428710938;0
2762.71;1253.63500976563;0
2764.1;1145.87756347656;0
2765.486;1164.55786132813;0
2766.875;1183.11926269531;0
2768.26;1243.66125488281;0
2769.646;1305.7666015625;0
2771.031;1157.76879882813;0
2772.418;1167.07946777344;0
2773.799;1114.837890625;0
2775.184;1294.30029296875;0
2776.565;1328.88305664063;0
2777.946;1434.91638183594;0
2779.328;1381.83862304688;0
2780.708;1434.20556640625;0
2782.09;1441.01391601563;0
2783.469;1492.44958496094;0
2784.847;1428.78186035156;0
2786.226;1456.60498046875;0
2787.603;1409.40063476563;0
2788.978;1409.38745117188;0
2790.355;1330.02294921875;0
2791.731;1378.43762207031;0
2793.104;1473.19604492188;0
2794.479;1429.18713378906;0
2795.853;1220.59655761719;0
2797.225;1152.36096191406;0
2798.596;1125.46301269531;0
2799.967;1138.93530273438;0
2801.341;923.002624511719;0
2802.71;765.997497558594;0
2804.077;761.353515625;0
2805.447;797.181091308594;0
2806.815;820.701965332031;0
2808.183;715.361938476563;0
2809.551;668.38623046875;0
2810.915;703.887145996094;0
2812.282;687.646362304688;0
2813.646;702.436889648438;0
2815.011;612.716613769531;0
2816.375;650.913940429688;0
2817.736;656.473266601563;0
2819.099;639.508911132813;0
2820.462;430.316955566406;0
2821.821;395.371398925781;0
2823.182;360.321044921875;0
2824.542;526.298950195313;0
2825.901;605.897033691406;0
2827.261;685.4853515625;0
2828.617;711.876098632813;0
2829.974;640.956787109375;0
2831.33;783.412902832031;0
2832.686;724.456115722656;0
2834.043;784.63330078125;0
2835.395;699.389038085938;0
2836.75;875.726013183594;0
2838.104;864.186767578125;0
2839.456;872.304870605469;0
2840.807;880.813720703125;0
2842.16;949.311767578125;0
2843.509;999.152893066406;0
2844.858;933.034362792969;0
2846.209;793.597473144531;0
2847.556;624.532531738281;0
2848.906;538.259704589844;0
2850.253;632.570068359375;0
2851.6;618.125183105469;0
2852.946;591.035278320313;0
2854.29;409.852508544922;0
2855.635;392.659759521484;0
2856.98;370.308990478516;0
2858.323;397.309722900391;0
2859.665;473.169403076172;0
2861.008;517.158325195313;0
2862.349;658.6171875;0
2863.691;704.908386230469;0
2865.031;658.677673339844;0
2866.37;625.572631835938;0
2867.709;462.423858642578;0
2869.048;440.392822265625;0
2870.385;478.166137695313;0
2871.722;619.60400390625;0
2873.059;816.041137695313;0
2874.394;788.699096679688;0
2875.73;801.104553222656;0
2877.064;677.730834960938;0
2878.398;615.567749023438;0
2879.731;665.157104492188;0
2881.063;793.668762207031;0
2882.395;828.07958984375;0
2883.727;809.912658691406;0
2885.059;847.721984863281;0
2886.387;1024.50610351563;0
2887.717;1092.04138183594;0
2889.046;1066.43896484375;0
2890.374;989.464172363281;0
2891.699;949.622253417969;0
2893.028;948.1806640625;0
2894.354;1009.01782226563;0
2895.679;1052.50012207031;0
2897.004;1171.76013183594;0
2898.328;993.657653808594;0
2899.653;1001.2265625;0
2900.976;946.117492675781;0
2902.297;1042.43762207031;0
2903.619;1010.78228759766;0
2904.941;997.282104492188;0
2906.26;992.450378417969;0
2907.58;1041.3642578125;0
2908.898;1059.13854980469;0
2910.217;1080.73889160156;0
2911.536;1126.63854980469;0
2912.852;1244.84338378906;0
2914.171;1359.43603515625;0
2915.485;1324.67858886719;0
2916.799;1392.44763183594;0
2918.116;1333.29833984375;0
2919.428;1292.62158203125;0
2920.743;1094.48181152344;0
2922.056;1113.41296386719;0
2923.367;1161.87512207031;0
2924.679;1143.9599609375;0
2925.99;1231.32873535156;0
2927.299;1319.56079101563;0
2928.609;1474.75842285156;0
2929.918;1473.03894042969;0
2931.226;1364.95910644531;0
2932.535;1281.63305664063;0
2933.841;1156.86682128906;0
2935.149;1215.69702148438;0
2936.455;1144.93676757813;0
2937.758;1199.76696777344;0
2939.064;1191.79528808594;0
2940.368;1252.23657226563;0
2941.67;1263.32189941406;0
2942.973;1295.68994140625;0
2944.277;1304.32019042969;0
2945.577;1268.78381347656;0
2946.878;1315.48425292969;0
2948.178;1452.82922363281;0
2949.477;1555.59387207031;0
2950.776;1504.47338867188;0
2952.073;1371.09436035156;0
2953.372;1264.505859375;0
2954.669;1314.13171386719;0
2955.965;1348.76306152344;0
2957.261;1306.96020507813;0
2958.556;1236.5654296875;0
2959.849;1182.37963867188;0
2961.145;1275.76892089844;0
2962.436;1373.73327636719;0
2963.732;1345.04638671875;0
2965.022;1379.375;0
2966.313;1240.60083007813;0
2967.603;1232.30139160156;0
2968.893;1244.52465820313;0
2970.182;1203.55895996094;0
2971.471;1212.28845214844;0
2972.759;1113.36206054688;0
2974.047;1160.75805664063;0
2975.334;1232.83703613281;0
2976.62;1097.49011230469;0
2977.907;1053.47961425781;0
2979.192;896.493896484375;0
2980.475;972.691955566406;0
2981.76;1042.90356445313;0
2983.043;1064.46044921875;0
2984.326;1038.69616699219;0
2985.607;937.785766601563;0
2986.888;972.904052734375;0
2988.17;1060.58959960938;0
2989.449;942.398132324219;0
2990.728;866.554626464844;0
2992.007;818.075073242188;0
2993.284;887.496520996094;0
2994.562;831.261474609375;0
2995.84;776.647033691406;0
2997.115;743.654235839844;0
2998.393;778.896484375;0
2999.666;722.759765625;0
3000.94;660.005004882813;0
3002.215;629.735656738281;0
3003.486;560.798767089844;0
3004.76;600.195678710938;0
3006.033;611.038940429688;0
3007.303;639.217529296875;0
3008.573;615.7294921875;0
3009.844;626.013366699219;0
3011.114;636.958435058594;0
3012.383;578.572509765625;0
3013.649;552.278198242187;0
3014.917;371.974365234375;0
3016.185;345.216430664063;0
3017.451;261.073486328125;0
3018.716;375.386993408203;0
3019.983;352.581390380859;0
3021.246;433.214202880859;0
3022.509;473.730316162109;0
3023.774;563.132446289063;0
3025.035;497.423461914062;0
3026.299;368.574554443359;0
3027.56;337.178955078125;0
3028.819;269.433197021485;0
3030.081;329.508209228516;0
3031.339;267.768524169922;0
3032.598;315.877624511719;0
3033.856;247.943145751953;0
3035.114;311.520446777344;0
3036.372;340.830841064453;0
3037.628;462.875518798828;0
3038.883;439.659912109375;0
3040.138;347.073852539063;0
3041.394;376.786193847656;0
3042.646;437.230346679688;0
3043.9;567.072082519531;0
3045.152;593.756225585938;0
3046.405;583.94970703125;0
3047.657;508.316345214844;0
3048.906;519.745056152344;0
3050.158;577.015625;0
3051.407;669.566284179687;0
3052.656;600.402709960938;0
3053.904;697.629577636719;0
3055.153;755.136474609375;0
3056.398;805.369506835938;0
3057.647;705.330261230469;0
3058.892;657.909973144531;0
3060.137;724.707153320313;0
3061.382;810.453735351563;0
3062.625;792.038696289062;0
3063.869;758.142456054688;0
3065.112;717.070861816406;0
3066.353;797.782470703125;0
3067.595;793.409973144531;0
3068.838;819.377807617188;0
3070.075;857.62158203125;0
3071.317;949.149353027344;0
3072.557;824.517150878906;0
3073.795;706.177856445312;0
3075.032;532.538024902344;0
3076.27;643.598327636719;0
3077.507;725.809997558594;0
3078.742;888.96630859375;0
3079.978;910.5087890625;0
3081.212;864.21533203125;0
3082.446;830.755676269531;0
3083.681;782.918701171875;0
3084.913;823.371337890625;0
3086.147;898.671447753906;0
3087.38;908.817565917969;0
3088.61;914.698181152344;0
3089.84;849.867370605469;0
3091.071;864.031799316406;0
3092.3;880.686401367187;0
3093.529;973.299743652344;0
3094.755;1036.87524414063;0
3095.984;1138.6337890625;0
3097.211;1138.01550292969;0
3098.438;1059.90686035156;0
3099.663;993.862121582031;0
3100.888;923.864990234375;0
3102.112;964.206481933594;0
3103.335;890.263366699219;0
3104.56;891.244812011719;0
3105.782;858.723449707031;0
3107.005;875.725219726562;0
3108.226;876.386901855469;0
3109.447;858.597106933594;0
3110.667;827.689270019531;0
3111.887;837.794189453125;0
3113.104;866.445129394531;0
3114.324;939.759643554688;0
3115.541;923.1455078125;0
3116.758;959.531982421875;0
3117.976;937.918762207031;0
3119.192;990.194458007812;0
3120.408;990.063415527344;0
3121.622;945.692260742188;0
3122.835;852.101806640625;0
3124.05;754.8515625;0
3125.262;778.827880859375;0
3126.476;804.370544433594;0
3127.687;874.373901367188;0
3128.897;915.617614746094;0
3130.108;953.436584472656;0
3131.319;944.204223632813;0
3132.528;956.546142578125;0
3133.737;937.350341796875;0
3134.945;1016.95288085938;0
3136.152;980.566162109375;0
3137.358;960.463134765625;0
3138.565;940.965270996094;0
3139.772;907.637084960938;0
3140.976;837.498596191406;0
3142.18;667.726989746094;0
3143.385;659.2138671875;0
3144.588;747.6259765625;0
3145.79;828.256042480469;0
3146.993;901.034240722656;0
3148.194;771.494506835938;0
3149.395;746.657104492188;0
3150.596;688.299133300781;0
3151.794;761.719116210938;0
3152.994;750.287963867188;0
3154.193;759.863403320313;0
3155.39;658.693725585938;0
3156.587;638.444946289062;0
3157.784;500.562255859375;0
3158.982;464.047149658203;0
3160.177;431.123321533203;0
3161.37;408.458038330078;0
3162.565;435.162506103516;0
3163.759;470.121887207031;0
3164.952;498.891387939453;0
3166.146;491.984497070313;0
3167.337;472.33773803711;0
3168.527;501.398223876953;0
3169.719;614.277770996094;0
3170.91;536.422180175781;0
3172.098;463.746429443359;0
3173.288;364.866973876953;0
3174.475;341.996734619141;0
3175.663;330.027557373047;0
3176.849;303.040557861328;0
3178.037;382.41552734375;0
3179.223;379.759368896484;0
3180.408;382.960571289062;0
3181.592;326.836761474609;0
3182.777;370.59634399414;0
3183.96;412.926300048828;0
3185.143;386.712463378906;0
3186.325;482.798492431641;0
3187.507;497.297882080078;0
3188.688;542.953857421875;0
3189.869;452.398742675781;0
3191.049;387.152557373047;0
3192.228;475.678253173828;0
3193.406;435.798431396485;0
3194.585;525.57568359375;0
3195.763;540.816162109375;0
3196.939;633.617309570313;0
3198.116;632.640197753906;0
3199.292;613.5556640625;0
3200.466;580.353393554688;0
3201.643;682.886535644531;0
3202.816;786.197082519531;0
3203.991;840.17626953125;0
3205.161;777.043701171875;0
3206.334;776.316223144531;0
3207.504;824.138305664062;0
3208.677;942.654663085938;0
3209.846;901.494140625;0
3211.017;956.949157714844;0
3212.187;885.280090332031;0
3213.356;859.788879394531;0
3214.524;839.858520507813;0
3215.69;827.770202636719;0
3216.859;871.03173828125;0
3218.024;805.649780273438;0
3219.189;899.346374511719;0
3220.354;824.966796875;0
3221.519;919.106140136719;0
3222.682;872.44091796875;0
3223.845;953.032775878906;0
3225.01;1000.00445556641;0
3226.171;1070.62780761719;0
3227.332;1144.12365722656;0
3228.494;1144.15966796875;0
3229.655;1089.59033203125;0
3230.814;1118.32019042969;0
3231.973;1061.1513671875;0
3233.13;1095.25170898438;0
3234.29;1011.88946533203;0
3235.447;1087.216796875;0
3236.605;1072.9638671875;0
3237.76;1176.45080566406;0
3238.916;1141.53283691406;0
3240.071;1126.14599609375;0
3241.224;1102.38647460937;0
3242.381;1027.32800292969;0
3243.532;1000.7880859375;0
3244.685;910.097534179688;0
3245.839;915.979919433594;0
3246.99;860.122619628906;0
3248.141;872.683471679688;0
3249.292;914.997497558594;0
3250.439;1040.36022949219;0
3251.589;1026.3115234375;0
3252.739;1087.18994140625;0
3253.886;942.824768066406;0
3255.034;938.585571289063;0
3256.18;912.033264160156;0
3257.326;974.982666015625;0
3258.472;1023.91247558594;0
3259.617;990.932067871094;0
3260.761;854.523315429688;0
3261.905;889.177307128906;0
3263.048;902.387573242187;0
3264.19;986.6123046875;0
3265.333;963.729858398438;0
3266.475;924.186950683594;0
3267.617;975.632446289063;0
3268.757;955.630737304688;0
3269.896;1051.51098632813;0
3271.036;1051.80700683594;0
3272.175;1053.66357421875;0
3273.313;948.411254882812;0
3274.449;986.4697265625;0
3275.586;965.304931640625;0
3276.722;1049.33215332031;0
3277.859;990.500183105469;0
3278.993;1067.77880859375;0
3280.13;1028.91369628906;0
3281.263;1058.20092773437;0
3282.395;1006.98193359375;0
3283.529;1035.22448730469;0
3284.66;1063.33837890625;0
3285.794;1060.3212890625;0
3286.924;1047.51403808594;0
3288.054;1008.03070068359;0
3289.185;857.538146972656;0
3290.313;832.758361816406;0
3291.443;841.647399902344;0
3292.571;978.829162597656;0
3293.698;947.920715332031;0
3294.824;1011.92352294922;0
3295.952;935.280944824219;0
3297.077;861.582946777344;0
3298.203;740.14013671875;0
3299.328;721.750122070312;0
3300.45;811.222106933594;0
3301.574;824.825927734375;0
3302.698;854.098693847656;0
3303.819;852.839416503906;0
3304.942;833.726318359375;0
3306.064;808.241638183594;0
3307.182;860.337829589844;0
3308.303;840.02490234375;0
3309.423;913.2158203125;0
3310.542;813.663330078125;0
3311.66;714.752197265625;0
3312.778;604.990417480469;0
3313.895;614.91943359375;0
3315.012;666.743225097656;0
3316.128;673.883483886719;0
3317.243;618.52685546875;0
3318.357;614.830749511719;0
3319.471;701.590698242188;0
3320.586;690.627746582031;0
3321.698;822.658813476563;0
3322.813;795.414123535156;0
3323.923;830.484924316406;0
3325.034;822.198303222656;0
3326.146;933.467590332031;0
3327.255;1018.05975341797;0
3328.366;955.086364746094;0
3329.474;746.434753417969;0
3330.582;718.880310058594;0
3331.691;704.079040527344;0
3332.797;841.138427734375;0
3333.905;826.223205566406;0
3335.011;789.84130859375;0
3336.116;735.528747558594;0
3337.22;644.444213867187;0
3338.327;657.553833007813;0
3339.429;625.0830078125;0
3340.534;638.721740722656;0
3341.635;717.788635253906;0
3342.737;687.725036621094;0
3343.84;653.730102539063;0
3344.94;566.211791992188;0
3346.041;472.946533203125;0
3347.142;490.107727050781;0
3348.24;496.582824707031;0
3349.337;604.338012695313;0
3350.437;604.5078125;0
3351.534;555.457214355469;0
3352.633;526.626281738281;0
3353.727;523.108459472656;0
3354.823;547.007141113281;0
3355.919;619.891662597656;0
3357.013;622.666259765625;0
3358.108;671.395568847656;0
3359.201;668.645874023438;0
3360.293;716.211791992187;0
3361.385;733.121826171875;0
3362.478;704.098205566406;0
3363.569;700.394714355469;0
3364.661;620.744384765625;0
3365.75;682.277893066406;0
3366.838;647.882385253906;0
3367.929;750.454650878906;0
3369.017;814.946655273438;0
3370.105;856.110595703125;0
3371.193;844.40234375;0
3372.279;792.220031738281;0
3373.364;855.177856445312;0
3374.45;894.906188964844;0
3375.534;822.904968261719;0
3376.62;802.772277832031;0
3377.704;786.628112792969;0
3378.786;797.961608886719;0
3379.871;838.497863769531;0
3380.951;843.961608886719;0
3382.034;919.597473144531;0
3383.114;805.49658203125;0
3384.195;835.195739746094;0
3385.276;781.24169921875;0
3386.354;869.405639648437;0
3387.433;819.873840332031;0
3388.511;845.660461425781;0
3389.588;826.522277832031;0
3390.664;913.5400390625;0
3391.742;939.557861328125;0
3392.816;947.796508789062;0
3393.893;894.769104003906;0
3394.968;978.435852050781;0
3396.042;988.776977539063;0
3397.115;937.505004882813;0
3398.189;836.023864746094;0
3399.262;762.890014648438;0
3400.333;847.963745117187;0
3401.404;868.394958496094;0
3402.474;849.407409667969;0
3403.545;829.997375488281;0
3404.615;871.008972167969;0
3405.685;1010.97729492188;0
3406.752;985.522277832031;0
3407.82;930.514221191406;0
3408.888;961.420104980469;0
3409.955;937.966735839844;0
3411.021;869.716613769531;0
3412.085;754.067993164063;0
3413.151;771.945922851563;0
3414.215;745.957824707031;0
3415.279;736.978881835938;0
3416.343;775.572509765625;0
3417.406;848.849365234375;0
3418.468;980.493530273438;0
3419.53;879.491027832031;0
3420.592;952.280883789063;0
3421.652;850.301025390625;0
3422.712;946.229858398438;0
3423.773;825.074829101563;0
3424.83;816.420166015625;0
3425.889;885.409545898438;0
3426.946;1032.11682128906;0
3428.005;1051.64147949219;0
3429.061;1007.10015869141;0
3430.117;991.498474121094;0
3431.172;1085.91650390625;0
3432.227;1022.92431640625;0
3433.281;974.477355957031;0
3434.335;817.661254882813;0
3435.389;805.325439453125;0
3436.44;757.284301757813;0
3437.492;914.060363769531;0
3438.546;936.965698242188;0
3439.598;929.625793457031;0
3440.646;832.088256835937;0
3441.697;826.175170898437;0
3442.745;857.714904785156;0
3443.793;929.588562011719;0
3444.842;1003.10437011719;0
3445.891;1029.89343261719;0
3446.937;1010.99981689453;0
3447.984;964.534912109375;0
3449.031;975.284301757813;0
3450.075;991.543518066406;0
3451.12;1004.90490722656;0
3452.164;997.033386230469;0
3453.207;1005.04431152344;0
3454.251;957.710083007812;0
3455.293;915.643127441406;0
3456.336;847.699279785156;0
3457.378;848.649536132812;0
3458.417;892.446472167969;0
3459.458;812.484924316406;0
3460.498;693.535217285156;0
3461.539;628.421936035156;0
3462.577;702.91845703125;0
3463.614;815.431030273438;0
3464.651;844.769348144531;0
3465.689;791.719787597656;0
3466.726;813.831726074219;0
3467.763;746.276977539062;0
3468.798;751.571166992188;0
3469.831;652.603088378906;0
3470.866;716.377258300781;0
3471.9;763.934204101562;0
3472.933;749.196228027344;0
3473.966;651.191284179687;0
3474.999;650.604614257813;0
3476.029;684.19580078125;0
3477.061;673.072143554688;0
3478.09;583.78369140625;0
3479.121;558.092529296875;0
3480.15;681.363647460937;0
3481.178;666.724548339844;0
3482.205;747.967468261719;0
3483.234;716.565063476563;0
3484.26;750.198974609375;0
3485.288;667.256713867188;0
3486.313;658.567749023438;0
3487.337;651.144287109375;0
3488.364;704.537963867188;0
3489.387;742.9794921875;0
3490.411;727.354919433594;0
3491.434;686.8544921875;0
3492.456;631.408508300781;0
3493.479;598.255981445313;0
3494.5;488.713928222656;0
3495.521;362.961456298828;0
3496.543;269.812164306641;0
3497.561;285.767761230469;0
3498.579;184.929275512695;0
3499.6;115.373992919922;0
3500.618;-1.41016471385956;0
3501.636;-46.0311546325684;0
3502.653;1.94577646255493;0
3503.669;-48.4920959472656;0
3504.685;-17.4935245513916;0
3505.699;-68.4199447631836;0
3506.716;-34.6614685058594;0
3507.729;-30.2718372344971;0
3508.743;-121.835067749023;0
3509.755;-93.5902786254883;0
