98.64605;0;0
101.2353;0;0
103.8217;0;0
106.4096;-13.6666669845581;0
108.9945;-14.8000001907349;0
111.5767;-7.0476188659668;0
114.1602;6.03703689575195;0
116.7409;-11.9696969985962;0
119.3209;56.1196594238281;0
121.9002;44.7555541992188;0
124.4788;148.980392456055;0
127.0566;47.6374282836914;0
129.6317;-58.8835983276367;0
132.2038;-107.758453369141;0
134.7796;-108.444442749023;0
137.3503;1.3950617313385;0
139.9204;4.85823774337769;0
142.4919;157.440856933594;0
145.0584;177.498321533203;0
147.6242;236.050796508789;0
150.1914;285.741729736328;0
152.7579;415.353271484375;0
155.3216;453.894317626953;0
157.8846;521.129211425781;0
160.4448;577.834594726563;0
163.0085;652.425537109375;0
165.5672;721.303833007813;0
168.1232;655.350769042969;0
170.6826;672.088073730469;0
173.2372;688.828308105469;0
175.7931;905.912292480469;0
178.3463;867.800720214844;0
180.8966;891.426940917969;0
183.4504;885.755676269531;0
185.9993;1017.84027099609;0
188.5476;1049.66516113281;0
191.0972;1066.017578125;0
193.644;1100.5712890625;0
196.1859;1146.28344726563;0
198.7335;1151.75354003906;0
201.2761;1036.4990234375;0
203.8201;1030.21801757813;0
206.3593;1027.49816894531;0
208.8998;1208.70031738281;0
211.4397;1234.81848144531;0
213.9746;1349.84631347656;0
216.5109;1292.58227539063;0
219.0487;1354.25354003906;0
221.5816;1326.82531738281;0
224.1158;1272.42602539063;0
226.6473;1212.15234375;0
229.176;1230.26098632813;0
231.7082;1348.26538085938;0
234.2355;1482.52819824219;0
236.7643;1481.43505859375;0
239.2902;1479.77404785156;0
241.8133;1447.9814453125;0
244.3379;1393.67810058594;0
246.8618;1375.73022460938;0
249.3828;1280.40075683594;0
251.9053;1412.69409179688;0
254.423;1406.30200195313;0
256.942;1417.4931640625;0
259.4603;1367.69689941406;0
261.9759;1360.70617675781;0
264.4887;1377.72583007813;0
267.005;1374.60729980469;0
269.5164;1312.94799804688;0
272.0292;1455.17651367188;0
274.5393;1535.47375488281;0
277.0466;1611.892578125;0
279.5574;1603.603515625;0
282.0654;1535.23315429688;0
284.5686;1577.21936035156;0
287.0752;1611.6728515625;0
289.5791;1621.8037109375;0
292.0803;1540.91967773438;0
294.5828;1403.86901855469;0
297.0826;1404.63659667969;0
299.5838;1353.27014160156;0
302.0801;1271.51916503906;0
304.5758;1162.52392578125;0
307.0749;1258.36340332031;0
309.5672;1267.53527832031;0
312.0608;1327.57861328125;0
314.5558;1343.54040527344;0
317.044;1354.3369140625;0
319.5377;1306.27014160156;0
322.0266;1186.60961914063;0
324.5127;1101.84948730469;0
327.0023;1129.0439453125;0
329.4871;1221.71728515625;0
331.9691;1413.73168945313;0
334.4547;1440.55847167969;0
336.9353;1447.44165039063;0
339.4174;1371.4619140625;0
341.901;1512.07348632813;0
344.3776;1516.59228515625;0
346.8577;1591.01000976563;0
349.333;1464.49206542969;0
351.8076;1512.56127929688;0
354.2857;1500.41967773438;0
356.7569;1421.98852539063;0
359.2296;1373.93420410156;0
361.7015;1316.95397949219;0
364.1729;1423.45629882813;0
366.6414;1495.37097167969;0
369.1093;1510.28686523438;0
371.5745;1479.51184082031;0
374.0432;1386.97546386719;0
376.507;1321.87927246094;0
378.9702;1204.73388671875;0
381.4348;1144.12097167969;0
383.8947;1197.38159179688;0
386.3538;1317.97082519531;0
388.8144;1414.74645996094;0
391.2722;1451.68041992188;0
393.7314;1474.22375488281;0
396.1859;1532.73205566406;0
398.6418;1611.76171875;0
401.0949;1754.31225585938;0
403.5475;1648.21643066406;0
405.9972;1596.95458984375;0
408.4505;1584.18579101563;0
410.899;1780.51916503906;0
413.3468;1744.81127929687;0
415.796;1662.47485351562;0
418.2405;1601.36730957031;0
420.6884;1603.50439453125;0
423.1295;1507.31811523437;0
425.572;1492.73803710938;0
428.0159;1408.53002929688;0
430.455;1387.35681152344;0
432.8956;1305.32275390625;0
435.3335;1309.58251953125;0
437.7707;1270.52429199219;0
440.2093;1299.25964355469;0
442.6432;1339.48059082031;0
445.0764;1388.58190917969;0
447.511;1276.11779785156;0
449.9429;1279.02978515625;0
452.3721;1342.49792480469;0
454.8048;1417.13745117187;0
457.2328;1436.232421875;0
459.66;1335.16223144531;0
462.0847;1297.419921875;0
464.5127;1311.12475585938;0
466.9381;1431.36267089844;0
469.3587;1471.1591796875;0
471.7807;1591.55200195312;0
474.2042;1606.11462402344;0
476.6229;1688.14697265625;0
479.041;1674.09289550781;0
481.4604;1616.66882324219;0
483.8752;1557.88732910156;0
486.2934;1544.00866699219;0
488.7068;1509.99389648438;0
491.1197;1495.10925292969;0
493.5339;1383.88220214844;0
495.9435;1374.59912109375;0
498.3544;1311.88037109375;0
500.7667;1246.05847167969;0
503.1723;1275.8935546875;0
505.5793;1290.392578125;0
507.9856;1298.73474121094;0
510.3913;1240.00256347656;0
512.7944;1153.82373046875;0
515.1968;1042.41687011719;0
517.5986;965.113037109375;0
519.9997;979.102294921875;0
522.3982;1108.55297851563;0
524.798;1058.76452636719;0
527.1973;1017.52679443359;0
529.5919;976.539306640625;0
531.9899;1072.34411621094;0
534.3832;1130.87475585938;0
536.7758;1036.96154785156;0
539.1699;1024.78735351563;0
541.5593;1025.92102050781;0
543.9481;1194.05358886719;0
546.3382;1283.65795898438;0
548.7257;1318.62744140625;0
551.1146;1388.27526855469;0
553.4968;1483.62963867188;0
555.8824;1544.21142578125;0
558.2675;1525.80688476563;0
560.6478;1465.75476074219;0
563.0295;1475.5068359375;0
565.4106;1355.83996582031;0
567.7911;1221.75378417969;0
570.169;1135.80493164063;0
572.5462;1162.04626464844;0
574.9229;1281.97583007813;0
577.2968;1184.76538085938;0
579.6721;1237.16625976563;0
582.0449;1107.31384277344;0
584.417;1084.86999511719;0
586.7885;894.447509765625;0
589.1553;901.537170410156;0
591.5255;912.5166015625;0
593.8931;901.202880859375;0
596.2601;946.222106933594;0
598.6265;933.001159667969;0
600.9902;1051.75659179688;0
603.3554;1053.38146972656;0
605.7179;1091.76245117188;0
608.0778;1017.46594238281;0
610.4391;886.7041015625;0
612.7977;945.910339355469;0
615.1558;1037.35705566406;0
617.5132;1160.99230957031;0
619.8701;1084.78210449219;0
622.2263;983.811584472656;0
624.5779;1055.93139648438;0
626.9308;1253.94750976563;0
629.2852;1469.24523925781;0
631.6349;1553.58410644531;0
633.9841;1579.45446777344;0
636.3326;1616.86254882813;0
638.6805;1639.50952148438;0
641.0279;1539.15686035156;0
643.3746;1580.74975585938;0
645.7187;1601.36669921875;0
648.0621;1637.88061523438;0
650.405;1469.73596191406;0
652.7453;1623.53515625;0
655.087;1721.01025390625;0
657.426;1791.05090332031;0
659.7645;1528.24401855469;0
662.1024;1418.41857910156;0
664.4376;1285.05419921875;0
666.7742;1333.71875;0
669.1063;1250.31018066406;0
671.4398;1359.56896972656;0
673.7726;1290.81665039062;0
676.1048;1354.08544921875;0
678.4324;1338.40612792969;0
680.7635;1279.11071777344;0
683.0919;1283.50512695313;0
685.4158;1195.94250488281;0
687.743;1195.47253417969;0
690.0696;1135.4580078125;0
692.3937;1184.765625;0
694.7151;1229.96704101563;0
697.038;1344.28186035156;0
699.3583;1302.42260742188;0
701.6779;1230.49768066406;0
703.995;1198.86889648438;0
706.3155;1186.59008789063;0
708.6294;1259.0400390625;0
710.9467;1264.17639160156;0
713.2594;1406.84167480469;0
715.5735;1328.98986816406;0
717.887;1374.85705566406;0
720.1979;1389.47717285156;0
722.5083;1590.11962890625;0
724.818;1461.23461914062;0
727.1252;1377.55627441406;0
729.4357;1225.78198242188;0
731.7418;1211.12902832031;0
734.0452;1219.31091308594;0
736.35;1272.220703125;0
738.6522;1383.0732421875;0
740.9539;1375.03454589844;0
743.2569;1395.66638183594;0
745.5554;1265.42321777344;0
747.8553;1172.97436523438;0
750.1545;1130.01965332031;0
752.4513;1281.27600097656;0
754.7474;1183.68713378906;0
757.043;1177.43481445313;0
759.336;1122.96105957031;0
761.6304;1268.62707519531;0
763.9222;1197.73706054688;0
766.2114;964.349914550781;0
768.5041;837.817321777344;0
770.7922;752.092346191406;0
773.0777;825.693908691406;0
775.3647;917.417724609375;0
777.651;969.500732421875;0
779.9368;972.867553710938;0
782.22;911.545654296875;0
784.5026;899.7890625;0
786.7847;930.455627441406;0
789.0662;969.760314941406;0
791.3451;1066.69750976563;0
793.6254;1238.72875976563;0
795.9012;1284.58984375;0
798.1784;1371.36535644531;0
800.455;1352.6064453125;0
802.7291;1350.44580078125;0
805.0026;1278.0439453125;0
807.2755;1412.1123046875;0
809.5478;1420.84948730469;0
811.8176;1389.47644042969;0
814.0869;1337.86206054687;0
816.3535;1506.88134765625;0
818.6235;1671.56066894531;0
820.8911;1748.85473632813;0
823.156;1753.46569824219;0
825.4204;1782.94592285156;0
827.6823;1658.26525878906;0
829.9474;1625.95727539062;0
832.2082;1634.00634765625;0
834.4683;1669.55651855469;0
836.7279;1642.51916503906;0
838.9869;1556.08666992188;0
841.2453;1513.30517578125;0
843.5012;1716.03234863281;0
845.7565;1740.02062988281;0
848.0133;1832.25939941406;0
850.2655;1687.3447265625;0
852.5153;1519.25830078125;0
854.7703;1510.52099609375;0
857.0189;1337.64001464844;0
859.2668;1425.16552734375;0
861.5182;1306.32104492188;0
863.7651;1373.10473632813;0
866.0114;1392.54931640625;0
868.2592;1203.74548339844;0
870.5024;1091.08776855469;0
872.7451;989.193664550781;0
874.9872;1141.76538085938;0
877.2307;1319.80261230469;0
879.4717;1279.59484863281;0
881.7101;1178.25061035156;0
883.95;1051.99645996094;0
886.1854;1168.45690917969;0
888.4202;1183.67236328125;0
890.6604;1158.31262207031;0
892.8941;968.273193359375;0
895.1253;1112.31481933594;0
897.3599;1287.17016601563;0
899.59;1387.38610839844;0
901.8195;1259.95495605469;0
904.0504;1272.18371582031;0
906.2789;1423.7978515625;0
908.5087;1562.62475585937;0
910.7341;1310.33325195313;0
912.9589;1122.501953125;0
915.1851;1025.349609375;0
917.4088;1145.78674316406;0
919.63;1159.80065917969;0
921.8526;1004.90728759766;0
924.0727;1246.60009765625;0
926.2922;1469.96667480469;0
928.5112;1591.59985351563;0
930.7277;1199.74853515625;0
932.9476;939.971069335938;0
935.163;792.141235351563;0
937.3739;689.529968261719;0
939.5901;730.081359863281;0
941.8019;833.518432617188;0
944.0151;947.543701171875;0
946.2258;925.000732421875;0
948.4341;814.786926269531;0
950.6456;846.765563964844;0
952.8527;748.529602050781;0
955.0593;742.764526367188;0
957.2653;674.526306152344;0
959.4689;674.427368164063;0
961.6738;710.163208007813;0
963.8782;650.209655761719;0
966.0782;686.119384765625;0
968.2815;725.171447753906;0
970.4803;840.276000976563;0
972.6787;810.271301269531;0
974.8784;721.808654785156;0
977.0757;684.008666992188;0
979.2704;727.103515625;0
981.4667;903.509643554688;0
983.6603;970.927368164063;0
985.8535;1000.89300537109;0
988.0461;997.906799316406;0
990.2363;983.17724609375;0
992.4297;1191.130859375;0
994.6169;1441.05773925781;0
996.8035;1606.326171875;0
998.9933;1708.95166015625;0
1001.179;1623.37170410156;0
1003.364;1598.47497558594;0
1005.55;1477.67419433594;0
1007.732;1532.349609375;0
1009.916;1536.85229492188;0
1012.096;1585.21447753906;0
1014.275;1479.58703613281;0
1016.459;1519.4013671875;0
1018.636;1542.9716796875;0
1020.813;1711.46875;0
1022.991;1833.07861328125;0
1025.165;1883.59899902344;0
1027.34;1822.18627929688;0
1029.515;1759.95080566406;0
1031.687;1614.67822265625;0
1033.859;1654.73205566406;0
1036.03;1677.86511230469;0
1038.199;1712.85961914062;0
1040.369;1573.71716308594;0
1042.536;1378.77453613281;0
1044.704;1241.80749511719;0
1046.87;1215.2138671875;0
1049.034;1161.48083496094;0
1051.198;1151.27722167969;0
1053.363;1052.615234375;0
1055.526;1116.47875976563;0
1057.686;1203.00756835938;0
1059.845;1301.66284179688;0
1062.005;1189.31567382813;0
1064.165;1149.47570800781;0
1066.323;1141.75842285156;0
1068.477;1103.07824707031;0
1070.634;1256.91577148438;0
1072.788;1029.59777832031;0
1074.942;1211.12622070313;0
1077.096;1000.44653320313;0
1079.247;1220.94116210938;0
1081.397;1127.24108886719;0
1083.547;1243.29931640625;0
1085.695;1230.64538574219;0
1087.844;1379.62536621094;0
1089.992;1415.23718261719;0
1092.138;1306.32556152344;0
1094.284;1318.41137695313;0
1096.425;1270.92553710938;0
1098.571;1405.97619628906;0
1100.711;1343.388671875;0
1102.851;1435.73962402344;0
1104.994;1536.39306640625;0
1107.132;1603.0703125;0
1109.271;1579.80285644531;0
1111.408;1565.93017578125;0
1113.543;1604.73181152344;0
1115.682;1567.52099609375;0
1117.816;1452.533203125;0
1119.947;1415.26953125;0
1122.08;1393.87951660156;0
1124.213;1459.79333496094;0
1126.343;1455.49060058594;0
1128.474;1427.42004394531;0
1130.602;1298.47717285156;0
1132.728;1331.47155761719;0
1134.856;1470.35522460938;0
1136.982;1537.22814941406;0
1139.109;1452.72387695313;0
1141.234;1383.46801757813;0
1143.356;1411.17578125;0
1145.479;1394.9365234375;0
1147.599;1384.80029296875;0
1149.719;1416.80456542969;0
1151.839;1549.07104492188;0
1153.957;1515.15625;0
1156.076;1249.6220703125;0
1158.191;954.914001464844;0
1160.305;952.389099121094;0
1162.423;1029.4697265625;0
1164.536;1235.10961914062;0
1166.647;1186.11279296875;0
1168.761;1357.55847167969;0
1170.871;1300.92858886719;0
1172.983;1282.46374511719;0
1175.092;1367.16784667969;0
1177.2;1500.94458007813;0
1179.306;1607.15673828125;0
1181.413;1607.751953125;0
1183.518;1609.0380859375;0
1185.623;1545.65869140625;0
1187.725;1398.5185546875;0
1189.826;1373.50268554687;0
1191.929;1530.43994140625;0
1194.032;1714.87646484375;0
1196.13;1567.11865234375;0
1198.23;1486.60424804688;0
1200.327;1475.52624511719;0
1202.423;1672.65783691406;0
1204.52;1799.07983398438;0
1206.613;1523.05285644531;0
1208.71;1583.94396972656;0
1210.801;1555.64514160156;0
1212.892;1830.10949707031;0
1214.987;1688.76147460938;0
1217.075;1699.849609375;0
1219.166;1562.88659667969;0
1221.256;1583.58422851563;0
1223.342;1476.59692382813;0
1225.43;1607.68530273438;0
1227.515;1563.63586425781;0
1229.597;1596.78186035156;0
1231.685;1593.22814941406;0
1233.767;1584.68566894531;0
1235.85;1628.01025390625;0
1237.931;1545.16638183594;0
1240.009;1640.78674316406;0
1242.09;1460.76928710938;0
1244.168;1392.75073242188;0
1246.245;1381.74267578125;0
1248.321;1515.05676269531;0
1250.397;1446.419921875;0
1252.472;1390.16528320313;0
1254.547;1196.61987304688;0
1256.618;1143.64392089844;0
1258.69;1042.23474121094;0
1260.761;1130.24194335938;0
1262.83;1239.04089355469;0
1264.901;1205.77563476563;0
1266.969;1203.78515625;0
1269.035;1042.74353027344;0
1271.102;1162.19287109375;0
1273.167;1082.365234375;0
1275.233;1322.97473144531;0
1277.295;1303.51916503906;0
1279.359;1469.88879394531;0
1281.42;1355.7490234375;0
1283.482;1236.29443359375;0
1285.542;1087.54272460938;0
1287.6;1172.59143066406;0
1289.659;1205.84765625;0
1291.714;1422.12683105469;0
1293.774;1491.29821777344;0
1295.828;1580.87573242188;0
1297.881;1509.38037109375;0
1299.936;1609.05200195312;0
1301.987;1740.96875;0
1304.041;1956.62084960938;0
1306.09;1784.79052734375;0
1308.139;1672.48364257813;0
1310.19;1446.3671875;0
1312.238;1598.96411132813;0
1314.286;1569.93493652344;0
1316.331;1559.32104492188;0
1318.376;1699.11022949219;0
1320.422;1685.75671386719;0
1322.466;1785.44323730469;0
1324.508;1671.68090820313;0
1326.549;1714.45275878906;0
1328.59;1562.21203613281;0
1330.632;1391.97351074219;0
1332.67;1438.87487792969;0
1334.707;1559.90051269531;0
1336.746;1659.03625488281;0
1338.78;1635.72607421875;0
1340.816;1510.74523925781;0
1342.852;1275.10009765625;0
1344.885;1184.56469726563;0
1346.916;1060.73071289063;0
1348.948;1279.99169921875;0
1350.979;1105.23596191406;0
1353.011;1148.39929199219;0
1355.04;1124.56396484375;0
1357.066;1290.728515625;0
1359.094;1266.89172363281;0
1361.121;1052.38598632813;0
1363.145;1075.98022460938;0
1365.171;990.220397949219;0
1367.192;982.323425292969;0
1369.216;854.176452636719;0
1371.239;909.915100097656;0
1373.258;919.291259765625;0
1375.28;882.63916015625;0
1377.298;742.514282226563;0
1379.316;738.069152832031;0
1381.335;695.556030273438;0
1383.35;753.597839355469;0
1385.366;674.341674804688;0
1387.38;618.026794433594;0
1389.394;615.645751953125;0
1391.409;775.020202636719;0
1393.42;778.835693359375;0
1395.43;871.721862792969;0
1397.44;759.334716796875;0
1399.451;716.320861816406;0
1401.458;593.90380859375;0
1403.466;444.643280029297;0
1405.472;605.436950683594;0
1407.478;661.5634765625;0
1409.483;837.373901367188;0
1411.486;844.533874511719;0
1413.49;965.228515625;0
1415.492;931.092102050781;0
1417.492;852.030029296875;0
1419.495;853.012939453125;0
1421.494;988.370239257813;0
1423.492;1184.17626953125;0
1425.49;1198.96044921875;0
1427.487;1127.50073242188;0
1429.482;1045.01977539063;0
1431.477;1086.93591308594;0
1433.471;1120.43798828125;0
1435.466;1218.00659179688;0
1437.456;1156.01171875;0
1439.447;1118.87658691406;0
1441.441;1107.49047851563;0
1443.427;1226.68310546875;0
1445.417;1382.60681152344;0
1447.406;1387.625;0
1449.392;1358.95922851563;0
1451.381;1413.16455078125;0
1453.365;1430.90673828125;0
1455.348;1397.8525390625;0
1457.333;1236.22192382813;0
1459.314;1310.68176269531;0
1461.296;1342.89233398437;0
1463.276;1264.193359375;0
1465.256;1094.35766601563;0
1467.237;1224.185546875;0
1469.215;1410.53625488281;0
1471.19;1473.42138671875;0
1473.167;1351.93823242188;0
1475.145;1312.30810546875;0
1477.118;1289.19763183594;0
1479.092;1217.2734375;0
1481.065;1260.42419433594;0
1483.038;1188.87121582031;0
1485.008;1198.5009765625;0
1486.979;1110.2021484375;0
1488.949;1088.95031738281;0
1490.917;1062.54907226563;0
1492.883;1051.44201660156;0
1494.852;890.292236328125;0
1496.817;854.061279296875;0
1498.782;815.905822753906;0
1500.748;933.494995117188;0
1502.708;897.312194824219;0
1504.673;784.7783203125;0
1506.634;748.783264160156;0
1508.594;577.853759765625;0
1510.554;637.399780273438;0
1512.512;689.438537597656;0
1514.471;918.5712890625;0
1516.428;884.825256347656;0
1518.384;958.6435546875;0
1520.34;717.57763671875;0
1522.294;710.067687988281;0
1524.249;553.338623046875;0
1526.202;823.646667480469;0
1528.153;746.408325195313;0
1530.103;954.537231445313;0
1532.054;751.762573242188;0
1534.004;808.215942382813;0
1535.951;806.338684082031;0
1537.899;834.79736328125;0
1539.847;949.102416992188;0
1541.793;782.276977539063;0
1543.738;724.432312011719;0
1545.681;625.685791015625;0
1547.625;641.812805175781;0
1549.566;724.516296386719;0
1551.509;768.022338867188;0
1553.45;787.840270996094;0
1555.389;851.651428222656;0
1557.33;552.788391113281;0
1559.266;560.858276367188;0
1561.204;649.152954101563;0
1563.141;884.0810546875;0
1565.074;787.753051757813;0
1567.009;546.49560546875;0
1568.943;576.308654785156;0
1570.877;626.636657714844;0
1572.808;602.590759277344;0
1574.741;461.282012939453;0
1576.67;379.932678222656;0
1578.6;324.425262451172;0
1580.528;437.208160400391;0
1582.455;504.500854492188;0
1584.382;624.748596191406;0
1586.307;521.84033203125;0
1588.234;552.109375;0
1590.157;689.33349609375;0
1592.081;759.957153320313;0
1594.002;618.980285644531;0
1595.927;364.180755615234;0
1597.845;214.780731201172;0
1599.767;171.002456665039;0
1601.685;199.32275390625;0
1603.602;312.920532226563;0
1605.523;287.807098388672;0
1607.438;415.097015380859;0
1609.354;476.02099609375;0
1611.269;690.130004882813;0
1613.181;480.313293457031;0
1615.096;353.571014404297;0
1617.008;194.126892089844;0
1618.92;464.61181640625;0
1620.83;697.845764160156;0
1622.74;887.163330078125;0
1624.649;840.456909179688;0
1626.557;658.025939941406;0
1628.464;612.226928710938;0
1630.37;694.278259277344;0
1632.275;775.0703125;0
1634.18;784.937927246094;0
1636.085;722.544799804688;0
1637.988;767.22314453125;0
1639.888;716.821960449219;0
1641.791;771.4833984375;0
1643.691;795.31494140625;0
1645.588;833.762512207031;0
1647.489;784.600341796875;0
1649.387;791.495361328125;0
1651.284;969.453552246094;0
1653.18;1056.697265625;0
1655.075;1157.6708984375;0
1656.972;1137.26342773438;0
1658.864;1179.91394042969;0
1660.754;1178.06884765625;0
1662.65;1189.50793457031;0
1664.539;1165.34130859375;0
1666.428;1156.125;0
1668.32;1064.08276367187;0
1670.207;1097.10681152344;0
1672.096;1004.97967529297;0
1673.982;1137.14587402344;0
1675.867;1144.49426269531;0
1677.754;1221.802734375;0
1679.638;1213.9599609375;0
1681.52;1092.74389648438;0
1683.403;974.265563964844;0
1685.285;677.080505371094;0
1687.166;607.63330078125;0
1689.048;574.257141113281;0
1690.924;751.618713378906;0
1692.804;819.491943359375;0
1694.682;833.210144042969;0
1696.558;851.105590820313;0
1698.435;797.067199707031;0
1700.308;676.872741699219;0
1702.184;499.633331298828;0
1704.057;546.460083007813;0
1705.929;591.575256347656;0
1707.801;681.756591796875;0
1709.674;653.892944335938;0
1711.542;647.428833007813;0
1713.412;498.998443603516;0
1715.28;268.422973632813;0
1717.145;223.802154541016;0
1719.015;299.910339355469;0
1720.88;327.516662597656;0
1722.746;154.170944213867;0
1724.61;112.979278564453;0
1726.471;220.658065795898;0
1728.334;348.932708740234;0
1730.197;366.402618408203;0
1732.057;351.71044921875;0
1733.919;386.728881835938;0
1735.777;346.901184082031;0
1737.634;319.149139404297;0
1739.493;382.549438476563;0
1741.349;389.544952392578;0
1743.205;506.245269775391;0
1745.061;543.428405761719;0
1746.915;654.426391601563;0
1748.77;731.795593261719;0
1750.621;680.867858886719;0
1752.473;658.197570800781;0
1754.323;469.120086669922;0
1756.173;517.967163085938;0
1758.022;512.292907714844;0
1759.87;443.87353515625;0
1761.718;341.591827392578;0
1763.566;309.336669921875;0
1765.411;440.552551269531;0
1767.256;350.350524902344;0
1769.101;502.950897216797;0
1770.945;504.573852539063;0
1772.787;755.882934570313;0
1774.629;723.544860839844;0
1776.469;893.225646972656;0
1778.309;928.035034179688;0
1780.15;897.414184570313;0
1781.987;828.358215332031;0
1783.826;725.313415527344;0
1785.662;831.615356445313;0
1787.498;890.822448730469;0
1789.334;884.045959472656;0
1791.169;912.730224609375;0
1793.002;835.875244140625;0
1794.834;1060.92541503906;0
1796.667;1103.10314941406;0
1798.498;1236.29711914063;0
1800.328;1170.50744628906;0
1802.157;1098.73413085938;0
1803.986;1099.97717285156;0
1805.813;958.792053222656;0
1807.639;976.956604003906;0
1809.467;909.248657226563;0
1811.292;1019.55694580078;0
1813.117;964.548278808594;0
1814.94;1006.00036621094;0
1816.763;1054.91333007813;0
1818.585;1018.84246826172;0
1820.407;821.233764648438;0
1822.227;658.533508300781;0
1824.048;713.547729492188;0
1825.865;688.939392089844;0
1827.683;652.572814941406;0
1829.501;533.114868164063;0
1831.317;502.237945556641;0
1833.135;574.055236816406;0
1834.948;306.072479248047;0
1836.761;331.239044189453;0
1838.577;247.884399414063;0
1840.388;390.211456298828;0
1842.198;266.124053955078;0
1844.009;112.509315490723;0
1845.819;161.778717041016;0
1847.629;234.854080200195;0
1849.436;291.068756103516;0
1851.244;231.311645507813;0
1853.052;280.469879150391;0
1854.858;300.43212890625;0
1856.661;284.751556396484;0
1858.466;415.650451660156;0
1860.269;413.904632568359;0
1862.073;670.289916992188;0
1863.875;631.028442382813;0
1865.673;681.675842285156;0
1867.476;572.34326171875;0
1869.275;538.141723632813;0
1871.072;602.404541015625;0
1872.872;653.1318359375;0
1874.667;468.434631347656;0
1876.464;507.090698242188;0
1878.26;365.655639648438;0
1880.053;434.351654052734;0
1881.849;326.512084960938;0
1883.64;365.470245361328;0
1885.431;536.78173828125;0
1887.226;715.002014160156;0
1889.014;677.242858886719;0
1890.803;672.50341796875;0
1892.594;402.893646240234;0
1894.38;580.744995117188;0
1896.167;426.280700683594;0
1897.955;544.168518066406;0
1899.74;411.298431396484;0
1901.526;496.449188232422;0
1903.309;465.399688720703;0
1905.091;424.484252929688;0
1906.876;468.370666503906;0
1908.658;398.615509033203;0
1910.438;406.775390625;0
1912.217;445.629150390625;0
1913.996;493.066741943359;0
1915.775;538.311401367188;0
1917.553;476.586456298828;0
1919.33;440.004028320313;0
1921.106;438.009613037109;0
1922.881;454.715423583984;0
1924.655;533.900268554688;0
1926.431;477.007263183594;0
1928.202;184.923385620117;0
1929.974;-24.3796157836914;0
1931.746;-18.820779800415;0
1933.516;138.87956237793;0
1935.286;304.77978515625;0
1937.055;422.378021240234;0
1938.823;617.575622558594;0
1940.592;603.406127929688;0
1942.356;499.041748046875;0
1944.122;366.045867919922;0
1945.888;331.862945556641;0
1947.651;324.715240478516;0
1949.416;240.709014892578;0
1951.178;229.956695556641;0
1952.939;205.23779296875;0
1954.699;294.846496582031;0
1956.459;358.44287109375;0
1958.219;462.985015869141;0
1959.979;567.4541015625;0
1961.735;644.961181640625;0
1963.491;691.864990234375;0
1965.249;583.029968261719;0
1967.003;767.239196777344;0
1968.761;667.7158203125;0
1970.512;753.685485839844;0
1972.265;771.926025390625;0
1974.018;792.881774902344;0
1975.769;753.997192382813;0
1977.522;577.939025878906;0
1979.271;571.821472167969;0
1981.018;477.536590576172;0
1982.766;285.751068115234;0
1984.516;350.24267578125;0
1986.261;357.900329589844;0
1988.009;552.723999023438;0
1989.754;532.713745117188;0
1991.498;571.956115722656;0
1993.241;583.89990234375;0
1994.984;674.364013671875;0
1996.727;645.889892578125;0
1998.468;604.144226074219;0
2000.206;579.792541503906;0
2001.946;723.169311523438;0
2003.686;903.828979492188;0
2005.424;786.7705078125;0
2007.161;769.993408203125;0
2008.898;652.052551269531;0
2010.634;723.173461914063;0
2012.369;697.467224121094;0
2014.103;686.711608886719;0
2015.836;666.350036621094;0
2017.57;790.605773925781;0
2019.299;827.256652832031;0
2021.032;779.635864257813;0
2022.762;682.632446289063;0
2024.491;707.023071289063;0
2026.221;819.251098632813;0
2027.947;788.648864746094;0
2029.676;759.549621582031;0
2031.403;715.727722167969;0
2033.128;657.510864257813;0
2034.852;686.047790527344;0
2036.577;755.419067382813;0
2038.299;813.345397949219;0
2040.022;632.440734863281;0
2041.744;387.249237060547;0
2043.465;357.626281738281;0
2045.184;402.724060058594;0
2046.903;532.537048339844;0
2048.621;450.066375732422;0
2050.339;444.757476806641;0
2052.057;405.39404296875;0
2053.774;498.975799560547;0
2055.488;368.723236083984;0
2057.203;369.564849853516;0
2058.917;336.175964355469;0
2060.631;366.042877197266;0
2062.344;299.629089355469;0
2064.053;251.823547363281;0
2065.765;376.600860595703;0
2067.476;520.20849609375;0
2069.185;603.980529785156;0
2070.892;560.250305175781;0
2072.6;546.904418945313;0
2074.308;523.610595703125;0
2076.014;572.147644042969;0
2077.72;400.294372558594;0
2079.425;470.939880371094;0
2081.13;348.747802734375;0
2082.833;450.937042236328;0
2084.532;378.841003417969;0
2086.236;469.353607177734;0
2087.936;411.142578125;0
2089.635;414.208984375;0
2091.335;322.456756591797;0
2093.034;267.808776855469;0
2094.731;195.149856567383;0
2096.427;285.662261962891;0
2098.124;495.470184326172;0
2099.82;690.463500976563;0
2101.515;906.086791992188;0
2103.207;898.337829589844;0
2104.902;1007.54998779297;0
2106.594;923.946472167969;0
2108.286;1099.19348144531;0
2109.976;1123.18481445313;0
2111.667;1153.13830566406;0
2113.355;1135.38635253906;0
2115.044;1120.26098632813;0
2116.732;983.651306152344;0
2118.42;879.332885742188;0
2120.105;872.526977539063;0
2121.79;1040.12133789063;0
2123.476;1176.55932617188;0
2125.16;1177.72998046875;0
2126.844;1255.38757324219;0
2128.524;1210.64331054688;0
2130.207;1275.27490234375;0
2131.888;1184.28588867188;0
2133.567;1266.3486328125;0
2135.247;1260.91467285156;0
2136.927;1317.54125976562;0
2138.603;1429.19360351562;0
2140.281;1367.79479980469;0
2141.957;1461.38647460937;0
2143.633;1242.9248046875;0
2145.308;1350.30139160156;0
2146.981;1251.51745605469;0
2148.654;1422.36889648438;0
2150.328;1265.25622558594;0
2152;1288.94384765625;0
2153.669;1285.55493164062;0
2155.34;1296.89782714844;0
2157.01;1359.08312988281;0
2158.677;1145.66467285156;0
2160.347;1214.40051269531;0
2162.013;1215.7529296875;0
2163.681;1422.1640625;0
2165.347;1469.98059082031;0
2167.011;1431.41357421875;0
2168.674;1234.91235351563;0
2170.337;1165.46435546875;0
2172.002;1089.849609375;0
2173.662;1103.73767089844;0
2175.324;1041.01635742188;0
2176.985;961.963684082031;0
2178.645;892.606018066406;0
2180.304;843.748840332031;0
2181.961;920.503295898438;0
2183.618;1084.86938476563;0
2185.275;1009.28656005859;0
2186.932;1015.42028808594;0
2188.586;903.714111328125;0
2190.242;938.394775390625;0
2191.896;734.047607421875;0
2193.547;652.083068847656;0
2195.2;641.943359375;0
2196.851;697.938537597656;0
2198.502;723.446472167969;0
2200.153;700.755920410156;0
2201.799;753.868835449219;0
2203.447;732.127075195313;0
2205.097;831.621826171875;0
2206.742;847.482116699219;0
2208.391;826.499877929688;0
2210.035;758.68115234375;0
2211.679;793.002685546875;0
2213.324;761.400024414063;0
2214.966;885.072021484375;0
2216.608;828.129760742188;0
2218.252;915.462219238281;0
2219.89;783.492797851563;0
2221.531;909.999389648438;0
2223.172;1099.09301757813;0
2224.809;1166.13037109375;0
2226.449;1149.88928222656;0
2228.086;1121.73913574219;0
2229.72;1270.29797363281;0
2231.358;1209.27880859375;0
2232.992;1099.931640625;0
2234.625;891.105346679688;0
2236.26;998.833740234375;0
2237.893;939.171142578125;0
2239.524;1118.35827636719;0
2241.156;1009.27923583984;0
2242.785;1109.61120605469;0
2244.416;1029.24072265625;0
2246.044;1019.92724609375;0
2247.672;999.381530761719;0
2249.301;937.593566894531;0
2250.926;1063.54565429688;0
2252.554;951.021789550781;0
2254.177;1083.77075195313;0
2255.803;979.84326171875;0
2257.427;1105.09887695313;0
2259.051;1112.96533203125;0
2260.671;913.189636230469;0
2262.294;913.407470703125;0
2263.914;777.817443847656;0
2265.533;1024.52062988281;0
2267.153;994.640991210938;0
2268.773;1061.50952148438;0
2270.392;979.345458984375;0
2272.006;896.172424316406;0
2273.624;806.888793945313;0
2275.239;875.1357421875;0
2276.854;1047.21923828125;0
2278.468;1077.99340820313;0
2280.084;1082.52465820313;0
2281.695;982.706237792969;0
2283.305;1106.18151855469;0
2284.919;866.123413085938;0
2286.527;712.633361816406;0
2288.14;663.332885742188;0
2289.748;756.299255371094;0
2291.354;868.248718261719;0
2292.964;771.265319824219;0
2294.569;869.079040527344;0
2296.174;876.289001464844;0
2297.782;882.020751953125;0
2299.386;897.469482421875;0
2300.99;764.997863769531;0
2302.594;741.130981445313;0
2304.195;707.848388671875;0
2305.798;848.920593261719;0
2307.399;776.036682128906;0
2308.998;707.482177734375;0
2310.598;643.8349609375;0
2312.197;791.760559082031;0
2313.795;985.035766601563;0
2315.392;1222.68054199219;0
2316.988;1313.91589355469;0
2318.585;1284.0751953125;0
2320.18;1100.04748535156;0
2321.774;894.165893554688;0
2323.368;817.505493164063;0
2324.961;775.481994628906;0
2326.553;693.309020996094;0
2328.145;706.501708984375;0
2329.735;755.35107421875;0
2331.324;981.873291015625;0
2332.916;795.339477539063;0
2334.503;691.373168945313;0
2336.092;544.313110351563;0
2337.677;605.840026855469;0
2339.263;688.398498535156;0
2340.85;722.60205078125;0
2342.434;800.345275878906;0
2344.018;794.796691894531;0
2345.602;767.723693847656;0
2347.185;837.087951660156;0
2348.768;819.228515625;0
2350.347;962.093688964844;0
2351.928;889.398864746094;0
2353.51;882.920837402344;0
2355.087;668.576049804688;0
2356.665;496.71533203125;0
2358.243;259.647979736328;0
2359.819;324.312133789063;0
2361.396;478.767608642578;0
2362.972;666.5166015625;0
2364.547;763.335754394531;0
2366.121;810.198364257813;0
2367.694;992.146118164063;0
2369.267;937.177917480469;0
2370.839;686.851989746094;0
2372.411;574.540222167969;0
2373.982;624.628662109375;0
2375.55;859.892150878906;0
2377.118;748.963317871094;0
2378.687;754.66845703125;0
2380.254;722.122253417969;0
2381.821;773.481994628906;0
2383.387;713.148559570313;0
2384.954;778.294799804688;0
2386.516;793.906066894531;0
2388.082;827.622802734375;0
2389.644;798.430358886719;0
2391.209;848.646606445313;0
2392.769;622.7353515625;0
2394.33;751.73583984375;0
2395.892;822.04052734375;0
2397.449;993.996215820313;0
2399.008;890.716552734375;0
2400.568;897.9794921875;0
2402.125;912.341979980469;0
2403.68;931.360778808594;0
2405.238;934.8173828125;0
2406.792;1003.71197509766;0
2408.349;1043.71362304688;0
2409.902;1033.15808105469;0
2411.455;1112.49108886719;0
2413.007;1133.26953125;0
2414.558;1109.84301757813;0
2416.11;1001.58630371094;0
2417.66;971.093811035156;0
2419.21;953.661193847656;0
2420.758;1023.37829589844;0
2422.307;972.70361328125;0
2423.855;958.821044921875;0
2425.402;890.481384277344;0
2426.947;826.665649414063;0
2428.492;811.41748046875;0
2430.038;835.153442382813;0
2431.58;760.205688476563;0
2433.124;793.404541015625;0
2434.667;651.077941894531;0
2436.208;661.968627929688;0
2437.75;697.201477050781;0
2439.291;820.225036621094;0
2440.83;946.508178710938;0
2442.369;1139.49768066406;0
2443.906;1237.19348144531;0
2445.444;1276.26403808594;0
2446.981;1079.71020507813;0
2448.517;847.421142578125;0
2450.053;785.898498535156;0
2451.587;632.871276855469;0
2453.12;942.834533691406;0
2454.655;976.816162109375;0
2456.187;1221.30798339844;0
2457.718;1174.29504394531;0
2459.25;1179.07568359375;0
2460.781;1066.5390625;0
2462.31;1013.07318115234;0
2463.84;1059.6591796875;0
2465.368;1064.25415039063;0
2466.896;971.412231445313;0
2468.423;825.856140136719;0
2469.949;808.64501953125;0
2471.474;943.037414550781;0
2472.998;1077.94592285156;0
2474.522;979.52587890625;0
2476.045;873.44384765625;0
2477.568;849.320556640625;0
2479.09;957.294372558594;0
2480.612;1128.49096679688;0
2482.132;1007.24291992188;0
2483.653;870.76611328125;0
2485.171;665.233154296875;0
2486.689;877.264221191406;0
2488.208;980.068969726563;0
2489.725;1048.53491210938;0
2491.242;964.440734863281;0
2492.757;931.341552734375;0
2494.271;830.240112304688;0
2495.785;886.578918457031;0
2497.3;955.13671875;0
2498.812;1114.80102539063;0
2500.325;1033.45947265625;0
2501.837;1035.5556640625;0
2503.345;793.532775878906;0
2504.856;689.485717773438;0
2506.366;674.701477050781;0
2507.875;668.219055175781;0
2509.382;791.369934082031;0
2510.889;675.913513183594;0
2512.397;674.400573730469;0
2513.901;502.178985595703;0
2515.406;552.816467285156;0
2516.911;641.421813964844;0
2518.415;657.659729003906;0
2519.918;600.418640136719;0
2521.421;532.472290039063;0
2522.922;439.487060546875;0
2524.423;522.2353515625;0
2525.924;510.716033935547;0
2527.422;507.262512207031;0
2528.923;398.985260009766;0
2530.419;516.105224609375;0
2531.916;466.954498291016;0
2533.415;586.088562011719;0
2534.909;373.714111328125;0
2536.404;465.215362548828;0
2537.899;229.59245300293;0
2539.394;369.375091552734;0
2540.887;408.891662597656;0
2542.38;603.697509765625;0
2543.871;507.816925048828;0
2545.363;532.981201171875;0
2546.852;541.548034667969;0
2548.345;380.267333984375;0
2549.833;355.094879150391;0
2551.321;254.370452880859;0
2552.811;521.538818359375;0
2554.296;424.14453125;0
2555.78;414.970092773438;0
2557.267;264.566986083984;0
2558.752;315.515472412109;0
2560.237;273.506958007813;0
2561.721;399.155303955078;0
2563.203;466.694152832031;0
2564.687;567.897216796875;0
2566.168;656.525085449219;0
2567.648;665.245727539063;0
2569.129;640.172302246094;0
2570.607;600.639465332031;0
2572.086;648.067993164063;0
2573.565;723.283752441406;0
2575.041;673.261352539063;0
2576.518;556.113098144531;0
2577.994;699.062438964844;0
2579.469;808.399780273438;0
2580.945;958.000549316406;0
2582.418;818.13330078125;0
2583.892;872.584533691406;0
2585.365;987.022033691406;0
2586.835;1014.11364746094;0
2588.307;968.527221679688;0
2589.778;997.707702636719;0
2591.248;1072.31579589844;0
2592.717;1161.68176269531;0
2594.186;1004.03192138672;0
2595.652;1031.92028808594;0
2597.121;820.237731933594;0
2598.585;810.245483398438;0
2600.052;788.346862792969;0
2601.518;879.2197265625;0
2602.982;952.2958984375;0
2604.446;918.134582519531;0
2605.907;974.737365722656;0
2607.371;972.438049316406;0
2608.83;1095.24035644531;0
2610.293;1112.96704101563;0
2611.752;948.567749023438;0
2613.213;1009.34307861328;0
2614.672;1021.23522949219;0
2616.13;1341.34509277344;0
2617.587;1207.5810546875;0
2619.043;1346.23779296875;0
2620.501;1193.55700683594;0
2621.957;1197.10791015625;0
2623.409;1148.08630371094;0
2624.864;1251.341796875;0
2626.318;1374.92065429688;0
2627.771;1401.5126953125;0
2629.222;1437.98986816406;0
2630.673;1382.02917480469;0
2632.124;1399.94006347656;0
2633.575;1299.74572753906;0
2635.023;1228.61682128906;0
2636.473;1044.48828125;0
2637.922;1009.18023681641;0
2639.368;1049.48522949219;0
2640.816;1117.33813476563;0
2642.261;1140.1787109375;0
2643.705;1013.45397949219;0
2645.151;983.191833496094;0
2646.596;1020.76116943359;0
2648.037;1110.03967285156;0
2649.48;961.5283203125;0
2650.923;808.897766113281;0
2652.364;741.054077148438;0
2653.804;843.776184082031;0
2655.243;923.622192382813;0
2656.683;929.813110351563;0
2658.121;838.711303710938;0
2659.559;776.824096679688;0
2660.997;725.288024902344;0
2662.433;818.657409667969;0
2663.868;876.264526367188;0
2665.305;898.017822265625;0
2666.737;839.387756347656;0
2668.173;778.895446777344;0
2669.606;707.754272460938;0
2671.038;743.407592773438;0
2672.47;709.562866210938;0
2673.901;652.180847167969;0
2675.331;642.0400390625;0
2676.761;636.592163085938;0
2678.189;664.687683105469;0
2679.619;566.924621582031;0
2681.045;519.314697265625;0
2682.473;578.911376953125;0
2683.9;635.2802734375;0
2685.324;645.400451660156;0
2686.749;628.7734375;0
2688.176;612.06689453125;0
2689.599;548.725219726563;0
2691.021;511.637115478516;0
2692.444;499.358032226563;0
2693.865;626.776733398438;0
2695.287;627.292846679688;0
2696.707;579.184936523438;0
2698.125;488.476348876953;0
2699.545;538.576843261719;0
2700.963;582.717468261719;0
2702.381;512.100891113281;0
2703.798;491.978698730469;0
2705.214;486.698669433594;0
2706.629;522.612365722656;0
2708.046;449.969909667969;0
2709.458;450.683624267578;0
2710.872;493.554077148438;0
2712.285;473.006103515625;0
2713.699;352.688232421875;0
2715.111;366.418975830078;0
2716.52;480.538696289063;0
2717.93;584.350036621094;0
2719.342;572.948974609375;0
2720.749;546.602294921875;0
2722.159;541.555053710938;0
2723.565;574.81005859375;0
2724.971;600.478576660156;0
2726.38;682.227111816406;0
2727.785;715.83154296875;0
2729.19;817.512390136719;0
2730.594;874.937316894531;0
2731.997;1125.43969726563;0
2733.401;1050.79309082031;0
2734.803;1019.22137451172;0
2736.204;894.502807617188;0
2737.606;1000.41137695313;0
2739.005;1032.83605957031;0
2740.405;929.997802734375;0
2741.806;920.120422363281;0
2743.202;910.315795898438;0
2744.602;991.700561523438;0
2745.998;1022.27331542969;0
2747.395;927.257873535156;0
2748.79;933.343933105469;0
2750.185;978.182800292969;0
2751.58;1095.42529296875;0
2752.975;1094.07080078125;0
2754.366;1040.5673828125;0
2755.759;1174.31762695313;0
2757.151;1110.02612304688;0
2758.542;1166.0244140625;0
2759.933;1095.70361328125;0
2761.322;1177.82458496094;0
2762.71;1106.07080078125;0
2764.1;999.096801757813;0
2765.486;872.512084960938;0
2766.875;859.351928710938;0
2768.26;999.983520507813;0
2769.646;1185.01232910156;0
2771.031;1203.99291992188;0
2772.418;1152.25842285156;0
2773.799;1068.58605957031;0
2775.184;1223.19812011719;0
2776.565;1156.76257324219;0
2777.946;1254.05773925781;0
2779.328;1139.080078125;0
2780.708;1293.28466796875;0
2782.09;1313.09765625;0
2783.469;1350.8525390625;0
2784.847;1234.43823242188;0
2786.226;1160.75305175781;0
2787.603;1097.65161132813;0
2788.978;1054.45056152344;0
2790.355;1065.43395996094;0
2791.731;1141.61755371094;0
2793.104;1172.18103027344;0
2794.479;1140.73815917969;0
2795.853;1000.90423583984;0
2797.225;1106.57995605469;0
2798.596;1076.13403320313;0
2799.967;1006.41766357422;0
2801.341;771.165954589844;0
2802.71;628.00048828125;0
2804.077;627.792907714844;0
2805.447;688.763916015625;0
2806.815;706.026062011719;0
2808.183;655.803161621094;0
2809.551;529.211059570313;0
2810.915;634.584716796875;0
2812.282;648.005493164063;0
2813.646;727.838195800781;0
2815.011;681.196472167969;0
2816.375;673.621765136719;0
2817.736;596.663635253906;0
2819.099;511.008087158203;0
2820.462;399.984619140625;0
2821.821;427.261138916016;0
2823.182;305.280548095703;0
2824.542;333.153167724609;0
2825.901;360.429046630859;0
2827.261;467.507141113281;0
2828.617;566.739440917969;0
2829.974;493.791961669922;0
2831.33;567.890747070313;0
2832.686;463.507019042969;0
2834.043;511.4443359375;0
2835.395;510.1220703125;0
2836.75;670.752319335938;0
2838.104;792.320983886719;0
2839.456;836.518615722656;0
2840.807;853.061096191406;0
2842.16;883.924743652344;0
2843.509;924.007751464844;0
2844.858;888.184875488281;0
2846.209;769.923461914063;0
2847.556;532.065673828125;0
2848.906;420.858245849609;0
2850.253;433.043212890625;0
2851.6;466.8427734375;0
2852.946;473.369110107422;0
2854.29;425.067413330078;0
2855.635;489.159759521484;0
2856.98;536.922790527344;0
2858.323;492.984039306641;0
2859.665;458.421173095703;0
2861.008;373.234344482422;0
2862.349;521.669982910156;0
2863.691;575.616271972656;0
2865.031;536.632141113281;0
2866.37;388.387939453125;0
2867.709;260.230499267578;0
2869.048;341.035949707031;0
2870.385;507.006622314453;0
2871.722;700.254638671875;0
2873.059;769.78125;0
2874.394;740.306335449219;0
2875.73;718.24462890625;0
2877.064;748.562072753906;0
2878.398;674.879638671875;0
2879.731;726.645629882813;0
2881.063;760.731506347656;0
2882.395;846.569946289063;0
2883.727;855.947998046875;0
2885.059;824.753112792969;0
2886.387;971.984130859375;0
2887.717;951.083801269531;0
2889.046;959.607666015625;0
2890.374;886.666931152344;0
2891.699;946.814270019531;0
2893.028;958.69140625;0
2894.354;911.145629882813;0
2895.679;837.811157226563;0
2897.004;937.442077636719;0
2898.328;971.936828613281;0
2899.653;1083.21557617188;0
2900.976;1033.86584472656;0
2902.297;1030.20080566406;0
2903.619;932.070190429688;0
2904.941;944.759033203125;0
2906.26;910.029235839844;0
2907.58;992.638488769531;0
2908.898;1023.47662353516;0
2910.217;1063.11206054688;0
2911.536;1046.92626953125;0
2912.852;1014.33624267578;0
2914.171;969.47314453125;0
2915.485;978.790466308594;0
2916.799;1048.85729980469;0
2918.116;1130.31726074219;0
2919.428;1022.84149169922;0
2920.743;946.536804199219;0
2922.056;920.791320800781;0
2923.367;1030.48034667969;0
2924.679;987.631591796875;0
2925.99;990.085693359375;0
2927.299;1026.35913085938;0
2928.609;1206.48681640625;0
2929.918;1246.73852539063;0
2931.226;1213.46838378906;0
2932.535;1166.94006347656;0
2933.841;1132.93334960938;0
2935.149;1099.94714355469;0
2936.455;1005.24108886719;0
2937.758;1027.91687011719;0
2939.064;1076.45422363281;0
2940.368;1097.77478027344;0
2941.67;1023.16070556641;0
2942.973;963.277221679688;0
2944.277;953.347595214844;0
2945.577;914.025268554688;0
2946.878;953.765991210938;0
2948.178;1101.72619628906;0
2949.477;1204.23791503906;0
2950.776;1187.5888671875;0
2952.073;1131.82250976563;0
2953.372;1058.18994140625;0
2954.669;1127.91845703125;0
2955.965;998.552001953125;0
2957.261;1082.63806152344;0
2958.556;975.150939941406;0
2959.849;1068.87890625;0
2961.145;1149.25842285156;0
2962.436;1307.38317871094;0
2963.732;1323.29614257813;0
2965.022;1355.21960449219;0
2966.313;1261.30456542969;0
2967.603;1177.15551757813;0
2968.893;1122.60388183594;0
2970.182;1111.4208984375;0
2971.471;1147.20141601563;0
2972.759;1036.54223632813;0
2974.047;1076.02844238281;0
2975.334;1017.96569824219;0
2976.62;989.659851074219;0
2977.907;803.856750488281;0
2979.192;874.465942382813;0
2980.475;806.637634277344;0
2981.76;928.529968261719;0
2983.043;912.093322753906;0
2984.326;980.519226074219;0
2985.607;891.057250976563;0
2986.888;724.673645019531;0
2988.17;703.13037109375;0
2989.449;685.947265625;0
2990.728;738.78662109375;0
2992.007;709.648254394531;0
2993.284;734.088256835938;0
2994.562;715.883605957031;0
2995.84;757.879211425781;0
2997.115;766.453735351563;0
2998.393;730.451843261719;0
2999.666;640.235900878906;0
3000.94;507.312561035156;0
3002.215;567.2880859375;0
3003.486;590.722412109375;0
3004.76;663.847961425781;0
3006.033;644.276977539063;0
3007.303;520.135681152344;0
3008.573;456.234588623047;0
3009.844;375.794464111328;0
3011.114;500.926086425781;0
3012.383;589.645690917969;0
3013.649;591.862426757813;0
3014.917;461.985229492188;0
3016.185;384.957885742188;0
3017.451;409.049926757813;0
3018.716;389.591705322266;0
3019.983;375.91015625;0
3021.246;434.780578613281;0
3022.509;506.003936767578;0
3023.774;528.822082519531;0
3025.035;529.235900878906;0
3026.299;578.511962890625;0
3027.56;559.828735351563;0
3028.819;458.826812744141;0
3030.081;350.251556396484;0
3031.339;265.913879394531;0
3032.598;292.080261230469;0
3033.856;285.968994140625;0
3035.114;330.026824951172;0
3036.372;304.476043701172;0
3037.628;399.114227294922;0
3038.883;365.898712158203;0
3040.138;366.163024902344;0
3041.394;351.868560791016;0
3042.646;471.737030029297;0
3043.9;509.576354980469;0
3045.152;491.358184814453;0
3046.405;479.558746337891;0
3047.657;477.811401367188;0
3048.906;659.397827148438;0
3050.158;761.055603027344;0
3051.407;897.302001953125;0
3052.656;742.909057617188;0
3053.904;708.732299804688;0
3055.153;612.504577636719;0
3056.398;694.304321289063;0
3057.647;599.912780761719;0
3058.892;611.963317871094;0
3060.137;574.312622070313;0
3061.382;594.645263671875;0
3062.625;553.457763671875;0
3063.869;591.563781738281;0
3065.112;690.315063476563;0
3066.353;769.366577148438;0
3067.595;734.532348632813;0
3068.838;654.90087890625;0
3070.075;676.282775878906;0
3071.317;704.678527832031;0
3072.557;769.77587890625;0
3073.795;776.838439941406;0
3075.032;805.935607910156;0
3076.27;822.311584472656;0
3077.507;810.453247070313;0
3078.742;861.997619628906;0
3079.978;861.910400390625;0
3081.212;907.319763183594;0
3082.446;839.25390625;0
3083.681;813.822998046875;0
3084.913;759.361572265625;0
3086.147;854.070922851563;0
3087.38;925.535217285156;0
3088.61;992.914978027344;0
3089.84;947.625061035156;0
3091.071;938.158081054688;0
3092.3;962.070983886719;0
3093.529;1008.69836425781;0
3094.755;923.375671386719;0
3095.984;918.784301757813;0
3097.211;865.002197265625;0
3098.438;887.362426757813;0
3099.663;780.076904296875;0
3100.888;778.763671875;0
3102.112;798.412719726563;0
3103.335;767.975769042969;0
3104.56;764.453430175781;0
3105.782;794.738037109375;0
3107.005;827.765991210938;0
3108.226;811.9326171875;0
3109.447;744.642639160156;0
3110.667;736.70947265625;0
3111.887;726.902770996094;0
3113.104;817.454040527344;0
3114.324;875.361572265625;0
3115.541;933.855651855469;0
3116.758;907.997497558594;0
3117.976;961.241271972656;0
3119.192;954.133911132813;0
3120.408;913.156433105469;0
3121.622;759.555480957031;0
3122.835;727.842956542969;0
3124.05;766.831848144531;0
3125.262;833.305786132813;0
3126.476;770.967956542969;0
3127.687;759.421936035156;0
3128.897;764.591430664063;0
3130.108;824.250915527344;0
3131.319;777.909240722656;0
3132.528;876.791076660156;0
3133.737;890.56689453125;0
3134.945;986.568969726563;0
3136.152;862.24560546875;0
3137.358;860.806274414063;0
3138.565;828.712158203125;0
3139.772;838.3720703125;0
3140.976;809.698669433594;0
3142.18;694.183898925781;0
3143.385;696.727111816406;0
3144.588;638.896362304688;0
3145.79;682.983459472656;0
3146.993;696.38720703125;0
3148.194;651.851135253906;0
3149.395;594.678771972656;0
3150.596;527.087097167969;0
3151.794;606.339416503906;0
3152.994;727.493103027344;0
3154.193;719.442565917969;0
3155.39;712.186157226563;0
3156.587;668.610229492188;0
3157.784;741.164978027344;0
3158.982;706.067932128906;0
3160.177;646.825256347656;0
3161.37;485.649078369141;0
3162.565;452.758666992188;0
3163.759;429.712677001953;0
3164.952;461.733581542969;0
3166.146;456.513702392578;0
3167.337;486.453552246094;0
3168.527;509.644134521484;0
3169.719;478.070709228516;0
3170.91;425.964508056641;0
3172.098;387.536773681641;0
3173.288;414.856719970703;0
3174.475;321.007598876953;0
3175.663;371.572723388672;0
3176.849;288.369354248047;0
3178.037;356.192657470703;0
3179.223;279.767974853516;0
3180.408;359.864715576172;0
3181.592;307.218811035156;0
3182.777;356.377899169922;0
3183.96;392.016967773437;0
3185.143;449.235260009766;0
3186.325;390.144226074219;0
3187.507;399.444854736328;0
3188.688;431.010620117188;0
3189.869;469.942840576172;0
3191.049;362.905731201172;0
3192.228;418.3671875;0
3193.406;392.743743896484;0
3194.585;541.144653320313;0
3195.763;610.016235351563;0
3196.939;668.775085449219;0
3198.116;632.351684570313;0
3199.292;568.721496582032;0
3200.466;596.0859375;0
3201.643;651.998962402343;0
3202.816;674.465881347657;0
3203.991;739.373718261719;0
3205.161;718.05810546875;0
3206.334;772.874267578125;0
3207.504;791.846130371094;0
3208.677;784.125183105469;0
3209.846;724.558837890625;0
3211.017;695.307983398438;0
3212.187;774.799377441406;0
3213.356;757.285095214844;0
3214.524;811.544982910156;0
3215.69;702.015747070313;0
3216.859;726.026550292968;0
3218.024;682.692565917969;0
3219.189;812.7763671875;0
3220.354;813.529846191406;0
3221.519;833.280151367188;0
3222.682;819.141357421875;0
3223.845;812.786071777344;0
3225.01;932.39794921875;0
3226.171;1019.55291748047;0
3227.332;1049.36206054688;0
3228.494;966.933410644531;0
3229.655;879.512329101563;0
3230.814;992.135070800781;0
3231.973;967.758972167969;0
3233.13;1037.37951660156;0
3234.29;931.773376464844;0
3235.447;943.136474609375;0
3236.605;968.697021484375;0
3237.76;1044.13134765625;0
3238.916;1072.87475585938;0
3240.071;1018.15093994141;0
3241.224;1053.71215820312;0
3242.381;1042.400390625;0
3243.532;984.396240234375;0
3244.685;947.127685546875;0
3245.839;901.67822265625;0
3246.99;867.471130371094;0
3248.141;877.526428222656;0
3249.292;901.111877441406;0
3250.439;887.231079101562;0
3251.589;846.90283203125;0
3252.739;882.777770996094;0
3253.886;894.53564453125;0
3255.034;862.953735351563;0
3256.18;788.329650878907;0
3257.326;749.897583007813;0
3258.472;728.202026367188;0
3259.617;765.576354980468;0
3260.761;728.620788574219;0
3261.905;774.855285644531;0
3263.048;793.955078125;0
3264.19;857.799926757812;0
3265.333;784.104248046875;0
3266.475;809.824890136718;0
3267.617;870.209228515625;0
3268.757;995.147827148438;0
3269.896;1021.02099609375;0
3271.036;1022.00537109375;0
3272.175;995.363586425782;0
3273.313;886.852172851563;0
3274.449;868.962585449218;0
3275.586;806.032531738282;0
3276.722;826.375244140625;0
3277.859;790.301025390625;0
3278.993;789.89990234375;0
3280.13;766.37060546875;0
3281.263;791.838195800781;0
3282.395;799.522033691406;0
3283.529;796.983337402344;0
3284.66;763.430725097656;0
3285.794;707.539001464844;0
3286.924;804.307922363281;0
3288.054;755.399841308594;0
3289.185;748.265747070313;0
3290.313;631.016784667969;0
3291.443;798.983642578125;0
3292.571;870.096984863281;0
3293.698;884.672668457032;0
3294.824;744.266296386719;0
3295.952;715.626831054688;0
3297.077;721.094116210937;0
3298.203;703.193298339844;0
3299.328;731.403930664063;0
3300.45;727.505065917968;0
3301.574;718.385131835938;0
3302.698;644.155639648437;0
3303.819;710.483215332031;0
3304.942;768.145568847656;0
3306.064;800.946350097656;0
3307.182;799.110595703125;0
3308.303;767.108215332032;0
3309.423;761.880859375;0
3310.542;679.874328613282;0
3311.66;720.654602050782;0
3312.778;613.853759765625;0
3313.895;611.428894042969;0
3315.012;575.574096679688;0
3316.128;641.184326171875;0
3317.243;598.111511230469;0
3318.357;517.021789550781;0
3319.471;538.219177246094;0
3320.586;485.197418212891;0
3321.698;645.135192871094;0
3322.813;692.65625;0
3323.923;792.117858886719;0
3325.034;746.30078125;0
3326.146;746.604675292969;0
3327.255;778.66552734375;0
3328.366;690.617065429688;0
3329.474;594.659973144532;0
3330.582;491.453186035156;0
3331.691;561.433349609375;0
3332.797;586.930786132813;0
3333.905;682.958435058594;0
3335.011;610.664916992187;0
3336.116;648.974365234375;0
3337.22;587.59423828125;0
3338.327;608.377685546875;0
3339.429;529.013427734375;0
3340.534;537.430908203125;0
3341.635;504.152954101563;0
3342.737;425.601928710938;0
3343.84;329.620758056641;0
3344.94;324.7353515625;0
3346.041;446.722351074219;0
3347.142;462.823577880859;0
3348.24;499.798370361328;0
3349.337;486.380889892578;0
3350.437;545.781311035156;0
3351.534;567.984191894531;0
3352.633;584.768798828125;0
3353.727;516.102661132813;0
3354.823;543.36474609375;0
3355.919;573.845397949219;0
3357.013;696.225158691407;0
3358.108;639.896728515625;0
3359.201;674.015380859375;0
3360.293;591.664733886719;0
3361.385;616.462707519531;0
3362.478;551.463623046875;0
3363.569;681.147888183594;0
3364.661;751.592590332031;0
3365.75;797.894287109375;0
3366.838;801.050842285156;0
3367.929;767.608947753906;0
3369.017;828.218627929688;0
3370.105;823.526489257813;0
3371.193;743.689270019531;0
3372.279;714.656982421875;0
3373.364;672.649780273438;0
3374.45;747.792663574219;0
3375.534;717.449829101563;0
3376.62;753.355224609375;0
3377.704;836.9794921875;0
3378.786;898.78662109375;0
3379.871;815.917602539063;0
3380.951;762.844360351562;0
3382.034;765.527526855469;0
3383.114;732.467529296875;0
3384.195;720.087829589844;0
3385.276;634.095275878906;0
3386.354;764.188171386718;0
3387.433;733.464782714844;0
3388.511;781.623229980469;0
3389.588;709.808959960938;0
3390.664;731.866394042969;0
3391.742;689.654479980469;0
3392.816;725.301330566406;0
3393.893;701.171630859375;0
3394.968;817.891418457031;0
3396.042;764.526245117188;0
3397.115;734.931701660156;0
3398.189;677.672973632813;0
3399.262;729.254760742188;0
3400.333;754.093444824219;0
3401.404;788.18115234375;0
3402.474;804.917053222656;0
3403.545;845.11279296875;0
3404.615;802.102355957031;0
3405.685;906.397094726563;0
3406.752;918.312255859375;0
3407.82;886.083740234375;0
3408.888;776.931274414062;0
3409.955;760.091857910156;0
3411.021;816.797058105469;0
3412.085;751.606079101562;0
3413.151;705.662963867188;0
3414.215;661.241271972656;0
3415.279;668.896240234375;0
3416.343;696.085876464843;0
3417.406;635.588745117188;0
3418.468;683.80078125;0
3419.53;680.529479980469;0
3420.592;728.79931640625;0
3421.652;705.396911621094;0
3422.712;751.84814453125;0
3423.773;659.7548828125;0
3424.83;743.765747070313;0
3425.889;790.900146484375;0
3426.946;935.277954101563;0
3428.005;906.894409179688;0
3429.061;874.457763671875;0
3430.117;842.001342773437;0
3431.172;886.089233398438;0
3432.227;803.026428222656;0
3433.281;806.439331054688;0
3434.335;786.172668457032;0
3435.389;754.778747558594;0
3436.44;749.606140136719;0
3437.492;743.814636230469;0
3438.546;847.532653808594;0
3439.598;916.384460449219;0
3440.646;908.574951171875;0
3441.697;878.241760253906;0
3442.745;789.115051269531;0
3443.793;772.816162109375;0
3444.842;779.939331054688;0
3445.891;784.0654296875;0
3446.937;867.41162109375;0
3447.984;952.762023925781;0
3449.031;997.534606933594;0
3450.075;883.488098144531;0
3451.12;805.577331542969;0
3452.164;785.661437988281;0
3453.207;804.37646484375;0
3454.251;794.728698730469;0
3455.293;796.057250976563;0
3456.336;777.239013671875;0
3457.378;746.925170898438;0
3458.417;720.2099609375;0
3459.458;690.055847167969;0
3460.498;661.374816894531;0
3461.539;681.763732910156;0
3462.577;684.742309570313;0
3463.614;685.173400878906;0
3464.651;643.402160644531;0
3465.689;576.049377441406;0
3466.726;566.344604492188;0
3467.763;519.826293945313;0
3468.798;624.775756835938;0
3469.831;622.429626464844;0
3470.866;630.644592285156;0
3471.9;553.994323730469;0
3472.933;469.829437255859;0
3473.966;451.913635253906;0
3474.999;455.660217285156;0
3476.029;525.712463378906;0
3477.061;509.235046386719;0
3478.09;433.989379882813;0
3479.121;447.261016845703;0
3480.15;434.419799804688;0
3481.178;484.463287353516;0
3482.205;522.113098144531;0
3483.234;582.664794921875;0
3484.26;617.658752441406;0
3485.288;609.534973144531;0
3486.313;573.784545898438;0
3487.337;612.439697265625;0
3488.364;558.939514160156;0
3489.387;652.250915527344;0
3490.411;604.361755371094;0
3491.434;667.63720703125;0
3492.456;540.303344726563;0
3493.479;423.616668701172;0
3494.5;347.244262695313;0
3495.521;300.438018798828;0
3496.543;298.351776123047;0
3497.561;242.714828491211;0
3498.579;240.436401367188;0
3499.6;200.01774597168;0
3500.618;114.575347900391;0
3501.636;-4.87198066711426;0
3502.653;-51.3481864929199;0
3503.669;-48.3236656188965;0
3504.685;-8.3078727722168;0
3505.699;-41.8473739624023;0
3506.716;-52.8671607971191;0
3507.729;-104.559494018555;0
3508.743;-73.8640060424805;0
3509.755;-81.0069427490234;0
