98.64605;0;0
101.2353;0;0
103.8217;0;0
106.4096;19.4444446563721;0
108.9945;-14.0666666030884;0
111.5767;7.82539701461792;0
114.1602;-30.160493850708;0
116.7409;3.0505051612854;0
119.3209;20.8119659423828;0
121.9002;48.7629623413086;0
124.4788;18.732027053833;0
127.0566;-34.9883041381836;0
129.6317;-41.0052909851074;0
132.2038;-17.1111106872559;0
134.7796;19.3333339691162;0
137.3503;28.6049385070801;0
139.9204;62.6819915771484;0
142.4919;122.810035705566;0
145.0584;210.808074951172;0
147.6242;256.114288330078;0
150.1914;304.864868164063;0
152.7579;360.096862792969;0
155.3216;337;0
157.8846;381.467712402344;0
160.4448;360.693817138672;0
163.0085;422.853424072266;0
165.5672;400.3310546875;0
168.1232;434.884521484375;0
170.6826;485.547180175781;0
173.2372;559.634338378906;0
175.7931;585.551635742187;0
178.3463;612.67041015625;0
180.8966;686.146911621094;0
183.4504;713.2998046875;0
185.9993;746.626892089844;0
188.5476;772.229309082031;0
191.0972;770.412536621094;0
193.644;810.749206542969;0
196.1859;802.192993164063;0
198.7335;839.060607910156;0
201.2761;806.071899414063;0
203.8201;729.064392089844;0
206.3593;716.4462890625;0
208.8998;751.283203125;0
211.4397;845.74658203125;0
213.9746;977.287536621094;0
216.5109;1056.7998046875;0
219.0487;1105.10583496094;0
221.5816;986.027954101563;0
224.1158;984.952270507813;0
226.6473;1040.20825195313;0
229.176;1162.07336425781;0
231.7082;1217.33630371094;0
234.2355;1182.79455566406;0
236.7643;1148.42065429688;0
239.2902;1119.26574707031;0
241.8133;1200.58557128906;0
244.3379;1159.55151367188;0
246.8618;1138.16748046875;0
249.3828;1087.50573730469;0
251.9053;1093.43493652344;0
254.423;1129.44677734375;0
256.942;1084.95007324219;0
259.4603;1126.21154785156;0
261.9759;999.867126464844;0
264.4887;1019.10247802734;0
267.005;1036.77075195313;0
269.5164;1171.92407226563;0
272.0292;1199.61083984375;0
274.5393;1255.34106445313;0
277.0466;1259.35290527344;0
279.5574;1266.14416503906;0
282.0654;1246.90808105469;0
284.5686;1283.05834960938;0
287.0752;1314.53503417969;0
289.5791;1300.95422363281;0
292.0803;1225.54724121094;0
294.5828;1150.39135742188;0
297.0826;1134.63879394531;0
299.5838;1128.54028320313;0
302.0801;1103.33325195313;0
304.5758;1095.93493652344;0
307.0749;1009.74822998047;0
309.5672;960.92919921875;0
312.0608;850.141906738281;0
314.5558;838.627807617188;0
317.044;822.368957519531;0
319.5377;880.423278808594;0
322.0266;974.490478515625;0
324.5127;1051.44689941406;0
327.0023;1112.00219726563;0
329.4871;1111.326171875;0
331.9691;1189.22631835938;0
334.4547;1060.99987792969;0
336.9353;975.468017578125;0
339.4174;938.292175292969;0
341.901;1105.21179199219;0
344.3776;1251.42053222656;0
346.8577;1281.78271484375;0
349.333;1316.52233886719;0
351.8076;1322.41003417969;0
354.2857;1288.22314453125;0
356.7569;1124.82800292969;0
359.2296;1051.06140136719;0
361.7015;1040.91943359375;0
364.1729;1110.953125;0
366.6414;1128.92272949219;0
369.1093;1085.06274414063;0
371.5745;1032.24108886719;0
374.0432;997.913940429688;0
376.507;1012.29479980469;0
378.9702;971.987060546875;0
381.4348;1007.61712646484;0
383.8947;1009.88916015625;0
386.3538;1101.37121582031;0
388.8144;1109.85327148438;0
391.2722;1122.77758789063;0
393.7314;1107.38659667969;0
396.1859;1089.48474121094;0
398.6418;1137.67431640625;0
401.0949;1206.87463378906;0
403.5475;1243.2529296875;0
405.9972;1227.26611328125;0
408.4505;1234.60791015625;0
410.899;1285.3681640625;0
413.3468;1313.07250976563;0
415.796;1343.7958984375;0
418.2405;1392.8984375;0
420.6884;1415.06408691406;0
423.1295;1336.85034179688;0
425.572;1251.82727050781;0
428.0159;1188.43591308594;0
430.455;1181.55932617188;0
432.8956;1094.1376953125;0
435.3335;1103.58520507813;0
437.7707;1049.67407226563;0
440.2093;1097.51831054688;0
442.6432;1094.48791503906;0
445.0764;1113.03210449219;0
447.511;990.601318359375;0
449.9429;989.033569335938;0
452.3721;1005.40698242188;0
454.8048;1058.19030761719;0
457.2328;1034.91723632813;0
459.66;1039.89782714844;0
462.0847;1106.67272949219;0
464.5127;1076.70617675781;0
466.9381;1069.24340820313;0
469.3587;1138.16943359375;0
471.7807;1208.01159667969;0
474.2042;1278.04443359375;0
476.6229;1307.94189453125;0
479.041;1259.03723144531;0
481.4604;1188;0
483.8752;1126.49780273438;0
486.2934;1175.11120605469;0
488.7068;1173.93920898438;0
491.1197;1104.78662109375;0
493.5339;1124.537109375;0
495.9435;1081.16394042969;0
498.3544;1046.66821289063;0
500.7667;989.388244628906;0
503.1723;1045.94165039063;0
505.5793;1060.82080078125;0
507.9856;960.482727050781;0
510.3913;885.053894042969;0
512.7944;838.954345703125;0
515.1968;821.382446289063;0
517.5986;795.087097167969;0
519.9997;852.0400390625;0
522.3982;902.044738769531;0
524.798;918.755920410156;0
527.1973;871.101440429688;0
529.5919;865.614990234375;0
531.9899;835.355407714844;0
534.3832;877.303039550781;0
536.7758;917.774536132812;0
539.1699;982.8095703125;0
541.5593;916.909301757813;0
543.9481;934.159729003906;0
546.3382;907.552734375;0
548.7257;946.969116210938;0
551.1146;930.422119140625;0
553.4968;1025.44506835938;0
555.8824;1098.806640625;0
558.2675;1168.07397460938;0
560.6478;1136.03063964844;0
563.0295;1112.45483398438;0
565.4106;1072.34716796875;0
567.7911;1032.81726074219;0
570.169;1025.53198242188;0
572.5462;920.603149414063;0
574.9229;948.361450195313;0
577.2968;835.669311523438;0
579.6721;929.041687011719;0
582.0449;830.222290039063;0
584.417;878.7587890625;0
586.7885;816.20068359375;0
589.1553;881.215026855469;0
591.5255;893.090576171875;0
593.8931;803.317077636719;0
596.2601;751.540954589844;0
598.6265;747.992797851563;0
600.9902;828.644592285156;0
603.3554;861.447387695313;0
605.7179;828.2275390625;0
608.0778;826.834289550781;0
610.4391;791.584045410156;0
612.7977;838.044982910156;0
615.1558;825.701782226563;0
617.5132;869.852783203125;0
619.8701;865.020812988281;0
622.2263;917.71142578125;0
624.5779;1000.775390625;0
626.9308;1075.11047363281;0
629.2852;1120.7998046875;0
631.6349;1132.1298828125;0
633.9841;1125.22607421875;0
636.3326;1176.724609375;0
638.6805;1192.36437988281;0
641.0279;1188.08178710938;0
643.3746;1184.91333007813;0
645.7187;1221.46545410156;0
648.0621;1279.88171386719;0
650.405;1269.6328125;0
652.7453;1287.86010742188;0
655.087;1218.78002929688;0
657.426;1193.47277832031;0
659.7645;1153.71520996094;0
662.1024;1185.55432128906;0
664.4376;1215.97387695313;0
666.7742;1209.96643066406;0
669.1063;1166.09997558594;0
671.4398;1147.83190917969;0
673.7726;1068.44384765625;0
676.1048;1027.93176269531;0
678.4324;1015.12609863281;0
680.7635;929.907775878906;0
683.0919;927.553283691406;0
685.4158;955.096740722656;0
687.743;1024.63366699219;0
690.0696;1065.15246582031;0
692.3937;1066.16760253906;0
694.7151;1121.92102050781;0
697.038;1166.74584960938;0
699.3583;1102.38317871094;0
701.6779;1075.72131347656;0
703.995;1029.42407226563;0
706.3155;1066.44311523438;0
708.6294;1138.46301269531;0
710.9467;1219.95141601563;0
713.2594;1176.35400390625;0
715.5735;1008.78063964844;0
717.887;937.852661132813;0
720.1979;966.637023925781;0
722.5083;1200.89477539063;0
724.818;1202.50793457031;0
727.1252;1096.81359863281;0
729.4357;945.363830566406;0
731.7418;959.084167480469;0
734.0452;1085.88793945313;0
736.35;1216.90637207031;0
738.6522;1159.33728027344;0
740.9539;1122.86975097656;0
743.2569;964.404907226563;0
745.5554;960.68896484375;0
747.8553;900.415161132813;0
750.1545;921.205383300781;0
752.4513;955.261108398438;0
754.7474;849.844055175781;0
757.043;773.31689453125;0
759.336;767.613708496094;0
761.6304;805.702209472656;0
763.9222;812.794067382813;0
766.2114;742.766906738281;0
768.5041;731.112487792969;0
770.7922;669.678527832031;0
773.0777;623.855407714844;0
775.3647;632.919067382813;0
777.651;701.9716796875;0
779.9368;707.453552246094;0
782.22;726.260192871094;0
784.5026;746.022399902344;0
786.7847;768.799499511719;0
789.0662;807.424987792969;0
791.3451;879.746643066406;0
793.6254;986.862365722656;0
795.9012;1009.64154052734;0
798.1784;1031.34436035156;0
800.455;985.910095214844;0
802.7291;995.791687011719;0
805.0026;976.897277832031;0
807.2755;1104.86010742188;0
809.5478;1166.12390136719;0
811.8176;1204.67016601563;0
814.0869;1117.31628417969;0
816.3535;1089.56579589844;0
818.6235;1086.02758789063;0
820.8911;1076.67907714844;0
823.156;1124.39208984375;0
825.4204;1142.18115234375;0
827.6823;1201.34643554688;0
829.9474;1272.79809570313;0
832.2082;1310.79577636719;0
834.4683;1348.54797363281;0
836.7279;1310.16711425781;0
838.9869;1249.09631347656;0
841.2453;1169.49389648438;0
843.5012;1270.73120117188;0
845.7565;1340.27941894531;0
848.0133;1324.35729980469;0
850.2655;1215.18725585938;0
852.5153;1072.43432617188;0
854.7703;1160.63598632813;0
857.0189;1116.02197265625;0
859.2668;1108.2744140625;0
861.5182;1041.50451660156;0
863.7651;1077.26745605469;0
866.0114;1071.19348144531;0
868.2592;944.813232421875;0
870.5024;861.235046386719;0
872.7451;763.533874511719;0
874.9872;825.293823242188;0
877.2307;776.817993164063;0
879.4717;926.0498046875;0
881.7101;932.378540039063;0
883.95;955.730773925781;0
886.1854;874.736145019531;0
888.4202;808.5068359375;0
890.6604;769.600891113281;0
892.8941;693.691284179688;0
895.1253;794.384460449219;0
897.3599;799.092102050781;0
899.59;823.643432617188;0
901.8195;802.425659179688;0
904.0504;876.845825195313;0
906.2789;935.697692871094;0
908.5087;992.973571777344;0
910.7341;1029.37719726563;0
912.9589;1029.96862792969;0
915.1851;944.751403808594;0
917.4088;924.055114746094;0
919.63;976.771301269531;0
921.8526;946.835754394531;0
924.0727;994.207946777344;0
926.2922;1044.73937988281;0
928.5112;1156.05151367188;0
930.7277;1081.56787109375;0
932.9476;910.747375488281;0
935.163;801.714172363281;0
937.3739;691.114135742188;0
939.5901;720.146484375;0
941.8019;755.8779296875;0
944.0151;759.312133789063;0
946.2258;667.072814941406;0
948.4341;446.429931640625;0
950.6456;446.856719970703;0
952.8527;417.406280517578;0
955.0593;517.455810546875;0
957.2653;465.525665283203;0
959.4689;502.531158447266;0
961.6738;477.244720458984;0
963.8782;438.439636230469;0
966.0782;446.558441162109;0
968.2815;463.490051269531;0
970.4803;462.461700439453;0
972.6787;479.138092041016;0
974.8784;419.56884765625;0
977.0757;545.037231445313;0
979.2704;608.76953125;0
981.4667;713.303466796875;0
983.6603;630.344116210938;0
985.8535;603.986450195313;0
988.0461;602.232360839844;0
990.2363;723.331665039063;0
992.4297;760.850463867188;0
994.6169;894.9599609375;0
996.8035;1028.10681152344;0
998.9933;1189.31567382813;0
1001.179;1183.52819824219;0
1003.364;1127.74450683594;0
1005.55;1038.71362304688;0
1007.732;1207.28479003906;0
1009.916;1242.46203613281;0
1012.096;1294.8662109375;0
1014.275;1145.38562011719;0
1016.459;1159.91455078125;0
1018.636;1223.69140625;0
1020.813;1344.74572753906;0
1022.991;1384.34265136719;0
1025.165;1305.82836914063;0
1027.34;1216.38891601563;0
1029.515;1116.52856445313;0
1031.687;1081.85913085938;0
1033.859;1076.86254882813;0
1036.03;1068.96850585938;0
1038.199;1019.05914306641;0
1040.369;950.608276367188;0
1042.536;957.682250976563;0
1044.704;1048.61267089844;0
1046.87;1128.40600585938;0
1049.034;1050.75402832031;0
1051.198;889.748718261719;0
1053.363;750.172546386719;0
1055.526;829.084411621094;0
1057.686;899.931884765625;0
1059.845;947.423950195313;0
1062.005;811.8955078125;0
1064.165;792.006164550781;0
1066.323;912.119445800781;0
1068.477;941.064453125;0
1070.634;1091.02685546875;0
1072.788;930.310424804688;0
1074.942;1026.73608398438;0
1077.096;905.484924316406;0
1079.247;981.006225585938;0
1081.397;976.5400390625;0
1083.547;1099.55163574219;0
1085.695;1134.78405761719;0
1087.844;1168.453125;0
1089.992;1140.74499511719;0
1092.138;1081.55517578125;0
1094.284;1110.97692871094;0
1096.425;1076.33325195313;0
1098.571;1064.09899902344;0
1100.711;1073.31726074219;0
1102.851;1148.53759765625;0
1104.994;1245.810546875;0
1107.132;1173.04968261719;0
1109.271;1114.27368164063;0
1111.408;1128.11169433594;0
1113.543;1208.65515136719;0
1115.682;1165.60375976563;0
1117.816;1045.48413085938;0
1119.947;1006.61901855469;0
1122.08;1006.20172119141;0
1124.213;1078.06616210938;0
1126.343;1112.5107421875;0
1128.474;1117.10046386719;0
1130.602;1098.35925292969;0
1132.728;1042.73046875;0
1134.856;1095.66064453125;0
1136.982;1074.64038085938;0
1139.109;1086.18176269531;0
1141.234;1006.84088134766;0
1143.356;1038.93798828125;0
1145.479;1047.65393066406;0
1147.599;1098.65454101563;0
1149.719;1093.33776855469;0
1151.839;1064.3759765625;0
1153.957;1043.32690429688;0
1156.076;925.188659667969;0
1158.191;887.298400878906;0
1160.305;887.705078125;0
1162.423;951.117004394531;0
1164.536;928.8896484375;0
1166.647;867.13427734375;0
1168.761;931.786499023438;0
1170.871;979.426513671875;0
1172.983;1145.11157226563;0
1175.092;1099.93273925781;0
1177.2;1200.70983886719;0
1179.306;1190.6923828125;0
1181.413;1292.08154296875;0
1183.518;1215.31262207031;0
1185.623;1124.00769042969;0
1187.725;1054.71838378906;0
1189.826;983.116760253906;0
1191.929;1008.76501464844;0
1194.032;1022.10357666016;0
1196.13;1016.26684570313;0
1198.23;1017.89984130859;0
1200.327;1099.72045898438;0
1202.423;1271.93395996094;0
1204.52;1317.21350097656;0
1206.613;1192.09533691406;0
1208.71;1170.54870605469;0
1210.801;1208.87829589844;0
1212.892;1377.59008789063;0
1214.987;1389.17687988281;0
1217.075;1312.08422851563;0
1219.166;1248.77575683594;0
1221.256;1311.6416015625;0
1223.342;1432.54541015625;0
1225.43;1404.50671386719;0
1227.515;1287.42504882813;0
1229.597;1256.32690429688;0
1231.685;1275.89331054688;0
1233.767;1235.67761230469;0
1235.85;1182.56909179688;0
1237.931;1214.04711914063;0
1240.009;1184.41381835938;0
1242.09;1156.22729492188;0
1244.168;1037.38232421875;0
1246.245;1145.96691894531;0
1248.321;1184.37084960938;0
1250.397;1334.60437011719;0
1252.472;1321.71655273438;0
1254.547;1316.62768554688;0
1256.618;1052.01330566406;0
1258.69;942.718933105469;0
1260.761;925.757934570313;0
1262.83;1157.3388671875;0
1264.901;1234.5712890625;0
1266.969;1234.50524902344;0
1269.035;1122.05651855469;0
1271.102;1209.04663085938;0
1273.167;1193.25939941406;0
1275.233;1263.1708984375;0
1277.295;1157.33154296875;0
1279.359;1121.7373046875;0
1281.42;1035.93896484375;0
1283.482;1034.4892578125;0
1285.542;1074.439453125;0
1287.6;1158.16613769531;0
1289.659;1095.79577636719;0
1291.714;1157.78637695313;0
1293.774;1188.04638671875;0
1295.828;1198.61340332031;0
1297.881;1166.75244140625;0
1299.936;1127.64147949219;0
1301.987;1366.81103515625;0
1304.041;1459.98229980469;0
1306.09;1509.07019042969;0
1308.139;1407.18737792969;0
1310.19;1277.89221191406;0
1312.238;1275.02075195313;0
1314.286;1260.96948242188;0
1316.331;1337.201171875;0
1318.376;1415.18225097656;0
1320.422;1389.30456542969;0
1322.466;1337.91906738281;0
1324.508;1360.19934082031;0
1326.549;1286.86889648438;0
1328.59;1280.16076660156;0
1330.632;1111.19616699219;0
1332.67;1192.78308105469;0
1334.707;1130.23107910156;0
1336.746;1189.20129394531;0
1338.78;1225.80053710938;0
1340.816;1216.69445800781;0
1342.852;1047.72619628906;0
1344.885;1024.55651855469;0
1346.916;1005.68438720703;0
1348.948;1251.11169433594;0
1350.979;1116.31579589844;0
1353.011;1156.03588867188;0
1355.04;986.609191894531;0
1357.066;1046.70239257813;0
1359.094;1141.203125;0
1361.121;1125.10974121094;0
1363.145;1117.75305175781;0
1365.171;902.239562988281;0
1367.192;834.67626953125;0
1369.216;662.395385742188;0
1371.239;749.972961425781;0
1373.258;830.676147460938;0
1375.28;949.098449707031;0
1377.298;857.345642089844;0
1379.316;701.300598144531;0
1381.335;641.543212890625;0
1383.35;624.351745605469;0
1385.366;717.679382324219;0
1387.38;711.766540527344;0
1389.394;716.584777832031;0
1391.409;670.925048828125;0
1393.42;603.211120605469;0
1395.43;696.516479492188;0
1397.44;660.751403808594;0
1399.451;683.652465820313;0
1401.458;609.961975097656;0
1403.466;565.092468261719;0
1405.472;520.060852050781;0
1407.478;466.577056884766;0
1409.483;580.51953125;0
1411.486;656.388427734375;0
1413.49;782.724426269531;0
1415.492;759.575134277344;0
1417.492;775.478576660156;0
1419.495;752.464782714844;0
1421.494;834.464233398438;0
1423.492;856.270324707031;0
1425.49;894.935729980469;0
1427.487;917.152587890625;0
1429.482;949.056884765625;0
1431.477;982.909790039063;0
1433.471;971.332214355469;0
1435.466;1012.05004882813;0
1437.456;959.2490234375;0
1439.447;932.164428710938;0
1441.441;1028.78002929688;0
1443.427;1170.03527832031;0
1445.417;1247.07592773438;0
1447.406;1201.60754394531;0
1449.392;1175.95971679688;0
1451.381;1227.26867675781;0
1453.365;1268.85083007813;0
1455.348;1243.03393554688;0
1457.333;1159.48779296875;0
1459.314;1173.54931640625;0
1461.296;1194.99841308594;0
1463.276;1155.05554199219;0
1465.256;1038.93884277344;0
1467.237;1031.49304199219;0
1469.215;1163.85314941406;0
1471.19;1271.59362792969;0
1473.167;1256.71276855469;0
1475.145;1201.54248046875;0
1477.118;1168.30529785156;0
1479.092;1056.55651855469;0
1481.065;969.518493652344;0
1483.038;946.639587402344;0
1485.008;1087.80480957031;0
1486.979;1186.01159667969;0
1488.949;1077.57287597656;0
1490.917;959.554748535156;0
1492.883;762.919311523438;0
1494.852;686.664428710938;0
1496.817;700.475952148438;0
1498.782;756.330688476563;0
1500.748;827.320556640625;0
1502.708;743.382995605469;0
1504.673;715.343444824219;0
1506.634;640.6767578125;0
1508.594;578.29541015625;0
1510.554;636.306213378906;0
1512.512;781.854064941406;0
1514.471;891.278198242188;0
1516.428;837.702392578125;0
1518.384;795.828796386719;0
1520.34;780.643371582031;0
1522.294;744.371337890625;0
1524.249;666.568237304688;0
1526.202;704.669982910156;0
1528.153;713.457641601563;0
1530.103;762.901611328125;0
1532.054;634.1943359375;0
1534.004;683.722412109375;0
1535.951;770.18505859375;0
1537.899;802.644409179688;0
1539.847;845.553588867188;0
1541.793;817.392944335938;0
1543.738;844.803588867188;0
1545.681;807.761291503906;0
1547.625;715.060424804688;0
1549.566;710.983764648438;0
1551.509;721.684265136719;0
1553.45;713.345153808594;0
1555.389;669.961975097656;0
1557.33;566.773254394531;0
1559.266;599.946533203125;0
1561.204;642.112731933594;0
1563.141;691.115966796875;0
1565.074;599.515808105469;0
1567.009;480.985504150391;0
1568.943;506.397857666016;0
1570.877;590.97509765625;0
1572.808;618.939453125;0
1574.741;470.953948974609;0
1576.67;331.682159423828;0
1578.6;293.124084472656;0
1580.528;351.372924804688;0
1582.455;427.265655517578;0
1584.382;559.000915527344;0
1586.307;627.671081542969;0
1588.234;664.942687988281;0
1590.157;655.704711914063;0
1592.081;611.846008300781;0
1594.002;482.588836669922;0
1595.927;347.599792480469;0
1597.845;189.984832763672;0
1599.767;246.495315551758;0
1601.685;266.773864746094;0
1603.602;401.618255615234;0
1605.523;416.157470703125;0
1607.438;573.141967773438;0
1609.354;579.952880859375;0
1611.269;579.353332519531;0
1613.181;494.033508300781;0
1615.096;501.572387695313;0
1617.008;474.152435302734;0
1618.92;459.440704345703;0
1620.83;538.720886230469;0
1622.74;618.039001464844;0
1624.649;547.084594726563;0
1626.557;461.384124755859;0
1628.464;523.281005859375;0
1630.37;694.897521972656;0
1632.275;743.338256835938;0
1634.18;784.715393066406;0
1636.085;674.138366699219;0
1637.988;733.941711425781;0
1639.888;608.24267578125;0
1641.791;654.7724609375;0
1643.691;624.90625;0
1645.588;663.089904785156;0
1647.489;835.009399414063;0
1649.387;765.639526367188;0
1651.284;819.87060546875;0
1653.18;807.371459960938;0
1655.075;931.143859863281;0
1656.972;956.967529296875;0
1658.864;1013.62121582031;0
1660.754;1126.54895019531;0
1662.65;1161.52563476563;0
1664.539;1088.66186523438;0
1666.428;1017.06878662109;0
1668.32;965.528564453125;0
1670.207;907.602783203125;0
1672.096;913.183471679688;0
1673.982;971.826110839844;0
1675.867;1030.30847167969;0
1677.754;1009.07458496094;0
1679.638;1004.56878662109;0
1681.52;915.012390136719;0
1683.403;851.18310546875;0
1685.285;744.636596679688;0
1687.166;774.150573730469;0
1689.048;799.947326660156;0
1690.924;797.582336425781;0
1692.804;734.518676757813;0
1694.682;685.738403320313;0
1696.558;661.686096191406;0
1698.435;710.361694335938;0
1700.308;631.098510742188;0
1702.184;586.118835449219;0
1704.057;558.089233398438;0
1705.929;559.232055664063;0
1707.801;574.102783203125;0
1709.674;473.479156494141;0
1711.542;438.720947265625;0
1713.412;460.518829345703;0
1715.28;396.186187744141;0
1717.145;375.038452148438;0
1719.015;304.325164794922;0
1720.88;302.888488769531;0
1722.746;277.282470703125;0
1724.61;214.28108215332;0
1726.471;226.393463134766;0
1728.334;183.881607055664;0
1730.197;201.301605224609;0
1732.057;235.44743347168;0
1733.919;289.176971435547;0
1735.777;296.955261230469;0
1737.634;212.116470336914;0
1739.493;255.081741333008;0
1741.349;322.232543945313;0
1743.205;368.003631591797;0
1745.061;408.045318603516;0
1746.915;311.248260498047;0
1748.77;514.435180664063;0
1750.621;473.449493408203;0
1752.473;563.442626953125;0
1754.323;405.14892578125;0
1756.173;404.511657714844;0
1758.022;460.335540771484;0
1759.87;483.646240234375;0
1761.718;466.997680664063;0
1763.566;554.83203125;0
1765.411;584.925476074219;0
1767.256;654.831481933594;0
1769.101;595.659057617188;0
1770.945;648.074401855469;0
1772.787;711.409729003906;0
1774.629;620.998413085938;0
1776.469;596.729309082031;0
1778.309;623.931335449219;0
1780.15;749.154052734375;0
1781.987;826.616577148438;0
1783.826;785.429992675781;0
1785.662;901.372131347656;0
1787.498;798.662719726563;0
1789.334;864.968383789063;0
1791.169;817.955932617188;0
1793.002;857.291870117188;0
1794.834;814.198486328125;0
1796.667;775.453552246094;0
1798.498;889.168212890625;0
1800.328;909.120788574219;0
1802.157;812.532775878906;0
1803.986;741.404174804688;0
1805.813;703.957214355469;0
1807.639;769.191833496094;0
1809.467;795.108032226563;0
1811.292;876.37255859375;0
1813.117;878.318664550781;0
1814.94;871.168579101563;0
1816.763;683.255676269531;0
1818.585;713.471313476563;0
1820.407;602.594482421875;0
1822.227;677.852783203125;0
1824.048;540.58056640625;0
1825.865;514.389282226563;0
1827.683;390.672393798828;0
1829.501;326.428863525391;0
1831.317;312.882476806641;0
1833.135;357.4814453125;0
1834.948;274.005157470703;0
1836.761;254.898010253906;0
1838.577;223.272323608398;0
1840.388;300.268218994141;0
1842.198;198.871444702148;0
1844.009;170.503372192383;0
1845.819;149.610336303711;0
1847.629;192.853881835938;0
1849.436;200.876190185547;0
1851.244;179.805313110352;0
1853.052;238.100814819336;0
1854.858;334.868896484375;0
1856.661;356.839080810547;0
1858.466;400.279449462891;0
1860.269;210.190063476563;0
1862.073;239.239440917969;0
1863.875;248.597045898438;0
1865.673;354.158325195313;0
1867.476;337.193572998047;0
1869.275;254.92497253418;0
1871.072;357.796966552734;0
1872.872;470.140930175781;0
1874.667;493.62353515625;0
1876.464;393.911376953125;0
1878.26;254.448989868164;0
1880.053;202.902984619141;0
1881.849;235.717834472656;0
1883.64;326.114776611328;0
1885.431;354.648681640625;0
1887.226;414.20849609375;0
1889.014;326.460845947266;0
1890.803;358.961303710938;0
1892.594;228.267822265625;0
1894.38;331.938629150391;0
1896.167;299.641784667969;0
1897.955;383.266235351563;0
1899.74;379.811920166016;0
1901.526;348.72802734375;0
1903.309;390.239471435547;0
1905.091;262.682067871094;0
1906.876;320.166412353516;0
1908.658;120.581405639648;0
1910.438;186.149230957031;0
1912.217;108.203247070313;0
1913.996;212.965667724609;0
1915.775;252.325378417969;0
1917.553;270.949035644531;0
1919.33;318.836669921875;0
1921.106;219.877151489258;0
1922.881;217.181594848633;0
1924.655;171.191955566406;0
1926.431;212.351455688477;0
1928.202;140.654739379883;0
1929.974;13.7674198150635;0
1931.746;19.7965908050537;0
1933.516;77.0219116210938;0
1935.286;169.691970825195;0
1937.055;221.794052124023;0
1938.823;284.258514404297;0
1940.592;332.419403076172;0
1942.356;203.758819580078;0
1944.122;293.795043945313;0
1945.888;280.972625732422;0
1947.651;409.847076416016;0
1949.416;294.307281494141;0
1951.178;329.130218505859;0
1952.939;369.313873291016;0
1954.699;505.616241455078;0
1956.459;566.537536621094;0
1958.219;537.823913574219;0
1959.979;524.370727539063;0
1961.735;594.402282714844;0
1963.491;576.13916015625;0
1965.249;458.136901855469;0
1967.003;487.282745361328;0
1968.761;542.577087402344;0
1970.512;663.468811035156;0
1972.265;637.402404785156;0
1974.018;618.822326660156;0
1975.769;583.395141601563;0
1977.522;467.567413330078;0
1979.271;368.783508300781;0
1981.018;328.268371582031;0
1982.766;280.578369140625;0
1984.516;377.936798095703;0
1986.261;364.345245361328;0
1988.009;391.694732666016;0
1989.754;366.766265869141;0
1991.498;458.672882080078;0
1993.241;632.305603027344;0
1994.984;697.7763671875;0
1996.727;647.63916015625;0
1998.468;498.003295898438;0
2000.206;494.423095703125;0
2001.946;486.454132080078;0
2003.686;580.207458496094;0
2005.424;618.345153808594;0
2007.161;687.642150878906;0
2008.898;633.43115234375;0
2010.634;631.382751464844;0
2012.369;623.831115722656;0
2014.103;641.221496582031;0
2015.836;628.110412597656;0
2017.57;582.165283203125;0
2019.299;528.942504882813;0
2021.032;524.554077148438;0
2022.762;644;0
2024.491;807.169128417969;0
2026.221;822.283752441406;0
2027.947;706.788208007813;0
2029.676;557.571472167969;0
2031.403;582.522399902344;0
2033.128;523.195434570313;0
2034.852;585.9873046875;0
2036.577;483.891815185547;0
2038.299;615.329223632813;0
2040.022;542.645568847656;0
2041.744;374.578887939453;0
2043.465;219.350738525391;0
2045.184;226.146835327148;0
2046.903;339.337036132813;0
2048.621;455.477661132813;0
2050.339;435.902893066406;0
2052.057;429.502349853516;0
2053.774;310.719543457031;0
2055.488;144.217864990234;0
2057.203;64.9067916870117;0
2058.917;119.839492797852;0
2060.631;207.466735839844;0
2062.344;268.369537353516;0
2064.053;228.65901184082;0
2065.765;269.4462890625;0
2067.476;337.731323242188;0
2069.185;385.849182128906;0
2070.892;341.243194580078;0
2072.6;302.243072509766;0
2074.308;193.29411315918;0
2076.014;346.488861083984;0
2077.72;391.846130371094;0
2079.425;512.588256835938;0
2081.13;416.82861328125;0
2082.833;310.34228515625;0
2084.532;259.239624023438;0
2086.236;287.629852294922;0
2087.936;327.694183349609;0
2089.635;467.476684570313;0
2091.335;427.085815429688;0
2093.034;447.632080078125;0
2094.731;315.680999755859;0
2096.427;333.942626953125;0
2098.124;454.141174316406;0
2099.82;521.161865234375;0
2101.515;680.893371582031;0
2103.207;618.652648925781;0
2104.902;782.200012207031;0
2106.594;813.2734375;0
2108.286;943.397399902344;0
2109.976;859.238525390625;0
2111.667;817.348388671875;0
2113.355;845.948425292969;0
2115.044;859.148742675781;0
2116.732;842.615356445313;0
2118.42;744.569458007813;0
2120.105;761.232604980469;0
2121.79;876.825988769531;0
2123.476;1006.23864746094;0
2125.16;969.359375;0
2126.844;928.854919433594;0
2128.524;922.725219726563;0
2130.207;1016.41473388672;0
2131.888;1005.81231689453;0
2133.567;923.253601074219;0
2135.247;1068.73852539063;0
2136.927;1117.3759765625;0
2138.603;1213.0263671875;0
2140.281;1099.107421875;0
2141.957;1116.45788574219;0
2143.633;1059.41101074219;0
2145.308;1035.63671875;0
2146.981;969.135437011719;0
2148.654;1088.46472167969;0
2150.328;983.068237304688;0
2152;954.295532226563;0
2153.669;917.4638671875;0
2155.34;1077.84509277344;0
2157.01;1118.24597167969;0
2158.677;984.250732421875;0
2160.347;935.440124511719;0
2162.013;856.117431640625;0
2163.681;915.838256835938;0
2165.347;787.491516113281;0
2167.011;821.24853515625;0
2168.674;898.090393066406;0
2170.337;935.749389648438;0
2172.002;927.447937011719;0
2173.662;859.85595703125;0
2175.324;926.325378417969;0
2176.985;969.281799316406;0
2178.645;877.362609863281;0
2180.304;886.990173339844;0
2181.961;962.363220214844;0
2183.618;1075.041015625;0
2185.275;967.571655273438;0
2186.932;888.464477539063;0
2188.586;859.058410644531;0
2190.242;910.406799316406;0
2191.896;769.880676269531;0
2193.547;714.468811035156;0
2195.2;691.127319335938;0
2196.851;797.757385253906;0
2198.502;745.095458984375;0
2200.153;610.366821289063;0
2201.799;551.144104003906;0
2203.447;496.44482421875;0
2205.097;517.498962402344;0
2206.742;608.850524902344;0
2208.391;634.110046386719;0
2210.035;753.61376953125;0
2211.679;706.361694335938;0
2213.324;797.353820800781;0
2214.966;811.923400878906;0
2216.608;810.070556640625;0
2218.252;823.709045410156;0
2219.89;746.505432128906;0
2221.531;800.015380859375;0
2223.172;845.905456542969;0
2224.809;891.509094238281;0
2226.449;892.048461914063;0
2228.086;793.74853515625;0
2229.72;848.03466796875;0
2231.358;783.547973632813;0
2232.992;760.417114257813;0
2234.625;669.561279296875;0
2236.26;743.920349121094;0
2237.893;802.276062011719;0
2239.524;865.624633789063;0
2241.156;805.564147949219;0
2242.785;890.751647949219;0
2244.416;922.296447753906;0
2246.044;903.936767578125;0
2247.672;841.96826171875;0
2249.301;796.892700195313;0
2250.926;810.83642578125;0
2252.554;795.032043457031;0
2254.177;839.779418945313;0
2255.803;894.559936523438;0
2257.427;961.843505859375;0
2259.051;1042.07446289063;0
2260.671;932.475036621094;0
2262.294;873.3857421875;0
2263.914;771.834106445313;0
2265.533;945.167541503906;0
2267.153;918.319030761719;0
2268.773;1002.70825195313;0
2270.392;921.494384765625;0
2272.006;892.256591796875;0
2273.624;824.060607910156;0
2275.239;824.960327148438;0
2276.854;815.420043945313;0
2278.468;792.611450195313;0
2280.084;784.311401367188;0
2281.695;733.6923828125;0
2283.305;702.753845214844;0
2284.919;559.309814453125;0
2286.527;563.94775390625;0
2288.14;496.8984375;0
2289.748;524.825012207031;0
2291.354;672.843078613281;0
2292.964;725.881896972656;0
2294.569;810.795349121094;0
2296.174;735.280151367188;0
2297.782;768.208740234375;0
2299.386;730.966369628906;0
2300.99;642.424133300781;0
2302.594;559.007751464844;0
2304.195;637.660522460938;0
2305.798;613.490661621094;0
2307.399;523.720397949219;0
2308.998;413.572021484375;0
2310.598;423.934326171875;0
2312.197;667.251831054688;0
2313.795;784.610656738281;0
2315.392;970.677612304688;0
2316.988;965.008117675781;0
2318.585;962.046752929688;0
2320.18;885.682312011719;0
2321.774;734.914794921875;0
2323.368;640.262756347656;0
2324.961;653.15625;0
2326.553;611.020751953125;0
2328.145;634.055541992188;0
2329.735;543.231018066406;0
2331.324;656.997863769531;0
2332.916;602.013854980469;0
2334.503;569.936218261719;0
2336.092;569.854309082031;0
2337.677;573.382568359375;0
2339.263;583.174499511719;0
2340.85;430.155670166016;0
2342.434;494.353759765625;0
2344.018;524.03759765625;0
2345.602;576.180541992188;0
2347.185;544.965270996094;0
2348.768;521.062072753906;0
2350.347;599.851867675781;0
2351.928;638.198364257813;0
2353.51;682.5458984375;0
2355.087;595.67236328125;0
2356.665;474.568817138672;0
2358.243;360.698547363281;0
2359.819;442.114410400391;0
2361.396;559.270385742188;0
2362.972;638.463073730469;0
2364.547;597.529296875;0
2366.121;555.2255859375;0
2367.694;664.37451171875;0
2369.267;689.0625;0
2370.839;558.179016113281;0
2372.411;430.072326660156;0
2373.982;420.908569335938;0
2375.55;549.411926269531;0
2377.118;519.334655761719;0
2378.687;518.573425292969;0
2380.254;570.244506835938;0
2381.821;658.863220214844;0
2383.387;697.909912109375;0
2384.954;640.672485351563;0
2386.516;601.107788085938;0
2388.082;561.115173339844;0
2389.644;459.818115234375;0
2391.209;502.121734619141;0
2392.769;432.734954833984;0
2394.33;557.1318359375;0
2395.892;720.968688964844;0
2397.449;822.684875488281;0
2399.008;849.280700683594;0
2400.568;732.200805664063;0
2402.125;688.334228515625;0
2403.68;711.458068847656;0
2405.238;757.240966796875;0
2406.792;805.795104980469;0
2408.349;891.34375;0
2409.902;832.110168457031;0
2411.455;874.873168945313;0
2413.007;801.8740234375;0
2414.558;750.524658203125;0
2416.11;715.991882324219;0
2417.66;770.077392578125;0
2419.21;854.37890625;0
2420.758;821.454406738281;0
2422.307;724.100769042969;0
2423.855;751.833984375;0
2425.402;647.91845703125;0
2426.947;623.890686035156;0
2428.492;566.901489257813;0
2430.038;665.11962890625;0
2431.58;663.891906738281;0
2433.124;609.32958984375;0
2434.667;591.88720703125;0
2436.208;564.320617675781;0
2437.75;751.445983886719;0
2439.291;936.348388671875;0
2440.83;1017.12890625;0
2442.369;892.137817382813;0
2443.906;797.931762695313;0
2445.444;805.622985839844;0
2446.981;820.332885742188;0
2448.517;773.170471191406;0
2450.053;742.773498535156;0
2451.587;655.314514160156;0
2453.12;790.117309570313;0
2454.655;782.267211914063;0
2456.187;869.047729492188;0
2457.718;786.683837890625;0
2459.25;849.00146484375;0
2460.781;802.76123046875;0
2462.31;767.394653320313;0
2463.84;834.024597167969;0
2465.368;871.88720703125;0
2466.896;933.873107910156;0
2468.423;778.871215820313;0
2469.949;781.897094726563;0
2471.474;797.083557128906;0
2472.998;866.874328613281;0
2474.522;801.121337890625;0
2476.045;744.865234375;0
2477.568;748.593017578125;0
2479.09;824.482177734375;0
2480.612;801.039428710938;0
2482.132;758.597412109375;0
2483.653;655.393676757813;0
2485.171;599.004028320313;0
2486.689;644.722290039063;0
2488.208;770.331359863281;0
2489.725;899.830932617188;0
2491.242;877.998657226563;0
2492.757;872.167602539063;0
2494.271;845.005126953125;0
2495.785;791.731567382813;0
2497.3;836.234680175781;0
2498.812;837.958068847656;0
2500.325;898.679565429688;0
2501.837;776.398132324219;0
2503.345;668.650268554688;0
2504.856;635.578796386719;0
2506.366;672.049499511719;0
2507.875;727.516296386719;0
2509.382;724.758911132813;0
2510.889;661.443481445313;0
2512.397;535.775512695313;0
2513.901;473.210662841797;0
2515.406;388.291961669922;0
2516.911;485.875579833984;0
2518.415;487.566009521484;0
2519.918;553.696838378906;0
2521.421;526.159423828125;0
2522.922;519.50927734375;0
2524.423;511.189270019531;0
2525.924;436.543090820313;0
2527.422;414.114410400391;0
2528.923;418.796875;0
2530.419;483.156127929688;0
2531.916;482.508483886719;0
2533.415;478.297332763672;0
2534.909;362.632720947266;0
2536.404;284.059783935547;0
2537.899;139.915771484375;0
2539.394;178.788391113281;0
2540.887;219.565246582031;0
2542.38;336.137512207031;0
2543.871;291.367309570313;0
2545.363;271.792846679688;0
2546.852;292.915710449219;0
2548.345;289.752899169922;0
2549.833;228.939086914063;0
2551.321;186.275115966797;0
2552.811;302.637084960938;0
2554.296;381.3310546875;0
2555.78;416.094055175781;0
2557.267;317.403717041016;0
2558.752;301.315582275391;0
2560.237;108.703498840332;0
2561.721;228.672943115234;0
2563.203;318.560394287109;0
2564.687;464.475006103516;0
2566.168;455.862182617188;0
2567.648;433.076049804688;0
2569.129;519.813598632813;0
2570.607;456.179138183594;0
2572.086;506.702728271484;0
2573.565;435.367340087891;0
2575.041;560.17529296875;0
2576.518;576.349792480469;0
2577.994;678.447509765625;0
2579.469;649.812194824219;0
2580.945;735.315185546875;0
2582.418;721.077941894531;0
2583.892;775.657104492188;0
2585.365;661.0537109375;0
2586.835;759.82421875;0
2588.307;757.190856933594;0
2589.778;834.152221679688;0
2591.248;818.036865234375;0
2592.717;955.732666015625;0
2594.186;903.574584960938;0
2595.652;932.229370117188;0
2597.121;773.251892089844;0
2598.585;813.751037597656;0
2600.052;765.610595703125;0
2601.518;781.049621582031;0
2602.982;852.960388183594;0
2604.446;883.459045410156;0
2605.907;936.436279296875;0
2607.371;881.224975585938;0
2608.83;883.3779296875;0
2610.293;844.788146972656;0
2611.752;854.679504394531;0
2613.213;908.9404296875;0
2614.672;948.2373046875;0
2616.13;1063.12622070313;0
2617.587;1038.49731445313;0
2619.043;1192.12927246094;0
2620.501;1173.35656738281;0
2621.957;1231.84252929688;0
2623.409;1111.69799804688;0
2624.864;1151.255859375;0
2626.318;1086.96142578125;0
2627.771;1088.39758300781;0
2629.222;1043.28918457031;0
2630.673;1012.97521972656;0
2632.124;1014.82019042969;0
2633.575;996.124267578125;0
2635.023;1033.37817382813;0
2636.473;1008.29473876953;0
2637.922;975.08447265625;0
2639.368;962.78857421875;0
2640.816;915.781677246094;0
2642.261;864.036376953125;0
2643.705;752.509399414063;0
2645.151;780.505737304688;0
2646.596;782.462646484375;0
2648.037;779.045654296875;0
2649.48;769.700012207031;0
2650.923;752.649719238281;0
2652.364;827.11669921875;0
2653.804;829.526916503906;0
2655.243;832.408996582031;0
2656.683;811.658813476563;0
2658.121;719.41455078125;0
2659.559;660.026611328125;0
2660.997;639.27099609375;0
2662.433;762.371887207031;0
2663.868;788.999877929688;0
2665.305;708.925231933594;0
2666.737;562.943237304688;0
2668.173;565.154663085938;0
2669.606;616.8310546875;0
2671.038;618.392761230469;0
2672.47;561.255859375;0
2673.901;437.752471923828;0
2675.331;434.217407226563;0
2676.761;346.069091796875;0
2678.189;405.784606933594;0
2679.619;401.626678466797;0
2681.045;446.241546630859;0
2682.473;450.131652832031;0
2683.9;438.9091796875;0
2685.324;422.826599121094;0
2686.749;511.286224365234;0
2688.176;485.195007324219;0
2689.599;519.318908691406;0
2691.021;477.72787475586;0
2692.444;490.922241210938;0
2693.865;503.989379882813;0
2695.287;368.263549804688;0
2696.707;421.858367919922;0
2698.125;378.776062011719;0
2699.545;508.350494384766;0
2700.963;373.358795166015;0
2702.381;376.799865722656;0
2703.798;273.339324951172;0
2705.214;300.531616210938;0
2706.629;296.937561035156;0
2708.046;344.227447509766;0
2709.458;470.662414550781;0
2710.872;483.816436767578;0
2712.285;535.213806152344;0
2713.699;443.209136962891;0
2715.111;400.152221679687;0
2716.52;433.341888427734;0
2717.93;456.992156982422;0
2719.342;544.00830078125;0
2720.749;486.308044433594;0
2722.159;466.212432861328;0
2723.565;466.962890625;0
2724.971;497.138336181641;0
2726.38;486.025024414062;0
2727.785;427.743072509765;0
2729.19;563.821838378906;0
2730.594;584.283386230469;0
2731.997;764.01904296875;0
2733.401;624.251159667969;0
2734.803;703.646606445313;0
2736.204;650.982421875;0
2737.606;801.369873046875;0
2739.005;860.030578613281;0
2740.405;876.7431640625;0
2741.806;850.283996582031;0
2743.202;799.2119140625;0
2744.602;838.862365722656;0
2745.998;843.679748535156;0
2747.395;940.328186035156;0
2748.79;954.136291503906;0
2750.185;912.547302246094;0
2751.58;814.006042480469;0
2752.975;807.018432617188;0
2754.366;885.719055175781;0
2755.759;939.245849609375;0
2757.151;985.9072265625;0
2758.542;922.482666015625;0
2759.933;956.890808105469;0
2761.322;957.877746582031;0
2762.71;968.957885742188;0
2764.1;881.667541503906;0
2765.486;826.973327636719;0
2766.875;795.14892578125;0
2768.26;825.224670410156;0
2769.646;819.864624023437;0
2771.031;832.170837402344;0
2772.418;781.264099121094;0
2773.799;780.40771484375;0
2775.184;815.432434082031;0
2776.565;899.946044921875;0
2777.946;976.944702148437;0
2779.328;1020.20343017578;0
2780.708;1049.38891601563;0
2782.09;1074.05603027344;0
2783.469;1121.64965820313;0
2784.847;1131.72534179688;0
2786.226;1102.28332519531;0
2787.603;1079.10131835938;0
2788.978;1110.71508789063;0
2790.355;1034.8603515625;0
2791.731;978.885620117188;0
2793.104;975.19384765625;0
2794.479;987.457458496094;0
2795.853;983.814514160156;0
2797.225;922.576599121094;0
2798.596;871.03759765625;0
2799.967;830.066589355469;0
2801.341;709.545043945313;0
2802.71;631.328186035156;0
2804.077;494.429382324219;0
2805.447;477.625244140625;0
2806.815;416.869110107422;0
2808.183;425.883850097656;0
2809.551;392.001525878906;0
2810.915;469.666381835938;0
2812.282;452.544342041016;0
2813.646;521.855041503906;0
2815.011;498.598541259766;0
2816.375;457.663482666016;0
2817.736;422.494995117188;0
2819.099;427.092864990235;0
2820.462;422.791168212891;0
2821.821;391.033447265625;0
2823.182;288.158142089844;0
2824.542;382.869262695313;0
2825.901;453.278045654297;0
2827.261;597.119689941406;0
2828.617;615.606506347656;0
2829.974;553.2958984375;0
2831.33;603.078125;0
2832.686;483.619384765625;0
2834.043;569.139953613281;0
2835.395;533.97265625;0
2836.75;674.784790039063;0
2838.104;724.934692382813;0
2839.456;723.197937011719;0
2840.807;770.908935546875;0
2842.16;702.798767089844;0
2843.509;707.263061523438;0
2844.858;692.955017089844;0
2846.209;639.659790039063;0
2847.556;579.048645019531;0
2848.906;469.181762695312;0
2850.253;564.658447265625;0
2851.6;553.579345703125;0
2852.946;586.607421875;0
2854.29;421.071990966797;0
2855.635;390.408752441406;0
2856.98;289.221649169922;0
2858.323;326.446411132813;0
2859.665;355.456909179688;0
2861.008;294.659027099609;0
2862.349;309.278717041016;0
2863.691;235.87109375;0
2865.031;358.324829101563;0
2866.37;396.202972412109;0
2867.709;402.704193115235;0
2869.048;414.733184814453;0
2870.385;407.233276367188;0
2871.722;488.703216552735;0
2873.059;472.276580810547;0
2874.394;540.508117675781;0
2875.73;609.955017089844;0
2877.064;696.060668945313;0
2878.398;596.599914550781;0
2879.731;529.733154296875;0
2881.063;582.285827636719;0
2882.395;643.66845703125;0
2883.727;721.057006835937;0
2885.059;596.317565917969;0
2886.387;714.60888671875;0
2887.717;729.16943359375;0
2889.046;901.236450195313;0
2890.374;833.461486816406;0
2891.699;805.581665039063;0
2893.028;769.974548339844;0
2894.354;767.5703125;0
2895.679;827.141052246094;0
2897.004;831.24658203125;0
2898.328;835.034118652344;0
2899.653;852.173889160156;0
2900.976;863.824035644531;0
2902.297;805.99267578125;0
2903.619;695.596435546875;0
2904.941;641.741455078125;0
2906.26;721.747619628906;0
2907.58;773.733276367187;0
2908.898;855.334289550781;0
2910.217;863.915649414063;0
2911.536;911.939331054688;0
2912.852;885.611633300781;0
2914.171;925.631958007813;0
2915.485;897.73388671875;0
2916.799;925.706298828125;0
2918.116;940.479919433594;0
2919.428;924.533142089844;0
2920.743;885.761352539063;0
2922.056;825.958984375;0
2923.367;854.681091308594;0
2924.679;901.087768554688;0
2925.99;946.287048339844;0
2927.299;983.353820800781;0
2928.609;1040.455078125;0
2929.918;1030.56457519531;0
2931.226;984.658752441406;0
2932.535;870.749084472656;0
2933.841;825.684631347656;0
2935.149;856.570739746094;0
2936.455;876.248291015625;0
2937.758;954.200500488281;0
2939.064;970.028442382813;0
2940.368;1000.80914306641;0
2941.67;1044.92944335938;0
2942.973;964.94384765625;0
2944.277;903.736572265625;0
2945.577;802.997985839844;0
2946.878;864.84228515625;0
2948.178;993.586975097656;0
2949.477;1100.5693359375;0
2950.776;1133.90417480469;0
2952.073;1146.81335449219;0
2953.372;1046.63159179687;0
2954.669;1090.36120605469;0
2955.965;995.673889160156;0
2957.261;1029.93688964844;0
2958.556;1005.84637451172;0
2959.849;1018.58233642578;0
2961.145;1057.77209472656;0
2962.436;1101.24645996094;0
2963.732;1073.06201171875;0
2965.022;1053.70556640625;0
2966.313;983.278198242188;0
2967.603;982.35205078125;0
2968.893;975.967651367187;0
2970.182;1010.63647460938;0
2971.471;1005.87261962891;0
2972.759;1042.57080078125;0
2974.047;991.171142578125;0
2975.334;1013.63757324219;0
2976.62;925.52197265625;0
2977.907;848.1103515625;0
2979.192;761.83203125;0
2980.475;714.169494628906;0
2981.76;745.899658203125;0
2983.043;773.186767578125;0
2984.326;749.418029785156;0
2985.607;720.126159667969;0
2986.888;701.390319824219;0
2988.17;710.41552734375;0
2989.449;636.663208007813;0
2990.728;580.433837890625;0
2992.007;613.993957519531;0
2993.284;617.665771484375;0
2994.562;630.101684570313;0
2995.84;516.240356445313;0
2997.115;565.120239257812;0
2998.393;482.215515136719;0
2999.666;487.524291992187;0
3000.94;469.193603515625;0
3002.215;538.72265625;0
3003.486;480.809539794922;0
3004.76;462.621459960938;0
3006.033;507.96304321289;0
3007.303;493.303680419922;0
3008.573;392.074951171875;0
3009.844;323.991973876953;0
3011.114;401.875823974609;0
3012.383;439.081237792969;0
3013.649;419.448944091797;0
3014.917;294.919128417969;0
3016.185;333.300689697266;0
3017.451;204.428894042969;0
3018.716;222.63623046875;0
3019.983;126.175514221191;0
3021.246;243.782943725586;0
3022.509;257.790924072266;0
3023.774;248.645004272461;0
3025.035;182.754943847656;0
3026.299;174.719467163086;0
3027.56;174.205230712891;0
3028.819;276.655578613281;0
3030.081;251.848083496094;0
3031.339;305.778930664063;0
3032.598;268.808807373047;0
3033.856;291.630859375;0
3035.114;222.996963500977;0
3036.372;168.209365844727;0
3037.628;245.361480712891;0
3038.883;389.1708984375;0
3040.138;359.744750976563;0
3041.394;333.632751464844;0
3042.646;329.390533447266;0
3043.9;403.462036132813;0
3045.152;435.065521240234;0
3046.405;419.371215820313;0
3047.657;465.741760253906;0
3048.906;552.745178222656;0
3050.158;487.280548095703;0
3051.407;561.191101074219;0
3052.656;461.076629638672;0
3053.904;585.690368652344;0
3055.153;453.54443359375;0
3056.398;517.70849609375;0
3057.647;479.461212158203;0
3058.892;563.037353515625;0
3060.137;605.270385742188;0
3061.382;585.923400878906;0
3062.625;576.107055664063;0
3063.869;586.595581054688;0
3065.112;628.560119628906;0
3066.353;673.286010742188;0
3067.595;616.651611328125;0
3068.838;639.851440429687;0
3070.075;677.524963378906;0
3071.317;692.087097167969;0
3072.557;645.066162109375;0
3073.795;515.519958496094;0
3075.032;565.000122070312;0
3076.27;578.677978515625;0
3077.507;646.59033203125;0
3078.742;613.069519042969;0
3079.978;684.159729003906;0
3081.212;696.87841796875;0
3082.446;757.651306152344;0
3083.681;708.459167480469;0
3084.913;652.6962890625;0
3086.147;590.341674804688;0
3087.38;640.134033203125;0
3088.61;728.124694824219;0
3089.84;785.757141113281;0
3091.071;724.723083496094;0
3092.3;683.596862792969;0
3093.529;744.493347167969;0
3094.755;805.490600585938;0
3095.984;874.368225097656;0
3097.211;754.893371582031;0
3098.438;707.659729003906;0
3099.663;665.653686523438;0
3100.888;704.450378417969;0
3102.112;664.5068359375;0
3103.335;644.900512695312;0
3104.56;553.016174316406;0
3105.782;627.526916503906;0
3107.005;695.677490234375;0
3108.226;784.464294433594;0
3109.447;723.002380371094;0
3110.667;655.808166503906;0
3111.887;632.430541992187;0
3113.104;599.562805175781;0
3114.324;564.671875;0
3115.541;603.64599609375;0
3116.758;741.708801269531;0
3117.976;730.198486328125;0
3119.192;742.501342773437;0
3120.408;682.699645996094;0
3121.622;719.225341796875;0
3122.835;709.84619140625;0
3124.05;691.496520996094;0
3125.262;688.688293457031;0
3126.476;665.228393554687;0
3127.687;659.722351074219;0
3128.897;598.548828125;0
3130.108;666.317932128906;0
3131.319;671.852172851563;0
3132.528;756.928100585938;0
3133.737;718.34326171875;0
3134.945;735.8759765625;0
3136.152;627.198364257812;0
3137.358;618.805908203125;0
3138.565;661.524719238281;0
3139.772;702.919860839844;0
3140.976;655.103149414062;0
3142.18;559.909912109375;0
3143.385;590.040649414063;0
3144.588;617.314636230469;0
3145.79;671.6015625;0
3146.993;679.590942382813;0
3148.194;638.814819335937;0
3149.395;626.237121582031;0
3150.596;634.415832519531;0
3151.794;601.196594238281;0
3152.994;491.453277587891;0
3154.193;419.703948974609;0
3155.39;396.588500976563;0
3156.587;446.707275390625;0
3157.784;525.83447265625;0
3158.982;499.867034912109;0
3160.177;517.472900390625;0
3161.37;411.430938720703;0
3162.565;412.382690429688;0
3163.759;383.310760498047;0
3164.952;377.400146484375;0
3166.146;369.2939453125;0
3167.337;320.023345947266;0
3168.527;338.408020019531;0
3169.719;321.919738769531;0
3170.91;331.526702880859;0
3172.098;260.875091552734;0
3173.288;232.960662841797;0
3174.475;212.018600463867;0
3175.663;203.68733215332;0
3176.849;239.332061767578;0
3178.037;235.529220581055;0
3179.223;273.521362304688;0
3180.408;243.735397338867;0
3181.592;198.659454345703;0
3182.777;176.637237548828;0
3183.96;273.887725830078;0
3185.143;273.329986572266;0
3186.325;345.71728515625;0
3187.507;314.322174072266;0
3188.688;395.032592773438;0
3189.869;375.402862548828;0
3191.049;402.874725341797;0
3192.228;418.250579833984;0
3193.406;401.044586181641;0
3194.585;439.859893798828;0
3195.763;472.520385742188;0
3196.939;541.630920410156;0
3198.116;475.566986083984;0
3199.292;482.617370605469;0
3200.466;476.681121826172;0
3201.643;491.858856201172;0
3202.816;530.261047363281;0
3203.991;556.215759277344;0
3205.161;588.553100585938;0
3206.334;611.310729980469;0
3207.504;640.835693359375;0
3208.677;713.683227539062;0
3209.846;735.858825683594;0
3211.017;752.916809082031;0
3212.187;703.185180664063;0
3213.356;622.545776367188;0
3214.524;617.314819335938;0
3215.69;622.308044433594;0
3216.859;649.824462890625;0
3218.024;695.331237792969;0
3219.189;782.939392089844;0
3220.354;784.538940429688;0
3221.519;765.79443359375;0
3222.682;650.228332519531;0
3223.845;676.187133789062;0
3225.01;701.445678710938;0
3226.171;834.91015625;0
3227.332;892.250854492188;0
3228.494;916.134582519531;0
3229.655;845.339111328125;0
3230.814;826.304809570312;0
3231.973;823.433715820313;0
3233.13;897.830078125;0
3234.29;839.982604980469;0
3235.447;778.513305664063;0
3236.605;739.289489746094;0
3237.76;817.617980957031;0
3238.916;825.799377441406;0
3240.071;809.750915527344;0
3241.224;814.981384277344;0
3242.381;825.949340820312;0
3243.532;768.613525390625;0
3244.685;732.518310546875;0
3245.839;727.231018066406;0
3246.99;760.707458496094;0
3248.141;763.595947265625;0
3249.292;802.692810058594;0
3250.439;838.312805175781;0
3251.589;763.455627441406;0
3252.739;764.434326171875;0
3253.886;690.645324707031;0
3255.034;661.780334472656;0
3256.18;592.789794921875;0
3257.326;599.929382324219;0
3258.472;686.738159179687;0
3259.617;725.996398925781;0
3260.761;738.235717773437;0
3261.905;757.720397949219;0
3263.048;691.440124511719;0
3264.19;766.89697265625;0
3265.333;705.465881347656;0
3266.475;726.873596191406;0
3267.617;670.497009277344;0
3268.757;752.147583007813;0
3269.896;785.677124023437;0
3271.036;765.539916992188;0
3272.175;670.292846679687;0
3273.313;662.883728027344;0
3274.449;723.015075683594;0
3275.586;798.711059570313;0
3276.722;802.40283203125;0
3277.859;796.834899902344;0
3278.993;821.280334472656;0
3280.13;709.9453125;0
3281.263;655.05712890625;0
3282.395;598.30224609375;0
3283.529;756.371887207031;0
3284.66;807.939880371094;0
3285.794;777.105346679688;0
3286.924;765.503723144531;0
3288.054;774.456298828125;0
3289.185;723.85400390625;0
3290.313;621.911987304688;0
3291.443;570.765930175781;0
3292.571;661.763244628906;0
3293.698;735.666320800781;0
3294.824;782.919006347656;0
3295.952;787.857360839844;0
3297.077;779.478820800781;0
3298.203;706.232604980469;0
3299.328;720.272338867188;0
3300.45;663.383239746094;0
3301.574;661.964538574219;0
3302.698;513.508544921875;0
3303.819;565.058288574219;0
3304.942;539.009948730469;0
3306.064;603.888000488281;0
3307.182;561.000671386719;0
3308.303;556.398742675781;0
3309.423;586.507873535156;0
3310.542;530.7568359375;0
3311.66;516.104614257813;0
3312.778;541.436889648438;0
3313.895;560.483581542969;0
3315.012;534.361572265625;0
3316.128;454.072845458984;0
3317.243;461.634338378906;0
3318.357;486.368286132813;0
3319.471;490.594146728516;0
3320.586;464.880706787109;0
3321.698;499.395812988281;0
3322.813;533.749206542969;0
3323.923;583.404968261719;0
3325.034;619.110534667969;0
3326.146;595.677307128906;0
3327.255;649.128845214844;0
3328.366;592.104614257813;0
3329.474;570.426452636719;0
3330.582;564.257690429688;0
3331.691;599.513610839844;0
3332.797;641.646850585938;0
3333.905;609.321411132813;0
3335.011;486.939758300781;0
3336.116;522.771423339844;0
3337.22;466.362365722656;0
3338.327;573.153076171875;0
3339.429;503.145843505859;0
3340.534;540.157653808594;0
3341.635;530.621154785156;0
3342.737;476.863494873047;0
3343.84;412.428680419922;0
3344.94;386.977447509766;0
3346.041;432.417572021484;0
3347.142;457.308044433594;0
3348.24;412.081665039063;0
3349.337;399.473022460938;0
3350.437;375.667999267578;0
3351.534;368.962585449219;0
3352.633;363.316650390625;0
3353.727;357.389984130859;0
3354.823;368.71484375;0
3355.919;382.756378173828;0
3357.013;460.468200683594;0
3358.108;470.983764648438;0
3359.201;480.3759765625;0
3360.293;458.536193847656;0
3361.385;527.795837402344;0
3362.478;523.27197265625;0
3363.569;597.40869140625;0
3364.661;619.986206054688;0
3365.75;690.817016601563;0
3366.838;570.775268554688;0
3367.929;567.895446777344;0
3369.017;556.710144042969;0
3370.105;636.567993164063;0
3371.193;676.726623535156;0
3372.279;679.216186523438;0
3373.364;736.8828125;0
3374.45;627.352783203125;0
3375.534;620.708312988281;0
3376.62;543.0966796875;0
3377.704;702.494079589844;0
3378.786;682.966796875;0
3379.871;714.316528320313;0
3380.951;606.577453613281;0
3382.034;628.150024414063;0
3383.114;569.474487304688;0
3384.195;617.8486328125;0
3385.276;589.525817871094;0
3386.354;679.948181152344;0
3387.433;611.748962402344;0
3388.511;678.98876953125;0
3389.588;585.277709960938;0
3390.664;643.514099121094;0
3391.742;523.932739257813;0
3392.816;523.542907714844;0
3393.893;478.4404296875;0
3394.968;643.134704589844;0
3396.042;682.121826171875;0
3397.115;707.712158203125;0
3398.189;685.574584960938;0
3399.262;697.26123046875;0
3400.333;691.216491699219;0
3401.404;675.142883300781;0
3402.474;642.486450195313;0
3403.545;675.016418457031;0
3404.615;562.264221191406;0
3405.685;650.610229492188;0
3406.752;568.686767578125;0
3407.82;701.75439453125;0
3408.888;664.318908691406;0
3409.955;698.525817871094;0
3411.021;651.8486328125;0
3412.085;646.730529785156;0
3413.151;607.659423828125;0
3414.215;548.158386230469;0
3415.279;524.745178222656;0
3416.343;564.384033203125;0
3417.406;569.654846191406;0
3418.468;590.357299804688;0
3419.53;567;0
3420.592;567.505615234375;0
3421.652;592.179565429688;0
3422.712;646.951232910156;0
3423.773;641.866577148438;0
3424.83;663.183349609375;0
3425.889;699.272705078125;0
3426.946;729.494018554688;0
3428.005;691.190124511719;0
3429.061;705.798767089844;0
3430.117;759.821228027344;0
3431.172;740.213439941406;0
3432.227;611.139343261719;0
3433.281;583.505493164063;0
3434.335;576.993896484375;0
3435.389;620.863342285156;0
3436.44;568.199096679688;0
3437.492;594.561096191406;0
3438.546;599.733520507813;0
3439.598;672.757751464844;0
3440.646;671.916198730469;0
3441.697;715.95361328125;0
3442.745;696.587219238281;0
3443.793;735.853820800781;0
3444.842;726.352355957031;0
3445.891;710.350402832031;0
3446.937;697.197631835937;0
3447.984;679.395690917969;0
3449.031;698.888610839844;0
3450.075;717.349975585938;0
3451.12;715.404968261719;0
3452.164;712.089477539063;0
3453.207;717.082641601563;0
3454.251;724.352355957031;0
3455.293;737.2294921875;0
3456.336;669.961730957031;0
3457.378;690.051208496094;0
3458.417;639.533386230469;0
3459.458;592.5078125;0
3460.498;569.441955566406;0
3461.539;572.848510742188;0
3462.577;559.672729492188;0
3463.614;519.078552246094;0
3464.651;531.012634277344;0
3465.689;587.007385253906;0
3466.726;558.059936523438;0
3467.763;496.807586669922;0
3468.798;488.195983886719;0
3469.831;481.922821044922;0
3470.866;508.619323730469;0
3471.9;465.118743896484;0
3472.933;456.251770019531;0
3473.966;404.307952880859;0
3474.999;400.891967773438;0
3476.029;436.378997802734;0
3477.061;531.662780761719;0
3478.09;544.349792480469;0
3479.121;515.538879394531;0
3480.15;467.316558837891;0
3481.178;484.256683349609;0
3482.205;526.764770507813;0
3483.234;516.610107421875;0
3484.26;521.651550292969;0
3485.288;516.384399414063;0
3486.313;576.209655761719;0
3487.337;574.430358886719;0
3488.364;594.724975585937;0
3489.387;564.447875976563;0
3490.411;582.457824707031;0
3491.434;584.045043945313;0
3492.456;559.855041503906;0
3493.479;465.286285400391;0
3494.5;361.686492919922;0
3495.521;227.878936767578;0
3496.543;166.380264282227;0
3497.561;170.032363891601;0
3498.579;122.31470489502;0
3499.6;61.3531455993651;0
3500.618;-68.8483276367188;0
3501.636;-56.8940849304199;0
3502.653;-45.0015335083008;0
3503.669;-75.7054138183594;0
3504.685;-87.6516723632813;0
3505.699;-30.2372722625732;0
3506.716;14.1851234436035;0
3507.729;-21.566743850708;0
3508.743;-71.4959487915039;0
3509.755;-73.9652786254883;0
