98.64605;0;0
101.2353;0;0
103.8217;0;0
106.4096;38.0740737915037;0
108.9945;17.8888893127441;0
111.5767;-22.9365081787109;0
114.1602;-60.4938278198242;0
116.7409;-20.929292678833;0
119.3209;23.6410255432129;0
121.9002;2.26666665077209;0
124.4788;0.849673211574554;0
127.0566;-18.5497074127197;0
129.6317;-12.2328042984009;0
132.2038;-9.59903335571289;0
134.7796;46.2044448852539;0
137.3503;71.9629592895508;0
139.9204;85.5593872070313;0
142.4919;155.222229003906;0
145.0584;249.420867919922;0
147.6242;324.139678955078;0
150.1914;363.069061279297;0
152.7579;362.68374633789;0
155.3216;295.959350585938;0
157.8846;201.493545532226;0
160.4448;186.587661743164;0
163.0085;256.092193603516;0
165.5672;364.022674560547;0
168.1232;388.080596923828;0
170.6826;463.184478759766;0
173.2372;521.133361816406;0
175.7931;568.633544921875;0
178.3463;593.397155761719;0
180.8966;587.083557128906;0
183.4504;638.626403808594;0
185.9993;667.371215820313;0
188.5476;694.103454589844;0
191.0972;727.69775390625;0
193.644;681.333618164063;0
196.1859;711.743347167969;0
198.7335;653.712280273437;0
201.2761;695.549499511719;0
203.8201;623.675537109375;0
206.3593;617.536926269531;0
208.8998;607.565734863281;0
211.4397;674.803100585938;0
213.9746;742.850891113281;0
216.5109;839.007080078125;0
219.0487;887.513244628906;0
221.5816;939.070007324219;0
224.1158;891.532836914063;0
226.6473;910.953796386719;0
229.176;939.282592773438;0
231.7082;992.111206054688;0
234.2355;1035.54943847656;0
236.7643;946.768676757813;0
239.2902;979.211181640625;0
241.8133;934.626342773437;0
244.3379;993.318115234375;0
246.8618;901.031799316406;0
249.3828;861.527099609375;0
251.9053;809.560119628906;0
254.423;874.838195800781;0
256.942;910.45556640625;0
259.4603;923.802185058594;0
261.9759;914.343811035156;0
264.4887;940.398315429688;0
267.005;999.22412109375;0
269.5164;1002.12969970703;0
272.0292;1051.01257324219;0
274.5393;1078.00610351563;0
277.0466;1061.63146972656;0
279.5574;1019.43206787109;0
282.0654;1005.04827880859;0
284.5686;1040.20532226563;0
287.0752;1067.96887207031;0
289.5791;1032.24731445312;0
292.0803;1008.08746337891;0
294.5828;964.876403808594;0
297.0826;987.848083496094;0
299.5838;984.584655761719;0
302.0801;914.1103515625;0
304.5758;895.306762695313;0
307.0749;860.077758789063;0
309.5672;865.27734375;0
312.0608;813.488952636719;0
314.5558;763.473449707031;0
317.044;797.985046386719;0
319.5377;748.673645019531;0
322.0266;792.250732421875;0
324.5127;765.317077636719;0
327.0023;872.952026367188;0
329.4871;906.206176757813;0
331.9691;916.285034179688;0
334.4547;862.171569824219;0
336.9353;898.176330566406;0
339.4174;976.572143554688;0
341.901;970.79248046875;0
344.3776;1022.79583740234;0
346.8577;1035.99377441406;0
349.333;1075.50280761719;0
351.8076;989.592956542969;0
354.2857;968.517272949219;0
356.7569;981.916931152344;0
359.2296;942.363159179688;0
361.7015;910.311584472656;0
364.1729;909.653076171875;0
366.6414;876.674682617188;0
369.1093;861.606140136719;0
371.5745;822.143859863281;0
374.0432;853.825622558594;0
376.507;802.935791015625;0
378.9702;814.348815917969;0
381.4348;814.555969238281;0
383.8947;886.096740722656;0
386.3538;907.810363769531;0
388.8144;935.441833496094;0
391.2722;935.226989746094;0
393.7314;921.291870117188;0
396.1859;976.385803222656;0
398.6418;1084.46960449219;0
401.0949;1158.52355957031;0
403.5475;1153.91027832031;0
405.9972;1087.72790527344;0
408.4505;1167.83520507813;0
410.899;1154.44018554688;0
413.3468;1203.12817382813;0
415.796;1113.83605957031;0
418.2405;1136.44995117188;0
420.6884;1086.84704589844;0
423.1295;1153.23303222656;0
425.572;1181.03625488281;0
428.0159;1167.99621582031;0
430.455;1041.32263183594;0
432.8956;938.952453613281;0
435.3335;967.109191894531;0
437.7707;996.590148925781;0
440.2093;980.740051269531;0
442.6432;923.794128417969;0
445.0764;818.762939453125;0
447.511;801.987915039063;0
449.9429;749.49658203125;0
452.3721;778.785339355469;0
454.8048;786.953491210938;0
457.2328;869.987609863281;0
459.66;925.664184570313;0
462.0847;972.813903808594;0
464.5127;963.94140625;0
466.9381;948.533020019531;0
469.3587;1002.62414550781;0
471.7807;1025.18896484375;0
474.2042;1111.50439453125;0
476.6229;1123.36437988281;0
479.041;1141.00036621094;0
481.4604;1114.25622558594;0
483.8752;1139.77880859375;0
486.2934;1098.50769042969;0
488.7068;1085.271484375;0
491.1197;1034.75170898438;0
493.5339;985.394348144531;0
495.9435;944.47705078125;0
498.3544;911.323547363281;0
500.7667;915.759765625;0
503.1723;916.686096191406;0
505.5793;887.269714355469;0
507.9856;870.968444824219;0
510.3913;802.32666015625;0
512.7944;778.55419921875;0
515.1968;781.278747558594;0
517.5986;750.888427734375;0
519.9997;721.610046386719;0
522.3982;691.339599609375;0
524.798;702.302856445313;0
527.1973;708.375122070313;0
529.5919;735.9482421875;0
531.9899;799.722290039063;0
534.3832;762.399597167969;0
536.7758;751.375549316406;0
539.1699;778.031799316406;0
541.5593;789.559326171875;0
543.9481;816.152404785156;0
546.3382;814.315795898438;0
548.7257;865.153991699219;0
551.1146;920.564270019531;0
553.4968;940.704711914062;0
555.8824;963.158813476562;0
558.2675;921.188171386719;0
560.6478;835.298889160156;0
563.0295;799.427978515625;0
565.4106;744.350036621094;0
567.7911;789.445007324219;0
570.169;785.240417480469;0
572.5462;810.374450683594;0
574.9229;885.852844238281;0
577.2968;903.124084472656;0
579.6721;844.740966796875;0
582.0449;722.149780273438;0
584.417;668.021545410156;0
586.7885;692.092590332031;0
589.1553;732.297546386719;0
591.5255;681.969909667969;0
593.8931;660.163391113281;0
596.2601;570.1435546875;0
598.6265;583.617736816406;0
600.9902;612.741333007813;0
603.3554;522.108215332031;0
605.7179;606.637084960938;0
608.0778;588.469421386719;0
610.4391;701.863037109375;0
612.7977;687.741638183594;0
615.1558;709.680541992188;0
617.5132;756.256225585938;0
619.8701;694.938659667969;0
622.2263;733.581420898438;0
624.5779;769.475158691406;0
626.9308;965.92529296875;0
629.2852;1037.86767578125;0
631.6349;1137.50085449219;0
633.9841;1121.80114746094;0
636.3326;1107.86267089844;0
638.6805;1089.38916015625;0
641.0279;1091.27404785156;0
643.3746;1109.58081054688;0
645.7187;1146.36950683594;0
648.0621;1107.82592773438;0
650.405;1051.05981445313;0
652.7453;995.677917480469;0
655.087;1074.80151367188;0
657.426;1132.81103515625;0
659.7645;1109.59436035156;0
662.1024;1025.26806640625;0
664.4376;924.406188964844;0
666.7742;920.522216796875;0
669.1063;845.025512695313;0
671.4398;891.623779296875;0
673.7726;901.134704589844;0
676.1048;899.699401855469;0
678.4324;914.064453125;0
680.7635;909.58984375;0
683.0919;953.158142089844;0
685.4158;852.429260253906;0
687.743;833.2236328125;0
690.0696;871.996520996094;0
692.3937;984.048645019531;0
694.7151;1012.74786376953;0
697.038;1040.67028808594;0
699.3583;982.739501953125;0
701.6779;975.869934082031;0
703.995;963.002014160156;0
706.3155;994.524108886719;0
708.6294;981.169555664063;0
710.9467;933.743469238281;0
713.2594;888.682678222656;0
715.5735;862.072387695313;0
717.887;948.1708984375;0
720.1979;1020.63806152344;0
722.5083;1133.54736328125;0
724.818;1040.96520996094;0
727.1252;955.844299316406;0
729.4357;899.963684082031;0
731.7418;885.734802246094;0
734.0452;969.0322265625;0
736.35;950.160888671875;0
738.6522;988.078002929688;0
740.9539;985.006591796875;0
743.2569;961.886779785156;0
745.5554;974.628356933594;0
747.8553;912.117126464844;0
750.1545;879.823974609375;0
752.4513;831.825134277344;0
754.7474;792.137573242188;0
757.043;760.674560546875;0
759.336;768.09033203125;0
761.6304;815.140747070313;0
763.9222;750.090393066406;0
766.2114;608.781311035156;0
768.5041;512.569946289063;0
770.7922;526.3857421875;0
773.0777;599.073852539063;0
775.3647;689.108520507813;0
777.651;793.126403808594;0
779.9368;699.675170898438;0
782.22;699.397094726563;0
784.5026;668.789245605469;0
786.7847;708.740661621094;0
789.0662;615.253173828125;0
791.3451;599.4619140625;0
793.6254;707.5419921875;0
795.9012;799.619079589844;0
798.1784;843.4306640625;0
800.455;879.367980957031;0
802.7291;937.568542480469;0
805.0026;982.033264160156;0
807.2755;1040.29028320313;0
809.5478;1049.00317382813;0
811.8176;1052.12170410156;0
814.0869;1047.39282226563;0
816.3535;1095.4833984375;0
818.6235;1156.89855957031;0
820.8911;1103.18432617188;0
823.156;995.082214355469;0
825.4204;946.193481445313;0
827.6823;1042.31555175781;0
829.9474;1074.50891113281;0
832.2082;1106.52966308594;0
834.4683;1123.576171875;0
836.7279;1177.87060546875;0
838.9869;1122.72692871094;0
841.2453;1066.15551757813;0
843.5012;1102.26318359375;0
845.7565;1108.126953125;0
848.0133;1107.3017578125;0
850.2655;1122.80480957031;0
852.5153;1117.93188476563;0
854.7703;1168.24353027344;0
857.0189;1055.556640625;0
859.2668;1034.73706054688;0
861.5182;959.008605957031;0
863.7651;1061.59228515625;0
866.0114;987.965515136719;0
868.2592;889.254638671875;0
870.5024;749.418701171875;0
872.7451;765.530517578125;0
874.9872;810.067077636719;0
877.2307;783.477233886719;0
879.4717;737.873901367188;0
881.7101;657.039001464844;0
883.95;654.758850097656;0
886.1854;690.485534667969;0
888.4202;681.923828125;0
890.6604;659.416198730469;0
892.8941;689.955200195313;0
895.1253;739.605041503906;0
897.3599;776.526672363281;0
899.59;740.237915039063;0
901.8195;738.388122558594;0
904.0504;788.517395019531;0
906.2789;869.204406738281;0
908.5087;929.52099609375;0
910.7341;913.366333007813;0
912.9589;875.443664550781;0
915.1851;818.771179199219;0
917.4088;962.817199707031;0
919.63;1015.42327880859;0
921.8526;1028.25708007813;0
924.0727;897.833312988281;0
926.2922;907.2060546875;0
928.5112;973.580139160156;0
930.7277;972.661437988281;0
932.9476;899.054992675781;0
935.163;849.732543945313;0
937.3739;755.916076660156;0
939.5901;699.944946289063;0
941.8019;625.731872558594;0
944.0151;633.006958007813;0
946.2258;538.151916503906;0
948.4341;442.000762939453;0
950.6456;459.158355712891;0
952.8527;423.527526855469;0
955.0593;533.392150878906;0
957.2653;422.917358398438;0
959.4689;524.828491210938;0
961.6738;395.919036865234;0
963.8782;359.635559082031;0
966.0782;316.967803955078;0
968.2815;387.797302246094;0
970.4803;454.321228027344;0
972.6787;450.243408203125;0
974.8784;439.474060058594;0
977.0757;431.467926025391;0
979.2704;424.548767089844;0
981.4667;462.344207763672;0
983.6603;512.63720703125;0
985.8535;576.968872070313;0
988.0461;597.042236328125;0
990.2363;596.365051269531;0
992.4297;683.958984375;0
994.6169;773.356689453125;0
996.8035;967.766418457031;0
998.9933;1087.51049804688;0
1001.179;1073.71215820313;0
1003.364;990.518310546875;0
1005.55;867.451171875;0
1007.732;1042.32312011719;0
1009.916;1091.30139160156;0
1012.096;1249.87841796875;0
1014.275;1102.78100585938;0
1016.459;1153.84753417969;0
1018.636;1072.0791015625;0
1020.813;1149.6767578125;0
1022.991;1135.77038574219;0
1025.165;1156.74145507813;0
1027.34;1084.54028320313;0
1029.515;1040.53796386719;0
1031.687;932.530700683594;0
1033.859;989.783996582031;0
1036.03;971.65185546875;0
1038.199;988.215087890625;0
1040.369;967.203186035156;0
1042.536;1013.50836181641;0
1044.704;1028.79797363281;0
1046.87;1033.138671875;0
1049.034;925.3515625;0
1051.198;879.322387695313;0
1053.363;769.944580078125;0
1055.526;749.274169921875;0
1057.686;767.202270507813;0
1059.845;847.185485839844;0
1062.005;787.609313964844;0
1064.165;712.697937011719;0
1066.323;688.081726074219;0
1068.477;766.988464355469;0
1070.634;888.498718261719;0
1072.788;856.569641113281;0
1074.942;863.432678222656;0
1077.096;893.111572265625;0
1079.247;934.205261230469;0
1081.397;911.641845703125;0
1083.547;868.359497070313;0
1085.695;853.055480957031;0
1087.844;866.923950195313;0
1089.992;866.30859375;0
1092.138;918.976440429688;0
1094.284;1023.42303466797;0
1096.425;1065.75573730469;0
1098.571;1016.96893310547;0
1100.711;917.026245117188;0
1102.851;900.397827148438;0
1104.994;1050.90197753906;0
1107.132;1056.00183105469;0
1109.271;1059.05395507813;0
1111.408;991.524230957031;0
1113.543;1025.67797851563;0
1115.682;1066.2265625;0
1117.816;972.886291503906;0
1119.947;1003.19104003906;0
1122.08;880.4970703125;0
1124.213;899.192138671875;0
1126.343;963.028991699219;0
1128.474;995.660034179688;0
1130.602;917.638061523438;0
1132.728;833.961303710938;0
1134.856;859.691040039063;0
1136.982;837.400634765625;0
1139.109;848.211181640625;0
1141.234;836.466918945313;0
1143.356;949.853637695313;0
1145.479;897.816223144531;0
1147.599;905.258361816406;0
1149.719;883.282592773438;0
1151.839;836.445861816406;0
1153.957;779.74609375;0
1156.076;688.961669921875;0
1158.191;641.7607421875;0
1160.305;663.474609375;0
1162.423;721.144836425781;0
1164.536;832.092163085938;0
1166.647;822.029052734375;0
1168.761;886.53955078125;0
1170.871;899.04150390625;0
1172.983;859.683410644531;0
1175.092;923.01513671875;0
1177.2;1031.97351074219;0
1179.306;1155.06384277344;0
1181.413;1107.35363769531;0
1183.518;998.062072753906;0
1185.623;994.397033691406;0
1187.725;919.972961425781;0
1189.826;940.570739746094;0
1191.929;946.895202636719;0
1194.032;1043.20251464844;0
1196.13;997.686767578125;0
1198.23;999.345642089844;0
1200.327;997.642456054688;0
1202.423;1069.15380859375;0
1204.52;1124.1376953125;0
1206.613;1091.341796875;0
1208.71;1098.98840332031;0
1210.801;1030.10375976563;0
1212.892;1049.34167480469;0
1214.987;988.058654785156;0
1217.075;1028.23217773438;0
1219.166;1044.79699707031;0
1221.256;1108.44934082031;0
1223.342;1169.25024414063;0
1225.43;1124.1494140625;0
1227.515;1099.95251464844;0
1229.597;1024.75500488281;0
1231.685;999.4189453125;0
1233.767;986.089172363281;0
1235.85;975.827331542969;0
1237.931;1085.18298339844;0
1240.009;1095.98205566406;0
1242.09;1024.45080566406;0
1244.168;905.482238769531;0
1246.245;891.630737304688;0
1248.321;963.763061523438;0
1250.397;1017.12786865234;0
1252.472;998.173706054688;0
1254.547;889.903015136719;0
1256.618;804.547424316406;0
1258.69;793.868774414063;0
1260.761;878.200256347656;0
1262.83;898.472229003906;0
1264.901;908.578247070313;0
1266.969;891.001037597656;0
1269.035;896.9208984375;0
1271.102;964.650329589844;0
1273.167;879.0751953125;0
1275.233;871.527587890625;0
1277.295;773.231384277344;0
1279.359;828.213439941406;0
1281.42;777.886413574219;0
1283.482;851.778930664063;0
1285.542;869.784362792969;0
1287.6;911.439575195313;0
1289.659;864.707458496094;0
1291.714;885.043884277344;0
1293.774;959.787109375;0
1295.828;967.577575683594;0
1297.881;1037.12341308594;0
1299.936;1025.7392578125;0
1301.987;1121.56018066406;0
1304.041;1110.59533691406;0
1306.09;1130.03210449219;0
1308.139;1140.21520996094;0
1310.19;1150.09765625;0
1312.238;1269.23010253906;0
1314.286;1171.72302246094;0
1316.331;1046.54284667969;0
1318.376;983.637451171875;0
1320.422;1021.41833496094;0
1322.466;1107.82946777344;0
1324.508;1103.60766601563;0
1326.549;1119.24816894531;0
1328.59;1143.28283691406;0
1330.632;1064.04565429688;0
1332.67;1047.76086425781;0
1334.707;982.912963867188;0
1336.746;978.803527832031;0
1338.78;951.693664550781;0
1340.816;951.152221679688;0
1342.852;897.470703125;0
1344.885;870.254821777344;0
1346.916;859.887023925781;0
1348.948;861.1513671875;0
1350.979;824.604125976563;0
1353.011;786.930725097656;0
1355.04;721.119873046875;0
1357.066;708.197570800781;0
1359.094;678.474731445313;0
1361.121;689.376037597656;0
1363.145;740.230773925781;0
1365.171;653.145751953125;0
1367.192;605.457397460938;0
1369.216;458.926940917969;0
1371.239;510.616485595703;0
1373.258;578.603637695313;0
1375.28;627.532470703125;0
1377.298;582.953002929688;0
1379.316;476.777252197266;0
1381.335;464.419403076172;0
1383.35;503.897827148438;0
1385.366;574.353332519531;0
1387.38;555.827331542969;0
1389.394;477.764617919922;0
1391.409;483.963134765625;0
1393.42;516.639343261719;0
1395.43;530.990661621094;0
1397.44;468.932983398438;0
1399.451;484.865417480469;0
1401.458;476.260620117188;0
1403.466;401.212707519531;0
1405.472;358.141510009766;0
1407.478;371.860260009766;0
1409.483;516.830505371094;0
1411.486;544.681213378906;0
1413.49;525.320556640625;0
1415.492;438.630859375;0
1417.492;385.140686035156;0
1419.495;560.045532226563;0
1421.494;646.951049804688;0
1423.492;715.319274902344;0
1425.49;673.701721191406;0
1427.487;827.63232421875;0
1429.482;889.160034179688;0
1431.477;881.538391113281;0
1433.471;884.124328613281;0
1435.466;950.477294921875;0
1437.456;938.815002441406;0
1439.447;955.025085449219;0
1441.441;918.175720214844;0
1443.427;984.901123046875;0
1445.417;896.900817871094;0
1447.406;884.010986328125;0
1449.392;999.44189453125;0
1451.381;956.478820800781;0
1453.365;964.738220214844;0
1455.348;946.157409667969;0
1457.333;1034.51098632813;0
1459.314;1064.24670410156;0
1461.296;1004.14361572266;0
1463.276;947.312805175781;0
1465.256;842.975952148438;0
1467.237;801.681884765625;0
1469.215;831.095886230469;0
1471.19;833.662780761719;0
1473.167;902.494445800781;0
1475.145;886.479370117188;0
1477.118;915.173156738281;0
1479.092;875.686950683594;0
1481.065;848.020690917969;0
1483.038;897.174926757813;0
1485.008;823.483154296875;0
1486.979;854.165649414063;0
1488.949;724.946594238281;0
1490.917;692.637268066406;0
1492.883;625.704711914063;0
1494.852;620.258666992188;0
1496.817;597.861938476563;0
1498.782;610.578735351563;0
1500.748;659.849731445313;0
1502.708;671.111450195313;0
1504.673;589.421264648438;0
1506.634;464.556884765625;0
1508.594;416.850433349609;0
1510.554;410.005737304688;0
1512.512;420.125335693359;0
1514.471;513.011413574219;0
1516.428;485.634094238281;0
1518.384;639.573852539063;0
1520.34;540.924438476563;0
1522.294;665.79931640625;0
1524.249;628.525451660156;0
1526.202;761.656799316406;0
1528.153;666.418273925781;0
1530.103;697.147338867188;0
1532.054;565.289184570313;0
1534.004;622.394897460938;0
1535.951;655.023071289063;0
1537.899;740.038208007813;0
1539.847;625.296569824219;0
1541.793;530.062622070313;0
1543.738;478.681976318359;0
1545.681;557.819396972656;0
1547.625;447.110595703125;0
1549.566;445.861328125;0
1551.509;415.951110839844;0
1553.45;460.052886962891;0
1555.389;445.026214599609;0
1557.33;401.829833984375;0
1559.266;405.826995849609;0
1561.204;442.429229736328;0
1563.141;495.800354003906;0
1565.074;533.396118164063;0
1567.009;408.596374511719;0
1568.943;370.894439697266;0
1570.877;285.683288574219;0
1572.808;292.405731201172;0
1574.741;255.280609130859;0
1576.67;328.640014648438;0
1578.6;424.706207275391;0
1580.528;520.145812988281;0
1582.455;448.625549316406;0
1584.382;452.256378173828;0
1586.307;336.260009765625;0
1588.234;334.191375732422;0
1590.157;286.493408203125;0
1592.081;330.832763671875;0
1594.002;381.987182617188;0
1595.927;245.512283325195;0
1597.845;194.518630981445;0
1599.767;146.115463256836;0
1601.685;247.174530029297;0
1603.602;239.495193481445;0
1605.523;189.633010864258;0
1607.438;271.928314208984;0
1609.354;398.423553466797;0
1611.269;508.405883789063;0
1613.181;322.097930908203;0
1615.096;319.49951171875;0
1617.008;248.725082397461;0
1618.92;463.401947021484;0
1620.83;496.902954101563;0
1622.74;508.563354492188;0
1624.649;368.463439941406;0
1626.557;273.0810546875;0
1628.464;323.974334716797;0
1630.37;448.494598388672;0
1632.275;503.485595703125;0
1634.18;528.634094238281;0
1636.085;417.489105224609;0
1637.988;411.923797607422;0
1639.888;470.390350341797;0
1641.791;505.886047363281;0
1643.691;493.757690429688;0
1645.588;458.780517578125;0
1647.489;567.890930175781;0
1649.387;567.261901855469;0
1651.284;637.561767578125;0
1653.18;555.56640625;0
1655.075;668.17041015625;0
1656.972;738.154296875;0
1658.864;832.518493652344;0
1660.754;866.152221679688;0
1662.65;804.5029296875;0
1664.539;800.348754882813;0
1666.428;708.355224609375;0
1668.32;651.633361816406;0
1670.207;644.517211914063;0
1672.096;665.117858886719;0
1673.982;741.65771484375;0
1675.867;651.363098144531;0
1677.754;664.678527832031;0
1679.638;637.715209960938;0
1681.52;732.806579589844;0
1683.403;623.952575683594;0
1685.285;565.708801269531;0
1687.166;452.964080810547;0
1689.048;552.162902832031;0
1690.924;409.305267333984;0
1692.804;493.613372802734;0
1694.682;490.642822265625;0
1696.558;511.838012695313;0
1698.435;487.754516601563;0
1700.308;337.059020996094;0
1702.184;362.640350341797;0
1704.057;304.054138183594;0
1705.929;317.078125;0
1707.801;343.712310791016;0
1709.674;374.067810058594;0
1711.542;316.811279296875;0
1713.412;253.959869384766;0
1715.28;185.825332641602;0
1717.145;264.852111816406;0
1719.015;252.810989379883;0
1720.88;200.547805786133;0
1722.746;153.210433959961;0
1724.61;250.584182739258;0
1726.471;333.077453613281;0
1728.334;331.93505859375;0
1730.197;235.751205444336;0
1732.057;245.468414306641;0
1733.919;271.206604003906;0
1735.777;332.640319824219;0
1737.634;276.105712890625;0
1739.493;306.771240234375;0
1741.349;251.895950317383;0
1743.205;230.056045532227;0
1745.061;235.778961181641;0
1746.915;276.87158203125;0
1748.77;337.800933837891;0
1750.621;342.871032714844;0
1752.473;367.322906494141;0
1754.323;284.696899414063;0
1756.173;271.547576904297;0
1758.022;236.382339477539;0
1759.87;342.468170166016;0
1761.718;351.469512939453;0
1763.566;392.941925048828;0
1765.411;328.990295410156;0
1767.256;306.960998535156;0
1769.101;348.615417480469;0
1770.945;366.397277832031;0
1772.787;455.303375244141;0
1774.629;399.111267089844;0
1776.469;442.931396484375;0
1778.309;578.541564941406;0
1780.15;688.718872070313;0
1781.987;706.130065917969;0
1783.826;496.997100830078;0
1785.662;460.760314941406;0
1787.498;512.08642578125;0
1789.334;583.975158691406;0
1791.169;661.759887695313;0
1793.002;728.329528808594;0
1794.834;763.128479003906;0
1796.667;685.490051269531;0
1798.498;613.192077636719;0
1800.328;575.456787109375;0
1802.157;548.061889648438;0
1803.986;537.451904296875;0
1805.813;502.404571533203;0
1807.639;575.808776855469;0
1809.467;631.553405761719;0
1811.292;639.52734375;0
1813.117;561.06396484375;0
1814.94;554.052124023438;0
1816.763;594.269592285156;0
1818.585;614.938659667969;0
1820.407;563.283935546875;0
1822.227;608.194274902344;0
1824.048;503.986206054688;0
1825.865;467.152557373047;0
1827.683;266.672515869141;0
1829.501;300.428314208984;0
1831.317;267.647521972656;0
1833.135;326.542694091797;0
1834.948;221.148620605469;0
1836.761;199.223052978516;0
1838.577;124.321571350098;0
1840.388;263.462036132813;0
1842.198;174.855987548828;0
1844.009;242.828262329102;0
1845.819;162.26708984375;0
1847.629;280.510498046875;0
1849.436;170.551681518555;0
1851.244;238.168441772461;0
1853.052;213.832260131836;0
1854.858;235.513122558594;0
1856.661;123.766799926758;0
1858.466;152.391372680664;0
1860.269;219.033096313477;0
1862.073;255.24755859375;0
1863.875;259.590576171875;0
1865.673;230.173278808594;0
1867.476;277.884521484375;0
1869.275;177.057662963867;0
1871.072;181.359344482422;0
1872.872;119.011825561523;0
1874.667;186.443511962891;0
1876.464;244.114868164063;0
1878.26;339.803680419922;0
1880.053;321.732147216797;0
1881.849;309.233612060547;0
1883.64;245.64143371582;0
1885.431;265.177795410156;0
1887.226;337.620513916016;0
1889.014;360.191772460938;0
1890.803;354.447143554688;0
1892.594;333.498809814453;0
1894.38;500.348388671875;0
1896.167;495.329223632813;0
1897.955;480.552459716797;0
1899.74;422.240295410156;0
1901.526;410.9541015625;0
1903.309;407.805877685547;0
1905.091;330.462280273438;0
1906.876;357.812133789063;0
1908.658;205.411087036133;0
1910.438;220.814636230469;0
1912.217;195.356140136719;0
1913.996;328.813354492188;0
1915.775;317.852966308594;0
1917.553;340.031372070313;0
1919.33;234.127777099609;0
1921.106;235.809341430664;0
1922.881;254.631652832031;0
1924.655;395.483581542969;0
1926.431;327.473754882813;0
1928.202;125.379981994629;0
1929.974;-20.6680469512939;0
1931.746;-47.3855018615723;0
1933.516;97.2353210449219;0
1935.286;186.394989013672;0
1937.055;315.027587890625;0
1938.823;358.579162597656;0
1940.592;390.827484130859;0
1942.356;253.43669128418;0
1944.122;228.96337890625;0
1945.888;156.189544677734;0
1947.651;196.262100219727;0
1949.416;198.145263671875;0
1951.178;192.217803955078;0
1952.939;232.317672729492;0
1954.699;271.941070556641;0
1956.459;384.036407470703;0
1958.219;430.727905273438;0
1959.979;565.6689453125;0
1961.735;577.747619628906;0
1963.491;535.741088867188;0
1965.249;337.094390869141;0
1967.003;404.587341308594;0
1968.761;381.775177001953;0
1970.512;481.551361083984;0
1972.265;478.915893554688;0
1974.018;532.425170898438;0
1975.769;492.412475585938;0
1977.522;408.991363525391;0
1979.271;300.939575195313;0
1981.018;252.480758666992;0
1982.766;208.059310913086;0
1984.516;253.786376953125;0
1986.261;326.217498779297;0
1988.009;296.686004638672;0
1989.754;292.860137939453;0
1991.498;216.742477416992;0
1993.241;244.893081665039;0
1994.984;285.089721679688;0
1996.727;292.109130859375;0
1998.468;334.282989501953;0
2000.206;356.722412109375;0
2001.946;412.76220703125;0
2003.686;430.180145263672;0
2005.424;409.307006835938;0
2007.161;482.697448730469;0
2008.898;525.575500488281;0
2010.634;611.71923828125;0
2012.369;512.351989746094;0
2014.103;503.141143798828;0
2015.836;415.643035888672;0
2017.57;563.858337402344;0
2019.299;554.120361328125;0
2021.032;524.318603515625;0
2022.762;391.118316650391;0
2024.491;467.519012451172;0
2026.221;516.187316894531;0
2027.947;569.345520019531;0
2029.676;499.993591308594;0
2031.403;554.01904296875;0
2033.128;509.081512451172;0
2034.852;488.847381591797;0
2036.577;446.334686279297;0
2038.299;458.906707763672;0
2040.022;444.073760986328;0
2041.744;330.390655517578;0
2043.465;287.302276611328;0
2045.184;226.032485961914;0
2046.903;310.24755859375;0
2048.621;299.832885742188;0
2050.339;244.531188964844;0
2052.057;144.378967285156;0
2053.774;159.440444946289;0
2055.488;105.540214538574;0
2057.203;130.293914794922;0
2058.917;83.7540664672852;0
2060.631;139.177520751953;0
2062.344;122.642196655273;0
2064.053;192.560928344727;0
2065.765;213.522018432617;0
2067.476;331.525451660156;0
2069.185;285.126251220703;0
2070.892;365.769592285156;0
2072.6;402.118316650391;0
2074.308;483.173156738281;0
2076.014;419.045043945313;0
2077.72;314.401428222656;0
2079.425;336.462860107422;0
2081.13;339.563385009766;0
2082.833;359.034942626953;0
2084.532;276.210876464844;0
2086.236;251.536514282227;0
2087.936;240.235824584961;0
2089.635;288.197692871094;0
2091.335;360.198364257813;0
2093.034;395.457397460938;0
2094.731;254.218124389648;0
2096.427;243.618011474609;0
2098.124;201.387496948242;0
2099.82;389.526580810547;0
2101.515;481.146362304688;0
2103.207;548.273620605469;0
2104.902;630.408325195313;0
2106.594;639.796813964844;0
2108.286;735.662719726563;0
2109.976;724.230163574219;0
2111.667;763.943359375;0
2113.355;775.912353515625;0
2115.044;818.580871582031;0
2116.732;814.392578125;0
2118.42;767.101989746094;0
2120.105;761.726928710938;0
2121.79;833.724670410156;0
2123.476;942.196838378906;0
2125.16;900.365600585938;0
2126.844;851.453186035156;0
2128.524;843.794372558594;0
2130.207;901.552124023438;0
2131.888;891.564880371094;0
2133.567;836.060180664063;0
2135.247;808.15478515625;0
2136.927;867.180236816406;0
2138.603;856.489379882813;0
2140.281;839.843933105469;0
2141.957;810.576538085938;0
2143.633;790.804138183594;0
2145.308;778.500610351563;0
2146.981;698.351684570313;0
2148.654;825.246337890625;0
2150.328;779.418518066406;0
2152;851.374755859375;0
2153.669;738.927001953125;0
2155.34;837.630187988281;0
2157.01;1004.81683349609;0
2158.677;969.262817382813;0
2160.347;927.532470703125;0
2162.013;687.06005859375;0
2163.681;770.87890625;0
2165.347;730.193359375;0
2167.011;734.211486816406;0
2168.674;612.213500976563;0
2170.337;605.694946289063;0
2172.002;605.743591308594;0
2173.662;663.829467773438;0
2175.324;659.6279296875;0
2176.985;731.24169921875;0
2178.645;675.441284179688;0
2180.304;695.568603515625;0
2181.961;666.291320800781;0
2183.618;792.942810058594;0
2185.275;751.301025390625;0
2186.932;751.499877929688;0
2188.586;751.129272460938;0
2190.242;723.287170410156;0
2191.896;676.153564453125;0
2193.547;646.148620605469;0
2195.2;809.023742675781;0
2196.851;799.048522949219;0
2198.502;726.902648925781;0
2200.153;546.350891113281;0
2201.799;538.233093261719;0
2203.447;649.181945800781;0
2205.097;706.470275878906;0
2206.742;735.876831054688;0
2208.391;671.915466308594;0
2210.035;747.049560546875;0
2211.679;747.279052734375;0
2213.324;765.826232910156;0
2214.966;639.745300292969;0
2216.608;602.506530761719;0
2218.252;619.31201171875;0
2219.89;651.484680175781;0
2221.531;734.142272949219;0
2223.172;722.397338867188;0
2224.809;739.138793945313;0
2226.449;654.5888671875;0
2228.086;674.922302246094;0
2229.72;738.901550292969;0
2231.358;751.635864257813;0
2232.992;735.684448242188;0
2234.625;697.887390136719;0
2236.26;826.307800292969;0
2237.893;760.100708007813;0
2239.524;737.853515625;0
2241.156;653.589721679688;0
2242.785;673.001403808594;0
2244.416;698.402770996094;0
2246.044;692.793823242188;0
2247.672;688.82958984375;0
2249.301;714.62744140625;0
2250.926;780.203125;0
2252.554;771.807739257813;0
2254.177;790.740051269531;0
2255.803;762.002990722656;0
2257.427;800.874145507813;0
2259.051;843.855773925781;0
2260.671;765.667602539063;0
2262.294;785.631225585938;0
2263.914;679.482543945313;0
2265.533;751.940612792969;0
2267.153;693.509948730469;0
2268.773;726.102661132813;0
2270.392;651.804382324219;0
2272.006;688.716857910156;0
2273.624;650.84912109375;0
2275.239;742.151550292969;0
2276.854;749.281555175781;0
2278.468;812.224365234375;0
2280.084;780.065612792969;0
2281.695;703.737243652344;0
2283.305;650.548095703125;0
2284.919;539.686096191406;0
2286.527;597.302795410156;0
2288.14;635.411987304688;0
2289.748;715.718566894531;0
2291.354;690.406799316406;0
2292.964;597.14453125;0
2294.569;650.807678222656;0
2296.174;544.958923339844;0
2297.782;589.951538085938;0
2299.386;505.775115966797;0
2300.99;542.727355957031;0
2302.594;478.351501464844;0
2304.195;403.975433349609;0
2305.798;503.135620117188;0
2307.399;471.60986328125;0
2308.998;574.175964355469;0
2310.598;475.112060546875;0
2312.197;559.191467285156;0
2313.795;558.526916503906;0
2315.392;662.225769042969;0
2316.988;742.846313476563;0
2318.585;735.0595703125;0
2320.18;801.08203125;0
2321.774;690.35498046875;0
2323.368;650.20751953125;0
2324.961;533.0400390625;0
2326.553;481.310150146484;0
2328.145;536.202941894531;0
2329.735;518.316162109375;0
2331.324;523.072265625;0
2332.916;348.756866455078;0
2334.503;320.425048828125;0
2336.092;376.154449462891;0
2337.677;415.056243896484;0
2339.263;383.820709228516;0
2340.85;406.220550537109;0
2342.434;491.013977050781;0
2344.018;488.265411376953;0
2345.602;335.568511962891;0
2347.185;274.449920654297;0
2348.768;235.499862670898;0
2350.347;335.271179199219;0
2351.928;459.898742675781;0
2353.51;525.423583984375;0
2355.087;463.721954345703;0
2356.665;293.790496826172;0
2358.243;240.818283081055;0
2359.819;300.784210205078;0
2361.396;339.970153808594;0
2362.972;377.312255859375;0
2364.547;431.680297851563;0
2366.121;432.424713134766;0
2367.694;521.173583984375;0
2369.267;488.137481689453;0
2370.839;479.419982910156;0
2372.411;449.864715576172;0
2373.982;471.338684082031;0
2375.55;510.334564208984;0
2377.118;530.759338378906;0
2378.687;492.542663574219;0
2380.254;516.244689941406;0
2381.821;429.823425292969;0
2383.387;450.6845703125;0
2384.954;523.755859375;0
2386.516;610.035400390625;0
2388.082;655.746276855469;0
2389.644;575.737426757813;0
2391.209;499.129577636719;0
2392.769;373.367523193359;0
2394.33;431.985778808594;0
2395.892;578.772338867188;0
2397.449;677.881530761719;0
2399.008;716.426635742188;0
2400.568;681.185607910156;0
2402.125;599.739196777344;0
2403.68;554.477661132813;0
2405.238;560.300598144531;0
2406.792;625.263854980469;0
2408.349;658.2138671875;0
2409.902;570.050720214844;0
2411.455;607.128295898438;0
2413.007;677.30908203125;0
2414.558;799.193359375;0
2416.11;781.5244140625;0
2417.66;654.853637695313;0
2419.21;585.502258300781;0
2420.758;554.943786621094;0
2422.307;569.084655761719;0
2423.855;546.624877929688;0
2425.402;659.954406738281;0
2426.947;632.716796875;0
2428.492;623.206420898438;0
2430.038;573.422546386719;0
2431.58;578.563049316406;0
2433.124;654.632446289063;0
2434.667;577.760986328125;0
2436.208;612.037170410156;0
2437.75;692.483703613281;0
2439.291;783.1005859375;0
2440.83;751.999084472656;0
2442.369;626.624450683594;0
2443.906;626.507873535156;0
2445.444;715.830017089844;0
2446.981;712.659118652344;0
2448.517;686.550903320313;0
2450.053;707.372436523438;0
2451.587;629.699035644531;0
2453.12;689.915710449219;0
2454.655;621.047729492188;0
2456.187;655.300537109375;0
2457.718;588.398864746094;0
2459.25;581.658630371094;0
2460.781;647.036804199219;0
2462.31;589.931640625;0
2463.84;632.889099121094;0
2465.368;595.190856933594;0
2466.896;622.300476074219;0
2468.423;578.9775390625;0
2469.949;563.958129882813;0
2471.474;638.299682617188;0
2472.998;677.961791992188;0
2474.522;664.907836914063;0
2476.045;686.07958984375;0
2477.568;673.922180175781;0
2479.09;668.212463378906;0
2480.612;601.440673828125;0
2482.132;584.81884765625;0
2483.653;621.665222167969;0
2485.171;628.291748046875;0
2486.689;706.364685058594;0
2488.208;796.995483398438;0
2489.725;775.737548828125;0
2491.242;687.924072265625;0
2492.757;698.085266113281;0
2494.271;693.943664550781;0
2495.785;709.490783691406;0
2497.3;690.7841796875;0
2498.812;740.089172363281;0
2500.325;686.615356445313;0
2501.837;588.225402832031;0
2503.345;457.618103027344;0
2504.856;558.861328125;0
2506.366;596.989685058594;0
2507.875;701.784606933594;0
2509.382;613.021423339844;0
2510.889;538.2529296875;0
2512.397;502.466339111328;0
2513.901;409.347045898438;0
2515.406;387.970611572266;0
2516.911;331.273101806641;0
2518.415;365.491058349609;0
2519.918;325.400085449219;0
2521.421;308.110656738281;0
2522.922;276.762542724609;0
2524.423;343.689636230469;0
2525.924;338.669769287109;0
2527.422;324.036315917969;0
2528.923;251.233657836914;0
2530.419;261.261627197266;0
2531.916;146.118133544922;0
2533.415;229.913391113281;0
2534.909;202.979919433594;0
2536.404;280.762756347656;0
2537.899;128.339233398438;0
2539.394;154.955596923828;0
2540.887;194.177185058594;0
2542.38;318.674133300781;0
2543.871;288.311981201172;0
2545.363;289.296936035156;0
2546.852;364.331115722656;0
2548.345;324.471282958984;0
2549.833;297.020294189453;0
2551.321;207.846450805664;0
2552.811;286.539642333984;0
2554.296;352.675811767578;0
2555.78;373.810943603516;0
2557.267;356.610382080078;0
2558.752;244.417251586914;0
2560.237;209.883239746094;0
2561.721;192.453353881836;0
2563.203;323.719787597656;0
2564.687;344.740814208985;0
2566.168;432.183929443359;0
2567.648;437.466400146484;0
2569.129;454.424957275391;0
2570.607;403.054901123047;0
2572.086;445.576293945313;0
2573.565;461.428955078125;0
2575.041;560.524597167969;0
2576.518;516.825988769531;0
2577.994;587.111755371094;0
2579.469;588.937683105469;0
2580.945;637.011474609375;0
2582.418;656.584655761719;0
2583.892;664.586547851563;0
2585.365;744.681457519531;0
2586.835;736.314086914062;0
2588.307;784.485107421875;0
2589.778;711.968872070313;0
2591.248;698.983154296875;0
2592.717;695.638977050781;0
2594.186;729.936401367188;0
2595.652;800.209533691406;0
2597.121;764.685546875;0
2598.585;792.921752929688;0
2600.052;828.359436035156;0
2601.518;778.993103027344;0
2602.982;674.379272460938;0
2604.446;497.073638916016;0
2605.907;543.549011230469;0
2607.371;644.918762207031;0
2608.83;783.294616699219;0
2610.293;826.203491210938;0
2611.752;834.977966308594;0
2613.213;875.173583984375;0
2614.672;906.012756347656;0
2616.13;977.051025390625;0
2617.587;941.733032226563;0
2619.043;1007.94982910156;0
2620.501;984.480041503906;0
2621.957;928.65625;0
2623.409;874.36669921875;0
2624.864;819.573059082031;0
2626.318;872.621643066406;0
2627.771;825.209106445313;0
2629.222;841.553039550781;0
2630.673;867.940490722656;0
2632.124;923.399169921875;0
2633.575;1006.3720703125;0
2635.023;926.129333496094;0
2636.473;831.669677734375;0
2637.922;754.039123535156;0
2639.368;829.546997070313;0
2640.816;848.938598632812;0
2642.261;845.768676757812;0
2643.705;634.260620117188;0
2645.151;603.626770019531;0
2646.596;544.012878417969;0
2648.037;622.972595214844;0
2649.48;609.728881835938;0
2650.923;607.394287109375;0
2652.364;662.078979492188;0
2653.804;681.365905761719;0
2655.243;704.418151855469;0
2656.683;682.686462402344;0
2658.121;690.620910644531;0
2659.559;610.448669433594;0
2660.997;533.257934570313;0
2662.433;541.197265625;0
2663.868;610.376770019531;0
2665.305;634.395324707031;0
2666.737;529.038452148437;0
2668.173;456.157196044922;0
2669.606;490.779663085938;0
2671.038;487.200714111328;0
2672.47;436.75375366211;0
2673.901;380.328857421875;0
2675.331;454.151672363281;0
2676.761;482.784454345703;0
2678.189;440.783630371094;0
2679.619;279.483428955078;0
2681.045;182.217819213867;0
2682.473;191.660171508789;0
2683.9;279.990295410156;0
2685.324;275.12094116211;0
2686.749;272.068817138672;0
2688.176;273.275085449219;0
2689.599;341.849914550781;0
2691.021;349.125701904297;0
2692.444;312.538482666015;0
2693.865;335.859344482422;0
2695.287;298.703125;0
2696.707;319.472930908203;0
2698.125;268.725006103516;0
2699.545;295.459289550781;0
2700.963;276.232360839844;0
2702.381;279.046325683594;0
2703.798;284.793029785156;0
2705.214;386.584838867187;0
2706.629;447.978424072266;0
2708.046;471.078704833984;0
2709.458;420.293792724609;0
2710.872;431.939971923828;0
2712.285;431.737731933594;0
2713.699;372.931671142578;0
2715.111;329.820648193359;0
2716.52;339.5908203125;0
2717.93;356.961669921875;0
2719.342;299.326385498047;0
2720.749;297.390441894531;0
2722.159;302.383087158203;0
2723.565;344.586975097656;0
2724.971;344.560791015625;0
2726.38;407.304473876953;0
2727.785;463.700225830078;0
2729.19;612.748596191406;0
2730.594;654.672668457031;0
2731.997;743.584106445313;0
2733.401;686.035888671875;0
2734.803;632.804382324219;0
2736.204;612.670104980469;0
2737.606;621.413940429688;0
2739.005;628.927429199219;0
2740.405;544.876831054688;0
2741.806;592.372741699219;0
2743.202;608.967834472656;0
2744.602;701.217468261719;0
2745.998;657.677612304687;0
2747.395;644.015014648438;0
2748.79;641.964477539062;0
2750.185;596.144958496094;0
2751.58;618.564514160156;0
2752.975;641.375915527344;0
2754.366;699.729431152344;0
2755.759;799.845825195313;0
2757.151;823.169677734375;0
2758.542;839.282348632813;0
2759.933;861.626342773438;0
2761.322;874.15576171875;0
2762.71;857.306457519531;0
2764.1;779.130310058594;0
2765.486;674.730163574219;0
2766.875;658.851867675781;0
2768.26;692.957946777344;0
2769.646;783.709350585938;0
2771.031;839.329406738281;0
2772.418;797.37451171875;0
2773.799;759.734497070313;0
2775.184;718.973205566406;0
2776.565;736.763977050781;0
2777.946;796.158508300781;0
2779.328;821.642578125;0
2780.708;857.326477050781;0
2782.09;894.210266113281;0
2783.469;940.737243652344;0
2784.847;989.016418457031;0
2786.226;1021.07049560547;0
2787.603;1045.787109375;0
2788.978;924.310729980469;0
2790.355;883.393127441406;0
2791.731;788.027099609375;0
2793.104;887.751770019531;0
2794.479;819.474609375;0
2795.853;778.393493652344;0
2797.225;717.538208007812;0
2798.596;689.302124023437;0
2799.967;700.079528808594;0
2801.341;601.981140136719;0
2802.71;515.55517578125;0
2804.077;437.267700195313;0
2805.447;472.450836181641;0
2806.815;462.102416992188;0
2808.183;386.445556640625;0
2809.551;262.821228027344;0
2810.915;269.67578125;0
2812.282;330.05453491211;0
2813.646;400.336883544922;0
2815.011;429.547424316406;0
2816.375;390.90756225586;0
2817.736;379.525695800781;0
2819.099;309.620971679687;0
2820.462;231.747955322266;0
2821.821;169.685577392578;0
2823.182;187.241241455078;0
2824.542;276.167388916016;0
2825.901;364.464141845703;0
2827.261;424.377410888672;0
2828.617;456.533935546875;0
2829.974;414.376983642578;0
2831.33;374.014587402344;0
2832.686;290.112701416015;0
2834.043;337.782440185547;0
2835.395;333.828186035156;0
2836.75;471.683441162109;0
2838.104;526.403564453125;0
2839.456;542.119018554688;0
2840.807;548.942321777344;0
2842.16;521.696350097656;0
2843.509;592.944152832031;0
2844.858;562.841186523438;0
2846.209;534.9228515625;0
2847.556;444.350616455078;0
2848.906;404.039306640625;0
2850.253;431.202453613281;0
2851.6;430.728912353516;0
2852.946;413.083099365235;0
2854.29;312.578094482422;0
2855.635;253.676681518555;0
2856.98;214.397445678711;0
2858.323;216.676315307617;0
2859.665;228.206619262695;0
2861.008;217.602172851563;0
2862.349;287.322631835938;0
2863.691;363.004455566406;0
2865.031;434.604187011719;0
2866.37;470.518371582031;0
2867.709;388.327301025391;0
2869.048;367.218597412109;0
2870.385;320.740692138672;0
2871.722;412.486785888672;0
2873.059;435.453063964844;0
2874.394;467.3056640625;0
2875.73;455.267211914063;0
2877.064;535.114501953125;0
2878.398;497.068298339844;0
2879.731;513.593017578125;0
2881.063;480.04052734375;0
2882.395;486.069702148438;0
2883.727;519.585815429688;0
2885.059;530.093811035156;0
2886.387;640.703979492188;0
2887.717;669.082092285156;0
2889.046;597.560607910156;0
2890.374;559.137512207031;0
2891.699;515.656433105469;0
2893.028;570.468688964844;0
2894.354;614.3837890625;0
2895.679;658.128234863281;0
2897.004;766.936340332031;0
2898.328;712.937377929688;0
2899.653;735.144714355469;0
2900.976;656.89111328125;0
2902.297;724.314147949219;0
2903.619;644.463623046875;0
2904.941;659.706848144531;0
2906.26;578.552795410156;0
2907.58;583.064392089844;0
2908.898;585.2265625;0
2910.217;648.373779296875;0
2911.536;694.283874511719;0
2912.852;716.151306152344;0
2914.171;741.003540039063;0
2915.485;697.04638671875;0
2916.799;672.446166992188;0
2918.116;585.602294921875;0
2919.428;626.6240234375;0
2920.743;640.733642578125;0
2922.056;692.931213378906;0
2923.367;707.122192382813;0
2924.679;724.104370117188;0
2925.99;764.122009277344;0
2927.299;769.775024414063;0
2928.609;810.507019042969;0
2929.918;812.763610839844;0
2931.226;845.970886230469;0
2932.535;778.259521484375;0
2933.841;770.276977539063;0
2935.149;769.781982421875;0
2936.455;805.394958496094;0
2937.758;782.645141601562;0
2939.064;744.585388183594;0
2940.368;683.533081054687;0
2941.67;631.963256835938;0
2942.973;678.032165527344;0
2944.277;703.319274902344;0
2945.577;723.687072753906;0
2946.878;656.135925292969;0
2948.178;698.481079101563;0
2949.477;750.244995117187;0
2950.776;844.763610839844;0
2952.073;866.037292480469;0
2953.372;806.1787109375;0
2954.669;792.412292480469;0
2955.965;773.183654785156;0
2957.261;778.250854492188;0
2958.556;744.931579589844;0
2959.849;683.123107910156;0
2961.145;753.923156738281;0
2962.436;739.603637695312;0
2963.732;786.720092773437;0
2965.022;792.44140625;0
2966.313;875.213500976563;0
2967.603;844.106140136719;0
2968.893;796.964416503906;0
2970.182;740.434204101563;0
2971.471;676.237731933594;0
2972.759;608.42626953125;0
2974.047;603.723999023438;0
2975.334;679.310668945313;0
2976.62;726.901672363281;0
2977.907;665.498840332031;0
2979.192;651.713073730469;0
2980.475;646.633972167969;0
2981.76;657.062683105469;0
2983.043;585.410095214844;0
2984.326;472.207733154297;0
2985.607;466.80404663086;0
2986.888;501.532104492188;0
2988.17;597.947082519531;0
2989.449;514.520751953125;0
2990.728;448.567077636719;0
2992.007;388.840667724609;0
2993.284;432.046691894531;0
2994.562;456.714263916016;0
2995.84;390.064971923828;0
2997.115;402.986785888672;0
2998.393;369.923278808594;0
2999.666;431.538330078125;0
3000.94;424.831787109375;0
3002.215;398.250030517578;0
3003.486;318.793914794922;0
3004.76;213.646026611328;0
3006.033;267.512237548828;0
3007.303;248.835250854492;0
3008.573;207.61279296875;0
3009.844;200.622344970703;0
3011.114;275.721557617188;0
3012.383;352.26171875;0
3013.649;276.078308105469;0
3014.917;159.125625610352;0
3016.185;137.40153503418;0
3017.451;173.324859619141;0
3018.716;227.679901123047;0
3019.983;195.590805053711;0
3021.246;201.614791870117;0
3022.509;188.860366821289;0
3023.774;211.996566772461;0
3025.035;207.269577026367;0
3026.299;267.296630859375;0
3027.56;296.636535644531;0
3028.819;267.402130126953;0
3030.081;216.482376098633;0
3031.339;168.875503540039;0
3032.598;132.913696289063;0
3033.856;111.768989562988;0
3035.114;191.869842529297;0
3036.372;277.385528564453;0
3037.628;331.204956054688;0
3038.883;316.216979980469;0
3040.138;274.943054199219;0
3041.394;303.271331787109;0
3042.646;297.689117431641;0
3043.9;366.007293701172;0
3045.152;379.587463378906;0
3046.405;390.063690185547;0
3047.657;314.601196289063;0
3048.906;312.574340820313;0
3050.158;303.007568359375;0
3051.407;431.442535400391;0
3052.656;374.336486816406;0
3053.904;371.204711914063;0
3055.153;362.179748535156;0
3056.398;423.297882080078;0
3057.647;479.602600097656;0
3058.892;489.929107666016;0
3060.137;539.412719726562;0
3061.382;518.535522460938;0
3062.625;494.866485595703;0
3063.869;426.060821533203;0
3065.112;352.879241943359;0
3066.353;326.727874755859;0
3067.595;348.749572753906;0
3068.838;472.712432861328;0
3070.075;570.431701660156;0
3071.317;605.161499023437;0
3072.557;556.232055664063;0
3073.795;469.236785888672;0
3075.032;468.555206298828;0
3076.27;466.076080322266;0
3077.507;470.051177978516;0
3078.742;511.86474609375;0
3079.978;590.924621582031;0
3081.212;613.743103027344;0
3082.446;596.197326660156;0
3083.681;500.141723632813;0
3084.913;494.285827636719;0
3086.147;507.6474609375;0
3087.38;577.391540527344;0
3088.61;564.237670898437;0
3089.84;553.547546386719;0
3091.071;535.457824707031;0
3092.3;560.570129394531;0
3093.529;575.979919433594;0
3094.755;610.376159667969;0
3095.984;633.983276367188;0
3097.211;601.9560546875;0
3098.438;546.228637695313;0
3099.663;535.181091308594;0
3100.888;484.921173095703;0
3102.112;479.490509033203;0
3103.335;457.716033935547;0
3104.56;516.712585449219;0
3105.782;609.554504394531;0
3107.005;588.931030273437;0
3108.226;592.936157226562;0
3109.447;459.174926757813;0
3110.667;530.900573730469;0
3111.887;612.974243164063;0
3113.104;709.144958496094;0
3114.324;723.300903320313;0
3115.541;644.219299316406;0
3116.758;630.469116210937;0
3117.976;562.202697753906;0
3119.192;486.230407714844;0
3120.408;495.163116455078;0
3121.622;483.335723876953;0
3122.835;554.967651367188;0
3124.05;517.454040527344;0
3125.262;587.226989746094;0
3126.476;575.106811523438;0
3127.687;566.73291015625;0
3128.897;500.350646972656;0
3130.108;531.63916015625;0
3131.319;540.431274414063;0
3132.528;564.925964355469;0
3133.737;547.531005859375;0
3134.945;579.122863769531;0
3136.152;579.714294433594;0
3137.358;592.062133789062;0
3138.565;632.811157226563;0
3139.772;578.113220214844;0
3140.976;609.11572265625;0
3142.18;542.227783203125;0
3143.385;515.754943847656;0
3144.588;497.590942382813;0
3145.79;520.477478027344;0
3146.993;547.813171386719;0
3148.194;487.934234619141;0
3149.395;432.477600097656;0
3150.596;441.432830810547;0
3151.794;455.351623535156;0
3152.994;458.166351318359;0
3154.193;426.070770263672;0
3155.39;406.005859375;0
3156.587;394.429077148438;0
3157.784;478.970855712891;0
3158.982;382.85302734375;0
3160.177;353.624755859375;0
3161.37;205.482574462891;0
3162.565;258.757843017578;0
3163.759;284.396484375;0
3164.952;345.955474853516;0
3166.146;325.970886230469;0
3167.337;257.888031005859;0
3168.527;277.160400390625;0
3169.719;342.081298828125;0
3170.91;365.317687988281;0
3172.098;304.896057128906;0
3173.288;280.994476318359;0
3174.475;269.975280761719;0
3175.663;263.498901367188;0
3176.849;181.416854858398;0
3178.037;232.754898071289;0
3179.223;216.322296142578;0
3180.408;215.784790039063;0
3181.592;136.329864501953;0
3182.777;155.277160644531;0
3183.96;252.299850463867;0
3185.143;269.286834716797;0
3186.325;324.461059570313;0
3187.507;318.264251708984;0
3188.688;338.138671875;0
3189.869;272.798736572266;0
3191.049;238.352111816406;0
3192.228;261.548400878906;0
3193.406;298.92724609375;0
3194.585;284.264434814453;0
3195.763;296.002319335938;0
3196.939;243.471710205078;0
3198.116;335.455322265625;0
3199.292;355.057922363281;0
3200.466;443.059204101563;0
3201.643;448.505249023438;0
3202.816;511.638275146484;0
3203.991;551.064636230469;0
3205.161;512.447509765625;0
3206.334;467.163635253906;0
3207.504;432.373382568359;0
3208.677;470.964050292969;0
3209.846;552.623718261719;0
3211.017;629.907653808594;0
3212.187;607.701049804688;0
3213.356;549.999084472656;0
3214.524;530.355224609375;0
3215.69;546.434509277344;0
3216.859;521.019775390625;0
3218.024;542.257995605469;0
3219.189;571.927185058594;0
3220.354;641.361572265625;0
3221.519;599.163818359375;0
3222.682;555.231506347656;0
3223.845;496.9541015625;0
3225.01;525.638854980469;0
3226.171;558.713562011719;0
3227.332;610.732971191406;0
3228.494;647.918090820312;0
3229.655;719.155578613281;0
3230.814;731.541381835938;0
3231.973;751.107116699219;0
3233.13;722.656982421875;0
3234.29;750.30126953125;0
3235.447;715.012451171875;0
3236.605;686.101684570312;0
3237.76;616.4052734375;0
3238.916;585.338684082031;0
3240.071;644.727172851563;0
3241.224;674.476684570313;0
3242.381;616.592468261719;0
3243.532;573.320434570313;0
3244.685;595.385131835938;0
3245.839;678.688537597656;0
3246.99;656.524536132813;0
3248.141;586.523803710938;0
3249.292;588.909851074219;0
3250.439;569.100341796875;0
3251.589;612.652893066406;0
3252.739;633.373168945313;0
3253.886;601.874633789063;0
3255.034;571.580383300781;0
3256.18;618.649108886719;0
3257.326;640.304809570313;0
3258.472;664.613891601563;0
3259.617;593.137084960938;0
3260.761;590.087585449219;0
3261.905;550.469604492188;0
3263.048;556.891174316406;0
3264.19;574.355041503906;0
3265.333;563.414672851563;0
3266.475;575.960021972656;0
3267.617;588.439819335938;0
3268.757;657.516906738281;0
3269.896;626.083129882813;0
3271.036;590.404846191406;0
3272.175;586.770202636719;0
3273.313;614.067016601563;0
3274.449;609.928894042969;0
3275.586;579.076416015625;0
3276.722;557.471740722656;0
3277.859;568.971435546875;0
3278.993;547.924438476563;0
3280.13;504.601531982422;0
3281.263;518.669982910156;0
3282.395;529.373046875;0
3283.529;575.910339355469;0
3284.66;661.938781738281;0
3285.794;687.64453125;0
3286.924;673.917907714844;0
3288.054;566.581970214844;0
3289.185;551.788269042969;0
3290.313;529.17236328125;0
3291.443;545.421142578125;0
3292.571;507.296875;0
3293.698;488.112060546875;0
3294.824;492.327117919922;0
3295.952;486.709350585938;0
3297.077;529.926574707031;0
3298.203;537.328796386719;0
3299.328;611.218017578125;0
3300.45;604.312561035156;0
3301.574;486.981536865234;0
3302.698;360.249664306641;0
3303.819;371.472381591797;0
3304.942;478.869232177734;0
3306.064;551.219848632813;0
3307.182;533.255798339844;0
3308.303;479.823944091797;0
3309.423;504.601348876953;0
3310.542;484.734222412109;0
3311.66;484.4638671875;0
3312.778;434.634979248047;0
3313.895;419.949035644531;0
3315.012;435.667266845703;0
3316.128;465.125;0
3317.243;501.216156005859;0
3318.357;481.453491210938;0
3319.471;420.935760498047;0
3320.586;407.658355712891;0
3321.698;489.278564453125;0
3322.813;536.163391113281;0
3323.923;532.427368164063;0
3325.034;532.515563964844;0
3326.146;506.266357421875;0
3327.255;463.383361816406;0
3328.366;397.323120117188;0
3329.474;439.2568359375;0
3330.582;451.738250732422;0
3331.691;476.150939941406;0
3332.797;464.175354003906;0
3333.905;534.111755371094;0
3335.011;492.598663330078;0
3336.116;532.543701171875;0
3337.22;447.809875488281;0
3338.327;502.839080810547;0
3339.429;440.405609130859;0
3340.534;474.162841796875;0
3341.635;464.800842285156;0
3342.737;447.805541992188;0
3343.84;376.410552978516;0
3344.94;364.488830566406;0
3346.041;339.325317382813;0
3347.142;350.812866210938;0
3348.24;286.525085449219;0
3349.337;362.328674316406;0
3350.437;368.498168945313;0
3351.534;378.917510986328;0
3352.633;340.893768310547;0
3353.727;353.490905761719;0
3354.823;375.512878417969;0
3355.919;366.451568603516;0
3357.013;367.236236572266;0
3358.108;370.274353027344;0
3359.201;358.570434570313;0
3360.293;409.833648681641;0
3361.385;480.674346923828;0
3362.478;440.062286376953;0
3363.569;395.888458251953;0
3364.661;337.040985107422;0
3365.75;433.989196777344;0
3366.838;478.686676025391;0
3367.929;476.792266845703;0
3369.017;466.693084716797;0
3370.105;456.089141845703;0
3371.193;511.394775390625;0
3372.279;457.992919921875;0
3373.364;445.613891601563;0
3374.45;404.636047363281;0
3375.534;448.539093017578;0
3376.62;435.368957519531;0
3377.704;495.129821777344;0
3378.786;495.852020263672;0
3379.871;543.091613769531;0
3380.951;464.121673583984;0
3382.034;483.920440673828;0
3383.114;442.347991943359;0
3384.195;450.543914794922;0
3385.276;423.683349609375;0
3386.354;476.47314453125;0
3387.433;497.223785400391;0
3388.511;554.726684570313;0
3389.588;500.883544921875;0
3390.664;533.093505859375;0
3391.742;521.676940917969;0
3392.816;556.251770019531;0
3393.893;571.175170898438;0
3394.968;529.076171875;0
3396.042;486.350250244141;0
3397.115;433.718994140625;0
3398.189;423.585235595703;0
3399.262;418.805419921875;0
3400.333;435.915069580078;0
3401.404;458.241058349609;0
3402.474;456.852294921875;0
3403.545;461.759490966797;0
3404.615;528.200561523438;0
3405.685;621.608764648438;0
3406.752;678.099426269531;0
3407.82;666.985534667969;0
3408.888;623.625915527344;0
3409.955;576.117980957031;0
3411.021;548.918823242188;0
3412.085;553.88720703125;0
3413.151;501.485717773438;0
3414.215;488.802886962891;0
3415.279;546.298278808594;0
3416.343;553.458068847656;0
3417.406;605.794860839844;0
3418.468;553.904174804688;0
3419.53;560.084533691406;0
3420.592;477.833618164063;0
3421.652;476.608123779297;0
3422.712;481.687927246094;0
3423.773;481.249786376953;0
3424.83;527.830139160156;0
3425.889;566.900146484375;0
3426.946;643.845581054688;0
3428.005;643.233703613281;0
3429.061;680.735717773438;0
3430.117;657.731323242188;0
3431.172;591.450317382813;0
3432.227;518.067443847656;0
3433.281;511.388854980469;0
3434.335;469.680725097656;0
3435.389;462.080535888672;0
3436.44;464.081481933594;0
3437.492;519.727783203125;0
3438.546;508.597198486328;0
3439.598;496.161224365234;0
3440.646;501.068206787109;0
3441.697;526.117126464844;0
3442.745;533.693115234375;0
3443.793;597.797790527344;0
3444.842;620.258850097656;0
3445.891;640.642822265625;0
3446.937;555.736206054687;0
3447.984;566.52197265625;0
3449.031;507.491058349609;0
3450.075;556.165344238281;0
3451.12;534.850158691406;0
3452.164;573.866577148438;0
3453.207;525.823852539063;0
3454.251;483.5791015625;0
3455.293;491.401214599609;0
3456.336;516.354553222656;0
3457.378;541.64990234375;0
3458.417;481.074645996094;0
3459.458;453.443481445313;0
3460.498;432.357849121094;0
3461.539;455.767730712891;0
3462.577;426.290374755859;0
3463.614;461.9580078125;0
3464.651;463.072418212891;0
3465.689;482.392822265625;0
3466.726;467.066009521484;0
3467.763;441.719696044922;0
3468.798;432.23095703125;0
3469.831;445.039001464844;0
3470.866;497.596588134766;0
3471.9;548.658386230469;0
3472.933;494.473693847656;0
3473.966;431.231536865234;0
3474.999;409.048492431641;0
3476.029;399.875213623047;0
3477.061;451.578826904297;0
3478.09;412.481414794922;0
3479.121;495.340454101562;0
3480.15;436.669036865234;0
3481.178;456.846466064453;0
3482.205;422.919891357422;0
3483.234;482.681121826172;0
3484.26;469.928771972656;0
3485.288;433.037902832031;0
3486.313;401.640838623047;0
3487.337;454.773010253906;0
3488.364;478.337341308594;0
3489.387;513.927124023437;0
3490.411;444.689788818359;0
3491.434;438.248291015625;0
3492.456;335.819244384766;0
3493.479;298.351135253906;0
3494.5;250.186370849609;0
3495.521;194.821243286133;0
3496.543;123.20735168457;0
3497.561;108.747093200684;0
3498.579;124.537475585938;0
3499.6;195.137573242188;0
3500.618;122.823204040527;0
3501.636;82.3034286499022;0
3502.653;22.5221767425537;0
3503.669;27.6148948669434;0
3504.685;-11.6770181655884;0
3505.699;-37.6870651245117;0
3506.716;-20.1800098419189;0
3507.729;-46.5553245544434;0
3508.743;-82.0005798339844;0
3509.755;-76.4861145019531;0
