98.64605;0;0
101.2353;0;0
103.8217;0;0
106.4096;14.0740737915039;0
108.9945;-3.0888888835907;0
111.5767;-9.66666698455811;0
114.1602;-6.71604919433594;0
116.7409;-0.565656542778015;0
119.3209;2.78632473945618;0
121.9002;-15.5925922393799;0
124.4788;9.07843112945557;0
127.0566;-6.73099422454834;0
129.6317;3.78835988044739;0
132.2038;-42.4347839355469;0
134.7796;-70.1555557250977;0
137.3503;-25.0164604187012;0
139.9204;47.5670509338379;0
142.4919;187.620071411133;0
145.0584;235.50505065918;0
147.6242;361.479370117188;0
150.1914;468.009002685547;0
152.7579;524.2421875;0
155.3216;528.16259765625;0
157.8846;503.37466430664;0
160.4448;588.439514160156;0
163.0085;637.255310058594;0
165.5672;803.750549316406;0
168.1232;728.960754394531;0
170.6826;802.27880859375;0
173.2372;743.773742675781;0
175.7931;842.343078613281;0
178.3463;825.148803710938;0
180.8966;828.129272460937;0
183.4504;929.88134765625;0
185.9993;925.074645996094;0
188.5476;921.209106445313;0
191.0972;824.922729492188;0
193.644;915.637512207031;0
196.1859;899.113342285156;0
198.7335;993.772583007812;0
201.2761;882.730346679687;0
203.8201;965.8623046875;0
206.3593;960.116394042969;0
208.8998;1075.93981933594;0
211.4397;1073.59326171875;0
213.9746;1138.107421875;0
216.5109;1174.92797851563;0
219.0487;1296.744140625;0
221.5816;1349.67834472656;0
224.1158;1395.43518066406;0
226.6473;1348.60974121094;0
229.176;1340.71960449219;0
231.7082;1386.1943359375;0
234.2355;1487.46215820312;0
236.7643;1548.91906738281;0
239.2902;1523.01672363281;0
241.8133;1473.00537109375;0
244.3379;1378.51403808594;0
246.8618;1297.51318359375;0
249.3828;1229.08264160156;0
251.9053;1267.00341796875;0
254.423;1259.1943359375;0
256.942;1245.82446289063;0
259.4603;1220.88098144531;0
261.9759;1239.28381347656;0
264.4887;1296.1806640625;0
267.005;1330.64514160156;0
269.5164;1389.80993652344;0
272.0292;1448.15197753906;0
274.5393;1569.41357421875;0
277.0466;1586.92980957031;0
279.5574;1599.427734375;0
282.0654;1484.19543457031;0
284.5686;1484.44409179688;0
287.0752;1492.7685546875;0
289.5791;1509.02221679687;0
292.0803;1508.62573242188;0
294.5828;1339.47351074219;0
297.0826;1303.234375;0
299.5838;1219.17724609375;0
302.0801;1266.01525878906;0
304.5758;1218.57507324219;0
307.0749;1174.724609375;0
309.5672;1140.87561035156;0
312.0608;1136.169921875;0
314.5558;1168.64501953125;0
317.044;1197.88513183594;0
319.5377;1140.80773925781;0
322.0266;1205.83081054688;0
324.5127;1187.95922851562;0
327.0023;1300.13854980469;0
329.4871;1276.70275878906;0
331.9691;1365.99365234375;0
334.4547;1363.2109375;0
336.9353;1354.02868652344;0
339.4174;1298.01354980469;0
341.901;1314.55773925781;0
344.3776;1444.66674804687;0
346.8577;1554.44104003906;0
349.333;1583.14929199219;0
351.8076;1434.56396484375;0
354.2857;1400.07299804688;0
356.7569;1360.65930175781;0
359.2296;1435.57470703125;0
361.7015;1359.31823730469;0
364.1729;1342.21618652344;0
366.6414;1265.78674316406;0
369.1093;1247.78466796875;0
371.5745;1256.23815917969;0
374.0432;1295.12890625;0
376.507;1324.85461425781;0
378.9702;1268.47509765625;0
381.4348;1225.60534667969;0
383.8947;1174.47473144531;0
386.3538;1229.04370117188;0
388.8144;1304.68579101563;0
391.2722;1429.22436523437;0
393.7314;1402.400390625;0
396.1859;1457.625;0
398.6418;1550.68225097656;0
401.0949;1691.55688476563;0
403.5475;1668.56628417969;0
405.9972;1623.04260253906;0
408.4505;1601.48815917969;0
410.899;1640.74230957031;0
413.3468;1653.96520996094;0
415.796;1710.17138671875;0
418.2405;1673.80871582031;0
420.6884;1568.63647460938;0
423.1295;1472.19030761719;0
425.572;1479.11083984375;0
428.0159;1463.74731445313;0
430.455;1420.52355957031;0
432.8956;1332.08862304688;0
435.3335;1340.0126953125;0
437.7707;1234.09753417969;0
440.2093;1188.03515625;0
442.6432;1088.95373535156;0
445.0764;1125.21325683594;0
447.511;1155.77453613281;0
449.9429;1245.45397949219;0
452.3721;1301.24450683594;0
454.8048;1314.14868164062;0
457.2328;1370.71557617188;0
459.66;1423.84094238281;0
462.0847;1450.74462890625;0
464.5127;1428.97717285156;0
466.9381;1427.53674316406;0
469.3587;1492.70361328125;0
471.7807;1558.03881835937;0
474.2042;1606.751953125;0
476.6229;1689.50061035156;0
479.041;1720.37854003906;0
481.4604;1672.58764648438;0
483.8752;1622.11865234375;0
486.2934;1536.50244140625;0
488.7068;1552.38269042969;0
491.1197;1505.60571289063;0
493.5339;1431.16772460938;0
495.9435;1358.84619140625;0
498.3544;1248.63684082031;0
500.7667;1308.03955078125;0
503.1723;1344.47631835937;0
505.5793;1426.02722167969;0
507.9856;1304.47546386719;0
510.3913;1253.49060058594;0
512.7944;1118.71789550781;0
515.1968;1071.81774902344;0
517.5986;899.830932617188;0
519.9997;969.427917480469;0
522.3982;1039.9794921875;0
524.798;1091.00378417969;0
527.1973;1032.90161132813;0
529.5919;1083.59411621094;0
531.9899;1137.79675292969;0
534.3832;1210.75415039063;0
536.7758;1134.83984375;0
539.1699;1224.38366699219;0
541.5593;1126.9169921875;0
543.9481;1220.36779785156;0
546.3382;1135.60180664063;0
548.7257;1210.46301269531;0
551.1146;1201.30859375;0
553.4968;1329.02819824219;0
555.8824;1451.58068847656;0
558.2675;1490.38757324219;0
560.6478;1391.67321777344;0
563.0295;1306.9970703125;0
565.4106;1195.02490234375;0
567.7911;1193.86682128906;0
570.169;1147.9697265625;0
572.5462;1225.55297851562;0
574.9229;1282.72277832031;0
577.2968;1194.58715820313;0
579.6721;1177.92663574219;0
582.0449;1063.95983886719;0
584.417;1018.68627929688;0
586.7885;902.323669433594;0
589.1553;831.049621582031;0
591.5255;852.105773925781;0
593.8931;864.730163574219;0
596.2601;949.392028808594;0
598.6265;1006.69683837891;0
600.9902;1106.98400878906;0
603.3554;1015.91046142578;0
605.7179;988.736267089844;0
608.0778;888.736694335937;0
610.4391;964.349243164062;0
612.7977;927.486633300781;0
615.1558;931.802917480469;0
617.5132;1023.40454101563;0
619.8701;1046.43530273438;0
622.2263;1096.43811035156;0
624.5779;1150.04077148438;0
626.9308;1330.82263183594;0
629.2852;1428.36633300781;0
631.6349;1463.74853515625;0
633.9841;1489.26623535156;0
636.3326;1471.72790527344;0
638.6805;1460.07666015625;0
641.0279;1480.80981445312;0
643.3746;1601.87561035156;0
645.7187;1564.9599609375;0
648.0621;1518.39050292969;0
650.405;1417.16198730469;0
652.7453;1521.60791015625;0
655.087;1581.28979492188;0
657.426;1512.76391601563;0
659.7645;1507.61572265625;0
662.1024;1367.42004394531;0
664.4376;1293.65478515625;0
666.7742;1108.92077636719;0
669.1063;1094.57299804688;0
671.4398;1208.88635253906;0
673.7726;1290.67614746094;0
676.1048;1287.96276855469;0
678.4324;1309.00903320313;0
680.7635;1230.34020996094;0
683.0919;1169.21936035156;0
685.4158;1007.61169433594;0
687.743;984.370056152344;0
690.0696;1075.36242675781;0
692.3937;1176.00708007813;0
694.7151;1220.22888183594;0
697.038;1297.87377929688;0
699.3583;1307.07006835938;0
701.6779;1396.60144042969;0
703.995;1343.41088867188;0
706.3155;1308.05444335937;0
708.6294;1235.63879394531;0
710.9467;1150.27294921875;0
713.2594;1210.80810546875;0
715.5735;1156.49780273438;0
717.887;1191.71118164063;0
720.1979;1188.21545410156;0
722.5083;1270.60693359375;0
724.818;1268.48291015625;0
727.1252;1253.39538574219;0
729.4357;1230.57165527344;0
731.7418;1225.85961914062;0
734.0452;1272.87280273438;0
736.35;1374.37280273438;0
738.6522;1339.77331542969;0
740.9539;1165.19482421875;0
743.2569;1024.74584960938;0
745.5554;1135.42944335938;0
747.8553;1166.37622070313;0
750.1545;1151.89306640625;0
752.4513;1113.96484375;0
754.7474;1055.11486816406;0
757.043;913.104309082031;0
759.336;846.607727050781;0
761.6304;843.101257324219;0
763.9222;835.33837890625;0
766.2114;643.623474121094;0
768.5041;641.644653320313;0
770.7922;708.625;0
773.0777;779.605529785156;0
775.3647;791.915161132813;0
777.651;861.7294921875;0
779.9368;830.682189941406;0
782.22;782.420959472656;0
784.5026;769.244445800781;0
786.7847;825.897277832031;0
789.0662;797.225219726563;0
791.3451;762.78076171875;0
793.6254;905.523681640625;0
795.9012;1073.56237792969;0
798.1784;1196.48950195313;0
800.455;1275.33312988281;0
802.7291;1275.64208984375;0
805.0026;1248.30053710938;0
807.2755;1229.66845703125;0
809.5478;1270.54577636719;0
811.8176;1228.08569335938;0
814.0869;1292.75610351563;0
816.3535;1354.68017578125;0
818.6235;1508.94348144531;0
820.8911;1472.0546875;0
823.156;1443.15966796875;0
825.4204;1444.42944335938;0
827.6823;1485.27880859375;0
829.9474;1553.66101074219;0
832.2082;1571.75073242188;0
834.4683;1548.21765136719;0
836.7279;1489.49829101563;0
838.9869;1474.20104980469;0
841.2453;1470.77124023438;0
843.5012;1588.31787109375;0
845.7565;1511.5087890625;0
848.0133;1484.26806640625;0
850.2655;1380.11059570313;0
852.5153;1328.00061035156;0
854.7703;1324.615234375;0
857.0189;1202.69165039063;0
859.2668;1187.62890625;0
861.5182;1116.5439453125;0
863.7651;1178.81579589844;0
866.0114;1167.30261230469;0
868.2592;1032.45263671875;0
870.5024;953.602661132813;0
872.7451;936.861267089844;0
874.9872;992.669128417969;0
877.2307;998.246887207031;0
879.4717;847.591552734375;0
881.7101;754.814453125;0
883.95;763.213562011719;0
886.1854;920.515991210938;0
888.4202;938.526916503906;0
890.6604;909.30908203125;0
892.8941;818.759155273438;0
895.1253;923.902038574219;0
897.3599;948.589172363281;0
899.59;928.740417480469;0
901.8195;828.0380859375;0
904.0504;883.175964355469;0
906.2789;1042.19665527344;0
908.5087;1075.85095214844;0
910.7341;1034.44519042969;0
912.9589;953.728881835938;0
915.1851;1031.18041992188;0
917.4088;1001.24377441406;0
919.63;1082.72937011719;0
921.8526;1051.89660644531;0
924.0727;1176.07287597656;0
926.2922;1321.50952148438;0
928.5112;1398.31640625;0
930.7277;1195.78967285156;0
932.9476;871.790405273438;0
935.163;679.988037109375;0
937.3739;672.443481445313;0
939.5901;672.700866699219;0
941.8019;661.657104492188;0
944.0151;627.823852539063;0
946.2258;549.279113769531;0
948.4341;507.001129150391;0
950.6456;602.343872070313;0
952.8527;624.909301757813;0
955.0593;587.885803222656;0
957.2653;397.635009765625;0
959.4689;386.582977294922;0
961.6738;421.470062255859;0
963.8782;484.719024658203;0
966.0782;478.231353759766;0
968.2815;492.715148925781;0
970.4803;477.315826416016;0
972.6787;488.362670898438;0
974.8784;516.707763671875;0
977.0757;607.152526855469;0
979.2704;655.495483398437;0
981.4667;707.820007324219;0
983.6603;776.421508789063;0
985.8535;866.668029785156;0
988.0461;984.428161621094;0
990.2363;992.297973632813;0
992.4297;1161.00891113281;0
994.6169;1230.28344726563;0
996.8035;1373.18395996094;0
998.9933;1385.53137207031;0
1001.179;1371.54052734375;0
1003.364;1290.4326171875;0
1005.55;1218.6552734375;0
1007.732;1344.91931152344;0
1009.916;1356.85559082031;0
1012.096;1412.39721679688;0
1014.275;1285.18786621094;0
1016.459;1281.32165527344;0
1018.636;1364.79772949219;0
1020.813;1413.26635742188;0
1022.991;1512.60217285156;0
1025.165;1444.890625;0
1027.34;1394.8359375;0
1029.515;1419.18444824219;0
1031.687;1316.15942382813;0
1033.859;1396.65625;0
1036.03;1350.22900390625;0
1038.199;1428.41125488281;0
1040.369;1331.78186035156;0
1042.536;1294.22900390625;0
1044.704;1118.60852050781;0
1046.87;1066.95544433594;0
1049.034;924.153015136719;0
1051.198;922.142822265625;0
1053.363;886.442932128906;0
1055.526;940.636047363281;0
1057.686;1016.20404052734;0
1059.845;1049.27404785156;0
1062.005;1051.94592285156;0
1064.165;1008.94219970703;0
1066.323;1038.85400390625;0
1068.477;967.756469726563;0
1070.634;988.205688476563;0
1072.788;852.760864257813;0
1074.942;974.287231445313;0
1077.096;1039.81726074219;0
1079.247;1183.78820800781;0
1081.397;1201.15844726563;0
1083.547;1203.1640625;0
1085.695;1177.26062011719;0
1087.844;1136.59387207031;0
1089.992;1127.43249511719;0
1092.138;1055.49487304688;0
1094.284;1155.09619140625;0
1096.425;1130.25158691406;0
1098.571;1180.89978027344;0
1100.711;1118.44763183594;0
1102.851;1154.4892578125;0
1104.994;1357.79479980469;0
1107.132;1374.40539550781;0
1109.271;1410.72631835938;0
1111.408;1293.46215820313;0
1113.543;1314.68933105469;0
1115.682;1320.53918457031;0
1117.816;1246.41564941406;0
1119.947;1155.47412109375;0
1122.08;1042.5458984375;0
1124.213;1015.99450683594;0
1126.343;974.676208496094;0
1128.474;1056.681640625;0
1130.602;985.705444335938;0
1132.728;1028.30322265625;0
1134.856;1044.66137695313;0
1136.982;1145.42687988281;0
1139.109;1248.80163574219;0
1141.234;1265.42919921875;0
1143.356;1314.03869628906;0
1145.479;1219.48815917969;0
1147.599;1202.51000976563;0
1149.719;1192.67614746094;0
1151.839;1255.65734863281;0
1153.957;1141.45336914063;0
1156.076;1014.95013427734;0
1158.191;817.923889160156;0
1160.305;885.955627441406;0
1162.423;925.964538574219;0
1164.536;974.783447265625;0
1166.647;853.633178710938;0
1168.761;857.958312988281;0
1170.871;881.699401855469;0
1172.983;960.050964355469;0
1175.092;1090.12512207031;0
1177.2;1306.45678710938;0
1179.306;1376.65307617188;0
1181.413;1383.96875;0
1183.518;1297.70336914063;0
1185.623;1285.833984375;0
1187.725;1322.94555664063;0
1189.826;1290.3427734375;0
1191.929;1308.1064453125;0
1194.032;1221.30993652344;0
1196.13;1313.93823242188;0
1198.23;1347.37280273438;0
1200.327;1421.08178710938;0
1202.423;1401.60900878906;0
1204.52;1443.00415039063;0
1206.613;1353.99865722656;0
1208.71;1419.36108398438;0
1210.801;1454.88024902344;0
1212.892;1609.42614746094;0
1214.987;1566.30554199219;0
1217.075;1580.49475097656;0
1219.166;1471.20056152344;0
1221.256;1487.36682128906;0
1223.342;1528.8037109375;0
1225.43;1493.44458007813;0
1227.515;1373.96154785156;0
1229.597;1258.33984375;0
1231.685;1369.61877441406;0
1233.767;1468.33374023438;0
1235.85;1516.82238769531;0
1237.931;1498.20141601563;0
1240.009;1454.13891601563;0
1242.09;1259.19787597656;0
1244.168;1145.4931640625;0
1246.245;1146.15466308594;0
1248.321;1290.85180664063;0
1250.397;1394.83227539063;0
1252.472;1394.52722167969;0
1254.547;1284.79833984375;0
1256.618;1159.54052734375;0
1258.69;1146.65197753906;0
1260.761;1219.46362304688;0
1262.83;1228.4873046875;0
1264.901;1262.36401367188;0
1266.969;1314.62670898438;0
1269.035;1235.14318847656;0
1271.102;1297.26477050781;0
1273.167;1247.07958984375;0
1275.233;1329.24792480469;0
1277.295;1208.77307128906;0
1279.359;1235.58923339844;0
1281.42;1171.09655761719;0
1283.482;1201.37817382813;0
1285.542;1088.06884765625;0
1287.6;1121.29064941406;0
1289.659;1030.19653320313;0
1291.714;1077.72570800781;0
1293.774;1260.99743652344;0
1295.828;1273.85754394531;0
1297.881;1327.38586425781;0
1299.936;1183.66564941406;0
1301.987;1293.34936523438;0
1304.041;1526.32666015625;0
1306.09;1679.24951171875;0
1308.139;1732.21728515625;0
1310.19;1579.65612792969;0
1312.238;1610.76123046875;0
1314.286;1555.56237792969;0
1316.331;1645.9833984375;0
1318.376;1649.15051269531;0
1320.422;1659.68127441406;0
1322.466;1515.36206054688;0
1324.508;1619.84838867188;0
1326.549;1644.21496582031;0
1328.59;1615.88525390625;0
1330.632;1374.740234375;0
1332.67;1303.8642578125;0
1334.707;1328.59069824219;0
1336.746;1397.72888183594;0
1338.78;1379.17211914063;0
1340.816;1252.36401367188;0
1342.852;979.195617675781;0
1344.885;932.888000488281;0
1346.916;963.21728515625;0
1348.948;1170.85717773438;0
1350.979;1147.1396484375;0
1353.011;1147.07727050781;0
1355.04;1023.32208251953;0
1357.066;950.091979980469;0
1359.094;992.048095703125;0
1361.121;938.744506835938;0
1363.145;1042.17370605469;0
1365.171;857.887512207031;0
1367.192;852.978393554688;0
1369.216;709.56884765625;0
1371.239;910.622192382813;0
1373.258;875.290100097656;0
1375.28;903.685852050781;0
1377.298;603.694152832031;0
1379.316;473.408538818359;0
1381.335;483.899230957031;0
1383.35;608.942016601563;0
1385.366;846.61572265625;0
1387.38;780.198791503906;0
1389.394;719.272216796875;0
1391.409;655.367492675781;0
1393.42;602.500549316406;0
1395.43;676.941589355469;0
1397.44;683.813354492188;0
1399.451;775.108459472656;0
1401.458;615.003540039063;0
1403.466;437.18359375;0
1405.472;297.759826660156;0
1407.478;380.441223144531;0
1409.483;484.855377197266;0
1411.486;589.621154785156;0
1413.49;701.015869140625;0
1415.492;766.716491699219;0
1417.492;758.23779296875;0
1419.495;631.508544921875;0
1421.494;666.201416015625;0
1423.492;797.517150878906;0
1425.49;999.520812988281;0
1427.487;1194.61022949219;0
1429.482;1335.67663574219;0
1431.477;1431.65148925781;0
1433.471;1383.35314941406;0
1435.466;1451.8974609375;0
1437.456;1392.06494140625;0
1439.447;1441.30139160156;0
1441.441;1350.826171875;0
1443.427;1289.74438476563;0
1445.417;1198.83178710938;0
1447.406;1156.97924804688;0
1449.392;1263.92260742188;0
1451.381;1330.82263183594;0
1453.365;1384.56811523438;0
1455.348;1353.82568359375;0
1457.333;1215.70129394531;0
1459.314;1124.30541992188;0
1461.296;1080.52416992188;0
1463.276;993.135559082031;0
1465.256;927.043518066406;0
1467.237;1055.56115722656;0
1469.215;1344.93920898438;0
1471.19;1572.81408691406;0
1473.167;1491.07482910156;0
1475.145;1500.49914550781;0
1477.118;1436.75378417969;0
1479.092;1477.171875;0
1481.065;1323.42028808594;0
1483.038;1266.61145019531;0
1485.008;1197.08532714844;0
1486.979;1198.28698730469;0
1488.949;1149.32482910156;0
1490.917;1009.19860839844;0
1492.883;905.017395019531;0
1494.852;748.224609375;0
1496.817;839.598937988281;0
1498.782;896.993469238281;0
1500.748;1025.46130371094;0
1502.708;1026.25341796875;0
1504.673;969.669189453125;0
1506.634;917.373413085938;0
1508.594;755.593017578125;0
1510.554;794.69970703125;0
1512.512;767.505065917969;0
1514.471;943.839111328125;0
1516.428;813.490661621094;0
1518.384;872.103149414063;0
1520.34;690.32470703125;0
1522.294;752.512817382813;0
1524.249;742.866271972656;0
1526.202;942.831176757813;0
1528.153;956.080078125;0
1530.103;970.387939453125;0
1532.054;753.703796386719;0
1534.004;855.662414550781;0
1535.951;861.673645019531;0
1537.899;1009.18963623047;0
1539.847;964.295227050781;0
1541.793;841.718322753906;0
1543.738;733.523986816406;0
1545.681;502.932403564453;0
1547.625;534.34521484375;0
1549.566;446.276184082031;0
1551.509;609.656372070313;0
1553.45;570.09521484375;0
1555.389;736.921752929688;0
1557.33;625.579345703125;0
1559.266;730.844543457031;0
1561.204;746.717468261719;0
1563.141;851.638793945313;0
1565.074;826.316650390625;0
1567.009;762.812377929688;0
1568.943;726.237060546875;0
1570.877;687.03515625;0
1572.808;581.206665039063;0
1574.741;564.862670898438;0
1576.67;505.225433349609;0
1578.6;535.074645996094;0
1580.528;610.172241210938;0
1582.455;613.749450683594;0
1584.382;628.777648925781;0
1586.307;648.064819335938;0
1588.234;749.833068847656;0
1590.157;805.860229492188;0
1592.081;610.368591308594;0
1594.002;549.802429199219;0
1595.927;376.828582763672;0
1597.845;344.445587158203;0
1599.767;237.313430786133;0
1601.685;181.54248046875;0
1603.602;239.421798706055;0
1605.523;176.551208496094;0
1607.438;294.820495605469;0
1609.354;371.794769287109;0
1611.269;506.908233642578;0
1613.181;463.409301757813;0
1615.096;474.702819824219;0
1617.008;452.356658935547;0
1618.92;607.715148925781;0
1620.83;656.754760742188;0
1622.74;752.829040527344;0
1624.649;718.238586425781;0
1626.557;606.463989257813;0
1628.464;628.2158203125;0
1630.37;759.004577636719;0
1632.275;805.609252929688;0
1634.18;791.364624023438;0
1636.085;626.692321777344;0
1637.988;620.056518554688;0
1639.888;524.011047363281;0
1641.791;496.104675292969;0
1643.691;551.199890136719;0
1645.588;589.106140136719;0
1647.489;716.887878417969;0
1649.387;675.363159179688;0
1651.284;720.637634277344;0
1653.18;695.271789550781;0
1655.075;851.162536621094;0
1656.972;1020.09368896484;0
1658.864;1228.62292480469;0
1660.754;1261.52795410156;0
1662.65;1166.1435546875;0
1664.539;1094.64489746094;0
1666.428;1089.97534179688;0
1668.32;1077.57946777344;0
1670.207;1082.67980957031;0
1672.096;1062.939453125;0
1673.982;1146.46936035156;0
1675.867;1217.60498046875;0
1677.754;1168.6796875;0
1679.638;1011.58233642578;0
1681.52;832.201843261719;0
1683.403;733.204895019531;0
1685.285;700.702575683594;0
1687.166;583.806030273438;0
1689.048;610.404052734375;0
1690.924;591.940673828125;0
1692.804;677.307006835938;0
1694.682;565.838745117188;0
1696.558;699.869140625;0
1698.435;687.953735351563;0
1700.308;706.981506347656;0
1702.184;469.174652099609;0
1704.057;388.088714599609;0
1705.929;297.501434326172;0
1707.801;294.3017578125;0
1709.674;295.711853027344;0
1711.542;408.620635986328;0
1713.412;502.361480712891;0
1715.28;451.311889648438;0
1717.145;385.538787841797;0
1719.015;283.041229248047;0
1720.88;283.924224853516;0
1722.746;172.199020385742;0
1724.61;128.968322753906;0
1726.471;239.991424560547;0
1728.334;369.751922607422;0
1730.197;466.004119873047;0
1732.057;426.763458251953;0
1733.919;457.795654296875;0
1735.777;430.097015380859;0
1737.634;420.555969238281;0
1739.493;390.394653320313;0
1741.349;427.392761230469;0
1743.205;459.437866210938;0
1745.061;508.421630859375;0
1746.915;565.676025390625;0
1748.77;592.093688964844;0
1750.621;549.117736816406;0
1752.473;450.303100585938;0
1754.323;300.675018310547;0
1756.173;269.757354736328;0
1758.022;498.980010986328;0
1759.87;534.69189453125;0
1761.718;536.001953125;0
1763.566;337.568695068359;0
1765.411;333.717407226563;0
1767.256;284.664245605469;0
1769.101;337.531433105469;0
1770.945;307.083557128906;0
1772.787;516.230529785156;0
1774.629;495.954498291016;0
1776.469;733.470092773438;0
1778.309;779.118225097656;0
1780.15;755.232360839844;0
1781.987;693.927307128906;0
1783.826;529.980834960938;0
1785.662;674.946411132813;0
1787.498;708.379638671875;0
1789.334;784.391540527344;0
1791.169;860.537719726563;0
1793.002;867.929260253906;0
1794.834;1014.56622314453;0
1796.667;1005.55969238281;0
1798.498;1072.02075195313;0
1800.328;988.392456054688;0
1802.157;929.894714355469;0
1803.986;903.636413574219;0
1805.813;953.506408691406;0
1807.639;1017.72692871094;0
1809.467;922.853576660156;0
1811.292;964.108459472656;0
1813.117;894.380493164063;0
1814.94;1054.33642578125;0
1816.763;1032.86511230469;0
1818.585;1042.63317871094;0
1820.407;784.529602050781;0
1822.227;642.888305664063;0
1824.048;490.042602539063;0
1825.865;604.1083984375;0
1827.683;477.644592285156;0
1829.501;467.984466552734;0
1831.317;374.236877441406;0
1833.135;480.407440185547;0
1834.948;428.302093505859;0
1836.761;437.873748779297;0
1838.577;444.252380371094;0
1840.388;402.892425537109;0
1842.198;369.231536865234;0
1844.009;393.714233398438;0
1845.819;560.895324707031;0
1847.629;480.663787841797;0
1849.436;333.128692626953;0
1851.244;154.290084838867;0
1853.052;307.395202636719;0
1854.858;311.081512451172;0
1856.661;358.126831054688;0
1858.466;403.642211914063;0
1860.269;395.405487060547;0
1862.073;564.193237304688;0
1863.875;498.786712646484;0
1865.673;525.58056640625;0
1867.476;466.957916259766;0
1869.275;397.474365234375;0
1871.072;493.018829345703;0
1872.872;515.257934570313;0
1874.667;521.413940429688;0
1876.464;508.918121337891;0
1878.26;412.116912841797;0
1880.053;309.323516845703;0
1881.849;187.555770874023;0
1883.64;187.786010742188;0
1885.431;319.627380371094;0
1887.226;447.497253417969;0
1889.014;481.728881835938;0
1890.803;534.8779296875;0
1892.594;602.833190917969;0
1894.38;723.817504882813;0
1896.167;733.94384765625;0
1897.955;595.8798828125;0
1899.74;482.849426269531;0
1901.526;415.078643798828;0
1903.309;426.234252929688;0
1905.091;524.207336425781;0
1906.876;591.998779296875;0
1908.658;549.832153320313;0
1910.438;460.818511962891;0
1912.217;429.513458251953;0
1913.996;429.92041015625;0
1915.775;409.929412841797;0
1917.553;369.430450439453;0
1919.33;339.535797119141;0
1921.106;344.802093505859;0
1922.881;253.452697753906;0
1924.655;336.154724121094;0
1926.431;365.463958740234;0
1928.202;355.490844726563;0
1929.974;195.346496582031;0
1931.746;171.803939819336;0
1933.516;176.014282226563;0
1935.286;309.534484863281;0
1937.055;354.117218017578;0
1938.823;517.550720214844;0
1940.592;512.037841796875;0
1942.356;452.012664794922;0
1944.122;407.521118164063;0
1945.888;384.743103027344;0
1947.651;409.567504882813;0
1949.416;333.88427734375;0
1951.178;352.151123046875;0
1952.939;386.799255371094;0
1954.699;548.931274414063;0
1956.459;698.445556640625;0
1958.219;675.431701660156;0
1959.979;642.9189453125;0
1961.735;641.651062011719;0
1963.491;836.328735351563;0
1965.249;816.062133789063;0
1967.003;912.300354003906;0
1968.761;743.047180175781;0
1970.512;780.747741699219;0
1972.265;829.402160644531;0
1974.018;905.454772949219;0
1975.769;870.238952636719;0
1977.522;674.865783691406;0
1979.271;495.670013427734;0
1981.018;458.429412841797;0
1982.766;364.818206787109;0
1984.516;456.39111328125;0
1986.261;412.926422119141;0
1988.009;527.016235351563;0
1989.754;510.489318847656;0
1991.498;551.484008789063;0
1993.241;536.449645996094;0
1994.984;579.38623046875;0
1996.727;493.850311279297;0
1998.468;421.730194091797;0
2000.206;429.359161376953;0
2001.946;496.517211914063;0
2003.686;695.874267578125;0
2005.424;719.204162597656;0
2007.161;751.173522949219;0
2008.898;668.002319335938;0
2010.634;716.2470703125;0
2012.369;759.242248535156;0
2014.103;673.214904785156;0
2015.836;637.056335449219;0
2017.57;708.43115234375;0
2019.299;744.005981445313;0
2021.032;789.225341796875;0
2022.762;625.533569335938;0
2024.491;781.374084472656;0
2026.221;755.856872558594;0
2027.947;819.981384277344;0
2029.676;748.747497558594;0
2031.403;779.377380371094;0
2033.128;675.09326171875;0
2034.852;522.672973632813;0
2036.577;361.184204101563;0
2038.299;495.182037353516;0
2040.022;585.472900390625;0
2041.744;448.715393066406;0
2043.465;368.484405517578;0
2045.184;250.676132202148;0
2046.903;449.465881347656;0
2048.621;415.563842773438;0
2050.339;366.526702880859;0
2052.057;214.131500244141;0
2053.774;258.476196289063;0
2055.488;157.907302856445;0
2057.203;245.657119750977;0
2058.917;168.613845825195;0
2060.631;241.882019042969;0
2062.344;151.240539550781;0
2064.053;201.550247192383;0
2065.765;346.013732910156;0
2067.476;471.237640380859;0
2069.185;467.553039550781;0
2070.892;430.064819335938;0
2072.6;476.551177978516;0
2074.308;498.124328613281;0
2076.014;447.896484375;0
2077.72;355.535461425781;0
2079.425;323.930145263672;0
2081.13;343.081359863281;0
2082.833;323.178405761719;0
2084.532;355.471160888672;0
2086.236;388.088836669922;0
2087.936;444.499694824219;0
2089.635;535.151733398438;0
2091.335;539.777587890625;0
2093.034;544.046142578125;0
2094.731;369.730316162109;0
2096.427;372.520935058594;0
2098.124;430.607269287109;0
2099.82;650.685180664063;0
2101.515;774.865783691406;0
2103.207;740.611938476563;0
2104.902;819.986694335938;0
2106.594;947.738037109375;0
2108.286;1147.09362792969;0
2109.976;1183.17785644531;0
2111.667;1144.23181152344;0
2113.355;1169.80859375;0
2115.044;1198.37255859375;0
2116.732;1090.04772949219;0
2118.42;1012.83264160156;0
2120.105;1065.94836425781;0
2121.79;1179.060546875;0
2123.476;1337.50134277344;0
2125.16;1277.55383300781;0
2126.844;1408.6181640625;0
2128.524;1427.97106933594;0
2130.207;1380.39038085938;0
2131.888;1310.54284667969;0
2133.567;1087.53942871094;0
2135.247;1173.60278320313;0
2136.927;1074.15209960938;0
2138.603;1202.19738769531;0
2140.281;1194.09008789063;0
2141.957;1233.71813964844;0
2143.633;1184.64001464844;0
2145.308;1201.51513671875;0
2146.981;1247.90258789063;0
2148.654;1253.501953125;0
2150.328;1219.392578125;0
2152;1139.57336425781;0
2153.669;1292.38012695313;0
2155.34;1218.47875976563;0
2157.01;1377.44299316406;0
2158.677;1164.24621582031;0
2160.347;1276.22058105469;0
2162.013;1130.14208984375;0
2163.681;1245.51684570313;0
2165.347;1196.33264160156;0
2167.011;1190.6279296875;0
2168.674;1062.37707519531;0
2170.337;1035.17858886719;0
2172.002;1051.58703613281;0
2173.662;1170.27404785156;0
2175.324;1161.01623535156;0
2176.985;1177.03466796875;0
2178.645;1105.77392578125;0
2180.304;1033.4541015625;0
2181.961;1068.66455078125;0
2183.618;1060.15124511719;0
2185.275;1029.97338867188;0
2186.932;1015.55413818359;0
2188.586;1094.5927734375;0
2190.242;1229.61450195313;0
2191.896;1145.69104003906;0
2193.547;1117.49096679688;0
2195.2;1089.54382324219;0
2196.851;1084.41528320313;0
2198.502;1066.529296875;0
2200.153;944.457397460938;0
2201.799;1040.72875976563;0
2203.447;926.719909667969;0
2205.097;967.794067382813;0
2206.742;954.690551757813;0
2208.391;982.589172363281;0
2210.035;1031.96801757813;0
2211.679;905.209533691406;0
2213.324;896.787231445313;0
2214.966;815.750183105469;0
2216.608;794.321105957031;0
2218.252;888.280517578125;0
2219.89;787.370666503906;0
2221.531;921.484497070313;0
2223.172;940.005554199219;0
2224.809;1119.75598144531;0
2226.449;1084.9033203125;0
2228.086;1186.11889648438;0
2229.72;1260.30200195313;0
2231.358;1213.00903320313;0
2232.992;1031.42944335938;0
2234.625;955.908569335938;0
2236.26;1164.26098632813;0
2237.893;1427.34790039063;0
2239.524;1439.5390625;0
2241.156;1233.72448730469;0
2242.785;1113.46789550781;0
2244.416;1093.20947265625;0
2246.044;1269.41455078125;0
2247.672;1298.24108886719;0
2249.301;1261.689453125;0
2250.926;1183.02465820313;0
2252.554;1001.16534423828;0
2254.177;1132.39990234375;0
2255.803;1150.41418457031;0
2257.427;1302.65356445313;0
2259.051;1249.23193359375;0
2260.671;1055.37658691406;0
2262.294;942.974609375;0
2263.914;950.60546875;0
2265.533;1164.07250976563;0
2267.153;1155.22155761719;0
2268.773;1215.38696289063;0
2270.392;1214.00830078125;0
2272.006;1237.15795898438;0
2273.624;1223.35302734375;0
2275.239;1275.85534667969;0
2276.854;1359.08740234375;0
2278.468;1317.44738769531;0
2280.084;1218.59777832031;0
2281.695;1110.24035644531;0
2283.305;1140.55322265625;0
2284.919;1035.91198730469;0
2286.527;1121.30749511719;0
2288.14;1070.71411132813;0
2289.748;1187.52514648438;0
2291.354;1082.30004882813;0
2292.964;1022.50396728516;0
2294.569;920.572387695313;0
2296.174;983.039001464844;0
2297.782;1038.33703613281;0
2299.386;1077.40576171875;0
2300.99;990.538330078125;0
2302.594;950.324584960938;0
2304.195;851.349243164063;0
2305.798;811.113525390625;0
2307.399;740.787231445313;0
2308.998;721.981750488281;0
2310.598;700.854187011719;0
2312.197;723.847106933594;0
2313.795;842.077270507813;0
2315.392;970.125183105469;0
2316.988;1003.43084716797;0
2318.585;999.994140625;0
2320.18;971.481567382813;0
2321.774;1017.67102050781;0
2323.368;1035.6689453125;0
2324.961;1037.90954589844;0
2326.553;906.058532714844;0
2328.145;833.901184082031;0
2329.735;781.669250488281;0
2331.324;831.41650390625;0
2332.916;716.814147949219;0
2334.503;593.313903808594;0
2336.092;498.744079589844;0
2337.677;596.252014160156;0
2339.263;759.602416992188;0
2340.85;880.0791015625;0
2342.434;914.345092773438;0
2344.018;802.75439453125;0
2345.602;652.456848144531;0
2347.185;533.415710449219;0
2348.768;541.767211914063;0
2350.347;677.065795898438;0
2351.928;705.865905761719;0
2353.51;699.054626464844;0
2355.087;638.401123046875;0
2356.665;621.122497558594;0
2358.243;458.771240234375;0
2359.819;462.573089599609;0
2361.396;502.937622070313;0
2362.972;679.67822265625;0
2364.547;761.127075195313;0
2366.121;685.767517089844;0
2367.694;738.178771972656;0
2369.267;675.130126953125;0
2370.839;623.999084472656;0
2372.411;630.286865234375;0
2373.982;570.176147460938;0
2375.55;728.776306152344;0
2377.118;631.806579589844;0
2378.687;691.081115722656;0
2380.254;664.2138671875;0
2381.821;771.383178710938;0
2383.387;899.306579589844;0
2384.954;968.759399414063;0
2386.516;944.07421875;0
2388.082;899.248107910156;0
2389.644;789.3974609375;0
2391.209;798.651000976563;0
2392.769;614.94921875;0
2394.33;751.231323242188;0
2395.892;919.865844726563;0
2397.449;1128.58972167969;0
2399.008;1226.95727539063;0
2400.568;1221.08337402344;0
2402.125;1154.23950195313;0
2403.68;1006.53924560547;0
2405.238;829.453979492188;0
2406.792;944.717041015625;0
2408.349;1062.748046875;0
2409.902;1176.9931640625;0
2411.455;1164.67651367188;0
2413.007;1187.1064453125;0
2414.558;1178.56750488281;0
2416.11;1159.39990234375;0
2417.66;1101.54602050781;0
2419.21;1058.68811035156;0
2420.758;1015.29302978516;0
2422.307;998.141052246094;0
2423.855;941.350219726563;0
2425.402;957.623413085938;0
2426.947;863.437377929688;0
2428.492;955.401611328125;0
2430.038;835.253723144531;0
2431.58;827.0078125;0
2433.124;790.770751953125;0
2434.667;726.834045410156;0
2436.208;796.294128417969;0
2437.75;909.574279785156;0
2439.291;1026.46032714844;0
2440.83;1050.17492675781;0
2442.369;1074.37219238281;0
2443.906;1294.18908691406;0
2445.444;1293.35095214844;0
2446.981;1241.94152832031;0
2448.517;1093.92614746094;0
2450.053;1084.52673339844;0
2451.587;910.293212890625;0
2453.12;1008.59149169922;0
2454.655;989.275207519531;0
2456.187;1059.01123046875;0
2457.718;1028.81201171875;0
2459.25;1047.11853027344;0
2460.781;984.561584472656;0
2462.31;959.64892578125;0
2463.84;1032.70153808594;0
2465.368;1083.09509277344;0
2466.896;978.163146972656;0
2468.423;863.558898925781;0
2469.949;894.721435546875;0
2471.474;974.226318359375;0
2472.998;1054.18640136719;0
2474.522;1037.48461914063;0
2476.045;1086.39807128906;0
2477.568;1162.8740234375;0
2479.09;1148.36010742188;0
2480.612;1180.74267578125;0
2482.132;1072.4638671875;0
2483.653;1113.41394042969;0
2485.171;986.805053710938;0
2486.689;1221.48962402344;0
2488.208;1209.50842285156;0
2489.725;1250.0849609375;0
2491.242;1088.99682617188;0
2492.757;1047.75122070313;0
2494.271;950.457885742188;0
2495.785;869.646728515625;0
2497.3;945.687255859375;0
2498.812;1055.72595214844;0
2500.325;1073.53894042969;0
2501.837;851.571594238281;0
2503.345;595.960021972656;0
2504.856;462.308410644531;0
2506.366;604.498779296875;0
2507.875;822.477600097656;0
2509.382;1007.22772216797;0
2510.889;1014.63739013672;0
2512.397;869.710632324219;0
2513.901;665.89306640625;0
2515.406;570.708679199219;0
2516.911;635.40869140625;0
2518.415;734.18408203125;0
2519.918;749.955627441406;0
2521.421;668.056518554688;0
2522.922;501.816314697266;0
2524.423;366.483367919922;0
2525.924;257.718292236328;0
2527.422;259.569519042969;0
2528.923;257.258911132813;0
2530.419;469.786163330078;0
2531.916;359.719329833984;0
2533.415;495.143585205078;0
2534.909;257.444793701172;0
2536.404;313.986999511719;0
2537.899;112.321228027344;0
2539.394;76.0823059082031;0
2540.887;104.012680053711;0
2542.38;253.004241943359;0
2543.871;325.388763427734;0
2545.363;348.498840332031;0
2546.852;311.668365478516;0
2548.345;261.691802978516;0
2549.833;298.468719482422;0
2551.321;235.17839050293;0
2552.811;416.759399414063;0
2554.296;386.895629882813;0
2555.78;494.699127197266;0
2557.267;362.612518310547;0
2558.752;360.446319580078;0
2560.237;256.286285400391;0
2561.721;294.793518066406;0
2563.203;267.418365478516;0
2564.687;322.440765380859;0
2566.168;358.360992431641;0
2567.648;424.624664306641;0
2569.129;441.678802490234;0
2570.607;495.855773925781;0
2572.086;578.719970703125;0
2573.565;678.489379882813;0
2575.041;701.831909179688;0
2576.518;645.748718261719;0
2577.994;744.90771484375;0
2579.469;829.1982421875;0
2580.945;903.730163574219;0
2582.418;856.72216796875;0
2583.892;865.949340820313;0
2585.365;912.746215820313;0
2586.835;951.447326660156;0
2588.307;897.053955078125;0
2589.778;905.226318359375;0
2591.248;937.28759765625;0
2592.717;1066.56994628906;0
2594.186;1039.96362304688;0
2595.652;1098.24633789063;0
2597.121;1025.31042480469;0
2598.585;1092.04760742188;0
2600.052;1097.123046875;0
2601.518;1043.53540039063;0
2602.982;1082.05847167969;0
2604.446;1009.03112792969;0
2605.907;1183.26513671875;0
2607.371;1090.2861328125;0
2608.83;1250.64990234375;0
2610.293;1252.57580566406;0
2611.752;1335.9560546875;0
2613.213;1289.56848144531;0
2614.672;1266.07995605469;0
2616.13;1330.26818847656;0
2617.587;1363.46752929688;0
2619.043;1464.455078125;0
2620.501;1503.34289550781;0
2621.957;1416.01904296875;0
2623.409;1321.36840820313;0
2624.864;1273.10266113281;0
2626.318;1397.03271484375;0
2627.771;1463.03576660156;0
2629.222;1421.30639648438;0
2630.673;1371.85095214844;0
2632.124;1380.72143554688;0
2633.575;1453.5859375;0
2635.023;1360.11047363281;0
2636.473;1245.4013671875;0
2637.922;1150.85791015625;0
2639.368;1260.31750488281;0
2640.816;1242.87170410156;0
2642.261;1292.07507324219;0
2643.705;1066.5986328125;0
2645.151;1072.22106933594;0
2646.596;957.931762695313;0
2648.037;981.9521484375;0
2649.48;790.170654296875;0
2650.923;753.814025878906;0
2652.364;776.4365234375;0
2653.804;952.592529296875;0
2655.243;986.725280761719;0
2656.683;979.948181152344;0
2658.121;932.259948730469;0
2659.559;831.442626953125;0
2660.997;855.272766113281;0
2662.433;829.415893554688;0
2663.868;930.981811523438;0
2665.305;811.636657714844;0
2666.737;800.604187011719;0
2668.173;835.887634277344;0
2669.606;878.712158203125;0
2671.038;839.859558105469;0
2672.47;689.966125488281;0
2673.901;541.061767578125;0
2675.331;592.7060546875;0
2676.761;655.353637695313;0
2678.189;643.450134277344;0
2679.619;485.218719482422;0
2681.045;354.325958251953;0
2682.473;478.107421875;0
2683.9;532.267578125;0
2685.324;538.825073242187;0
2686.749;610.521850585938;0
2688.176;577.125793457031;0
2689.599;590.229431152344;0
2691.021;457.552825927735;0
2692.444;379.881713867188;0
2693.865;347.105560302735;0
2695.287;270.786529541016;0
2696.707;315.929809570313;0
2698.125;343.868743896485;0
2699.545;380.161346435547;0
2700.963;399.251983642578;0
2702.381;410.253326416016;0
2703.798;495.499633789063;0
2705.214;522.545288085938;0
2706.629;632.169067382813;0
2708.046;668.370239257812;0
2709.458;668.736999511719;0
2710.872;609.561828613281;0
2712.285;628.790283203125;0
2713.699;542.739135742188;0
2715.111;417.645324707031;0
2716.52;261.415466308594;0
2717.93;301.007568359375;0
2719.342;380.84765625;0
2720.749;418.383514404297;0
2722.159;531.616333007813;0
2723.565;613.002075195312;0
2724.971;618.358459472656;0
2726.38;563.685546875;0
2727.785;498.644104003906;0
2729.19;705.088684082031;0
2730.594;811.277770996094;0
2731.997;986.433410644531;0
2733.401;856.998413085938;0
2734.803;864.413757324219;0
2736.204;839.791015625;0
2737.606;983.686096191406;0
2739.005;1061.43322753906;0
2740.405;1054.91931152344;0
2741.806;1105.14294433594;0
2743.202;1029.43591308594;0
2744.602;1059.80187988281;0
2745.998;972.908264160156;0
2747.395;1011.42022705078;0
2748.79;1015.66967773438;0
2750.185;1093.87744140625;0
2751.58;1123.37890625;0
2752.975;1132.28881835937;0
2754.366;1017.27069091797;0
2755.759;1102.86486816406;0
2757.151;1143.35681152344;0
2758.542;1265.7451171875;0
2759.933;1255.85485839844;0
2761.322;1260.64172363281;0
2762.71;1239.15759277344;0
2764.1;1131.12414550781;0
2765.486;1002.13482666016;0
2766.875;922.66748046875;0
2768.26;952.24072265625;0
2769.646;983.296691894531;0
2771.031;970.787109375;0
2772.418;939.123840332031;0
2773.799;999.4169921875;0
2775.184;1197.21142578125;0
2776.565;1328.171875;0
2777.946;1453.40795898438;0
2779.328;1417.9140625;0
2780.708;1401.69018554687;0
2782.09;1343.17785644531;0
2783.469;1372.15441894531;0
2784.847;1313.28381347656;0
2786.226;1348.67687988281;0
2787.603;1330.87121582031;0
2788.978;1351.79223632812;0
2790.355;1285.79516601562;0
2791.731;1269.38745117187;0
2793.104;1316.64306640625;0
2794.479;1277.9990234375;0
2795.853;1170.16027832031;0
2797.225;1079.21606445312;0
2798.596;1056.20739746094;0
2799.967;1090.712890625;0
2801.341;987.34814453125;0
2802.71;898.62890625;0
2804.077;719.001770019531;0
2805.447;741.68212890625;0
2806.815;679.186645507812;0
2808.183;687.516540527344;0
2809.551;540.6767578125;0
2810.915;482.20834350586;0
2812.282;504.717254638672;0
2813.646;616.481262207031;0
2815.011;642.193908691406;0
2816.375;620.186584472656;0
2817.736;520.014282226563;0
2819.099;573.716369628906;0
2820.462;362.585479736328;0
2821.821;363.845367431641;0
2823.182;315.275207519531;0
2824.542;480.876434326172;0
2825.901;610.86767578125;0
2827.261;595.028015136719;0
2828.617;659.139221191406;0
2829.974;503.535919189453;0
2831.33;630.775207519531;0
2832.686;573.33056640625;0
2834.043;671.816833496094;0
2835.395;703.357604980469;0
2836.75;751.664123535156;0
2838.104;837.864318847656;0
2839.456;737.072448730469;0
2840.807;816.306335449219;0
2842.16;743.658508300781;0
2843.509;839.523071289062;0
2844.858;765.323791503906;0
2846.209;699.748413085937;0
2847.556;599.988159179688;0
2848.906;583.349182128906;0
2850.253;647.944519042969;0
2851.6;585.901123046875;0
2852.946;511.066467285156;0
2854.29;361.156311035156;0
2855.635;368.569793701172;0
2856.98;265.346710205078;0
2858.323;306.286926269531;0
2859.665;268.772125244141;0
2861.008;342.757385253906;0
2862.349;357.413360595703;0
2863.691;427.903259277344;0
2865.031;485.449768066406;0
2866.37;529.720275878906;0
2867.709;506.400817871094;0
2869.048;494.676940917969;0
2870.385;497.827392578125;0
2871.722;597.232360839844;0
2873.059;621.858459472656;0
2874.394;684.924682617187;0
2875.73;675.505249023437;0
2877.064;729.974487304688;0
2878.398;611.729309082031;0
2879.731;634.014831542969;0
2881.063;662.661682128906;0
2882.395;752.185668945312;0
2883.727;769.360412597656;0
2885.059;816.629089355469;0
2886.387;870.545959472656;0
2887.717;917.896789550781;0
2889.046;810.450805664063;0
2890.374;781.695556640625;0
2891.699;654.296508789063;0
2893.028;719.276306152344;0
2894.354;711.123352050781;0
2895.679;735.344970703125;0
2897.004;744.34326171875;0
2898.328;809.499389648438;0
2899.653;885.741638183594;0
2900.976;995.847351074219;0
2902.297;1018.23486328125;0
2903.619;1021.64306640625;0
2904.941;984.470275878906;0
2906.26;1031.93530273438;0
2907.58;1037.70153808594;0
2908.898;1006.36694335937;0
2910.217;884.31201171875;0
2911.536;864.3828125;0
2912.852;897.658325195313;0
2914.171;1007.01214599609;0
2915.485;967.042419433594;0
2916.799;1002.77136230469;0
2918.116;956.964050292969;0
2919.428;1010.61309814453;0
2920.743;991.995544433594;0
2922.056;965.846130371094;0
2923.367;1026.56921386719;0
2924.679;996.766174316406;0
2925.99;1050.28503417969;0
2927.299;985.057983398438;0
2928.609;999.009094238281;0
2929.918;1051.40100097656;0
2931.226;1010.82653808594;0
2932.535;1009.73864746094;0
2933.841;899.071838378906;0
2935.149;974.785339355469;0
2936.455;888.9697265625;0
2937.758;944.800170898438;0
2939.064;877.213134765625;0
2940.368;968.815612792969;0
2941.67;987.777954101563;0
2942.973;1037.43334960938;0
2944.277;1026.33728027344;0
2945.577;938.709594726562;0
2946.878;947.105773925781;0
2948.178;982.452758789063;0
2949.477;1030.052734375;0
2950.776;1051.07360839844;0
2952.073;1035.95971679687;0
2953.372;1013.92779541016;0
2954.669;984.366027832031;0
2955.965;965.553466796875;0
2957.261;948.698364257812;0
2958.556;1010.48822021484;0
2959.849;1010.9990234375;0
2961.145;1080.12255859375;0
2962.436;1097.85888671875;0
2963.732;1077.54150390625;0
2965.022;1141.32287597656;0
2966.313;1099.79931640625;0
2967.603;1110.03234863281;0
2968.893;1045.19152832031;0
2970.182;1023.75421142578;0
2971.471;1007.53912353516;0
2972.759;969.705322265625;0
2974.047;1000.73913574219;0
2975.334;1032.10876464844;0
2976.62;1081.37231445313;0
2977.907;948.308532714844;0
2979.192;919.165649414063;0
2980.475;954.253723144531;0
2981.76;1036.01440429688;0
2983.043;1028.67126464844;0
2984.326;939.225158691406;0
2985.607;826.078002929688;0
2986.888;738.399658203125;0
2988.17;825.533264160156;0
2989.449;855.336853027344;0
2990.728;826.699768066406;0
2992.007;720.554077148437;0
2993.284;706.744812011719;0
2994.562;772.105529785156;0
2995.84;748.578308105469;0
2997.115;682.948303222656;0
2998.393;661.363830566406;0
2999.666;550.386108398438;0
3000.94;596.349792480469;0
3002.215;547.700012207031;0
3003.486;484.575653076172;0
3004.76;523.736511230469;0
3006.033;542.536437988281;0
3007.303;558.189575195312;0
3008.573;431.451507568359;0
3009.844;359.356231689453;0
3011.114;444.092895507813;0
3012.383;456.8818359375;0
3013.649;552.16259765625;0
3014.917;441.596801757813;0
3016.185;421.014465332031;0
3017.451;280.911804199219;0
3018.716;319.287902832031;0
3019.983;350.484069824219;0
3021.246;403.831390380859;0
3022.509;484.773529052735;0
3023.774;518.865356445312;0
3025.035;552.773071289062;0
3026.299;466.330657958984;0
3027.56;500.948822021484;0
3028.819;463.357635498047;0
3030.081;418.895538330078;0
3031.339;333.040802001953;0
3032.598;331.218933105469;0
3033.856;312.995727539063;0
3035.114;355.277069091797;0
3036.372;332.508422851563;0
3037.628;403.691711425781;0
3038.883;347.604736328125;0
3040.138;314.197387695313;0
3041.394;351.325408935547;0
3042.646;383.604400634766;0
3043.9;460.163391113281;0
3045.152;470.41390991211;0
3046.405;534.446166992188;0
3047.657;483.814300537109;0
3048.906;526.964416503906;0
3050.158;555.272827148438;0
3051.407;665.9873046875;0
3052.656;559.700927734375;0
3053.904;500.523742675781;0
3055.153;457.824310302734;0
3056.398;534.711791992188;0
3057.647;538.773986816406;0
3058.892;568.188110351563;0
3060.137;632.344543457031;0
3061.382;747.356079101563;0
3062.625;779.113464355469;0
3063.869;701.7294921875;0
3065.112;590.451538085937;0
3066.353;552.967712402344;0
3067.595;670.205383300781;0
3068.838;748.253051757813;0
3070.075;846.033447265625;0
3071.317;868.974731445313;0
3072.557;834.087951660156;0
3073.795;756.807556152344;0
3075.032;752.947021484375;0
3076.27;738.798950195313;0
3077.507;722.708435058594;0
3078.742;678.531799316406;0
3079.978;686.743286132813;0
3081.212;720.761657714844;0
3082.446;652.086791992188;0
3083.681;649.695739746094;0
3084.913;621.147155761719;0
3086.147;668.863037109375;0
3087.38;714.077392578125;0
3088.61;689.779174804687;0
3089.84;702.912536621094;0
3091.071;690.068786621094;0
3092.3;778.488708496094;0
3093.529;834.210815429688;0
3094.755;855.027282714844;0
3095.984;922.268310546875;0
3097.211;865.382751464844;0
3098.438;853.370483398438;0
3099.663;836.119934082031;0
3100.888;811.334106445313;0
3102.112;826.999938964844;0
3103.335;747.248840332031;0
3104.56;775.64111328125;0
3105.782;768.665832519531;0
3107.005;732.344116210938;0
3108.226;689.53271484375;0
3109.447;679.008056640625;0
3110.667;625.492126464844;0
3111.887;704.237365722656;0
3113.104;673.041931152344;0
3114.324;770.021240234375;0
3115.541;747.358581542969;0
3116.758;712.484985351563;0
3117.976;711.657653808594;0
3119.192;702.8974609375;0
3120.408;719.205810546875;0
3121.622;731.830383300781;0
3122.835;673.576477050781;0
3124.05;675.652404785156;0
3125.262;660.90966796875;0
3126.476;768.239501953125;0
3127.687;750.890930175781;0
3128.897;711.916259765625;0
3130.108;729.730163574219;0
3131.319;767.044250488281;0
3132.528;886.134948730469;0
3133.737;831.339172363281;0
3134.945;882.881469726563;0
3136.152;818.318420410156;0
3137.358;838.956420898438;0
3138.565;831.243469238281;0
3139.772;794.830627441406;0
3140.976;753.807312011719;0
3142.18;727.252014160156;0
3143.385;725.29345703125;0
3144.588;659.037963867188;0
3145.79;701.273498535156;0
3146.993;692.435974121094;0
3148.194;743.430419921875;0
3149.395;661.790771484375;0
3150.596;691.993713378906;0
3151.794;667.533081054688;0
3152.994;735.807800292969;0
3154.193;643.122192382813;0
3155.39;601.107116699219;0
3156.587;490.680511474609;0
3157.784;519.643371582031;0
3158.982;505.543212890625;0
3160.177;491.504608154297;0
3161.37;480.197875976563;0
3162.565;479.645202636719;0
3163.759;460.274200439453;0
3164.952;439.26025390625;0
3166.146;431.370056152344;0
3167.337;494.485595703125;0
3168.527;531.602294921875;0
3169.719;597.070434570313;0
3170.91;566.392944335938;0
3172.098;468.2919921875;0
3173.288;367.627410888672;0
3174.475;326.006744384766;0
3175.663;320.1181640625;0
3176.849;336.480651855469;0
3178.037;359.532928466797;0
3179.223;378.602386474609;0
3180.408;385.692504882813;0
3181.592;249.919891357422;0
3182.777;275.400909423828;0
3183.96;258.942504882813;0
3185.143;361.639556884766;0
3186.325;343.472015380859;0
3187.507;396.994293212891;0
3188.688;447.758850097656;0
3189.869;417.320159912109;0
3191.049;304.12158203125;0
3192.228;311.914703369141;0
3193.406;385.406433105469;0
3194.585;457.58154296875;0
3195.763;467.105682373047;0
3196.939;411.977874755859;0
3198.116;525.086853027344;0
3199.292;528.418273925781;0
3200.466;549.526000976563;0
3201.643;551.85546875;0
3202.816;689.184448242188;0
3203.991;831.136169433594;0
3205.161;809.390197753906;0
3206.334;671.782775878906;0
3207.504;692.839721679688;0
3208.677;715.269165039063;0
3209.846;845.695129394531;0
3211.017;848.512084960938;0
3212.187;862.541748046875;0
3213.356;743.647766113281;0
3214.524;719.19189453125;0
3215.69;681.944458007813;0
3216.859;715.1025390625;0
3218.024;725.916625976563;0
3219.189;782.145141601563;0
3220.354;734.252258300781;0
3221.519;715.883728027344;0
3222.682;697.128356933594;0
3223.845;780.265014648438;0
3225.01;816.512084960938;0
3226.171;952.091064453125;0
3227.332;999.990356445313;0
3228.494;1128.65405273438;0
3229.655;1068.45080566406;0
3230.814;1115.13500976562;0
3231.973;1054.8193359375;0
3233.13;1077.16870117188;0
3234.29;1006.17022705078;0
3235.447;958.045349121094;0
3236.605;932.883178710937;0
3237.76;1007.24169921875;0
3238.916;977.703186035156;0
3240.071;989.987670898438;0
3241.224;860.806335449219;0
3242.381;880.26318359375;0
3243.532;839.1171875;0
3244.685;899.12255859375;0
3245.839;860.126098632813;0
3246.99;796.322265625;0
3248.141;775.953552246094;0
3249.292;845.685852050781;0
3250.439;902.895324707031;0
3251.589;890.548461914063;0
3252.739;805.594604492187;0
3253.886;756.370056152344;0
3255.034;734.475463867188;0
3256.18;738.668701171875;0
3257.326;687.728576660156;0
3258.472;696.324035644531;0
3259.617;698.454345703125;0
3260.761;739.118835449219;0
3261.905;737.103881835938;0
3263.048;712.072998046875;0
3264.19;665.685485839844;0
3265.333;758.056884765625;0
3266.475;839.647888183594;0
3267.617;941.906433105469;0
3268.757;881.943908691406;0
3269.896;887.093994140625;0
3271.036;862.570007324219;0
3272.175;865.384216308594;0
3273.313;821.454284667969;0
3274.449;857.142700195313;0
3275.586;775.894165039062;0
3276.722;824.9423828125;0
3277.859;792.341491699219;0
3278.993;860.029113769531;0
3280.13;748.777160644531;0
3281.263;744.121765136719;0
3282.395;812.179077148438;0
3283.529;905.366821289063;0
3284.66;994.310241699219;0
3285.794;945.088745117187;0
3286.924;914.583312988281;0
3288.054;846.201416015625;0
3289.185;796.323364257812;0
3290.313;710.931701660156;0
3291.443;665.074645996094;0
3292.571;724.892456054688;0
3293.698;777.389221191406;0
3294.824;783.243286132813;0
3295.952;690.011108398438;0
3297.077;638.546752929688;0
3298.203;650.307922363281;0
3299.328;706.749145507813;0
3300.45;846.894287109375;0
3301.574;820.484130859375;0
3302.698;774.961364746094;0
3303.819;666.113464355469;0
3304.942;681.880493164063;0
3306.064;690.995971679688;0
3307.182;775.015014648438;0
3308.303;702.832397460938;0
3309.423;724.4814453125;0
3310.542;635.476501464844;0
3311.66;623.464172363281;0
3312.778;600.07373046875;0
3313.895;608.280822753906;0
3315.012;647.428771972656;0
3316.128;562.131286621094;0
3317.243;594.539794921875;0
3318.357;584.495056152344;0
3319.471;669.357604980469;0
3320.586;626.155212402344;0
3321.698;694.7568359375;0
3322.813;703.741333007813;0
3323.923;714.777770996094;0
3325.034;748.860229492188;0
3326.146;756.869689941406;0
3327.255;764.657043457031;0
3328.366;696.774719238281;0
3329.474;655.620666503906;0
3330.582;639.705993652344;0
3331.691;591.914794921875;0
3332.797;704.126831054688;0
3333.905;740.653198242188;0
3335.011;730.501281738281;0
3336.116;621.558227539063;0
3337.22;555.17578125;0
3338.327;628.071105957031;0
3339.429;563.83544921875;0
3340.534;552.802673339844;0
3341.635;561.733154296875;0
3342.737;542.870361328125;0
3343.84;563.426208496094;0
3344.94;461.514892578125;0
3346.041;508.427368164063;0
3347.142;485.777465820313;0
3348.24;480.48095703125;0
3349.337;493.91748046875;0
3350.437;445.271820068359;0
3351.534;450.239227294922;0
3352.633;459.058746337891;0
3353.727;466.212768554688;0
3354.823;474.258575439453;0
3355.919;513.403747558594;0
3357.013;596.096618652344;0
3358.108;605.966674804688;0
3359.201;668.697204589844;0
3360.293;610.289184570313;0
3361.385;662.186767578125;0
3362.478;605.276000976563;0
3363.569;661.971618652344;0
3364.661;648.187072753906;0
3365.75;635.217163085938;0
3366.838;582.83935546875;0
3367.929;545.447631835938;0
3369.017;568.700012207031;0
3370.105;612.354370117188;0
3371.193;685.090393066406;0
3372.279;716.901245117188;0
3373.364;770.084655761719;0
3374.45;737.888366699219;0
3375.534;660.265502929688;0
3376.62;677.325378417969;0
3377.704;683.936767578125;0
3378.786;703.559936523438;0
3379.871;703.373596191406;0
3380.951;673.549133300781;0
3382.034;635.94482421875;0
3383.114;581.969177246094;0
3384.195;641.828002929688;0
3385.276;711.721130371094;0
3386.354;742.535278320313;0
3387.433;712.023742675781;0
3388.511;674.000305175781;0
3389.588;660.929565429688;0
3390.664;684.286071777344;0
3391.742;694.343627929688;0
3392.816;710.253662109375;0
3393.893;732.496459960938;0
3394.968;728.676940917969;0
3396.042;724.22900390625;0
3397.115;723.763000488281;0
3398.189;784.449401855469;0
3399.262;778.141418457031;0
3400.333;796.373168945313;0
3401.404;792.036987304687;0
3402.474;778.3017578125;0
3403.545;753.5009765625;0
3404.615;746.892211914063;0
3405.685;810.604431152344;0
3406.752;903.25341796875;0
3407.82;886.504150390625;0
3408.888;896.222290039063;0
3409.955;753.067687988281;0
3411.021;743.091003417969;0
3412.085;666.552307128906;0
3413.151;698.66552734375;0
3414.215;663.161987304688;0
3415.279;716.153747558594;0
3416.343;713.996520996094;0
3417.406;721.599548339844;0
3418.468;649.649597167969;0
3419.53;600.929382324219;0
3420.592;621.872436523438;0
3421.652;641.478881835938;0
3422.712;685.583251953125;0
3423.773;654.931030273438;0
3424.83;670.865417480469;0
3425.889;733.38525390625;0
3426.946;746.24072265625;0
3428.005;761.1787109375;0
3429.061;781.408752441406;0
3430.117;831.875305175781;0
3431.172;793.299987792969;0
3432.227;760.237976074219;0
3433.281;686.776306152344;0
3434.335;666.642944335938;0
3435.389;604.631896972656;0
3436.44;713.8203125;0
3437.492;808.125061035156;0
3438.546;828.600769042969;0
3439.598;801.158325195313;0
3440.646;742.551940917969;0
3441.697;768.380310058594;0
3442.745;741.912902832031;0
3443.793;816.352111816406;0
3444.842;756.724426269531;0
3445.891;771.453247070313;0
3446.937;725.81005859375;0
3447.984;791.590454101563;0
3449.031;765.106567382813;0
3450.075;780.120361328125;0
3451.12;798.664611816406;0
3452.164;789.615417480469;0
3453.207;776.767944335938;0
3454.251;679.382385253906;0
3455.293;709.74072265625;0
3456.336;676.284912109375;0
3457.378;709.78564453125;0
3458.417;696.484313964844;0
3459.458;679.683410644531;0
3460.498;677.9560546875;0
3461.539;638.535278320312;0
3462.577;623.858215332031;0
3463.614;599.127990722656;0
3464.651;681.444030761719;0
3465.689;673.068542480469;0
3466.726;644.295227050781;0
3467.763;574.819519042969;0
3468.798;545.759582519531;0
3469.831;546.160888671875;0
3470.866;534.783935546875;0
3471.9;559.071472167969;0
3472.933;525.371704101562;0
3473.966;483.733428955078;0
3474.999;483.911560058594;0
3476.029;498.851806640625;0
3477.061;512.517395019531;0
3478.09;458.163360595703;0
3479.121;463.623229980469;0
3480.15;471.295104980469;0
3481.178;444.995758056641;0
3482.205;505.381622314453;0
3483.234;457.147583007813;0
3484.26;569.216064453125;0
3485.288;548.724792480469;0
3486.313;541.85205078125;0
3487.337;494.74609375;0
3488.364;456.356262207031;0
3489.387;546.842407226562;0
3490.411;574.470947265625;0
3491.434;610.169067382812;0
3492.456;500.749237060547;0
3493.479;441.063812255859;0
3494.5;417.349609375;0
3495.521;353.070251464844;0
3496.543;257.6884765625;0
3497.561;190.957046508789;0
3498.579;153.556198120117;0
3499.6;179.605804443359;0
3500.618;66.5796356201172;0
3501.636;16.0798072814941;0
3502.653;-13.8929357528687;0
3503.669;-4.14599370956421;0
3504.685;0.441395431756973;0
3505.699;-38.4811401367188;0
3506.716;-93.1524276733398;0
3507.729;-92.0712966918945;0
3508.743;-87.5416641235352;0
3509.755;-44.9097213745117;0
