98.64605;0;0
101.2353;0;0
103.8217;0;0
106.4096;-16;0
108.9945;-20.3999996185303;0
111.5767;22.7777786254883;0
114.1602;56.0740737915039;0
116.7409;58.5454559326172;0
119.3209;-2.91452980041504;0
121.9002;1.51851856708527;0
124.4788;41.6470603942871;0
127.0566;71.4269027709961;0
129.6317;41.9735450744629;0
132.2038;-31.2995166778564;0
134.7796;-2.88000011444092;0
137.3503;28.3374481201172;0
139.9204;65.455940246582;0
142.4919;155.616485595703;0
145.0584;220.764312744141;0
147.6242;251.526977539063;0
150.1914;310.705718994141;0
152.7579;338.2763671875;0
155.3216;382.582641601563;0
157.8846;410.702850341797;0
160.4448;398.291351318359;0
163.0085;456.912536621094;0
165.5672;399.766448974609;0
168.1232;397.583892822266;0
170.6826;408.941314697266;0
173.2372;440.880798339844;0
175.7931;563.323608398438;0
178.3463;633.794738769531;0
180.8966;755.527282714844;0
183.4504;744.178894042969;0
185.9993;713.007507324219;0
188.5476;636.981140136719;0
191.0972;690.461547851563;0
193.644;717.883911132813;0
196.1859;761.427856445313;0
198.7335;712.905517578125;0
201.2761;724.392211914063;0
203.8201;753.436157226563;0
206.3593;783.553527832031;0
208.8998;804.107299804688;0
211.4397;825.173034667969;0
213.9746;852.018737792969;0
216.5109;903.213623046875;0
219.0487;923.39453125;0
221.5816;943.668884277344;0
224.1158;968.361938476563;0
226.6473;1016.00860595703;0
229.176;1010.29321289063;0
231.7082;1064.66833496094;0
234.2355;1108.89831542969;0
236.7643;1209.02160644531;0
239.2902;1193.89282226563;0
241.8133;1137.80285644531;0
244.3379;1034.14074707031;0
246.8618;1010.68902587891;0
249.3828;920.684509277344;0
251.9053;980.245971679688;0
254.423;974.123901367188;0
256.942;1029.60437011719;0
259.4603;1003.7109375;0
261.9759;963.738952636719;0
264.4887;939.797424316406;0
267.005;945.145446777344;0
269.5164;1009.41162109375;0
272.0292;1084.18286132813;0
274.5393;1114.81701660156;0
277.0466;1126.3916015625;0
279.5574;1118.93041992188;0
282.0654;1136.97570800781;0
284.5686;1119.82006835938;0
287.0752;1231.17858886719;0
289.5791;1262.55529785156;0
292.0803;1243.96813964844;0
294.5828;1085.56188964844;0
297.0826;1112.36987304688;0
299.5838;1088.81323242188;0
302.0801;1072.16149902344;0
304.5758;966.031127929688;0
307.0749;955.947570800781;0
309.5672;959.092346191406;0
312.0608;924.275146484375;0
314.5558;863.292419433594;0
317.044;860.621459960938;0
319.5377;830.273559570313;0
322.0266;919.836242675781;0
324.5127;901.124816894531;0
327.0023;990.612426757813;0
329.4871;975.180358886719;0
331.9691;1025.96484375;0
334.4547;1033.98608398438;0
336.9353;1056.33605957031;0
339.4174;1071.16528320313;0
341.901;1080.96533203125;0
344.3776;1064.67224121094;0
346.8577;1113.1416015625;0
349.333;1135.44885253906;0
351.8076;1168.58862304688;0
354.2857;1136.45288085938;0
356.7569;1081.08776855469;0
359.2296;1031.59826660156;0
361.7015;983.146057128906;0
364.1729;1037.10583496094;0
366.6414;1054.95849609375;0
369.1093;1089.9736328125;0
371.5745;1007.01867675781;0
374.0432;994.265319824219;0
376.507;952.663940429688;0
378.9702;971.730041503906;0
381.4348;968.40771484375;0
383.8947;933.710754394531;0
386.3538;979.85400390625;0
388.8144;1041.36682128906;0
391.2722;1103.58044433594;0
393.7314;1090.23840332031;0
396.1859;1102.90698242188;0
398.6418;1202.99072265625;0
401.0949;1299.9169921875;0
403.5475;1301.22241210938;0
405.9972;1283.56091308594;0
408.4505;1229.16882324219;0
410.899;1250.00671386719;0
413.3468;1202.1064453125;0
415.796;1303.50073242188;0
418.2405;1282.21667480469;0
420.6884;1283.98095703125;0
423.1295;1140.96228027344;0
425.572;1078.21740722656;0
428.0159;1058.07946777344;0
430.455;1059.27209472656;0
432.8956;1080.26721191406;0
435.3335;1042.4296875;0
437.7707;973.457458496094;0
440.2093;958.261108398438;0
442.6432;923.088073730469;0
445.0764;1011.45623779297;0
447.511;953.739807128906;0
449.9429;1021.97821044922;0
452.3721;987.713623046875;0
454.8048;1010.57989501953;0
457.2328;966.2822265625;0
459.66;940.310180664063;0
462.0847;926.841247558594;0
464.5127;1002.98553466797;0
466.9381;1088.90734863281;0
469.3587;1158.11108398438;0
471.7807;1116.57873535156;0
474.2042;1086.48425292969;0
476.6229;1128.66821289063;0
479.041;1177.9794921875;0
481.4604;1111.76623535156;0
483.8752;1079.06457519531;0
486.2934;1070.00793457031;0
488.7068;1089.76342773438;0
491.1197;1066.88854980469;0
493.5339;1013.38885498047;0
495.9435;973.090454101563;0
498.3544;890.235290527344;0
500.7667;892.415649414063;0
503.1723;951.707092285156;0
505.5793;1036.54296875;0
507.9856;1003.56182861328;0
510.3913;980.793212890625;0
512.7944;893.073791503906;0
515.1968;832.568237304688;0
517.5986;733.154113769531;0
519.9997;742.715881347656;0
522.3982;765.358032226563;0
524.798;763.410400390625;0
527.1973;755.681213378906;0
529.5919;825.298828125;0
531.9899;849.126831054688;0
534.3832;918.899291992188;0
536.7758;911.518493652344;0
539.1699;979.543762207031;0
541.5593;898.96435546875;0
543.9481;888.923828125;0
546.3382;916.497985839844;0
548.7257;1003.63092041016;0
551.1146;1009.97735595703;0
553.4968;968.926086425781;0
555.8824;964.106140136719;0
558.2675;978.509460449219;0
560.6478;1020.54486083984;0
563.0295;1006.70275878906;0
565.4106;930.428833007813;0
567.7911;935.280578613281;0
570.169;853.248962402344;0
572.5462;902.562072753906;0
574.9229;857.861022949219;0
577.2968;830.509643554688;0
579.6721;810.06201171875;0
582.0449;757.078979492188;0
584.417;763.348388671875;0
586.7885;768.810302734375;0
589.1553;824.219970703125;0
591.5255;884.472717285156;0
593.8931;793.63427734375;0
596.2601;759.654602050781;0
598.6265;706.030395507813;0
600.9902;769.364929199219;0
603.3554;783.512817382813;0
605.7179;847.935974121094;0
608.0778;840.403076171875;0
610.4391;795.278015136719;0
612.7977;745.835632324219;0
615.1558;785.309814453125;0
617.5132;884.029968261719;0
619.8701;883.335266113281;0
622.2263;849.3251953125;0
624.5779;863.631225585938;0
626.9308;957.94580078125;0
629.2852;1051.76232910156;0
631.6349;1138.57104492188;0
633.9841;1220.51489257813;0
636.3326;1232.23767089844;0
638.6805;1172.63317871094;0
641.0279;1118.87927246094;0
643.3746;1125.11364746094;0
645.7187;1202.62133789063;0
648.0621;1220.97937011719;0
650.405;1176.33984375;0
652.7453;1103.591796875;0
655.087;1120.55603027344;0
657.426;1101.85424804688;0
659.7645;1030.83544921875;0
662.1024;986.390380859375;0
664.4376;1005.19879150391;0
666.7742;1079.08190917969;0
669.1063;1057.84948730469;0
671.4398;1080.95495605469;0
673.7726;1042.83679199219;0
676.1048;1029.50964355469;0
678.4324;970.415893554688;0
680.7635;943.64013671875;0
683.0919;919.222534179688;0
685.4158;934.925231933594;0
687.743;948.954162597656;0
690.0696;996.809143066406;0
692.3937;976.4990234375;0
694.7151;984.559020996094;0
697.038;1016.00402832031;0
699.3583;971.086303710938;0
701.6779;969.647033691406;0
703.995;901.684020996094;0
706.3155;989.94775390625;0
708.6294;1057.60510253906;0
710.9467;1051.67419433594;0
713.2594;1057.98999023438;0
715.5735;960.773559570313;0
717.887;1021.88775634766;0
720.1979;1018.54132080078;0
722.5083;1128.39001464844;0
724.818;1076.67993164063;0
727.1252;1077.50903320313;0
729.4357;979.725341796875;0
731.7418;1031.23547363281;0
734.0452;998.634765625;0
736.35;1010.22235107422;0
738.6522;962.165588378906;0
740.9539;953.088317871094;0
743.2569;948.596374511719;0
745.5554;966.669372558594;0
747.8553;957.62890625;0
750.1545;949.13916015625;0
752.4513;982.225158691406;0
754.7474;912.949157714844;0
757.043;890.204284667969;0
759.336;832.891479492188;0
761.6304;862.609130859375;0
763.9222;817.266906738281;0
766.2114;649.869384765625;0
768.5041;570.480834960938;0
770.7922;586.81591796875;0
773.0777;670.538513183594;0
775.3647;703.405151367188;0
777.651;748.9765625;0
779.9368;760.437866210938;0
782.22;790.469787597656;0
784.5026;812.669372558594;0
786.7847;790.592834472656;0
789.0662;803.864562988281;0
791.3451;757.869201660156;0
793.6254;798.947204589844;0
795.9012;872.372741699219;0
798.1784;969.380981445313;0
800.455;1026.08996582031;0
802.7291;1066.91833496094;0
805.0026;1006.40533447266;0
807.2755;1054.55773925781;0
809.5478;989.371032714844;0
811.8176;1014.04028320313;0
814.0869;1081.63269042969;0
816.3535;1146.76293945313;0
818.6235;1284.59716796875;0
820.8911;1292.35864257813;0
823.156;1370.83911132813;0
825.4204;1248.85974121094;0
827.6823;1276.21350097656;0
829.9474;1261.05859375;0
832.2082;1302.7900390625;0
834.4683;1223.27563476563;0
836.7279;1218.51489257813;0
838.9869;1142.28649902344;0
841.2453;1174.50476074219;0
843.5012;1188.08447265625;0
845.7565;1249.10205078125;0
848.0133;1216.87451171875;0
850.2655;1216.06689453125;0
852.5153;1240.14831542969;0
854.7703;1209.68798828125;0
857.0189;1046.236328125;0
859.2668;955.424682617188;0
861.5182;909.916809082031;0
863.7651;966.606750488281;0
866.0114;913.883911132813;0
868.2592;807.153076171875;0
870.5024;773.671508789063;0
872.7451;809.622680664063;0
874.9872;898.596374511719;0
877.2307;839.670104980469;0
879.4717;824.395812988281;0
881.7101;719.336242675781;0
883.95;742.202941894531;0
886.1854;679.403564453125;0
888.4202;738.171081542969;0
890.6604;735.470886230469;0
892.8941;747.510559082031;0
895.1253;799.285034179688;0
897.3599;929.7861328125;0
899.59;928.059509277344;0
901.8195;900.126281738281;0
904.0504;829.682373046875;0
906.2789;928.955322265625;0
908.5087;960.09375;0
910.7341;1012.7998046875;0
912.9589;981.169921875;0
915.1851;1024.2587890625;0
917.4088;1012.00573730469;0
919.63;1019.70092773438;0
921.8526;974.604797363281;0
924.0727;1022.72698974609;0
926.2922;1104.10339355469;0
928.5112;1162.68029785156;0
930.7277;1048.00109863281;0
932.9476;899.61962890625;0
935.163;810.920715332031;0
937.3739;673.439575195313;0
939.5901;729.84765625;0
941.8019;671.241271972656;0
944.0151;719.585815429688;0
946.2258;649.868835449219;0
948.4341;622.075134277344;0
950.6456;662.165710449219;0
952.8527;567.368957519531;0
955.0593;566.663513183594;0
957.2653;457.554107666016;0
959.4689;514.575378417969;0
961.6738;448.474731445313;0
963.8782;403.330047607422;0
966.0782;340.898986816406;0
968.2815;335.18310546875;0
970.4803;451.409301757813;0
972.6787;521.580993652344;0
974.8784;580.059692382813;0
977.0757;514.926818847656;0
979.2704;539.071350097656;0
981.4667;553.165954589844;0
983.6603;591.546691894531;0
985.8535;632.210388183594;0
988.0461;648.499267578125;0
990.2363;759.929748535156;0
992.4297;739.50830078125;0
994.6169;883.168273925781;0
996.8035;970.819030761719;0
998.9933;1137.33020019531;0
1001.179;1138.94567871094;0
1003.364;1147.01330566406;0
1005.55;1050.57067871094;0
1007.732;1210.4755859375;0
1009.916;1233.21960449219;0
1012.096;1372.98974609375;0
1014.275;1288.04223632813;0
1016.459;1310.13781738281;0
1018.636;1337.02758789063;0
1020.813;1355.92907714844;0
1022.991;1385.63452148438;0
1025.165;1322.03430175781;0
1027.34;1301.24755859375;0
1029.515;1247.67248535156;0
1031.687;1191.73400878906;0
1033.859;1248.88049316406;0
1036.03;1168.02124023438;0
1038.199;1166.58264160156;0
1040.369;1074.30786132813;0
1042.536;1159.36682128906;0
1044.704;1159.63549804688;0
1046.87;1115.77136230469;0
1049.034;999.772155761719;0
1051.198;857.753295898438;0
1053.363;770.388366699219;0
1055.526;748.823608398438;0
1057.686;831.721496582031;0
1059.845;861.633911132813;0
1062.005;911.398193359375;0
1064.165;924.708862304688;0
1066.323;899.899169921875;0
1068.477;772.226196289063;0
1070.634;784.675537109375;0
1072.788;744.296691894531;0
1074.942;800.603820800781;0
1077.096;777.167419433594;0
1079.247;982.03857421875;0
1081.397;1051.46813964844;0
1083.547;1092.32299804688;0
1085.695;1032.69689941406;0
1087.844;1051.9892578125;0
1089.992;1032.31005859375;0
1092.138;1038.55712890625;0
1094.284;1009.36779785156;0
1096.425;1034.87585449219;0
1098.571;980.4521484375;0
1100.711;982.765380859375;0
1102.851;992.529968261719;0
1104.994;1028.08227539063;0
1107.132;1041.34338378906;0
1109.271;996.777954101563;0
1111.408;1079.1484375;0
1113.543;1135.23168945313;0
1115.682;1265.71752929688;0
1117.816;1172.29992675781;0
1119.947;1109.08422851563;0
1122.08;1015.24816894531;0
1124.213;1099.53771972656;0
1126.343;1097.87231445313;0
1128.474;1093.45397949219;0
1130.602;1046.16223144531;0
1132.728;1005.32897949219;0
1134.856;1000.27227783203;0
1136.982;857.166809082031;0
1139.109;905.937194824219;0
1141.234;1022.49212646484;0
1143.356;1150.12377929688;0
1145.479;1054.40173339844;0
1147.599;828.256591796875;0
1149.719;814.5576171875;0
1151.839;895.433532714844;0
1153.957;974.896423339844;0
1156.076;830.056884765625;0
1158.191;810.266845703125;0
1160.305;798.677856445313;0
1162.423;882.252258300781;0
1164.536;930.432800292969;0
1166.647;893.97021484375;0
1168.761;952.865844726563;0
1170.871;965.94873046875;0
1172.983;1069.00695800781;0
1175.092;1154.73681640625;0
1177.2;1201.21350097656;0
1179.306;1175.16162109375;0
1181.413;1107.32470703125;0
1183.518;1190.86303710938;0
1185.623;1170.84228515625;0
1187.725;1154.75671386719;0
1189.826;1067.35473632813;0
1191.929;1178.390625;0
1194.032;1229.82580566406;0
1196.13;1178.70422363281;0
1198.23;1157.35729980469;0
1200.327;1236.77380371094;0
1202.423;1279.38879394531;0
1204.52;1253.26196289063;0
1206.613;1110.47216796875;0
1208.71;1101.93005371094;0
1210.801;1124.57043457031;0
1212.892;1277.97387695313;0
1214.987;1301.73706054688;0
1217.075;1341.63513183594;0
1219.166;1232.47814941406;0
1221.256;1192.57788085938;0
1223.342;1176.29772949219;0
1225.43;1198.6376953125;0
1227.515;1237.89379882813;0
1229.597;1177.09338378906;0
1231.685;1156.42907714844;0
1233.767;1106.54528808594;0
1235.85;1148.04907226563;0
1237.931;1188.63598632813;0
1240.009;1161.77734375;0
1242.09;1070.7080078125;0
1244.168;1072.91918945313;0
1246.245;1158.3681640625;0
1248.321;1317.27978515625;0
1250.397;1325.11022949219;0
1252.472;1252.41271972656;0
1254.547;1076.85278320313;0
1256.618;997.550048828125;0
1258.69;999.213745117188;0
1260.761;1172.64587402344;0
1262.83;1135.5625;0
1264.901;1167.64685058594;0
1266.969;1028.66320800781;0
1269.035;1021.50134277344;0
1271.102;1100.82104492188;0
1273.167;1046.09289550781;0
1275.233;1073.47619628906;0
1277.295;1043.67431640625;0
1279.359;1075.12890625;0
1281.42;1046.81799316406;0
1283.482;915.808349609375;0
1285.542;868.69091796875;0
1287.6;898.059692382813;0
1289.659;934.652282714844;0
1291.714;1095.18762207031;0
1293.774;1264.35729980469;0
1295.828;1277.38732910156;0
1297.881;1196.47436523438;0
1299.936;1098.98754882813;0
1301.987;1181.23413085938;0
1304.041;1351.26184082031;0
1306.09;1371.50720214844;0
1308.139;1368.3525390625;0
1310.19;1198.798828125;0
1312.238;1155.95861816406;0
1314.286;1128.9345703125;0
1316.331;1177.01928710938;0
1318.376;1254.80224609375;0
1320.422;1281.43005371094;0
1322.466;1287.78515625;0
1324.508;1324.98229980469;0
1326.549;1310.58239746094;0
1328.59;1277.25659179688;0
1330.632;1034.32568359375;0
1332.67;1017.50360107422;0
1334.707;1028.12951660156;0
1336.746;1195.83190917969;0
1338.78;1168.16748046875;0
1340.816;1187.91430664063;0
1342.852;977.737854003906;0
1344.885;973.345581054688;0
1346.916;817.511108398438;0
1348.948;999.282836914063;0
1350.979;926.689514160156;0
1353.011;959.396545410156;0
1355.04;931.518310546875;0
1357.066;887.242919921875;0
1359.094;915.211853027344;0
1361.121;785.480285644531;0
1363.145;807.825561523438;0
1365.171;785.978637695313;0
1367.192;764.762451171875;0
1369.216;725.296875;0
1371.239;604.892028808594;0
1373.258;618.787109375;0
1375.28;600.036743164063;0
1377.298;540.669738769531;0
1379.316;485.036499023438;0
1381.335;449.894073486328;0
1383.35;529.304931640625;0
1385.366;546.044738769531;0
1387.38;590.223815917969;0
1389.394;620.285766601563;0
1391.409;596.904296875;0
1393.42;554.077697753906;0
1395.43;614.299377441406;0
1397.44;693.663635253906;0
1399.451;675.888305664063;0
1401.458;487.004425048828;0
1403.466;324.011260986328;0
1405.472;396.132354736328;0
1407.478;494.994903564453;0
1409.483;711.445922851563;0
1411.486;773.764221191406;0
1413.49;886.546325683594;0
1415.492;777.175048828125;0
1417.492;670.223510742188;0
1419.495;599.403869628906;0
1421.494;597.570678710938;0
1423.492;622.014404296875;0
1425.49;754.475646972656;0
1427.487;770.952880859375;0
1429.482;882.62451171875;0
1431.477;798.250183105469;0
1433.471;920.733520507813;0
1435.466;890.1787109375;0
1437.456;917.646484375;0
1439.447;866.524230957031;0
1441.441;935.86474609375;0
1443.427;1002.52679443359;0
1445.417;1142.31726074219;0
1447.406;1188.83386230469;0
1449.392;1121.74536132813;0
1451.381;1090.5009765625;0
1453.365;1037.32421875;0
1455.348;1051.10241699219;0
1457.333;980.835205078125;0
1459.314;944.07666015625;0
1461.296;935.494079589844;0
1463.276;754.976989746094;0
1465.256;684.747497558594;0
1467.237;627.858459472656;0
1469.215;764.252868652344;0
1471.19;878.263977050781;0
1473.167;1048.2236328125;0
1475.145;1109.23999023438;0
1477.118;1086.09008789063;0
1479.092;1067.99621582031;0
1481.065;1018.73718261719;0
1483.038;896.984191894531;0
1485.008;797.623657226563;0
1486.979;762.322326660156;0
1488.949;806.746826171875;0
1490.917;706.769104003906;0
1492.883;654.778991699219;0
1494.852;576.0751953125;0
1496.817;600.457092285156;0
1498.782;628.828674316406;0
1500.748;617.650817871094;0
1502.708;607.145629882813;0
1504.673;637.534912109375;0
1506.634;603.488647460938;0
1508.594;518.560668945313;0
1510.554;477.748016357422;0
1512.512;569.128784179688;0
1514.471;706.280151367188;0
1516.428;660.134094238281;0
1518.384;692.105834960938;0
1520.34;559.973937988281;0
1522.294;554.850341796875;0
1524.249;519.404235839844;0
1526.202;664.637390136719;0
1528.153;697.112854003906;0
1530.103;740.825561523438;0
1532.054;630.385009765625;0
1534.004;666.884887695313;0
1535.951;678.728332519531;0
1537.899;607.920166015625;0
1539.847;606.679077148438;0
1541.793;483.782775878906;0
1543.738;524.453552246094;0
1545.681;484.290740966797;0
1547.625;487.534881591797;0
1549.566;485.648590087891;0
1551.509;447.387603759766;0
1553.45;474.597900390625;0
1555.389;489.982086181641;0
1557.33;505.709167480469;0
1559.266;471.800598144531;0
1561.204;511.890075683594;0
1563.141;398.711151123047;0
1565.074;400.706298828125;0
1567.009;393.201934814453;0
1568.943;489.862884521484;0
1570.877;475.244689941406;0
1572.808;372.125122070313;0
1574.741;308.281951904297;0
1576.67;271.603424072266;0
1578.6;256.976409912109;0
1580.528;376.957946777344;0
1582.455;398.881378173828;0
1584.382;486.968994140625;0
1586.307;459.554046630859;0
1588.234;565.300537109375;0
1590.157;466.210327148438;0
1592.081;416.396057128906;0
1594.002;341.414428710938;0
1595.927;358.153076171875;0
1597.845;322.052093505859;0
1599.767;243.00032043457;0
1601.685;206.553268432617;0
1603.602;143.156753540039;0
1605.523;144.296829223633;0
1607.438;321.327087402344;0
1609.354;382.076049804688;0
1611.269;449.352447509766;0
1613.181;354.695190429688;0
1615.096;409.309722900391;0
1617.008;337.308380126953;0
1618.92;321.803894042969;0
1620.83;267.127410888672;0
1622.74;330.281341552734;0
1624.649;266.265899658203;0
1626.557;186.448883056641;0
1628.464;276.183288574219;0
1630.37;407.572937011719;0
1632.275;603.711303710938;0
1634.18;582.686096191406;0
1636.085;634.940795898438;0
1637.988;726.474060058594;0
1639.888;713.949462890625;0
1641.791;724.362121582031;0
1643.691;677.489685058594;0
1645.588;634.999755859375;0
1647.489;658.560180664063;0
1649.387;620.056884765625;0
1651.284;775.59716796875;0
1653.18;725.182250976563;0
1655.075;759.924377441406;0
1656.972;790.492614746094;0
1658.864;930.775756835938;0
1660.754;975.776245117188;0
1662.65;939.268981933594;0
1664.539;853.919921875;0
1666.428;854.062744140625;0
1668.32;819.810363769531;0
1670.207;918.832580566406;0
1672.096;937.244506835938;0
1673.982;905.046203613281;0
1675.867;784.459777832031;0
1677.754;808.818603515625;0
1679.638;853.678283691406;0
1681.52;817.038757324219;0
1683.403;687.455688476563;0
1685.285;485.151153564453;0
1687.166;434.680786132813;0
1689.048;423.377899169922;0
1690.924;470.464752197266;0
1692.804;534.382629394531;0
1694.682;607.464965820313;0
1696.558;638.044982910156;0
1698.435;590.678283691406;0
1700.308;410.809265136719;0
1702.184;378.102111816406;0
1704.057;408.555267333984;0
1705.929;408.056457519531;0
1707.801;441.716796875;0
1709.674;322.314056396484;0
1711.542;415.737152099609;0
1713.412;344.430541992188;0
1715.28;344.503936767578;0
1717.145;218.582412719727;0
1719.015;285.312377929688;0
1720.88;205.863967895508;0
1722.746;204.899261474609;0
1724.61;123.194519042969;0
1726.471;226.854019165039;0
1728.334;154.326705932617;0
1730.197;182.775588989258;0
1732.057;192.872024536133;0
1733.919;270.002807617188;0
1735.777;238.504028320313;0
1737.634;211.931579589844;0
1739.493;306.545440673828;0
1741.349;327.599914550781;0
1743.205;257.114898681641;0
1745.061;231.116394042969;0
1746.915;198.714340209961;0
1748.77;358.241882324219;0
1750.621;450.030181884766;0
1752.473;596.74462890625;0
1754.323;575.718444824219;0
1756.173;426.284210205078;0
1758.022;340.662872314453;0
1759.87;302.075531005859;0
1761.718;333.521026611328;0
1763.566;346.442596435547;0
1765.411;433.061340332031;0
1767.256;450.263763427734;0
1769.101;482.60546875;0
1770.945;426.30615234375;0
1772.787;577.699157714844;0
1774.629;582.560546875;0
1776.469;735.111999511719;0
1778.309;657.907531738281;0
1780.15;632.054992675781;0
1781.987;560.994812011719;0
1783.826;466.282592773438;0
1785.662;619.473876953125;0
1787.498;627.235290527344;0
1789.334;729.233520507813;0
1791.169;735.468627929688;0
1793.002;704.829406738281;0
1794.834;712.093688964844;0
1796.667;621.817016601563;0
1798.498;727.332763671875;0
1800.328;743.640869140625;0
1802.157;721.741394042969;0
1803.986;693.078674316406;0
1805.813;699.763916015625;0
1807.639;757.618225097656;0
1809.467;746.843078613281;0
1811.292;754.013732910156;0
1813.117;787.643493652344;0
1814.94;826.732299804688;0
1816.763;779.724548339844;0
1818.585;760.620361328125;0
1820.407;594.975158691406;0
1822.227;560.900146484375;0
1824.048;539.617858886719;0
1825.865;530.677917480469;0
1827.683;482.868469238281;0
1829.501;415.634124755859;0
1831.317;403.422698974609;0
1833.135;515.790100097656;0
1834.948;353.297576904297;0
1836.761;201.272766113281;0
1838.577;103.551490783691;0
1840.388;234.238998413086;0
1842.198;339.391784667969;0
1844.009;333.561462402344;0
1845.819;327.860778808594;0
1847.629;271.183746337891;0
1849.436;182.305389404297;0
1851.244;177.779037475586;0
1853.052;215.824203491211;0
1854.858;200.774230957031;0
1856.661;161.739273071289;0
1858.466;323.052642822266;0
1860.269;445.046722412109;0
1862.073;453.388153076172;0
1863.875;349.521362304688;0
1865.673;362.113037109375;0
1867.476;384.496520996094;0
1869.275;317.561065673828;0
1871.072;352.197204589844;0
1872.872;428.293853759766;0
1874.667;465.962127685547;0
1876.464;380.424194335938;0
1878.26;283.90234375;0
1880.053;256.618743896484;0
1881.849;227.129623413086;0
1883.64;276.213562011719;0
1885.431;309.427001953125;0
1887.226;388.104034423828;0
1889.014;355.355865478516;0
1890.803;469.515747070313;0
1892.594;545.030639648438;0
1894.38;631.234802246094;0
1896.167;527.795654296875;0
1897.955;419.269561767578;0
1899.74;378.990753173828;0
1901.526;348.626739501953;0
1903.309;403.956085205078;0
1905.091;331.090789794922;0
1906.876;379.698303222656;0
1908.658;236.779495239258;0
1910.438;230.557418823242;0
1912.217;93.8098983764648;0
1913.996;53.1607780456543;0
1915.775;22.9648208618164;0
1917.553;154.091583251953;0
1919.33;262.472320556641;0
1921.106;253.440368652344;0
1922.881;315.995727539063;0
1924.655;324.582855224609;0
1926.431;372.646179199219;0
1928.202;125.630226135254;0
1929.974;5.20504999160767;0
1931.746;52.0942344665527;0
1933.516;147.866516113281;0
1935.286;237.256011962891;0
1937.055;157.789047241211;0
1938.823;308.361877441406;0
1940.592;270.380279541016;0
1942.356;272.373779296875;0
1944.122;252.627410888672;0
1945.888;349.363403320313;0
1947.651;364.470611572266;0
1949.416;226.954681396484;0
1951.178;193.748962402344;0
1952.939;217.552749633789;0
1954.699;301.681091308594;0
1956.459;342.843078613281;0
1958.219;379.927520751953;0
1959.979;435.934478759766;0
1961.735;440.716369628906;0
1963.491;510.310852050781;0
1965.249;413.940826416016;0
1967.003;488.501770019531;0
1968.761;527.664306640625;0
1970.512;637.762573242188;0
1972.265;677.130004882813;0
1974.018;552.321655273438;0
1975.769;504.558227539063;0
1977.522;468.950744628906;0
1979.271;515.943664550781;0
1981.018;487.982574462891;0
1982.766;290.513519287109;0
1984.516;306.203186035156;0
1986.261;309.717529296875;0
1988.009;458.166900634766;0
1989.754;359.329193115234;0
1991.498;363.537170410156;0
1993.241;386.350677490234;0
1994.984;505.105590820313;0
1996.727;439.578063964844;0
1998.468;350.878814697266;0
2000.206;344.784790039063;0
2001.946;455.408294677734;0
2003.686;419.415130615234;0
2005.424;293.250823974609;0
2007.161;266.470062255859;0
2008.898;360.627624511719;0
2010.634;500.278228759766;0
2012.369;519.421020507813;0
2014.103;622.278625488281;0
2015.836;602.737426757813;0
2017.57;696.688537597656;0
2019.299;633.131225585938;0
2021.032;684.177185058594;0
2022.762;693.826416015625;0
2024.491;693.856750488281;0
2026.221;641.490295410156;0
2027.947;588.060485839844;0
2029.676;533.01171875;0
2031.403;607.67724609375;0
2033.128;567.611328125;0
2034.852;525.766723632813;0
2036.577;395.009674072266;0
2038.299;354.606872558594;0
2040.022;357.477203369141;0
2041.744;354.947296142578;0
2043.465;303.166778564453;0
2045.184;328.939819335938;0
2046.903;340.093505859375;0
2048.621;374.963531494141;0
2050.339;328.216552734375;0
2052.057;222.513687133789;0
2053.774;165.140197753906;0
2055.488;96.169563293457;0
2057.203;173.84455871582;0
2058.917;140.346450805664;0
2060.631;163.56494140625;0
2062.344;104.277809143066;0
2064.053;165.586486816406;0
2065.765;143.499435424805;0
2067.476;236.794448852539;0
2069.185;265.800018310547;0
2070.892;334.293212890625;0
2072.6;155.918121337891;0
2074.308;221.194396972656;0
2076.014;229.071075439453;0
2077.72;324.214904785156;0
2079.425;241.071899414063;0
2081.13;172.754058837891;0
2082.833;218.593551635742;0
2084.532;196.958526611328;0
2086.236;222.009902954102;0
2087.936;244.970733642578;0
2089.635;334.286285400391;0
2091.335;369.649719238281;0
2093.034;349.617889404297;0
2094.731;337.771881103516;0
2096.427;370.609222412109;0
2098.124;468.795654296875;0
2099.82;509.219635009766;0
2101.515;664.103454589844;0
2103.207;662.222778320313;0
2104.902;776.688781738281;0
2106.594;744.943969726563;0
2108.286;788.545104980469;0
2109.976;855.164001464844;0
2111.667;918.467346191406;0
2113.355;998.494018554688;0
2115.044;890.902648925781;0
2116.732;771.743896484375;0
2118.42;621.399047851563;0
2120.105;686.209045410156;0
2121.79;832.395141601563;0
2123.476;1053.40173339844;0
2125.16;963.784240722656;0
2126.844;932.216125488281;0
2128.524;813.360229492188;0
2130.207;905.86279296875;0
2131.888;966.566528320313;0
2133.567;962.646850585938;0
2135.247;985.46435546875;0
2136.927;942.761596679688;0
2138.603;1001.48266601563;0
2140.281;917.914794921875;0
2141.957;924.279357910156;0
2143.633;920.685424804688;0
2145.308;1003.46636962891;0
2146.981;986.736206054688;0
2148.654;1006.90405273438;0
2150.328;871.785766601563;0
2152;834.821716308594;0
2153.669;696.787536621094;0
2155.34;743.237487792969;0
2157.01;690.393005371094;0
2158.677;754.034362792969;0
2160.347;858.992065429688;0
2162.013;830.208435058594;0
2163.681;879.840759277344;0
2165.347;804.924682617188;0
2167.011;882.311584472656;0
2168.674;761.594604492188;0
2170.337;722.020202636719;0
2172.002;693.833679199219;0
2173.662;829.851623535156;0
2175.324;839.013854980469;0
2176.985;796.209289550781;0
2178.645;601.369384765625;0
2180.304;605.374450683594;0
2181.961;600.966430664063;0
2183.618;684.999938964844;0
2185.275;682.428161621094;0
2186.932;750.920959472656;0
2188.586;839.656616210938;0
2190.242;829.418762207031;0
2191.896;682.258056640625;0
2193.547;539.544982910156;0
2195.2;542.104248046875;0
2196.851;640.61767578125;0
2198.502;627.002319335938;0
2200.153;609.896606445313;0
2201.799;615.070861816406;0
2203.447;645.651184082031;0
2205.097;607.96337890625;0
2206.742;622.895141601563;0
2208.391;629.996948242188;0
2210.035;723.233581542969;0
2211.679;728.046325683594;0
2213.324;728.136962890625;0
2214.966;735.432922363281;0
2216.608;789.131958007813;0
2218.252;858.196472167969;0
2219.89;806.183837890625;0
2221.531;847.09521484375;0
2223.172;833.487915039063;0
2224.809;853.022155761719;0
2226.449;770.149780273438;0
2228.086;784.427978515625;0
2229.72;813.392761230469;0
2231.358;809.935180664063;0
2232.992;805.801879882813;0
2234.625;742.916259765625;0
2236.26;783.038391113281;0
2237.893;847.980285644531;0
2239.524;990.805480957031;0
2241.156;911.137573242188;0
2242.785;872.18408203125;0
2244.416;715.609008789063;0
2246.044;802.55712890625;0
2247.672;855.883850097656;0
2249.301;944.150451660156;0
2250.926;993.9814453125;0
2252.554;825.970397949219;0
2254.177;841.650756835938;0
2255.803;830.713684082031;0
2257.427;959.996520996094;0
2259.051;940.335510253906;0
2260.671;716.286193847656;0
2262.294;617.611389160156;0
2263.914;601.497497558594;0
2265.533;824.111145019531;0
2267.153;875.869812011719;0
2268.773;976.993591308594;0
2270.392;875.630249023438;0
2272.006;852.478271484375;0
2273.624;722.024291992188;0
2275.239;700.363342285156;0
2276.854;756.948547363281;0
2278.468;755.289245605469;0
2280.084;819.55126953125;0
2281.695;762.733825683594;0
2283.305;777.081665039063;0
2284.919;683.249572753906;0
2286.527;635.4541015625;0
2288.14;631.862487792969;0
2289.748;642.21240234375;0
2291.354;668.06689453125;0
2292.964;629.743469238281;0
2294.569;665.435180664063;0
2296.174;620.725158691406;0
2297.782;640.731079101563;0
2299.386;669.376220703125;0
2300.99;690.820434570313;0
2302.594;709.650451660156;0
2304.195;694.296691894531;0
2305.798;739.683044433594;0
2307.399;617.551086425781;0
2308.998;612.205200195313;0
2310.598;603.558288574219;0
2312.197;726.361755371094;0
2313.795;729.867919921875;0
2315.392;851.630493164063;0
2316.988;931.981628417969;0
2318.585;949.475036621094;0
2320.18;777.290649414063;0
2321.774;661.463256835938;0
2323.368;567.891845703125;0
2324.961;544.836242675781;0
2326.553;497.500946044922;0
2328.145;535.311584472656;0
2329.735;572.378967285156;0
2331.324;633.554138183594;0
2332.916;604.959167480469;0
2334.503;597.173889160156;0
2336.092;496.060607910156;0
2337.677;573.065368652344;0
2339.263;646.042358398438;0
2340.85;748.907958984375;0
2342.434;729.334594726563;0
2344.018;558.530639648438;0
2345.602;493.22021484375;0
2347.185;423.910949707031;0
2348.768;570.400451660156;0
2350.347;663.327026367188;0
2351.928;705.577392578125;0
2353.51;714.484130859375;0
2355.087;597.15185546875;0
2356.665;470.509674072266;0
2358.243;289.407867431641;0
2359.819;352.41552734375;0
2361.396;482.104736328125;0
2362.972;536.24462890625;0
2364.547;467.128875732422;0
2366.121;443.503509521484;0
2367.694;567.039916992188;0
2369.267;585.43798828125;0
2370.839;430.307983398438;0
2372.411;389.023864746094;0
2373.982;462.024932861328;0
2375.55;586.74560546875;0
2377.118;440.386199951172;0
2378.687;351.832092285156;0
2380.254;424.832550048828;0
2381.821;556.837280273438;0
2383.387;561.709228515625;0
2384.954;570.005737304688;0
2386.516;614.393249511719;0
2388.082;710.762573242188;0
2389.644;680.891357421875;0
2391.209;596.336975097656;0
2392.769;474.717681884766;0
2394.33;492.326568603516;0
2395.892;606.066650390625;0
2397.449;704.796203613281;0
2399.008;803.18310546875;0
2400.568;800.335388183594;0
2402.125;751.808410644531;0
2403.68;644.490356445313;0
2405.238;662.169616699219;0
2406.792;713.540161132813;0
2408.349;735.101989746094;0
2409.902;752.100952148438;0
2411.455;701.302673339844;0
2413.007;740.993469238281;0
2414.558;721.521301269531;0
2416.11;710.162292480469;0
2417.66;731.722534179688;0
2419.21;689.817687988281;0
2420.758;822.244506835938;0
2422.307;793.337036132813;0
2423.855;778.563781738281;0
2425.402;771.898193359375;0
2426.947;689.0341796875;0
2428.492;731.042236328125;0
2430.038;594.125305175781;0
2431.58;669.968566894531;0
2433.124;639.203002929688;0
2434.667;623.594970703125;0
2436.208;566.768615722656;0
2437.75;674.155212402344;0
2439.291;753.927307128906;0
2440.83;828.003112792969;0
2442.369;809.971435546875;0
2443.906;838.166625976563;0
2445.444;828.922973632813;0
2446.981;756.866821289063;0
2448.517;760.856567382813;0
2450.053;738.941589355469;0
2451.587;683.568908691406;0
2453.12;819.529724121094;0
2454.655;770.944580078125;0
2456.187;842.396484375;0
2457.718;761.162414550781;0
2459.25;804.53173828125;0
2460.781;751.557373046875;0
2462.31;696.234008789063;0
2463.84;713.47216796875;0
2465.368;679.436828613281;0
2466.896;644.358032226563;0
2468.423;550.229553222656;0
2469.949;700.442199707031;0
2471.474;767.440734863281;0
2472.998;890.111206054688;0
2474.522;754.786376953125;0
2476.045;754.90966796875;0
2477.568;787.704345703125;0
2479.09;852.169494628906;0
2480.612;856.4169921875;0
2482.132;808.000366210938;0
2483.653;807.80224609375;0
2485.171;785.043884277344;0
2486.689;885.457824707031;0
2488.208;909.644104003906;0
2489.725;989.935119628906;0
2491.242;913.778686523438;0
2492.757;901.398010253906;0
2494.271;868.794250488281;0
2495.785;860.957702636719;0
2497.3;833.306701660156;0
2498.812;899.674560546875;0
2500.325;773.373046875;0
2501.837;740.859191894531;0
2503.345;491.555755615234;0
2504.856;571.519714355469;0
2506.366;606.815673828125;0
2507.875;701.665649414063;0
2509.382;686.733764648438;0
2510.889;607.784545898438;0
2512.397;571.164184570313;0
2513.901;484.631134033203;0
2515.406;535.381164550781;0
2516.911;525.876159667969;0
2518.415;515.012878417969;0
2519.918;407.287963867188;0
2521.421;369.383483886719;0
2522.922;375.084564208984;0
2524.423;466.390808105469;0
2525.924;447.465240478516;0
2527.422;404.157623291016;0
2528.923;358.576904296875;0
2530.419;423.350769042969;0
2531.916;446.557312011719;0
2533.415;449.417785644531;0
2534.909;347.820068359375;0
2536.404;303.699951171875;0
2537.899;266.003692626953;0
2539.394;284.772796630859;0
2540.887;315.453033447266;0
2542.38;330.796630859375;0
2543.871;244.914733886719;0
2545.363;227.668884277344;0
2546.852;208.782928466797;0
2548.345;242.476715087891;0
2549.833;175.080520629883;0
2551.321;109.208992004395;0
2552.811;192.349685668945;0
2554.296;248.748947143555;0
2555.78;220.27278137207;0
2557.267;201.440246582031;0
2558.752;283.479431152344;0
2560.237;292.081390380859;0
2561.721;271.247100830078;0
2563.203;240.421951293945;0
2564.687;397.495788574219;0
2566.168;439.247314453125;0
2567.648;479.677520751953;0
2569.129;481.120635986328;0
2570.607;481.356597900391;0
2572.086;538.502624511719;0
2573.565;551.892333984375;0
2575.041;598.637878417969;0
2576.518;637.517944335938;0
2577.994;754.413513183594;0
2579.469;771.436645507813;0
2580.945;776.281494140625;0
2582.418;570.151611328125;0
2583.892;607.045837402344;0
2585.365;583.392517089844;0
2586.835;752.331970214844;0
2588.307;792.289733886719;0
2589.778;708.042114257813;0
2591.248;661.691223144531;0
2592.717;628.46044921875;0
2594.186;721.130554199219;0
2595.652;716.257141113281;0
2597.121;673.620483398438;0
2598.585;737.011413574219;0
2600.052;792.1962890625;0
2601.518;721.834533691406;0
2602.982;682.757934570313;0
2604.446;695.168395996094;0
2605.907;876.504211425781;0
2607.371;828.630187988281;0
2608.83;890.211120605469;0
2610.293;871.2412109375;0
2611.752;841.403564453125;0
2613.213;774.583801269531;0
2614.672;779.265808105469;0
2616.13;871.066955566406;0
2617.587;921.21923828125;0
2619.043;1017.61254882813;0
2620.501;956.683410644531;0
2621.957;954.318420410156;0
2623.409;824.488159179688;0
2624.864;950.516357421875;0
2626.318;985.756408691406;0
2627.771;1113.11706542969;0
2629.222;1139.90014648438;0
2630.673;1163.04870605469;0
2632.124;1118.45275878906;0
2633.575;1134.41577148438;0
2635.023;1057.65100097656;0
2636.473;1054.65881347656;0
2637.922;985.771728515625;0
2639.368;1007.18853759766;0
2640.816;886.890502929688;0
2642.261;848.122863769531;0
2643.705;734.368225097656;0
2645.151;762.177124023438;0
2646.596;675.192565917969;0
2648.037;664.525390625;0
2649.48;602.285766601563;0
2650.923;661.47265625;0
2652.364;712.418640136719;0
2653.804;686.901489257813;0
2655.243;638.254943847656;0
2656.683;581.033752441406;0
2658.121;556.681335449219;0
2659.559;569.975219726563;0
2660.997;666.692199707031;0
2662.433;751.72021484375;0
2663.868;790.845703125;0
2665.305;654.402099609375;0
2666.737;643.692504882813;0
2668.173;640.572814941406;0
2669.606;663.545104980469;0
2671.038;652.081115722656;0
2672.47;541.776062011719;0
2673.901;506.123291015625;0
2675.331;576.236022949219;0
2676.761;573.123229980469;0
2678.189;566.006958007813;0
2679.619;401.44091796875;0
2681.045;343.760559082031;0
2682.473;350.562072753906;0
2683.9;388.931518554688;0
2685.324;363.077911376953;0
2686.749;403.039154052734;0
2688.176;374.171112060547;0
2689.599;481.978088378906;0
2691.021;399.960021972656;0
2692.444;506.387878417969;0
2693.865;537.152221679688;0
2695.287;493.147735595703;0
2696.707;447.808532714844;0
2698.125;302.820159912109;0
2699.545;403.506011962891;0
2700.963;386.757293701172;0
2702.381;461.351837158203;0
2703.798;499.178436279297;0
2705.214;517.356384277344;0
2706.629;510.034973144531;0
2708.046;503.793243408203;0
2709.458;412.12646484375;0
2710.872;445.270141601563;0
2712.285;448.314208984375;0
2713.699;450.669647216797;0
2715.111;387.442108154297;0
2716.52;313.897888183594;0
2717.93;286.935394287109;0
2719.342;352.954284667969;0
2720.749;364.585205078125;0
2722.159;469.131195068359;0
2723.565;560.037414550781;0
2724.971;573.520751953125;0
2726.38;593.801147460938;0
2727.785;442.430389404297;0
2729.19;538.629760742188;0
2730.594;472.064849853516;0
2731.997;622.178588867188;0
2733.401;523.082458496094;0
2734.803;580.442260742188;0
2736.204;557.592712402344;0
2737.606;699.6474609375;0
2739.005;795.829711914063;0
2740.405;735.254333496094;0
2741.806;624.587036132813;0
2743.202;573.605590820313;0
2744.602;708.642395019531;0
2745.998;796.030883789063;0
2747.395;778.215881347656;0
2748.79;739.863586425781;0
2750.185;731.532043457031;0
2751.58;757.606811523438;0
2752.975;726.473937988281;0
2754.366;728.344360351563;0
2755.759;868.592590332031;0
2757.151;882.299560546875;0
2758.542;892.705078125;0
2759.933;872.102783203125;0
2761.322;940.623596191406;0
2762.71;988.381042480469;0
2764.1;897.817504882813;0
2765.486;778.020629882813;0
2766.875;807.864624023438;0
2768.26;784.715698242188;0
2769.646;789.538024902344;0
2771.031;760.974792480469;0
2772.418;778.076293945313;0
2773.799;856.454833984375;0
2775.184;903.618591308594;0
2776.565;878.569152832031;0
2777.946;915.3056640625;0
2779.328;904.157348632813;0
2780.708;1006.88916015625;0
2782.09;1036.84411621094;0
2783.469;1051.02124023438;0
2784.847;1079.30847167969;0
2786.226;1067.56176757813;0
2787.603;1060.18139648438;0
2788.978;1005.16040039063;0
2790.355;916.605651855469;0
2791.731;812.511535644531;0
2793.104;840.976989746094;0
2794.479;858.334899902344;0
2795.853;846.200988769531;0
2797.225;854.746154785156;0
2798.596;813.144714355469;0
2799.967;810.304138183594;0
2801.341;672.891052246094;0
2802.71;624.555236816406;0
2804.077;509.441345214844;0
2805.447;448.994812011719;0
2806.815;411.776489257813;0
2808.183;381.010955810547;0
2809.551;361.590850830078;0
2810.915;375.327484130859;0
2812.282;413.412445068359;0
2813.646;372.513336181641;0
2815.011;320.316192626953;0
2816.375;311.465026855469;0
2817.736;329.196624755859;0
2819.099;356.052429199219;0
2820.462;301.918914794922;0
2821.821;342.570068359375;0
2823.182;325.229095458984;0
2824.542;375.007080078125;0
2825.901;433.86083984375;0
2827.261;492.518005371094;0
2828.617;536.088684082031;0
2829.974;434.237976074219;0
2831.33;446.631683349609;0
2832.686;415.918823242188;0
2834.043;440.68798828125;0
2835.395;467.347778320313;0
2836.75;527.714599609375;0
2838.104;601.974304199219;0
2839.456;572.22119140625;0
2840.807;686.272644042969;0
2842.16;682.695495605469;0
2843.509;736.474182128906;0
2844.858;575.341979980469;0
2846.209;540.969543457031;0
2847.556;381.802398681641;0
2848.906;354.273132324219;0
2850.253;426.630523681641;0
2851.6;485.316986083984;0
2852.946;550.443359375;0
2854.29;417.897308349609;0
2855.635;406.570709228516;0
2856.98;331.643981933594;0
2858.323;329.4794921875;0
2859.665;337.819213867188;0
2861.008;241.959442138672;0
2862.349;339.233489990234;0
2863.691;357.808013916016;0
2865.031;488.587768554688;0
2866.37;466.516357421875;0
2867.709;427.637481689453;0
2869.048;337.030242919922;0
2870.385;371.36734008789;0
2871.722;401.474365234375;0
2873.059;576.129089355469;0
2874.394;525.998291015625;0
2875.73;618.734252929688;0
2877.064;594.611755371094;0
2878.398;635.595458984375;0
2879.731;623.067443847656;0
2881.063;564.280883789063;0
2882.395;554.359375;0
2883.727;601.975830078125;0
2885.059;689.350769042969;0
2886.387;708.484130859375;0
2887.717;644.153747558594;0
2889.046;625.803955078125;0
2890.374;658.179992675781;0
2891.699;681.989624023438;0
2893.028;687.231872558594;0
2894.354;683.344665527344;0
2895.679;665.267639160156;0
2897.004;734.506530761719;0
2898.328;724.844909667969;0
2899.653;815.161376953125;0
2900.976;802.353210449219;0
2902.297;792.8564453125;0
2903.619;769.389465332031;0
2904.941;689.525756835938;0
2906.26;696.780212402344;0
2907.58;696.830017089844;0
2908.898;709.209899902344;0
2910.217;813.997375488281;0
2911.536;752.909057617188;0
2912.852;825.990966796875;0
2914.171;788.806274414063;0
2915.485;852.900146484375;0
2916.799;905.25341796875;0
2918.116;905.362487792969;0
2919.428;834.230163574219;0
2920.743;766.073913574219;0
2922.056;755.0087890625;0
2923.367;836.410461425781;0
2924.679;757.479248046875;0
2925.99;772.698181152344;0
2927.299;861.27978515625;0
2928.609;944.197204589844;0
2929.918;996.452697753906;0
2931.226;897.602966308594;0
2932.535;912.313781738281;0
2933.841;801.378540039063;0
2935.149;737.138061523438;0
2936.455;669.46923828125;0
2937.758;690.296508789063;0
2939.064;688.767883300781;0
2940.368;712.438903808594;0
2941.67;726.809509277344;0
2942.973;786.420104980469;0
2944.277;853.247314453125;0
2945.577;858.400634765625;0
2946.878;904.658325195313;0
2948.178;890.897216796875;0
2949.477;935.122802734375;0
2950.776;914.007995605469;0
2952.073;905.803771972656;0
2953.372;900.8330078125;0
2954.669;860.674926757813;0
2955.965;801.589172363281;0
2957.261;803.730163574219;0
2958.556;803.854064941406;0
2959.849;909.8525390625;0
2961.145;907.970275878906;0
2962.436;967.4296875;0
2963.732;938.7861328125;0
2965.022;937.614135742188;0
2966.313;973.642578125;0
2967.603;944.569519042969;0
2968.893;969.276916503906;0
2970.182;926.876708984375;0
2971.471;828.244140625;0
2972.759;759.181762695313;0
2974.047;650.558776855469;0
2975.334;718.3798828125;0
2976.62;668.544311523438;0
2977.907;710.821411132813;0
2979.192;707.219787597656;0
2980.475;700.353637695312;0
2981.76;625.248352050781;0
2983.043;626.771118164062;0
2984.326;604.466064453125;0
2985.607;654.020446777344;0
2986.888;589.69140625;0
2988.17;665.221740722656;0
2989.449;555.186706542969;0
2990.728;621.024047851562;0
2992.007;576.614135742188;0
2993.284;657.926940917969;0
2994.562;525.90869140625;0
2995.84;453.665710449219;0
2997.115;406.612640380859;0
2998.393;433.535278320313;0
2999.666;393.880035400391;0
3000.94;406.537292480469;0
3002.215;418.395721435547;0
3003.486;439.233764648437;0
3004.76;363.940612792969;0
3006.033;372.406707763672;0
3007.303;410.684753417969;0
3008.573;431.24560546875;0
3009.844;403.074890136719;0
3011.114;355.597564697266;0
3012.383;387.737182617188;0
3013.649;316.958862304688;0
3014.917;206.817108154297;0
3016.185;217.088943481445;0
3017.451;211.218414306641;0
3018.716;235.539916992187;0
3019.983;167.942947387695;0
3021.246;287.651519775391;0
3022.509;376.334838867187;0
3023.774;439.120361328125;0
3025.035;358.785430908203;0
3026.299;358.550323486328;0
3027.56;361.496704101563;0
3028.819;356.094390869141;0
3030.081;311.711578369141;0
3031.339;199.325256347656;0
3032.598;237.863021850586;0
3033.856;204.427810668945;0
3035.114;314.334228515625;0
3036.372;284.331481933594;0
3037.628;317.531555175781;0
3038.883;251.71322631836;0
3040.138;258.176727294922;0
3041.394;292.2216796875;0
3042.646;387.80337524414;0
3043.9;363.586700439453;0
3045.152;356.125640869141;0
3046.405;295.305877685547;0
3047.657;359.072662353515;0
3048.906;402.475616455078;0
3050.158;390.848876953125;0
3051.407;450.525573730469;0
3052.656;413.728729248047;0
3053.904;530.791320800781;0
3055.153;469.93505859375;0
3056.398;536.157531738281;0
3057.647;482.01513671875;0
3058.892;565.398559570313;0
3060.137;577.642028808594;0
3061.382;599.85498046875;0
3062.625;490.483825683594;0
3063.869;462.42788696289;0
3065.112;431.944183349609;0
3066.353;491.347625732422;0
3067.595;517.501098632813;0
3068.838;606.291320800781;0
3070.075;682.498229980469;0
3071.317;662.681335449219;0
3072.557;645.731750488281;0
3073.795;578.315368652344;0
3075.032;621.208984375;0
3076.27;646.014221191406;0
3077.507;679.85791015625;0
3078.742;670.89697265625;0
3079.978;647.572937011719;0
3081.212;606.497924804687;0
3082.446;551.201293945313;0
3083.681;501.235961914063;0
3084.913;457.767486572266;0
3086.147;484.079498291016;0
3087.38;557.263427734375;0
3088.61;629.430358886719;0
3089.84;670.468933105469;0
3091.071;608.711853027344;0
3092.3;619.686218261719;0
3093.529;694.446411132813;0
3094.755;714.009155273438;0
3095.984;782.834289550781;0
3097.211;727.19921875;0
3098.438;765.439819335937;0
3099.663;670.178649902344;0
3100.888;646.658325195313;0
3102.112;537.500122070312;0
3103.335;566.324829101563;0
3104.56;527.598266601563;0
3105.782;619.302185058594;0
3107.005;602.655517578125;0
3108.226;643.65869140625;0
3109.447;697.090087890625;0
3110.667;713.505065917969;0
3111.887;736.060119628906;0
3113.104;703.128845214844;0
3114.324;703.418762207031;0
3115.541;661.13720703125;0
3116.758;648.37353515625;0
3117.976;568.374206542969;0
3119.192;613.364013671875;0
3120.408;545.123474121094;0
3121.622;647.656555175781;0
3122.835;624.184692382813;0
3124.05;623.746704101563;0
3125.262;582.329528808594;0
3126.476;564.019409179688;0
3127.687;649.818054199219;0
3128.897;629.397705078125;0
3130.108;650.536254882812;0
3131.319;563.902404785156;0
3132.528;534.496154785156;0
3133.737;514.100036621094;0
3134.945;570.602478027344;0
3136.152;580.894104003906;0
3137.358;501.862121582031;0
3138.565;465.83984375;0
3139.772;444.938262939453;0
3140.976;474.827117919922;0
3142.18;435.063598632813;0
3143.385;448.092681884766;0
3144.588;494.910858154297;0
3145.79;542.659423828125;0
3146.993;555.699462890625;0
3148.194;496.377227783203;0
3149.395;467.765777587891;0
3150.596;428.285858154297;0
3151.794;468.828735351563;0
3152.994;419.393310546875;0
3154.193;490.200256347656;0
3155.39;444.025604248047;0
3156.587;450.086975097656;0
3157.784;401.160827636719;0
3158.982;404.8017578125;0
3160.177;427.45523071289;0
3161.37;408.729949951172;0
3162.565;438.576599121094;0
3163.759;411.800079345703;0
3164.952;408.790557861328;0
3166.146;403.866394042969;0
3167.337;463.193145751953;0
3168.527;477.760528564453;0
3169.719;363.117980957031;0
3170.91;262.974761962891;0
3172.098;167.086318969727;0
3173.288;255.128524780273;0
3174.475;241.964981079102;0
3175.663;269.487701416016;0
3176.849;245.918853759766;0
3178.037;250.511627197266;0
3179.223;266.099884033203;0
3180.408;271.934814453125;0
3181.592;267.227478027344;0
3182.777;247.930648803711;0
3183.96;194.572769165039;0
3185.143;223.491912841797;0
3186.325;214.715560913086;0
3187.507;314.152496337891;0
3188.688;330.001586914063;0
3189.869;416.040649414063;0
3191.049;381.938507080078;0
3192.228;383.916595458984;0
3193.406;306.308166503906;0
3194.585;319.666870117188;0
3195.763;417.784301757813;0
3196.939;468.907531738281;0
3198.116;478.282104492188;0
3199.292;429.748229980469;0
3200.466;464.882202148438;0
3201.643;519.620056152344;0
3202.816;596.243469238281;0
3203.991;616.526123046875;0
3205.161;552.072509765625;0
3206.334;549.225646972656;0
3207.504;558.559326171875;0
3208.677;634.258911132812;0
3209.846;665.043090820313;0
3211.017;697.402526855469;0
3212.187;636.06787109375;0
3213.356;536.582397460938;0
3214.524;552.465759277344;0
3215.69;551.977478027344;0
3216.859;599.533996582031;0
3218.024;539.408874511719;0
3219.189;610.180541992187;0
3220.354;632.052978515625;0
3221.519;677.912841796875;0
3222.682;660.476928710937;0
3223.845;649.13720703125;0
3225.01;686.003601074219;0
3226.171;800.430480957031;0
3227.332;831.182495117187;0
3228.494;780.259094238281;0
3229.655;685.993103027344;0
3230.814;723.109680175781;0
3231.973;730.768432617187;0
3233.13;824.192016601563;0
3234.29;767.081176757813;0
3235.447;779.351379394531;0
3236.605;682.301940917969;0
3237.76;730.754333496094;0
3238.916;683.818786621094;0
3240.071;758.860656738281;0
3241.224;689.435485839844;0
3242.381;711.775329589844;0
3243.532;612.165344238281;0
3244.685;656.960144042969;0
3245.839;635.16748046875;0
3246.99;631.582702636719;0
3248.141;624.291748046875;0
3249.292;659.377868652344;0
3250.439;712.07373046875;0
3251.589;607.494140625;0
3252.739;598.860046386719;0
3253.886;493.098083496094;0
3255.034;597.320556640625;0
3256.18;561.162231445312;0
3257.326;593.028930664063;0
3258.472;540.033264160156;0
3259.617;576.064758300781;0
3260.761;579.6796875;0
3261.905;643.322448730469;0
3263.048;663.143676757813;0
3264.19;664.873413085937;0
3265.333;663.187377929688;0
3266.475;619.804138183594;0
3267.617;670.841918945313;0
3268.757;653.20947265625;0
3269.896;716.5595703125;0
3271.036;722.763916015625;0
3272.175;696.04833984375;0
3273.313;684.02099609375;0
3274.449;669.832214355469;0
3275.586;660.066284179688;0
3276.722;644.014892578125;0
3277.859;622.431823730469;0
3278.993;592.845397949219;0
3280.13;603.641357421875;0
3281.263;605.776611328125;0
3282.395;680.662536621094;0
3283.529;667.198608398438;0
3284.66;752.853454589844;0
3285.794;774.407043457031;0
3286.924;823.329895019531;0
3288.054;768.74267578125;0
3289.185;731.192321777344;0
3290.313;660.935913085938;0
3291.443;616.472595214844;0
3292.571;582.251708984375;0
3293.698;626.143371582031;0
3294.824;719.272827148438;0
3295.952;686.375183105469;0
3297.077;672.281311035156;0
3298.203;574.851440429687;0
3299.328;612.554504394531;0
3300.45;608.723022460938;0
3301.574;607.322814941406;0
3302.698;524.297912597656;0
3303.819;546.270202636719;0
3304.942;520.516357421875;0
3306.064;582.596069335938;0
3307.182;568.142822265625;0
3308.303;548.742370605469;0
3309.423;545.49560546875;0
3310.542;507.295104980469;0
3311.66;520.023315429688;0
3312.778;490.897247314453;0
3313.895;468.424407958984;0
3315.012;414.35595703125;0
3316.128;418.246459960938;0
3317.243;426.227813720703;0
3318.357;449.387115478516;0
3319.471;445.059997558594;0
3320.586;393.470886230469;0
3321.698;480.956481933594;0
3322.813;534.552307128906;0
3323.923;568.136840820313;0
3325.034;584.466796875;0
3326.146;577.545532226563;0
3327.255;591.839294433594;0
3328.366;555.937866210938;0
3329.474;558.248657226563;0
3330.582;520.385925292969;0
3331.691;546.255432128906;0
3332.797;483.444854736328;0
3333.905;501.437896728516;0
3335.011;418.194732666016;0
3336.116;414.348968505859;0
3337.22;414.593048095703;0
3338.327;424.453826904297;0
3339.429;428.981536865234;0
3340.534;415.33642578125;0
3341.635;410.940795898438;0
3342.737;376.670684814453;0
3343.84;365.83154296875;0
3344.94;353.9609375;0
3346.041;361.274810791016;0
3347.142;376.943817138672;0
3348.24;383.374267578125;0
3349.337;418.538726806641;0
3350.437;404.308898925781;0
3351.534;367.101684570313;0
3352.633;380.421813964844;0
3353.727;381.704833984375;0
3354.823;462.962982177734;0
3355.919;471.670043945313;0
3357.013;508.713562011719;0
3358.108;459.394165039063;0
3359.201;507.382843017578;0
3360.293;479.786651611328;0
3361.385;457.409729003906;0
3362.478;464.444183349609;0
3363.569;511.267150878906;0
3364.661;609.484130859375;0
3365.75;521.119445800781;0
3366.838;486.622436523438;0
3367.929;495.002990722656;0
3369.017;550.585693359375;0
3370.105;576.966796875;0
3371.193;561.422119140625;0
3372.279;510.218231201172;0
3373.364;502.399383544922;0
3374.45;455.294891357422;0
3375.534;521.77685546875;0
3376.62;619.432678222656;0
3377.704;690.355773925781;0
3378.786;644.649353027344;0
3379.871;559.845764160156;0
3380.951;515.738708496094;0
3382.034;575.589965820313;0
3383.114;562.865539550781;0
3384.195;609.068786621094;0
3385.276;600.522644042969;0
3386.354;627.824096679688;0
3387.433;542.648071289063;0
3388.511;557.777038574219;0
3389.588;548.394836425781;0
3390.664;586.438415527344;0
3391.742;516.802856445313;0
3392.816;513.781066894531;0
3393.893;509.310607910156;0
3394.968;562.385498046875;0
3396.042;578.972290039063;0
3397.115;631.782104492188;0
3398.189;651.732177734375;0
3399.262;608.973083496094;0
3400.333;590.798278808594;0
3401.404;553.625427246094;0
3402.474;537.476440429688;0
3403.545;496.301818847656;0
3404.615;478.116912841797;0
3405.685;598.809143066406;0
3406.752;620.365051269531;0
3407.82;690.387512207031;0
3408.888;683.420837402344;0
3409.955;692.434265136719;0
3411.021;702.212280273438;0
3412.085;601.986267089844;0
3413.151;562.603698730469;0
3414.215;447.501342773438;0
3415.279;469.618316650391;0
3416.343;496.070678710938;0
3417.406;570.527526855469;0
3418.468;600.550842285156;0
3419.53;613.872436523438;0
3420.592;568.104431152344;0
3421.652;543.112731933594;0
3422.712;573.031921386719;0
3423.773;583.196899414063;0
3424.83;591.063293457031;0
3425.889;596.961669921875;0
3426.946;594.330322265625;0
3428.005;561.976501464844;0
3429.061;567.309143066406;0
3430.117;597.442993164063;0
3431.172;617.506774902344;0
3432.227;600.268493652344;0
3433.281;588.794982910156;0
3434.335;627.168212890625;0
3435.389;656.363830566406;0
3436.44;660.2548828125;0
3437.492;751.457580566406;0
3438.546;684.075073242188;0
3439.598;762.225646972656;0
3440.646;666.5107421875;0
3441.697;669.361755371094;0
3442.745;579.650024414063;0
3443.793;601.667419433594;0
3444.842;599.979309082031;0
3445.891;604.595397949219;0
3446.937;621.030212402344;0
3447.984;623.892395019531;0
3449.031;635.387023925781;0
3450.075;583.891052246094;0
3451.12;659.7412109375;0
3452.164;706.030334472656;0
3453.207;749.2353515625;0
3454.251;651.147521972656;0
3455.293;623.367431640625;0
3456.336;573.015380859375;0
3457.378;613.961975097656;0
3458.417;569.145263671875;0
3459.458;495.626342773438;0
3460.498;469.814880371094;0
3461.539;409.361907958984;0
3462.577;455.0498046875;0
3463.614;441.626190185547;0
3464.651;538.937805175781;0
3465.689;595.810668945313;0
3466.726;616.722717285156;0
3467.763;585.369567871094;0
3468.798;488.103637695313;0
3469.831;460.253723144531;0
3470.866;495.753173828125;0
3471.9;553.942993164063;0
3472.933;525.874389648438;0
3473.966;420.886108398438;0
3474.999;408.856292724609;0
3476.029;395.507415771484;0
3477.061;458.091796875;0
3478.09;439.146270751953;0
3479.121;450.215057373047;0
3480.15;433.266540527344;0
3481.178;442.195068359375;0
3482.205;430.508270263672;0
3483.234;362.304595947266;0
3484.26;333.08984375;0
3485.288;363.291534423828;0
3486.313;457.678405761719;0
3487.337;496.189086914063;0
3488.364;516.5166015625;0
3489.387;500.862609863281;0
3490.411;432.677581787109;0
3491.434;434.408111572266;0
3492.456;383.523468017578;0
3493.479;339.596252441406;0
3494.5;323.482879638672;0
3495.521;240.961456298828;0
3496.543;247.758056640625;0
3497.561;190.943130493164;0
3498.579;114.087326049805;0
3499.6;103.947578430176;0
3500.618;-20.9257011413574;0
3501.636;-21.0049819946289;0
3502.653;-37.4411544799805;0
3503.669;19.3190059661865;0
3504.685;57.7786521911621;0
3505.699;17.1606864929199;0
3506.716;-44.8501434326172;0
3507.729;-69.1040115356445;0
3508.743;-101.282409667969;0
3509.755;-36.8958320617676;0
