98.64605;0;0
101.2353;0;0
103.8217;0;0
106.4096;-17.7407398223877;0
108.9945;-14.6888885498047;0
111.5767;-52.4920616149902;0
114.1602;-6.419753074646;0
116.7409;71.5858612060547;0
119.3209;26.4188041687012;0
121.9002;22.9333324432373;0
124.4788;-38.9150314331055;0
127.0566;44.5204696655271;0
129.6317;-57.862434387207;0
132.2038;-20.3816432952881;0
134.7796;-48.4577789306641;0
137.3503;37.5185203552246;0
139.9204;16.5057468414307;0
142.4919;211.820785522461;0
145.0584;286.993255615235;0
147.6242;376.936492919922;0
150.1914;357.615600585937;0
152.7579;481.108276367187;0
155.3216;537.590759277344;0
157.8846;638.687316894531;0
160.4448;698.548156738281;0
163.0085;749.423156738281;0
165.5672;694.517028808594;0
168.1232;607.257080078125;0
170.6826;640.230590820313;0
173.2372;742.981811523438;0
175.7931;862.865478515625;0
178.3463;890.086608886719;0
180.8966;901.732666015625;0
183.4504;942.833435058594;0
185.9993;1010.85168457031;0
188.5476;1029.29174804688;0
191.0972;1028.07873535156;0
193.644;958.210083007813;0
196.1859;1003.24389648438;0
198.7335;1067.09582519531;0
201.2761;1099.37817382812;0
203.8201;1070.39514160156;0
206.3593;1025.75830078125;0
208.8998;1045.5205078125;0
211.4397;1008.78302001953;0
213.9746;1097.82006835938;0
216.5109;1170.48803710938;0
219.0487;1285.53430175781;0
221.5816;1295.39416503906;0
224.1158;1347.46301269531;0
226.6473;1393.13598632812;0
229.176;1432.0166015625;0
231.7082;1463.21887207031;0
234.2355;1471.068359375;0
236.7643;1501.388671875;0
239.2902;1471.7373046875;0
241.8133;1470.15966796875;0
244.3379;1390.11560058594;0
246.8618;1404.43041992188;0
249.3828;1354.09936523438;0
251.9053;1403.58874511719;0
254.423;1344.17346191406;0
256.942;1319.70874023438;0
259.4603;1330.150390625;0
261.9759;1398.68530273438;0
264.4887;1429.35595703125;0
267.005;1445.73522949219;0
269.5164;1500.66613769531;0
272.0292;1590.27258300781;0
274.5393;1658.59936523438;0
277.0466;1673.79748535156;0
279.5574;1679.16723632813;0
282.0654;1695.04382324219;0
284.5686;1658.35278320312;0
287.0752;1709.7373046875;0
289.5791;1640.32946777344;0
292.0803;1600.80944824219;0
294.5828;1504.16857910156;0
297.0826;1432.52038574219;0
299.5838;1418.57055664063;0
302.0801;1392.93994140625;0
304.5758;1412.97338867188;0
307.0749;1359.37231445312;0
309.5672;1244.84985351562;0
312.0608;1223.03552246094;0
314.5558;1157.05236816406;0
317.044;1148.90258789063;0
319.5377;1071.71704101563;0
322.0266;1123.21472167969;0
324.5127;1270.53466796875;0
327.0023;1369.14770507812;0
329.4871;1382.37670898438;0
331.9691;1355.3759765625;0
334.4547;1403.39758300781;0
336.9353;1474.08117675781;0
339.4174;1582.47924804688;0
341.901;1645.74206542969;0
344.3776;1760.93078613281;0
346.8577;1713.79858398438;0
349.333;1623.28576660156;0
351.8076;1523.51306152344;0
354.2857;1489.97729492188;0
356.7569;1517.486328125;0
359.2296;1516.60388183594;0
361.7015;1459.17749023438;0
364.1729;1422.45642089844;0
366.6414;1311.58984375;0
369.1093;1318.19384765625;0
371.5745;1340.80249023438;0
374.0432;1392.54235839844;0
376.507;1445.77099609375;0
378.9702;1358.80236816406;0
381.4348;1349.07202148438;0
383.8947;1270.66772460938;0
386.3538;1304.35681152344;0
388.8144;1349.6650390625;0
391.2722;1359.35131835938;0
393.7314;1379.67663574219;0
396.1859;1451.63842773438;0
398.6418;1572.09240722656;0
401.0949;1764.87963867187;0
403.5475;1812.42114257813;0
405.9972;1815.5625;0
408.4505;1793.31628417969;0
410.899;1840.32604980469;0
413.3468;1802.60595703125;0
415.796;1743.17797851563;0
418.2405;1756.06665039063;0
420.6884;1730.48376464844;0
423.1295;1708.86462402344;0
425.572;1616.35986328125;0
428.0159;1651.71423339844;0
430.455;1599.7861328125;0
432.8956;1446.09887695313;0
435.3335;1463.72424316406;0
437.7707;1399.93872070313;0
440.2093;1427.982421875;0
442.6432;1363.22485351563;0
445.0764;1412.33093261719;0
447.511;1346.54162597656;0
449.9429;1253.34143066406;0
452.3721;1231.18884277344;0
454.8048;1278.61071777344;0
457.2328;1350.82641601563;0
459.66;1384.39855957031;0
462.0847;1434.96728515625;0
464.5127;1455.99499511719;0
466.9381;1571.64660644531;0
469.3587;1694.13891601563;0
471.7807;1806.97302246094;0
474.2042;1743.650390625;0
476.6229;1688.716796875;0
479.041;1660.30590820313;0
481.4604;1605.89709472656;0
483.8752;1551.81799316406;0
486.2934;1573.23889160156;0
488.7068;1626.24719238281;0
491.1197;1629.91589355469;0
493.5339;1572.58044433594;0
495.9435;1541.35632324219;0
498.3544;1434.94604492188;0
500.7667;1393.88488769531;0
503.1723;1327.935546875;0
505.5793;1344.17224121094;0
507.9856;1279.18115234375;0
510.3913;1265.70581054688;0
512.7944;1232.35107421875;0
515.1968;1147.14416503906;0
517.5986;1122.83154296875;0
519.9997;1133.00659179688;0
522.3982;1212.89343261719;0
524.798;1129.34692382813;0
527.1973;1135.89831542969;0
529.5919;1147.95581054687;0
531.9899;1183.76013183594;0
534.3832;1157.10266113281;0
536.7758;1132.49340820313;0
539.1699;1160.93103027344;0
541.5593;1204.64892578125;0
543.9481;1251.15539550781;0
546.3382;1252.95043945313;0
548.7257;1184.90087890625;0
551.1146;1242.50183105469;0
553.4968;1283.37170410156;0
555.8824;1436.51501464844;0
558.2675;1471.00415039063;0
560.6478;1548.60437011719;0
563.0295;1506.69177246094;0
565.4106;1391.04626464844;0
567.7911;1315.33337402344;0
570.169;1280.55102539063;0
572.5462;1273.24987792969;0
574.9229;1297.31774902344;0
577.2968;1313.22875976563;0
579.6721;1357.72998046875;0
582.0449;1272.28173828125;0
584.417;1093.53515625;0
586.7885;951.050109863281;0
589.1553;984.076171875;0
591.5255;1052.52819824219;0
593.8931;1072.17712402344;0
596.2601;1011.10626220703;0
598.6265;1030.90283203125;0
600.9902;1169.01574707031;0
603.3554;1217.49072265625;0
605.7179;1184.05017089844;0
608.0778;1120.71862792969;0
610.4391;1055.21838378906;0
612.7977;1094.55444335938;0
615.1558;1003.58782958984;0
617.5132;1170.57055664063;0
619.8701;1200.27600097656;0
622.2263;1293.54748535156;0
624.5779;1285.79638671875;0
626.9308;1365.29357910156;0
629.2852;1520.79064941406;0
631.6349;1561.60168457031;0
633.9841;1648.24914550781;0
636.3326;1600.36755371094;0
638.6805;1642.26611328125;0
641.0279;1579.18481445313;0
643.3746;1561.55200195313;0
645.7187;1599.81579589844;0
648.0621;1681.40808105469;0
650.405;1601.71948242188;0
652.7453;1615.75573730469;0
655.087;1586.65966796875;0
657.426;1600.22326660156;0
659.7645;1597.15270996094;0
662.1024;1499.05407714844;0
664.4376;1511.76025390625;0
666.7742;1380.60571289063;0
669.1063;1391.05895996094;0
671.4398;1360.01293945313;0
673.7726;1344.58154296875;0
676.1048;1412.9697265625;0
678.4324;1421.36083984375;0
680.7635;1344.67028808594;0
683.0919;1218.24633789063;0
685.4158;1195.31079101563;0
687.743;1291.70727539063;0
690.0696;1328.66857910156;0
692.3937;1421.35375976563;0
694.7151;1423.83312988281;0
697.038;1542.99682617188;0
699.3583;1452.44506835938;0
701.6779;1428.06164550781;0
703.995;1405.28869628906;0
706.3155;1300.78857421875;0
708.6294;1296.75793457031;0
710.9467;1220.11193847656;0
713.2594;1375.052734375;0
715.5735;1313.486328125;0
717.887;1237.85925292969;0
720.1979;1216.76000976563;0
722.5083;1354.16564941406;0
724.818;1430.38891601563;0
727.1252;1410.61633300781;0
729.4357;1337.93151855469;0
731.7418;1362.39819335938;0
734.0452;1389.89208984375;0
736.35;1446.48132324219;0
738.6522;1351.17651367188;0
740.9539;1242.30261230469;0
743.2569;1174.56066894531;0
745.5554;1163.20776367188;0
747.8553;1203.21459960938;0
750.1545;1191.33325195313;0
752.4513;1276.91918945313;0
754.7474;1235.49475097656;0
757.043;1104.0029296875;0
759.336;1014.42822265625;0
761.6304;990.471557617188;0
763.9222;1029.43566894531;0
766.2114;909.974792480469;0
768.5041;875.345092773438;0
770.7922;723.690673828125;0
773.0777;773.666198730469;0
775.3647;748.270263671875;0
777.651;944.702880859375;0
779.9368;955.548950195313;0
782.22;1028.60986328125;0
784.5026;976.375366210938;0
786.7847;973.491394042969;0
789.0662;877.912963867188;0
791.3451;932.517761230469;0
793.6254;1037.13793945313;0
795.9012;1261.44128417969;0
798.1784;1349.232421875;0
800.455;1332.48278808594;0
802.7291;1316.52392578125;0
805.0026;1196.49108886719;0
807.2755;1393.58837890625;0
809.5478;1352.04858398438;0
811.8176;1480.82568359375;0
814.0869;1425.49108886719;0
816.3535;1437.25952148438;0
818.6235;1489.65002441406;0
820.8911;1423.2939453125;0
823.156;1527.06359863281;0
825.4204;1437.92944335938;0
827.6823;1540.60375976563;0
829.9474;1562.00085449219;0
832.2082;1615.20788574219;0
834.4683;1534.73229980469;0
836.7279;1457.91088867188;0
838.9869;1459.05407714844;0
841.2453;1479.66198730469;0
843.5012;1600.38159179688;0
845.7565;1605.07495117188;0
848.0133;1595.7587890625;0
850.2655;1532.63647460938;0
852.5153;1435.92590332031;0
854.7703;1529.92736816406;0
857.0189;1381.21557617188;0
859.2668;1413.36669921875;0
861.5182;1210.16857910156;0
863.7651;1274.06921386719;0
866.0114;1207.65673828125;0
868.2592;1103.015625;0
870.5024;972.049682617188;0
872.7451;919.536865234375;0
874.9872;1063.60327148438;0
877.2307;1183.67419433594;0
879.4717;1235.60107421875;0
881.7101;1147.18591308594;0
883.95;1026.76086425781;0
886.1854;999.679016113281;0
888.4202;1035.294921875;0
890.6604;1053.64538574219;0
892.8941;1133.65002441406;0
895.1253;1175.13928222656;0
897.3599;1264.7587890625;0
899.59;1103.17858886719;0
901.8195;1018.06964111328;0
904.0504;1002.98669433594;0
906.2789;1204.1328125;0
908.5087;1300.03015136719;0
910.7341;1341.14233398438;0
912.9589;1277.34387207031;0
915.1851;1275.09008789063;0
917.4088;1318.646484375;0
919.63;1397.45361328125;0
921.8526;1283.17114257813;0
924.0727;1279.77136230469;0
926.2922;1280.23327636719;0
928.5112;1396.47351074219;0
930.7277;1330.13208007813;0
932.9476;1119.45947265625;0
935.163;998.678955078125;0
937.3739;844.010192871094;0
939.5901;906.553283691406;0
941.8019;888.094543457031;0
944.0151;846.600524902344;0
946.2258;730.871337890625;0
948.4341;568.5693359375;0
950.6456;596.226257324219;0
952.8527;567.738647460938;0
955.0593;660.750732421875;0
957.2653;542.320190429688;0
959.4689;603.981994628906;0
961.6738;574.382446289063;0
963.8782;676.56201171875;0
966.0782;606.3994140625;0
968.2815;637.027954101563;0
970.4803;606.337036132813;0
972.6787;599.383850097656;0
974.8784;533.214477539063;0
977.0757;630.018371582031;0
979.2704;592.726440429688;0
981.4667;648.016052246094;0
983.6603;605.427062988281;0
985.8535;720.375610351563;0
988.0461;891.378784179688;0
990.2363;929.556091308594;0
992.4297;1183.71618652344;0
994.6169;1246.03405761719;0
996.8035;1485.54467773438;0
998.9933;1499.48681640625;0
1001.179;1579.63903808594;0
1003.364;1529.3544921875;0
1005.55;1441.95166015625;0
1007.732;1523.46179199219;0
1009.916;1476.20227050781;0
1012.096;1530.29943847656;0
1014.275;1406.18212890625;0
1016.459;1496.26257324219;0
1018.636;1590.80847167969;0
1020.813;1699.60693359375;0
1022.991;1744.751953125;0
1025.165;1735.96691894531;0
1027.34;1612.93664550781;0
1029.515;1531.21057128906;0
1031.687;1383.33935546875;0
1033.859;1439.43579101563;0
1036.03;1444.11938476563;0
1038.199;1492.12182617188;0
1040.369;1424.87780761719;0
1042.536;1460.82385253906;0
1044.704;1443.84448242188;0
1046.87;1395.48913574219;0
1049.034;1216.86840820313;0
1051.198;1069.32189941406;0
1053.363;986.189392089844;0
1055.526;990.786193847656;0
1057.686;954.348022460938;0
1059.845;1038.64501953125;0
1062.005;904.918823242188;0
1064.165;982.132385253906;0
1066.323;895.104370117188;0
1068.477;927.223937988281;0
1070.634;913.167297363281;0
1072.788;852.885925292969;0
1074.942;999.670654296875;0
1077.096;1026.53833007813;0
1079.247;1151.15368652344;0
1081.397;1210.4775390625;0
1083.547;1253.29162597656;0
1085.695;1236.11047363281;0
1087.844;1161.16540527344;0
1089.992;1124.88659667969;0
1092.138;1075.5224609375;0
1094.284;1144.21435546875;0
1096.425;1223.95349121094;0
1098.571;1355.09338378906;0
1100.711;1320.81286621094;0
1102.851;1370.06396484375;0
1104.994;1363.24816894531;0
1107.132;1391.28747558594;0
1109.271;1339.42797851563;0
1111.408;1358.24255371094;0
1113.543;1361.12365722656;0
1115.682;1424.54284667969;0
1117.816;1365.80773925781;0
1119.947;1377.77282714844;0
1122.08;1202.59484863281;0
1124.213;1231.30480957031;0
1126.343;1187.59582519531;0
1128.474;1235.35083007813;0
1130.602;1100.33154296875;0
1132.728;1058.87561035156;0
1134.856;1152.52014160156;0
1136.982;1147.12023925781;0
1139.109;1172.07409667969;0
1141.234;1081.93017578125;0
1143.356;1226.78491210938;0
1145.479;1218.7099609375;0
1147.599;1238.55554199219;0
1149.719;1173.75964355469;0
1151.839;1175.54431152344;0
1153.957;1018.79833984375;0
1156.076;994.301330566406;0
1158.191;900.719543457031;0
1160.305;900.641418457031;0
1162.423;902.109069824219;0
1164.536;846.267150878906;0
1166.647;833.475830078125;0
1168.761;796.04150390625;0
1170.871;921.470336914063;0
1172.983;1097.10388183594;0
1175.092;1196.90869140625;0
1177.2;1339.61962890625;0
1179.306;1444.96398925781;0
1181.413;1561.46997070313;0
1183.518;1441.34692382813;0
1185.623;1369.15075683594;0
1187.725;1187.52221679688;0
1189.826;1272.74365234375;0
1191.929;1276.89868164063;0
1194.032;1456.76477050781;0
1196.13;1415.64892578125;0
1198.23;1452.49401855469;0
1200.327;1427.21435546875;0
1202.423;1462.72668457031;0
1204.52;1498.77795410156;0
1206.613;1415.80187988281;0
1208.71;1505.62377929688;0
1210.801;1476.86608886719;0
1212.892;1542.01416015625;0
1214.987;1490.82043457031;0
1217.075;1605.32348632813;0
1219.166;1634.87451171875;0
1221.256;1700.12622070313;0
1223.342;1539.74487304688;0
1225.43;1422.55139160156;0
1227.515;1253.15380859375;0
1229.597;1346.28088378906;0
1231.685;1489.14819335938;0
1233.767;1483.99853515625;0
1235.85;1380.72729492188;0
1237.931;1324.8662109375;0
1240.009;1430.35131835938;0
1242.09;1367.29016113281;0
1244.168;1365.5751953125;0
1246.245;1253.32800292969;0
1248.321;1358.07397460938;0
1250.397;1371.84765625;0
1252.472;1480.4267578125;0
1254.547;1363.80590820313;0
1256.618;1193.54052734375;0
1258.69;1038.85302734375;0
1260.761;1147.650390625;0
1262.83;1255.08068847656;0
1264.901;1381.63671875;0
1266.969;1348.36328125;0
1269.035;1237.5673828125;0
1271.102;1193.13500976563;0
1273.167;1107.95324707031;0
1275.233;1187.58251953125;0
1277.295;1117.7890625;0
1279.359;1228.47290039063;0
1281.42;1149.40270996094;0
1283.482;1132.43383789063;0
1285.542;1018.30151367188;0
1287.6;1166.02038574219;0
1289.659;1175.61938476563;0
1291.714;1299.04248046875;0
1293.774;1371.77087402344;0
1295.828;1447.447265625;0
1297.881;1479.70056152344;0
1299.936;1454.73852539063;0
1301.987;1574.04772949219;0
1304.041;1718.78491210938;0
1306.09;1710.69018554688;0
1308.139;1698.02954101563;0
1310.19;1682.72180175781;0
1312.238;1773.42895507813;0
1314.286;1680.58288574219;0
1316.331;1570.2421875;0
1318.376;1616.57165527344;0
1320.422;1604.98596191406;0
1322.466;1667.83837890625;0
1324.508;1639.87121582031;0
1326.549;1682.73291015625;0
1328.59;1557.55432128906;0
1330.632;1387.23315429688;0
1332.67;1393.65148925781;0
1334.707;1350.65490722656;0
1336.746;1350.05810546875;0
1338.78;1376.3701171875;0
1340.816;1352.0888671875;0
1342.852;1181.33178710938;0
1344.885;1056.65832519531;0
1346.916;1069.10766601563;0
1348.948;1298.05615234375;0
1350.979;1346.10522460938;0
1353.011;1294.18981933594;0
1355.04;1202.48083496094;0
1357.066;1153.53015136719;0
1359.094;1174.10864257813;0
1361.121;1074.29455566406;0
1363.145;1126.88513183594;0
1365.171;1022.87658691406;0
1367.192;1028.59375;0
1369.216;912.111938476563;0
1371.239;933.630920410156;0
1373.258;961.537780761719;0
1375.28;964.4931640625;0
1377.298;961.164367675781;0
1379.316;876.989685058594;0
1381.335;746.777893066406;0
1383.35;712.746520996094;0
1385.366;815.29296875;0
1387.38;901.932800292969;0
1389.394;905.600219726563;0
1391.409;865.404968261719;0
1393.42;719.678955078125;0
1395.43;747.130065917969;0
1397.44;684.745300292969;0
1399.451;790.112609863281;0
1401.458;709.961181640625;0
1403.466;598.1533203125;0
1405.472;645.798828125;0
1407.478;590.397521972656;0
1409.483;736.114196777344;0
1411.486;799.820190429688;0
1413.49;896.202087402344;0
1415.492;963.497802734375;0
1417.492;834.819519042969;0
1419.495;847.874389648438;0
1421.494;882.985595703125;0
1423.492;1053.72399902344;0
1425.49;1204.73022460938;0
1427.487;1260.54858398438;0
1429.482;1321.99743652344;0
1431.477;1379.97131347656;0
1433.471;1385.14501953125;0
1435.466;1418.71826171875;0
1437.456;1428.13635253906;0
1439.447;1400.49938964844;0
1441.441;1387.69665527344;0
1443.427;1303.83459472656;0
1445.417;1335.26806640625;0
1447.406;1449.14587402344;0
1449.392;1450.18481445313;0
1451.381;1533.05541992188;0
1453.365;1361.20202636719;0
1455.348;1324.51379394531;0
1457.333;1155.20874023438;0
1459.314;1258.86853027344;0
1461.296;1309.01171875;0
1463.276;1194.97119140625;0
1465.256;1076.37438964844;0
1467.237;1183.919921875;0
1469.215;1375.71838378906;0
1471.19;1486.44653320313;0
1473.167;1404.54650878906;0
1475.145;1443.46105957031;0
1477.118;1419.97058105469;0
1479.092;1445.51965332031;0
1481.065;1382.44165039063;0
1483.038;1301.95874023438;0
1485.008;1220.95886230469;0
1486.979;1176.66442871094;0
1488.949;1149.12902832031;0
1490.917;1141.52124023438;0
1492.883;1009.51373291016;0
1494.852;943.101684570313;0
1496.817;916.6298828125;0
1498.782;977.328491210938;0
1500.748;974.980041503906;0
1502.708;899.602661132813;0
1504.673;833.768737792969;0
1506.634;820.43115234375;0
1508.594;704.702514648438;0
1510.554;877.578002929688;0
1512.512;866.464782714844;0
1514.471;1068.05383300781;0
1516.428;950.414306640625;0
1518.384;1041.4931640625;0
1520.34;898.316955566406;0
1522.294;813.449584960938;0
1524.249;661.1142578125;0
1526.202;728.509826660156;0
1528.153;800.808715820313;0
1530.103;1072.46276855469;0
1532.054;988.21044921875;0
1534.004;1002.01568603516;0
1535.951;907.12451171875;0
1537.899;1016.22644042969;0
1539.847;1058.20288085938;0
1541.793;969.342712402344;0
1543.738;865.065979003906;0
1545.681;777.751403808594;0
1547.625;662.150512695313;0
1549.566;787.188659667969;0
1551.509;758.836242675781;0
1553.45;918.496704101563;0
1555.389;885.1015625;0
1557.33;867.648010253906;0
1559.266;709.5791015625;0
1561.204;729.536071777344;0
1563.141;802.14501953125;0
1565.074;872.355529785156;0
1567.009;683.719543457031;0
1568.943;675.236999511719;0
1570.877;698.463317871094;0
1572.808;783.62060546875;0
1574.741;751.789489746094;0
1576.67;648.889343261719;0
1578.6;634.699768066406;0
1580.528;708.006774902344;0
1582.455;724.619445800781;0
1584.382;745.729187011719;0
1586.307;666.436767578125;0
1588.234;692.630981445313;0
1590.157;732.423034667969;0
1592.081;697.587463378906;0
1594.002;649.790954589844;0
1595.927;527.922424316406;0
1597.845;370.092864990234;0
1599.767;289.079345703125;0
1601.685;222.883041381836;0
1603.602;376.997344970703;0
1605.523;353.151062011719;0
1607.438;533.214233398438;0
1609.354;593.419494628906;0
1611.269;710.779602050781;0
1613.181;534.057250976563;0
1615.096;487.593536376953;0
1617.008;490.949981689453;0
1618.92;606.132629394531;0
1620.83;702.696228027344;0
1622.74;835.655456542969;0
1624.649;881.108520507813;0
1626.557;796.159118652344;0
1628.464;746.921264648438;0
1630.37;739.511352539063;0
1632.275;775.173889160156;0
1634.18;825.329162597656;0
1636.085;978.193969726563;0
1637.988;1061.65356445313;0
1639.888;876.3994140625;0
1641.791;709.146118164063;0
1643.691;683.325927734375;0
1645.588;769.423950195313;0
1647.489;962.959899902344;0
1649.387;1011.37677001953;0
1651.284;1171.92260742188;0
1653.18;1046.06018066406;0
1655.075;1113.013671875;0
1656.972;1228.0078125;0
1658.864;1387.60290527344;0
1660.754;1325.46691894531;0
1662.65;1107.77893066406;0
1664.539;991.258117675781;0
1666.428;978.908447265625;0
1668.32;1043.61877441406;0
1670.207;1151.05590820313;0
1672.096;1143.77758789063;0
1673.982;1242.56188964844;0
1675.867;1169.29760742188;0
1677.754;1231.76245117188;0
1679.638;1136.62329101563;0
1681.52;1126.21337890625;0
1683.403;1076.31042480469;0
1685.285;924.362121582031;0
1687.166;858.368469238281;0
1689.048;777.218383789063;0
1690.924;854.021179199219;0
1692.804;868.772155761719;0
1694.682;882.810363769531;0
1696.558;876.469177246094;0
1698.435;857.304138183594;0
1700.308;731.648620605469;0
1702.184;623.947021484375;0
1704.057;600.532653808594;0
1705.929;558.627807617188;0
1707.801;640.232421875;0
1709.674;598.679870605469;0
1711.542;826.525695800781;0
1713.412;879.546447753906;0
1715.28;794.359924316406;0
1717.145;564.681640625;0
1719.015;360.308319091797;0
1720.88;351.891723632813;0
1722.746;252.965744018555;0
1724.61;356.085815429688;0
1726.471;505.507720947266;0
1728.334;613.257690429688;0
1730.197;491.713317871094;0
1732.057;477.641510009766;0
1733.919;484.533447265625;0
1735.777;650.877136230469;0
1737.634;537.826599121094;0
1739.493;624.045959472656;0
1741.349;571.307678222656;0
1743.205;521.256103515625;0
1745.061;468.359802246094;0
1746.915;537.683288574219;0
1748.77;771.234558105469;0
1750.621;825.613647460938;0
1752.473;748.598571777344;0
1754.323;562.855346679688;0
1756.173;596.277648925781;0
1758.022;722.345092773438;0
1759.87;727.719909667969;0
1761.718;558.147399902344;0
1763.566;498.829956054688;0
1765.411;548.0234375;0
1767.256;536.021240234375;0
1769.101;617.906677246094;0
1770.945;699.455200195313;0
1772.787;988.515625;0
1774.629;866.153625488281;0
1776.469;890.369140625;0
1778.309;862.493469238281;0
1780.15;921.639038085938;0
1781.987;959.247924804688;0
1783.826;753.986572265625;0
1785.662;841.521728515625;0
1787.498;819.52001953125;0
1789.334;940.536987304688;0
1791.169;970.794860839844;0
1793.002;970.293701171875;0
1794.834;1123.03015136719;0
1796.667;1038.7822265625;0
1798.498;1201.43859863281;0
1800.328;1078.666015625;0
1802.157;1151.90539550781;0
1803.986;1096.59545898438;0
1805.813;1259.40283203125;0
1807.639;1336.77197265625;0
1809.467;1264.1474609375;0
1811.292;1153.19567871094;0
1813.117;1028.13916015625;0
1814.94;1020.31097412109;0
1816.763;1044.3779296875;0
1818.585;1033.00671386719;0
1820.407;924.752746582031;0
1822.227;787.288818359375;0
1824.048;742.614868164063;0
1825.865;724.1826171875;0
1827.683;672.439331054688;0
1829.501;664.836853027344;0
1831.317;506.600830078125;0
1833.135;561.520263671875;0
1834.948;317.664428710938;0
1836.761;347.461669921875;0
1838.577;332.525421142578;0
1840.388;460.238952636719;0
1842.198;420.508911132813;0
1844.009;371.755249023438;0
1845.819;380.822570800781;0
1847.629;427.823455810547;0
1849.436;355.648071289063;0
1851.244;290.185333251953;0
1853.052;391.566101074219;0
1854.858;384.038024902344;0
1856.661;372.372619628906;0
1858.466;499.634979248047;0
1860.269;530.820983886719;0
1862.073;707.601196289063;0
1863.875;585.094482421875;0
1865.673;539.747863769531;0
1867.476;414.339660644531;0
1869.275;455.647613525391;0
1871.072;537.005065917969;0
1872.872;636.375366210938;0
1874.667;488.350677490234;0
1876.464;570.511108398438;0
1878.26;581.968811035156;0
1880.053;592.42822265625;0
1881.849;495.490081787109;0
1883.64;444.376525878906;0
1885.431;546.645263671875;0
1887.226;618.956848144531;0
1889.014;591.530456542969;0
1890.803;610.585876464844;0
1892.594;617.123168945313;0
1894.38;813.473510742188;0
1896.167;771.188659667969;0
1897.955;865.601928710938;0
1899.74;773.824401855469;0
1901.526;774.971923828125;0
1903.309;663.933410644531;0
1905.091;667.490234375;0
1906.876;701.864501953125;0
1908.658;568.945617675781;0
1910.438;396.070434570313;0
1912.217;332.794525146484;0
1913.996;175.006759643555;0
1915.775;275.484954833984;0
1917.553;307.895721435547;0
1919.33;592.243225097656;0
1921.106;544.971923828125;0
1922.881;491.304412841797;0
1924.655;406.796295166016;0
1926.431;279.558685302734;0
1928.202;196.807800292969;0
1929.974;68.5436553955078;0
1931.746;185.603637695313;0
1933.516;274.770172119141;0
1935.286;409.439666748047;0
1937.055;399.365051269531;0
1938.823;490.566864013672;0
1940.592;477.36376953125;0
1942.356;591.634033203125;0
1944.122;570.497802734375;0
1945.888;631.142517089844;0
1947.651;509.824981689453;0
1949.416;369.322967529297;0
1951.178;412.303192138672;0
1952.939;432.32080078125;0
1954.699;585.93212890625;0
1956.459;619.026062011719;0
1958.219;742.698364257813;0
1959.979;861.861633300781;0
1961.735;947.183776855469;0
1963.491;917.5537109375;0
1965.249;793.749206542969;0
1967.003;793.328247070313;0
1968.761;802.284912109375;0
1970.512;797.506774902344;0
1972.265;748.326599121094;0
1974.018;647.85546875;0
1975.769;656.095642089844;0
1977.522;529.051696777344;0
1979.271;562.728088378906;0
1981.018;381.462860107422;0
1982.766;258.371154785156;0
1984.516;232.786361694336;0
1986.261;283.670745849609;0
1988.009;460.465057373047;0
1989.754;478.210662841797;0
1991.498;520.579040527344;0
1993.241;545.802124023438;0
1994.984;620.437805175781;0
1996.727;565.933776855469;0
1998.468;573.180969238281;0
2000.206;568.517395019531;0
2001.946;730.944458007813;0
2003.686;861.797912597656;0
2005.424;732.628540039063;0
2007.161;771.6591796875;0
2008.898;711.887512207031;0
2010.634;900.649963378906;0
2012.369;875.724975585938;0
2014.103;818.887878417969;0
2015.836;847.473266601563;0
2017.57;970.59326171875;0
2019.299;996.804626464844;0
2021.032;866.1083984375;0
2022.762;689.835021972656;0
2024.491;689.318969726563;0
2026.221;788.559753417969;0
2027.947;877.335144042969;0
2029.676;844.533996582031;0
2031.403;892.600830078125;0
2033.128;722.313415527344;0
2034.852;750.938232421875;0
2036.577;593.357543945313;0
2038.299;842.846984863281;0
2040.022;917.765563964844;0
2041.744;725.981628417969;0
2043.465;546.176452636719;0
2045.184;317.794281005859;0
2046.903;509.616607666016;0
2048.621;448.308319091797;0
2050.339;626.7568359375;0
2052.057;517.295532226563;0
2053.774;449.47998046875;0
2055.488;225.753479003906;0
2057.203;250.227630615234;0
2058.917;360.464385986328;0
2060.631;420.682708740234;0
2062.344;382.546447753906;0
2064.053;373.166595458984;0
2065.765;386.765350341797;0
2067.476;537.787109375;0
2069.185;636.006408691406;0
2070.892;793.089477539063;0
2072.6;892.147521972656;0
2074.308;820.959350585938;0
2076.014;684.970642089844;0
2077.72;598.846984863281;0
2079.425;629.473754882813;0
2081.13;573.625366210938;0
2082.833;472.520568847656;0
2084.532;314.045288085938;0
2086.236;273.422882080078;0
2087.936;162.803253173828;0
2089.635;296.51708984375;0
2091.335;383.248962402344;0
2093.034;486.287994384766;0
2094.731;449.288909912109;0
2096.427;506.658599853516;0
2098.124;711.528442382813;0
2099.82;943.914489746094;0
2101.515;1177.14929199219;0
2103.207;1172.55627441406;0
2104.902;1238.91931152344;0
2106.594;1099.51330566406;0
2108.286;1154.28796386719;0
2109.976;1145.341796875;0
2111.667;1221.41174316406;0
2113.355;1336.7744140625;0
2115.044;1316.984375;0
2116.732;1227.59582519531;0
2118.42;1123.27453613281;0
2120.105;1092.42224121094;0
2121.79;1224.63488769531;0
2123.476;1474.23803710938;0
2125.16;1563.79260253906;0
2126.844;1624.29870605469;0
2128.524;1488.75634765625;0
2130.207;1511.94323730469;0
2131.888;1394.52612304687;0
2133.567;1316.95385742188;0
2135.247;1277.89770507813;0
2136.927;1369.583984375;0
2138.603;1475.32202148438;0
2140.281;1458.72766113281;0
2141.957;1413.69921875;0
2143.633;1266.86169433594;0
2145.308;1294.15844726563;0
2146.981;1409.64367675781;0
2148.654;1475.54162597656;0
2150.328;1266.85119628906;0
2152;1144.93103027344;0
2153.669;1183.12585449219;0
2155.34;1272.95544433594;0
2157.01;1327.30090332031;0
2158.677;1199.47021484375;0
2160.347;1218.6865234375;0
2162.013;1112.97485351563;0
2163.681;1232.33410644531;0
2165.347;1247.42919921875;0
2167.011;1344.50805664063;0
2168.674;1251.47583007813;0
2170.337;1221.95739746094;0
2172.002;1065.61840820313;0
2173.662;1125.56884765625;0
2175.324;1143.7529296875;0
2176.985;1244.26782226563;0
2178.645;1106.55676269531;0
2180.304;1065.02124023438;0
2181.961;1045.32653808594;0
2183.618;1151.7001953125;0
2185.275;1169.03527832031;0
2186.932;1195.32958984375;0
2188.586;1159.14501953125;0
2190.242;1210.28186035156;0
2191.896;1059.59387207031;0
2193.547;1040.06384277344;0
2195.2;1104.41857910156;0
2196.851;1141.47546386719;0
2198.502;1178.94079589844;0
2200.153;991.360778808594;0
2201.799;1056.96826171875;0
2203.447;934.110778808594;0
2205.097;1011.55902099609;0
2206.742;963.90869140625;0
2208.391;886.605651855469;0
2210.035;928.355163574219;0
2211.679;968.768310546875;0
2213.324;999.067321777344;0
2214.966;977.587341308594;0
2216.608;879.444091796875;0
2218.252;995.123352050781;0
2219.89;909.919738769531;0
2221.531;1019.68811035156;0
2223.172;1056.42272949219;0
2224.809;1104.23461914063;0
2226.449;1073.5703125;0
2228.086;1118.76708984375;0
2229.72;1194.05712890625;0
2231.358;1119.33471679688;0
2232.992;979.914978027344;0
2234.625;790.243286132813;0
2236.26;972.865356445313;0
2237.893;1057.96862792969;0
2239.524;1242.65661621094;0
2241.156;1065.09509277344;0
2242.785;1155.48425292969;0
2244.416;1165.65490722656;0
2246.044;1241.11730957031;0
2247.672;1137.31628417969;0
2249.301;1105.89282226563;0
2250.926;1229.19812011719;0
2252.554;1119.5361328125;0
2254.177;1122.99548339844;0
2255.803;1113.26416015625;0
2257.427;1292.2314453125;0
2259.051;1327.27368164063;0
2260.671;1022.83514404297;0
2262.294;910.575134277344;0
2263.914;800.770080566406;0
2265.533;1077.82214355469;0
2267.153;1060.10595703125;0
2268.773;1089.84497070313;0
2270.392;881.817932128906;0
2272.006;870.857177734375;0
2273.624;871.755676269531;0
2275.239;1019.29241943359;0
2276.854;1230.62036132813;0
2278.468;1310.40856933594;0
2280.084;1340.65185546875;0
2281.695;1196.01354980469;0
2283.305;1162.23583984375;0
2284.919;972.7724609375;0
2286.527;1009.48583984375;0
2288.14;938.523986816406;0
2289.748;1100.11901855469;0
2291.354;972.146667480469;0
2292.964;958.990417480469;0
2294.569;920.483581542969;0
2296.174;967.29736328125;0
2297.782;957.540710449219;0
2299.386;950.666687011719;0
2300.99;793.202697753906;0
2302.594;787.549987792969;0
2304.195;734.603942871094;0
2305.798;789.474853515625;0
2307.399;674.16259765625;0
2308.998;601.778259277344;0
2310.598;493.653533935547;0
2312.197;641.001831054688;0
2313.795;818.712158203125;0
2315.392;1127.55908203125;0
2316.988;1251.36096191406;0
2318.585;1186.5615234375;0
2320.18;1185.71630859375;0
2321.774;1096.37878417969;0
2323.368;1084.76867675781;0
2324.961;1020.44525146484;0
2326.553;800.494689941406;0
2328.145;823.819458007813;0
2329.735;750.23388671875;0
2331.324;950.506225585938;0
2332.916;842.150390625;0
2334.503;695.817077636719;0
2336.092;594.927978515625;0
2337.677;651.640380859375;0
2339.263;831.009887695313;0
2340.85;878.967163085938;0
2342.434;950.733581542969;0
2344.018;841.652465820313;0
2345.602;727.84912109375;0
2347.185;630.998657226563;0
2348.768;646.683288574219;0
2350.347;757.232849121094;0
2351.928;830.755920410156;0
2353.51;872.850036621094;0
2355.087;778.397766113281;0
2356.665;568.779541015625;0
2358.243;432.636352539063;0
2359.819;451.121398925781;0
2361.396;576.900817871094;0
2362.972;657.64013671875;0
2364.547;707.180236816406;0
2366.121;611.562377929688;0
2367.694;683.007751464844;0
2369.267;679.84912109375;0
2370.839;577.418884277344;0
2372.411;571.522033691406;0
2373.982;614.690063476563;0
2375.55;850.479125976563;0
2377.118;734.03759765625;0
2378.687;727.939331054688;0
2380.254;700.32421875;0
2381.821;821.679992675781;0
2383.387;912.020568847656;0
2384.954;992.361572265625;0
2386.516;1034.45275878906;0
2388.082;1015.72094726563;0
2389.644;875.5224609375;0
2391.209;802.505615234375;0
2392.769;554.675964355469;0
2394.33;811.886291503906;0
2395.892;932.076293945313;0
2397.449;1145.14050292969;0
2399.008;1071.30139160156;0
2400.568;1043.42065429688;0
2402.125;1006.91918945313;0
2403.68;975.181518554688;0
2405.238;986.51025390625;0
2406.792;995.013000488281;0
2408.349;1050.70654296875;0
2409.902;1120.61560058594;0
2411.455;1165.6474609375;0
2413.007;1072.94360351563;0
2414.558;1040.20874023438;0
2416.11;1044.48315429688;0
2417.66;1213.76965332031;0
2419.21;1135.60363769531;0
2420.758;1058.20764160156;0
2422.307;800.428344726563;0
2423.855;777.857421875;0
2425.402;757.776000976563;0
2426.947;777.930236816406;0
2428.492;723.106201171875;0
2430.038;771.66943359375;0
2431.58;844.010070800781;0
2433.124;913.12939453125;0
2434.667;814.509399414063;0
2436.208;733.4443359375;0
2437.75;903.881530761719;0
2439.291;942.411010742188;0
2440.83;1057.63586425781;0
2442.369;1010.42248535156;0
2443.906;1135.88330078125;0
2445.444;1068.01953125;0
2446.981;918.225830078125;0
2448.517;899.671752929688;0
2450.053;980.414184570313;0
2451.587;967.989685058594;0
2453.12;1035.17565917969;0
2454.655;981.0400390625;0
2456.187;1135.71520996094;0
2457.718;1154.45593261719;0
2459.25;1171.33032226563;0
2460.781;942.424194335938;0
2462.31;879.585510253906;0
2463.84;1074.82397460938;0
2465.368;1202.08581542969;0
2466.896;1139.47912597656;0
2468.423;938.669616699219;0
2469.949;1014.07244873047;0
2471.474;1059.78161621094;0
2472.998;1160.9130859375;0
2474.522;1066.55395507813;0
2476.045;1166.07189941406;0
2477.568;1122.93725585938;0
2479.09;1184.05651855469;0
2480.612;1127.30029296875;0
2482.132;1040.57287597656;0
2483.653;1093.38635253906;0
2485.171;1079.09313964844;0
2486.689;1265.80590820313;0
2488.208;1191.74475097656;0
2489.725;1126.02087402344;0
2491.242;1032.55004882813;0
2492.757;1088.35583496094;0
2494.271;1019.1650390625;0
2495.785;1014.34558105469;0
2497.3;1020.56781005859;0
2498.812;1064.48205566406;0
2500.325;1025.06335449219;0
2501.837;943.738952636719;0
2503.345;699.8115234375;0
2504.856;697.909790039063;0
2506.366;667.65771484375;0
2507.875;944.149963378906;0
2509.382;914.088317871094;0
2510.889;948.802734375;0
2512.397;799.399169921875;0
2513.901;630.435180664063;0
2515.406;558.86669921875;0
2516.911;663.517150878906;0
2518.415;796.494995117188;0
2519.918;762.577941894531;0
2521.421;737.986877441406;0
2522.922;646.831604003906;0
2524.423;602.963806152344;0
2525.924;585.630554199219;0
2527.422;544.396850585938;0
2528.923;480.729583740234;0
2530.419;591.693115234375;0
2531.916;584.42236328125;0
2533.415;613.4716796875;0
2534.909;264.395233154297;0
2536.404;170.247970581055;0
2537.899;14.6420459747314;0
2539.394;191.349472045898;0
2540.887;262.892730712891;0
2542.38;446.163177490234;0
2543.871;286.762298583984;0
2545.363;296.2919921875;0
2546.852;399.566864013672;0
2548.345;323.061920166016;0
2549.833;335.30224609375;0
2551.321;293.29833984375;0
2552.811;559.316711425781;0
2554.296;620.669982910156;0
2555.78;535.061828613281;0
2557.267;428.661590576172;0
2558.752;336.570007324219;0
2560.237;205.707870483398;0
2561.721;168.293045043945;0
2563.203;242.272430419922;0
2564.687;454.699127197266;0
2566.168;506.492370605469;0
2567.648;522.3466796875;0
2569.129;512.059814453125;0
2570.607;456.965057373047;0
2572.086;542.736755371094;0
2573.565;565.708679199219;0
2575.041;737.993286132813;0
2576.518;747.480651855469;0
2577.994;880.837097167969;0
2579.469;1042.39270019531;0
2580.945;1207.37097167969;0
2582.418;1036.54821777344;0
2583.892;1052.03576660156;0
2585.365;957.05615234375;0
2586.835;1010.27746582031;0
2588.307;943.254577636719;0
2589.778;928.317260742188;0
2591.248;1125.67785644531;0
2592.717;1238.5576171875;0
2594.186;1228.06665039063;0
2595.652;1195.5390625;0
2597.121;982.977172851563;0
2598.585;957.385620117188;0
2600.052;992.659118652344;0
2601.518;1120.236328125;0
2602.982;1209.22900390625;0
2604.446;1118.19323730469;0
2605.907;1127.68798828125;0
2607.371;1106.0478515625;0
2608.83;1197.71862792969;0
2610.293;1192.14465332031;0
2611.752;1194.43640136719;0
2613.213;1163.93139648438;0
2614.672;1133.8505859375;0
2616.13;1297.97082519531;0
2617.587;1303.18225097656;0
2619.043;1498.48620605469;0
2620.501;1379.55053710938;0
2621.957;1313.48327636719;0
2623.409;1227.62036132813;0
2624.864;1243.58996582031;0
2626.318;1371.17590332031;0
2627.771;1385.5556640625;0
2629.222;1382.99169921875;0
2630.673;1312.16687011719;0
2632.124;1332.82312011719;0
2633.575;1385.662109375;0
2635.023;1397.6611328125;0
2636.473;1287.00012207031;0
2637.922;1245.00305175781;0
2639.368;1279.55725097656;0
2640.816;1191.87133789063;0
2642.261;1148.68603515625;0
2643.705;963.610900878906;0
2645.151;1000.099609375;0
2646.596;1012.15905761719;0
2648.037;1185.56372070313;0
2649.48;1142.83361816406;0
2650.923;1076.63403320313;0
2652.364;951.712646484375;0
2653.804;910.264404296875;0
2655.243;852.158325195313;0
2656.683;876.953002929688;0
2658.121;925.205871582031;0
2659.559;915.362609863281;0
2660.997;859.64404296875;0
2662.433;906.493408203125;0
2663.868;975.801452636719;0
2665.305;842.018920898438;0
2666.737;792.705444335938;0
2668.173;745.0849609375;0
2669.606;808.826049804688;0
2671.038;801.039245605469;0
2672.47;693.80322265625;0
2673.901;676.927612304688;0
2675.331;670.637268066406;0
2676.761;786.831115722656;0
2678.189;770.39892578125;0
2679.619;576.787292480469;0
2681.045;381.550872802734;0
2682.473;363.497283935547;0
2683.9;513.348449707031;0
2685.324;528.654846191406;0
2686.749;469.754089355469;0
2688.176;320.226745605469;0
2689.599;379.07568359375;0
2691.021;449.299530029297;0
2692.444;520.897033691406;0
2693.865;501.160797119141;0
2695.287;414.361358642578;0
2696.707;401.393157958984;0
2698.125;407.145202636719;0
2699.545;420.951812744141;0
2700.963;391.369689941406;0
2702.381;316.397552490234;0
2703.798;515.812316894531;0
2705.214;602.391784667969;0
2706.629;661.476989746094;0
2708.046;631.06640625;0
2709.458;705.603637695313;0
2710.872;741.366027832031;0
2712.285;688.556335449219;0
2713.699;549.46044921875;0
2715.111;543.0126953125;0
2716.52;466.651489257813;0
2717.93;459.233245849609;0
2719.342;345.195526123047;0
2720.749;327.803131103516;0
2722.159;457.605102539063;0
2723.565;601.075073242188;0
2724.971;740.434387207031;0
2726.38;714.569152832031;0
2727.785;731.475158691406;0
2729.19;869.487487792969;0
2730.594;940.500305175781;0
2731.997;1084.85046386719;0
2733.401;1027.42736816406;0
2734.803;1083.33935546875;0
2736.204;1061.91796875;0
2737.606;1168.49621582031;0
2739.005;1200.40893554688;0
2740.405;1146.43359375;0
2741.806;1050.90112304688;0
2743.202;975.036865234375;0
2744.602;1035.0634765625;0
2745.998;1015.98303222656;0
2747.395;976.351135253906;0
2748.79;876.72119140625;0
2750.185;895.975952148438;0
2751.58;914.66943359375;0
2752.975;1004.02673339844;0
2754.366;999.93603515625;0
2755.759;1164.98327636719;0
2757.151;1224.38525390625;0
2758.542;1265.58972167969;0
2759.933;1255.15710449219;0
2761.322;1330.04284667969;0
2762.71;1246.29345703125;0
2764.1;1092.48571777344;0
2765.486;900.167175292969;0
2766.875;912.794250488281;0
2768.26;958.7587890625;0
2769.646;985.860717773438;0
2771.031;1118.74133300781;0
2772.418;1116.84326171875;0
2773.799;1156.49963378906;0
2775.184;1114.04296875;0
2776.565;1217.62243652344;0
2777.946;1259.74426269531;0
2779.328;1389.62854003906;0
2780.708;1356.49743652344;0
2782.09;1357.68286132813;0
2783.469;1356.29895019531;0
2784.847;1468.90124511719;0
2786.226;1533.04516601563;0
2787.603;1483.14562988281;0
2788.978;1398.86682128906;0
2790.355;1384.76623535156;0
2791.731;1350.65905761719;0
2793.104;1261.83447265625;0
2794.479;1198.72045898438;0
2795.853;1087.53967285156;0
2797.225;1155.00524902344;0
2798.596;1103.35705566406;0
2799.967;1102.92663574219;0
2801.341;944.532409667969;0
2802.71;814.228576660156;0
2804.077;696.840942382813;0
2805.447;645.481079101563;0
2806.815;643.372131347656;0
2808.183;536.40576171875;0
2809.551;489.252899169922;0
2810.915;496.913909912109;0
2812.282;551.833557128906;0
2813.646;621.89990234375;0
2815.011;649.1123046875;0
2816.375;622.098937988281;0
2817.736;543.458374023438;0
2819.099;525.9716796875;0
2820.462;504.840789794922;0
2821.821;558.984985351563;0
2823.182;525.41015625;0
2824.542;569.871276855469;0
2825.901;660.13720703125;0
2827.261;708.155334472656;0
2828.617;736.585876464844;0
2829.974;594.324401855469;0
2831.33;629.995910644531;0
2832.686;651.589416503906;0
2834.043;763.766784667969;0
2835.395;780.083557128906;0
2836.75;853.651489257813;0
2838.104;938.111755371094;0
2839.456;921.905151367188;0
2840.807;896.582702636719;0
2842.16;859.189147949219;0
2843.509;845.013122558594;0
2844.858;853.916748046875;0
2846.209;788.981811523438;0
2847.556;673.753234863281;0
2848.906;613.521728515625;0
2850.253;619.705078125;0
2851.6;653.462341308594;0
2852.946;689.125;0
2854.29;584.0654296875;0
2855.635;483.669616699219;0
2856.98;300.343780517578;0
2858.323;310.93148803711;0
2859.665;295.875885009766;0
2861.008;394.510620117187;0
2862.349;475.614807128906;0
2863.691;604.513305664063;0
2865.031;610.323486328125;0
2866.37;565.505859375;0
2867.709;481.005523681641;0
2869.048;461.752746582031;0
2870.385;476.763397216797;0
2871.722;605.995239257813;0
2873.059;767.433715820313;0
2874.394;824.078125;0
2875.73;888.929260253906;0
2877.064;791.314514160156;0
2878.398;761.0419921875;0
2879.731;814.778686523438;0
2881.063;949.610473632813;0
2882.395;995.093444824219;0
2883.727;977.632629394531;0
2885.059;920.599548339844;0
2886.387;961.882873535156;0
2887.717;941.568420410156;0
2889.046;961.13916015625;0
2890.374;991.555480957031;0
2891.699;964.439819335938;0
2893.028;974.195068359375;0
2894.354;961.419982910156;0
2895.679;1000.67669677734;0
2897.004;1028.36682128906;0
2898.328;962.478210449219;0
2899.653;952.071166992188;0
2900.976;981.267150878906;0
2902.297;1014.16314697266;0
2903.619;1007.001953125;0
2904.941;954.942749023438;0
2906.26;837.657836914063;0
2907.58;862.552001953125;0
2908.898;839.925659179688;0
2910.217;1050.3427734375;0
2911.536;958.986694335938;0
2912.852;1056.94348144531;0
2914.171;1118.51696777344;0
2915.485;1231.98193359375;0
2916.799;1308.81225585937;0
2918.116;1307.95349121094;0
2919.428;1322.56176757813;0
2920.743;1281.04150390625;0
2922.056;1275.8291015625;0
2923.367;1280.58203125;0
2924.679;1206.56848144531;0
2925.99;1169.48168945312;0
2927.299;1197.85424804688;0
2928.609;1300.60144042969;0
2929.918;1292.41723632813;0
2931.226;1198.72106933594;0
2932.535;1106.41125488281;0
2933.841;1017.65936279297;0
2935.149;1086.13159179687;0
2936.455;1130.07861328125;0
2937.758;1204.89208984375;0
2939.064;1230.86071777344;0
2940.368;1181.27368164062;0
2941.67;1178.08959960937;0
2942.973;1094.30200195313;0
2944.277;1072.00793457031;0
2945.577;1004.73205566406;0
2946.878;1116.76403808594;0
2948.178;1218.21740722656;0
2949.477;1272.9267578125;0
2950.776;1247.39050292969;0
2952.073;1249.01013183594;0
2953.372;1202.3349609375;0
2954.669;1117.62280273437;0
2955.965;1137.73486328125;0
2957.261;1193.16528320313;0
2958.556;1235.78295898437;0
2959.849;1145.18994140625;0
2961.145;1199.08752441406;0
2962.436;1228.65966796875;0
2963.732;1227.68408203125;0
2965.022;1234.96496582031;0
2966.313;1233.57775878906;0
2967.603;1250.34375;0
2968.893;1308.74816894531;0
2970.182;1301.1650390625;0
2971.471;1295.10620117187;0
2972.759;1250.56628417969;0
2974.047;1258.81042480469;0
2975.334;1235.73266601563;0
2976.62;1102.5126953125;0
2977.907;1086.77795410156;0
2979.192;1030.98022460938;0
2980.475;982.893127441406;0
2981.76;952.585266113281;0
2983.043;966.321594238281;0
2984.326;1005.47943115234;0
2985.607;859.304504394531;0
2986.888;871.275268554688;0
2988.17;885.887329101562;0
2989.449;903.832153320313;0
2990.728;797.473693847656;0
2992.007;660.329833984375;0
2993.284;701.133972167969;0
2994.562;666.84423828125;0
2995.84;639.400756835938;0
2997.115;568.3984375;0
2998.393;584.066284179688;0
2999.666;609.003479003906;0
3000.94;655.357727050781;0
3002.215;622.711120605469;0
3003.486;532.297241210938;0
3004.76;454.027435302735;0
3006.033;560.141967773437;0
3007.303;613.204772949219;0
3008.573;613.924743652344;0
3009.844;536.744506835937;0
3011.114;529.389343261719;0
3012.383;560.02783203125;0
3013.649;465.984802246094;0
3014.917;420.415863037109;0
3016.185;410.142364501953;0
3017.451;362.09896850586;0
3018.716;329.058807373047;0
3019.983;254.128921508789;0
3021.246;338.312530517578;0
3022.509;405.610748291016;0
3023.774;414.185791015625;0
3025.035;384.614471435547;0
3026.299;386.931518554688;0
3027.56;403.584747314453;0
3028.819;377.694213867188;0
3030.081;273.560089111328;0
3031.339;268.074279785156;0
3032.598;268.299133300781;0
3033.856;276.394500732422;0
3035.114;300.199279785156;0
3036.372;348.607757568359;0
3037.628;418.508666992187;0
3038.883;401.236419677734;0
3040.138;392.122314453125;0
3041.394;397.719665527344;0
3042.646;485.237182617188;0
3043.9;464.021087646484;0
3045.152;486.497436523438;0
3046.405;391.921813964844;0
3047.657;440.009063720703;0
3048.906;575.029541015625;0
3050.158;675.985595703125;0
3051.407;809.762023925781;0
3052.656;682.357360839844;0
3053.904;798.325012207031;0
3055.153;795.553527832031;0
3056.398;946.710998535156;0
3057.647;817.912109375;0
3058.892;736.602600097656;0
3060.137;727.924194335938;0
3061.382;779.766235351563;0
3062.625;803.906005859375;0
3063.869;755.120910644531;0
3065.112;766.408752441406;0
3066.353;800.985656738281;0
3067.595;804.278381347656;0
3068.838;791.859924316406;0
3070.075;882.662841796875;0
3071.317;884.036376953125;0
3072.557;845.477478027344;0
3073.795;703.081787109375;0
3075.032;739.426391601562;0
3076.27;807.844299316406;0
3077.507;776.439758300781;0
3078.742;760.851623535156;0
3079.978;707.516662597656;0
3081.212;788.780578613281;0
3082.446;748.602844238281;0
3083.681;747.692993164063;0
3084.913;768.367370605469;0
3086.147;844.344909667969;0
3087.38;885.959106445313;0
3088.61;897.208801269531;0
3089.84;927.455505371094;0
3091.071;980.75341796875;0
3092.3;1030.54846191406;0
3093.529;1029.28674316406;0
3094.755;1002.66717529297;0
3095.984;992.313659667969;0
3097.211;1004.42175292969;0
3098.438;931.254333496094;0
3099.663;893.38720703125;0
3100.888;866.753051757813;0
3102.112;921.763977050781;0
3103.335;856.199157714844;0
3104.56;818.859069824219;0
3105.782;796.77685546875;0
3107.005;855.921936035156;0
3108.226;842.879943847656;0
3109.447;804.1806640625;0
3110.667;792.846801757813;0
3111.887;865.045104980469;0
3113.104;898.118530273438;0
3114.324;918.760192871094;0
3115.541;912.425170898438;0
3116.758;934.216430664063;0
3117.976;886.795715332031;0
3119.192;834.152038574219;0
3120.408;799.38916015625;0
3121.622;813.301635742187;0
3122.835;812.927185058594;0
3124.05;764.798400878906;0
3125.262;734.583679199219;0
3126.476;725.397399902344;0
3127.687;692.483337402344;0
3128.897;664.164489746094;0
3130.108;741.100769042969;0
3131.319;873.513305664062;0
3132.528;1000.59576416016;0
3133.737;1009.68182373047;0
3134.945;1060.44250488281;0
3136.152;951.435119628906;0
3137.358;889.884033203125;0
3138.565;878.449096679688;0
3139.772;836.497619628906;0
3140.976;777.330078125;0
3142.18;697.251342773438;0
3143.385;740.358703613281;0
3144.588;747.043640136719;0
3145.79;795.957885742188;0
3146.993;813.561889648437;0
3148.194;790.860046386719;0
3149.395;720.303649902344;0
3150.596;678.205993652344;0
3151.794;636.101257324219;0
3152.994;554.815124511719;0
3154.193;543.734985351563;0
3155.39;508.157958984375;0
3156.587;572.750122070312;0
3157.784;661.197326660156;0
3158.982;681.893188476562;0
3160.177;591.505432128906;0
3161.37;401.117309570313;0
3162.565;436.342956542969;0
3163.759;452.390899658203;0
3164.952;576.223693847656;0
3166.146;484.069854736328;0
3167.337;516.655334472656;0
3168.527;470.823699951172;0
3169.719;561.680603027344;0
3170.91;521.676025390625;0
3172.098;428.449035644531;0
3173.288;320.327606201172;0
3174.475;274.396942138672;0
3175.663;263.873962402344;0
3176.849;297.01318359375;0
3178.037;298.872772216797;0
3179.223;327.064392089844;0
3180.408;308.946319580078;0
3181.592;253.714813232422;0
3182.777;262.957855224609;0
3183.96;297.92822265625;0
3185.143;307.393585205078;0
3186.325;355.132019042969;0
3187.507;306.253723144531;0
3188.688;430.001586914062;0
3189.869;391.908142089844;0
3191.049;355.415924072266;0
3192.228;346.639465332031;0
3193.406;390.096282958984;0
3194.585;446.368591308594;0
3195.763;423.344055175781;0
3196.939;351.236968994141;0
3198.116;371.927947998047;0
3199.292;463.977874755859;0
3200.466;490.168823242188;0
3201.643;564.278625488281;0
3202.816;564.49365234375;0
3203.991;633.816650390625;0
3205.161;626.853332519531;0
3206.334;629.204833984375;0
3207.504;691.034973144531;0
3208.677;706.134216308594;0
3209.846;787.090026855469;0
3211.017;826.935546875;0
3212.187;955.649658203125;0
3213.356;797.82763671875;0
3214.524;854.692138671875;0
3215.69;812.133239746094;0
3216.859;990.900573730469;0
3218.024;917.427124023438;0
3219.189;922.713562011719;0
3220.354;813.873168945313;0
3221.519;846.443420410156;0
3222.682;827.501708984375;0
3223.845;881.127868652344;0
3225.01;946.104797363281;0
3226.171;1026.21020507813;0
3227.332;1058.97082519531;0
3228.494;1057.56994628906;0
3229.655;1056.73168945313;0
3230.814;1046.46398925781;0
3231.973;929.433410644531;0
3233.13;937.1103515625;0
3234.29;940.403076171875;0
3235.447;1049.38793945313;0
3236.605;1092.27282714844;0
3237.76;1136.16809082031;0
3238.916;1133.96618652344;0
3240.071;1069.77795410156;0
3241.224;1026.70080566406;0
3242.381;999.841613769531;0
3243.532;944.0810546875;0
3244.685;973.399108886719;0
3245.839;956.396240234375;0
3246.99;1005.04309082031;0
3248.141;959.038208007813;0
3249.292;1004.15997314453;0
3250.439;964.409301757813;0
3251.589;932.587097167969;0
3252.739;856.87646484375;0
3253.886;825.704956054687;0
3255.034;856.182250976563;0
3256.18;857.242248535156;0
3257.326;721.723083496094;0
3258.472;741.48974609375;0
3259.617;729.214660644531;0
3260.761;818.633666992187;0
3261.905;813.381530761719;0
3263.048;888.79296875;0
3264.19;928.981140136719;0
3265.333;890.28466796875;0
3266.475;846.323425292969;0
3267.617;827.882568359375;0
3268.757;874.518859863281;0
3269.896;936.549194335938;0
3271.036;965.718017578125;0
3272.175;911.417419433594;0
3273.313;836.514221191406;0
3274.449;863.148742675781;0
3275.586;906.142395019531;0
3276.722;923.457641601563;0
3277.859;923.394775390625;0
3278.993;867.486206054687;0
3280.13;830.83740234375;0
3281.263;804.005920410156;0
3282.395;840.62744140625;0
3283.529;868.054504394531;0
3284.66;1005.2666015625;0
3285.794;998.385437011719;0
3286.924;1034.85583496094;0
3288.054;888.454772949219;0
3289.185;896.803039550781;0
3290.313;802.372619628906;0
3291.443;800.929260253906;0
3292.571;796.701721191406;0
3293.698;866.356140136719;0
3294.824;871.810180664063;0
3295.952;798.880554199219;0
3297.077;761.954406738281;0
3298.203;733.451232910156;0
3299.328;859.717468261719;0
3300.45;844.409484863281;0
3301.574;807.546997070313;0
3302.698;659.570434570313;0
3303.819;655.556579589844;0
3304.942;697.357238769531;0
3306.064;770.039123535156;0
3307.182;844.049255371094;0
3308.303;763.539916992187;0
3309.423;738.77685546875;0
3310.542;614.694702148438;0
3311.66;585.351806640625;0
3312.778;553.16162109375;0
3313.895;595.541076660156;0
3315.012;617.820739746094;0
3316.128;645.223571777344;0
3317.243;684.086364746094;0
3318.357;703.126281738281;0
3319.471;753.579223632812;0
3320.586;667.155639648438;0
3321.698;759.555053710938;0
3322.813;768.713256835937;0
3323.923;807.692260742188;0
3325.034;767.411010742188;0
3326.146;718.905151367187;0
3327.255;676.103698730469;0
3328.366;582.537414550781;0
3329.474;594.042419433594;0
3330.582;646.73876953125;0
3331.691;779.949401855469;0
3332.797;847.375;0
3333.905;895.682739257813;0
3335.011;782.407897949219;0
3336.116;700.21435546875;0
3337.22;689.118530273438;0
3338.327;716.7626953125;0
3339.429;679.093322753906;0
3340.534;637.555114746094;0
3341.635;652.942932128906;0
3342.737;673.504760742188;0
3343.84;640.580688476563;0
3344.94;649.828796386719;0
3346.041;535.941223144531;0
3347.142;450.764465332031;0
3348.24;362.441711425781;0
3349.337;460.023468017578;0
3350.437;520.939819335938;0
3351.534;553.119812011719;0
3352.633;540.075256347656;0
3353.727;484.583587646484;0
3354.823;487.871948242188;0
3355.919;487.687255859375;0
3357.013;548.13330078125;0
3358.108;576.882690429688;0
3359.201;736.179077148437;0
3360.293;726.580261230469;0
3361.385;726.087158203125;0
3362.478;545.033142089844;0
3363.569;590.313659667969;0
3364.661;620.031188964844;0
3365.75;716.066223144531;0
3366.838;663.959167480469;0
3367.929;630.651428222656;0
3369.017;611.009216308594;0
3370.105;706.011840820313;0
3371.193;711.568237304688;0
3372.279;726.535766601563;0
3373.364;714.084411621094;0
3374.45;730.382873535156;0
3375.534;682.470336914063;0
3376.62;651.173156738281;0
3377.704;707.580993652344;0
3378.786;762.175231933594;0
3379.871;801.970397949219;0
3380.951;756.487915039063;0
3382.034;759.370422363281;0
3383.114;712.546264648438;0
3384.195;725.876953125;0
3385.276;748.830505371094;0
3386.354;793.057189941406;0
3387.433;818.429809570312;0
3388.511;830.237365722656;0
3389.588;856.472412109375;0
3390.664;924.181823730469;0
3391.742;873.303039550781;0
3392.816;908.476989746094;0
3393.893;875.183227539062;0
3394.968;988.102600097656;0
3396.042;984.904724121094;0
3397.115;1016.78326416016;0
3398.189;963.065673828125;0
3399.262;891.098815917969;0
3400.333;864.059204101563;0
3401.404;780.101867675781;0
3402.474;750.534545898438;0
3403.545;751.228881835938;0
3404.615;795.633972167969;0
3405.685;866.426147460938;0
3406.752;843.222778320313;0
3407.82;879.260070800781;0
3408.888;933.239929199219;0
3409.955;919.736389160156;0
3411.021;945.845825195313;0
3412.085;804.159240722656;0
3413.151;725.754333496094;0
3414.215;668.332092285156;0
3415.279;735.619934082031;0
3416.343;783.894348144531;0
3417.406;758.366027832031;0
3418.468;812.260681152344;0
3419.53;722.920043945313;0
3420.592;717.093383789062;0
3421.652;616.608154296875;0
3422.712;713.144714355469;0
3423.773;703.706787109375;0
3424.83;756.351867675781;0
3425.889;846.576599121094;0
3426.946;902.726013183594;0
3428.005;976.378723144531;0
3429.061;945.944152832031;0
3430.117;904.545776367188;0
3431.172;848.009460449219;0
3432.227;905.419189453125;0
3433.281;980.613891601563;0
3434.335;999.740783691406;0
3435.389;892.368286132813;0
3436.44;911.010009765625;0
3437.492;904.865661621094;0
3438.546;901.591125488281;0
3439.598;840.886657714844;0
3440.646;806.790649414062;0
3441.697;828.173217773438;0
3442.745;817.544555664063;0
3443.793;882.379089355469;0
3444.842;891.431762695313;0
3445.891;929.563110351563;0
3446.937;934.297241210938;0
3447.984;972.231811523438;0
3449.031;900.574890136719;0
3450.075;835.531860351563;0
3451.12;821.417907714844;0
3452.164;883.594482421875;0
3453.207;926.564514160156;0
3454.251;858.096313476563;0
3455.293;839.870971679688;0
3456.336;811.018615722656;0
3457.378;822.002685546875;0
3458.417;848.966979980469;0
3459.458;797.844055175781;0
3460.498;778.801696777344;0
3461.539;739.160217285156;0
3462.577;684.3388671875;0
3463.614;680.32373046875;0
3464.651;668.7470703125;0
3465.689;738.854431152344;0
3466.726;756.165832519531;0
3467.763;700.205017089844;0
3468.798;676.824951171875;0
3469.831;661.701782226563;0
3470.866;715.182434082031;0
3471.9;697.669250488281;0
3472.933;654.681884765625;0
3473.966;594.981567382813;0
3474.999;592.081176757813;0
3476.029;623.534301757813;0
3477.061;653.0927734375;0
3478.09;563.67822265625;0
3479.121;526.261108398438;0
3480.15;527.99609375;0
3481.178;588.07958984375;0
3482.205;662.411865234375;0
3483.234;613.470825195313;0
3484.26;630.348327636719;0
3485.288;615.926818847656;0
3486.313;639.744323730469;0
3487.337;659.48046875;0
3488.364;623.057983398438;0
3489.387;676.265747070313;0
3490.411;675.164916992188;0
3491.434;735.989379882813;0
3492.456;682.532531738281;0
3493.479;585.361083984375;0
3494.5;488.783843994141;0
3495.521;377.395629882813;0
3496.543;276.904113769531;0
3497.561;99.399787902832;0
3498.579;28.1004066467285;0
3499.6;65.0471801757813;0
3500.618;45.0179672241211;0
3501.636;38.6259651184082;0
3502.653;24.6644973754883;0
3503.669;64.3380966186523;0
3504.685;23.5062808990479;0
3505.699;13.4289598464966;0
3506.716;30.9988918304443;0
3507.729;-15.0163583755493;0
3508.743;-154.953704833984;0
3509.755;-133.597229003906;0
