98.64605;0;0
101.2353;0;0
103.8217;0;0
106.4096;-1.1851851940155;0
108.9945;-50.8444442749023;0
111.5767;21.8888893127441;0
114.1602;24.2222213745117;0
116.7409;79.4848480224609;0
119.3209;44.9914512634277;0
121.9002;47.8370361328125;0
124.4788;39.4248352050781;0
127.0566;49.2514610290527;0
129.6317;20.8730163574219;0
132.2038;-11.4251203536987;0
134.7796;-4.74024057388306;0
137.3503;78.1147842407227;0
139.9204;94.5781326293945;0
142.4919;177.24333190918;0
145.0584;120.76057434082;0
147.6242;154.672668457031;0
150.1914;184.483154296875;0
152.7579;279.207672119141;0
155.3216;257.937377929688;0
157.8846;239.599197387695;0
160.4448;235.940475463867;0
163.0085;241.169952392578;0
165.5672;228.360305786133;0
168.1232;212.531356811523;0
170.6826;312.121673583984;0
173.2372;345.6142578125;0
175.7931;377.337951660156;0
178.3463;391.511871337891;0
180.8966;401.073638916016;0
183.4504;458.346984863281;0
185.9993;471.382415771484;0
188.5476;549.519592285156;0
191.0972;536.020324707031;0
193.644;582.840148925781;0
196.1859;554.025146484375;0
198.7335;619.725280761719;0
201.2761;603.7109375;0
203.8201;560.556945800781;0
206.3593;521.321716308594;0
208.8998;521.092712402344;0
211.4397;633.46728515625;0
213.9746;672.091918945312;0
216.5109;693.159912109375;0
219.0487;705.755493164062;0
221.5816;753.163452148437;0
224.1158;788.374633789063;0
226.6473;806.982116699219;0
229.176;800.135009765625;0
231.7082;798.926086425781;0
234.2355;779.056091308594;0
236.7643;806.322937011719;0
239.2902;839.505065917969;0
241.8133;777.837768554687;0
244.3379;714.775634765625;0
246.8618;679.992309570312;0
249.3828;740.888671875;0
251.9053;742.892028808594;0
254.423;761.422729492188;0
256.942;738.2216796875;0
259.4603;763.802551269531;0
261.9759;758.080078125;0
264.4887;786.262023925781;0
267.005;796.859130859375;0
269.5164;790.93505859375;0
272.0292;822.870361328125;0
274.5393;858.819091796875;0
277.0466;868.034484863281;0
279.5574;904.792541503906;0
282.0654;924.137573242188;0
284.5686;976.856994628906;0
287.0752;930.999450683594;0
289.5791;908.89501953125;0
292.0803;921.542541503906;0
294.5828;872.965393066406;0
297.0826;866.485595703125;0
299.5838;768.999145507813;0
302.0801;760.833190917969;0
304.5758;769.688415527344;0
307.0749;774.863342285156;0
309.5672;787.95703125;0
312.0608;711.563781738281;0
314.5558;718.551696777344;0
317.044;703.737976074219;0
319.5377;656.700073242187;0
322.0266;668.148681640625;0
324.5127;657.982482910156;0
327.0023;835.230529785156;0
329.4871;847.393676757812;0
331.9691;907.152893066406;0
334.4547;897.825805664063;0
336.9353;884.996765136719;0
339.4174;910.450134277344;0
341.901;886.140991210938;0
344.3776;918.063842773437;0
346.8577;952.250183105469;0
349.333;957.361877441406;0
351.8076;917.629821777344;0
354.2857;837.717224121094;0
356.7569;773.55908203125;0
359.2296;767.387145996094;0
361.7015;756.111206054687;0
364.1729;725.236145019531;0
366.6414;720.625732421875;0
369.1093;744.893493652344;0
371.5745;797.986267089844;0
374.0432;828.66650390625;0
376.507;803.81494140625;0
378.9702;700.593994140625;0
381.4348;697.655578613281;0
383.8947;734.813293457031;0
386.3538;843.925659179687;0
388.8144;864.018798828125;0
391.2722;815.984130859375;0
393.7314;849.539672851563;0
396.1859;887.349914550781;0
398.6418;972.888854980469;0
401.0949;983.512756347656;0
403.5475;968.419799804688;0
405.9972;1019.43334960938;0
408.4505;967.256652832031;0
410.899;978.029968261719;0
413.3468;941.482116699219;0
415.796;986.859191894531;0
418.2405;967.889709472656;0
420.6884;898.371154785156;0
423.1295;878.482238769531;0
425.572;866.493103027344;0
428.0159;867.371765136719;0
430.455;884.341918945313;0
432.8956;868.87890625;0
435.3335;877.632629394531;0
437.7707;807.846313476562;0
440.2093;768.768737792969;0
442.6432;760.710998535156;0
445.0764;804.031494140625;0
447.511;782.917358398438;0
449.9429;780.299194335937;0
452.3721;726.217529296875;0
454.8048;733.377136230469;0
457.2328;750.252685546875;0
459.66;759.282287597656;0
462.0847;818.000366210937;0
464.5127;810.306335449219;0
466.9381;905.109802246094;0
469.3587;889.610534667969;0
471.7807;939.647216796875;0
474.2042;916.117065429687;0
476.6229;937.394470214844;0
479.041;921.387084960938;0
481.4604;884.614501953125;0
483.8752;947.38818359375;0
486.2934;928.298217773438;0
488.7068;948.907836914063;0
491.1197;850.290710449219;0
493.5339;848.02978515625;0
495.9435;862.388916015625;0
498.3544;833.414978027344;0
500.7667;879.556091308594;0
503.1723;799.320983886719;0
505.5793;825.733947753906;0
507.9856;755.370727539063;0
510.3913;754.196228027344;0
512.7944;783.121826171875;0
515.1968;770.099060058594;0
517.5986;742.970458984375;0
519.9997;642.403625488281;0
522.3982;579.733154296875;0
524.798;650.007446289063;0
527.1973;677.852722167969;0
529.5919;700.966125488281;0
531.9899;614.195251464844;0
534.3832;669.532775878906;0
536.7758;703.014831542969;0
539.1699;849.224365234375;0
541.5593;820.984375;0
543.9481;856.436279296875;0
546.3382;745.805847167969;0
548.7257;746.462158203125;0
551.1146;731.4130859375;0
553.4968;780.57373046875;0
555.8824;847.809631347656;0
558.2675;796.825134277344;0
560.6478;745.092102050781;0
563.0295;739.807434082031;0
565.4106;845.492370605469;0
567.7911;846.989624023438;0
570.169;769.407287597656;0
572.5462;634.962768554688;0
574.9229;617.070556640625;0
577.2968;622.420959472656;0
579.6721;694.140625;0
582.0449;688.11669921875;0
584.417;643.271301269531;0
586.7885;584.475036621094;0
589.1553;585.738830566406;0
591.5255;615.460693359375;0
593.8931;557.444885253906;0
596.2601;572.886535644531;0
598.6265;523.397155761719;0
600.9902;586.412048339844;0
603.3554;595.374816894531;0
605.7179;598.66015625;0
608.0778;623.740234375;0
610.4391;645.049987792969;0
612.7977;636.757568359375;0
615.1558;612.641967773438;0
617.5132;633.165161132812;0
619.8701;649.855285644531;0
622.2263;693.366333007812;0
624.5779;621.930908203125;0
626.9308;764.700988769531;0
629.2852;807.959167480469;0
631.6349;891.932434082031;0
633.9841;861.808288574219;0
636.3326;831.770324707031;0
638.6805;871.868225097656;0
641.0279;828.22412109375;0
643.3746;808.592956542969;0
645.7187;788.642700195313;0
648.0621;795.036865234375;0
650.405;818.075134277344;0
652.7453;811.893615722656;0
655.087;844.823059082031;0
657.426;900.880676269531;0
659.7645;895.419616699219;0
662.1024;940.553588867187;0
664.4376;854.425659179687;0
666.7742;911.424133300781;0
669.1063;898.138427734375;0
671.4398;881.346374511719;0
673.7726;791.166015625;0
676.1048;741.412902832031;0
678.4324;769.541259765625;0
680.7635;725.171203613281;0
683.0919;671.858520507813;0
685.4158;626.715698242188;0
687.743;655.747009277344;0
690.0696;670.053161621094;0
692.3937;728.913208007813;0
694.7151;709.887145996094;0
697.038;768.401794433594;0
699.3583;691.528625488281;0
701.6779;709.495422363281;0
703.995;654.071350097656;0
706.3155;685.264038085937;0
708.6294;689.218139648438;0
710.9467;665.664794921875;0
713.2594;686.401489257813;0
715.5735;667.190002441406;0
717.887;657.198852539062;0
720.1979;633.256408691406;0
722.5083;695.662658691406;0
724.818;739.348937988281;0
727.1252;765.451843261719;0
729.4357;734.848815917969;0
731.7418;743.624938964844;0
734.0452;777.415832519531;0
736.35;800.469604492187;0
738.6522;820.062255859375;0
740.9539;756.174499511719;0
743.2569;661.426696777344;0
745.5554;565.887023925781;0
747.8553;567.03466796875;0
750.1545;547.177124023438;0
752.4513;591.632019042969;0
754.7474;543.132080078125;0
757.043;566.089538574219;0
759.336;533.968566894531;0
761.6304;535.60693359375;0
763.9222;518.892517089844;0
766.2114;505.849731445313;0
768.5041;491.712982177734;0
770.7922;494.296936035156;0
773.0777;472.139282226563;0
775.3647;505.251312255859;0
777.651;491.732086181641;0
779.9368;508.381591796875;0
782.22;451.30810546875;0
784.5026;449.734008789063;0
786.7847;455.629241943359;0
789.0662;514.844848632813;0
791.3451;570.853454589844;0
793.6254;606.921630859375;0
795.9012;639.612365722656;0
798.1784;631.428405761719;0
800.455;631.498596191406;0
802.7291;614.040283203125;0
805.0026;580.385803222656;0
807.2755;635.831909179687;0
809.5478;605.972961425781;0
811.8176;664.525085449219;0
814.0869;620.656188964844;0
816.3535;643.476867675781;0
818.6235;670.010009765625;0
820.8911;658.895690917969;0
823.156;666.772216796875;0
825.4204;614.295593261719;0
827.6823;670.676208496094;0
829.9474;688.573791503906;0
832.2082;721.872436523438;0
834.4683;698.746520996094;0
836.7279;758.548889160156;0
838.9869;734.370483398438;0
841.2453;736.201843261719;0
843.5012;792.67431640625;0
845.7565;818.834716796875;0
848.0133;822.034423828125;0
850.2655;728.266235351562;0
852.5153;700.679016113281;0
854.7703;681.333801269531;0
857.0189;662.930541992188;0
859.2668;671.538024902344;0
861.5182;572.550903320313;0
863.7651;506.696136474609;0
866.0114;479.862640380859;0
868.2592;468.273590087891;0
870.5024;455.935150146484;0
872.7451;416.292785644531;0
874.9872;438.5634765625;0
877.2307;472.642150878906;0
879.4717;413.085479736328;0
881.7101;409.376861572266;0
883.95;364.474731445313;0
886.1854;435.385528564453;0
888.4202;442.334716796875;0
890.6604;477.763427734375;0
892.8941;503.664520263672;0
895.1253;473.654113769531;0
897.3599;479.679992675781;0
899.59;471.659698486328;0
901.8195;456.576477050781;0
904.0504;408.068481445313;0
906.2789;367.266204833984;0
908.5087;438.060516357422;0
910.7341;536.113891601563;0
912.9589;581.315307617187;0
915.1851;567.110229492188;0
917.4088;506.835571289063;0
919.63;473.330902099609;0
921.8526;454.161315917969;0
924.0727;444.190124511719;0
926.2922;433.245544433594;0
928.5112;397.74658203125;0
930.7277;339.966705322266;0
932.9476;239.885696411133;0
935.163;202.834808349609;0
937.3739;178.036239624023;0
939.5901;204.646255493164;0
941.8019;210.615203857422;0
944.0151;223.447326660156;0
946.2258;256.526123046875;0
948.4341;263.628448486328;0
950.6456;296.951965332031;0
952.8527;214.967468261719;0
955.0593;194.787399291992;0
957.2653;168.745346069336;0
959.4689;222.119720458984;0
961.6738;241.698501586914;0
963.8782;174.884689331055;0
966.0782;111.542663574219;0
968.2815;80.7835388183594;0
970.4803;86.1722869873047;0
972.6787;176.688949584961;0
974.8784;216.124481201172;0
977.0757;275.591339111328;0
979.2704;253.977462768555;0
981.4667;169.060455322266;0
983.6603;134.397659301758;0
985.8535;129.636688232422;0
988.0461;194.797790527344;0
990.2363;179.885025024414;0
992.4297;195.475006103516;0
994.6169;255.740081787109;0
996.8035;366.025451660156;0
998.9933;438.865020751953;0
1001.179;485.033477783203;0
1003.364;579.928955078125;0
1005.55;648.08544921875;0
1007.732;728.382507324219;0
1009.916;673.041625976563;0
1012.096;682.284606933594;0
1014.275;642.001647949219;0
1016.459;638.016906738281;0
1018.636;593.050964355469;0
1020.813;586.554809570313;0
1022.991;567.973449707031;0
1025.165;535.188049316406;0
1027.34;505.640899658203;0
1029.515;561.88427734375;0
1031.687;529.918518066406;0
1033.859;616.299255371094;0
1036.03;597.80419921875;0
1038.199;654.990661621094;0
1040.369;540.303588867188;0
1042.536;503.520568847656;0
1044.704;447.196716308594;0
1046.87;510.997680664063;0
1049.034;442.481170654297;0
1051.198;385.095977783203;0
1053.363;288.732055664063;0
1055.526;277.836975097656;0
1057.686;286.744079589844;0
1059.845;286.232147216797;0
1062.005;281.856658935547;0
1064.165;233.397598266602;0
1066.323;234.521072387695;0
1068.477;198.279724121094;0
1070.634;341.232238769531;0
1072.788;312.216064453125;0
1074.942;395.056518554688;0
1077.096;325.153228759766;0
1079.247;345.867248535156;0
1081.397;314.17041015625;0
1083.547;373.191375732422;0
1085.695;414.355529785156;0
1087.844;440.886291503906;0
1089.992;384.671875;0
1092.138;344.156707763672;0
1094.284;391.007385253906;0
1096.425;427.446136474609;0
1098.571;397.352416992188;0
1100.711;330.523986816406;0
1102.851;235.058746337891;0
1104.994;267.706634521484;0
1107.132;306.412963867188;0
1109.271;395.469451904297;0
1111.408;419.554046630859;0
1113.543;410.797454833984;0
1115.682;353.623870849609;0
1117.816;329.583953857422;0
1119.947;275.656005859375;0
1122.08;289.77880859375;0
1124.213;274.273529052734;0
1126.343;285.050628662109;0
1128.474;287.332397460938;0
1130.602;336.942260742188;0
1132.728;308.241851806641;0
1134.856;352.231140136719;0
1136.982;349.909484863281;0
1139.109;429.832427978516;0
1141.234;361.335205078125;0
1143.356;342.30712890625;0
1145.479;326.525421142578;0
1147.599;294.324890136719;0
1149.719;212.149459838867;0
1151.839;214.442413330078;0
1153.957;243.425903320313;0
1156.076;226.433227539063;0
1158.191;147.352844238281;0
1160.305;190.98420715332;0
1162.423;283.740173339844;0
1164.536;308.407012939453;0
1166.647;220.98469543457;0
1168.761;191.584365844727;0
1170.871;173.538116455078;0
1172.983;272.501525878906;0
1175.092;309.545318603516;0
1177.2;415.725280761719;0
1179.306;331.580383300781;0
1181.413;357.785003662109;0
1183.518;340.662963867188;0
1185.623;438.713348388672;0
1187.725;446.548156738281;0
1189.826;424.611877441406;0
1191.929;408.461029052734;0
1194.032;358.034576416016;0
1196.13;393.782897949219;0
1198.23;342.757507324219;0
1200.327;399.714965820313;0
1202.423;386.673767089844;0
1204.52;507.385314941406;0
1206.613;477.431518554688;0
1208.71;500.462921142578;0
1210.801;480.384857177734;0
1212.892;452.418334960938;0
1214.987;431.229888916016;0
1217.075;395.041778564453;0
1219.166;393.521697998047;0
1221.256;391.558990478516;0
1223.342;392.380706787109;0
1225.43;432.542755126953;0
1227.515;427.491973876953;0
1229.597;398.032531738281;0
1231.685;386.552368164063;0
1233.767;389.092926025391;0
1235.85;347.642974853516;0
1237.931;328.871612548828;0
1240.009;323.667724609375;0
1242.09;410.143280029297;0
1244.168;377.30078125;0
1246.245;400.92236328125;0
1248.321;433.344390869141;0
1250.397;485.568908691406;0
1252.472;508.486145019531;0
1254.547;451.762268066406;0
1256.618;367.841674804688;0
1258.69;273.613311767578;0
1260.761;183.632675170898;0
1262.83;172.455368041992;0
1264.901;178.641387939453;0
1266.969;211.517028808594;0
1269.035;210.370452880859;0
1271.102;273.083923339844;0
1273.167;253.04167175293;0
1275.233;329.468627929688;0
1277.295;277.031494140625;0
1279.359;310.174682617188;0
1281.42;269.453796386719;0
1283.482;286.958221435547;0
1285.542;330.051483154297;0
1287.6;343.72509765625;0
1289.659;313.645690917969;0
1291.714;268.257751464844;0
1293.774;337.339782714844;0
1295.828;344.457672119141;0
1297.881;394.871337890625;0
1299.936;371.633514404297;0
1301.987;341.203369140625;0
1304.041;318.904754638672;0
1306.09;295.858245849609;0
1308.139;365.342529296875;0
1310.19;371.301116943359;0
1312.238;360.067840576172;0
1314.286;381.865203857422;0
1316.331;407.807281494141;0
1318.376;478.8935546875;0
1320.422;474.902954101563;0
1322.466;520.364685058594;0
1324.508;518.194274902344;0
1326.549;490.391845703125;0
1328.59;428.847106933594;0
1330.632;401.890625;0
1332.67;433.633361816406;0
1334.707;428.297485351563;0
1336.746;428.216339111328;0
1338.78;433.389892578125;0
1340.816;436.150482177734;0
1342.852;380.497589111328;0
1344.885;292.426452636719;0
1346.916;265.158905029297;0
1348.948;257.138153076172;0
1350.979;316.588195800781;0
1353.011;324.176208496094;0
1355.04;344.124389648438;0
1357.066;345.876800537109;0
1359.094;396.430847167969;0
1361.121;455.564300537109;0
1363.145;391.49853515625;0
1365.171;309.119934082031;0
1367.192;160.646377563477;0
1369.216;106.296760559082;0
1371.239;120.735458374023;0
1373.258;210.961151123047;0
1375.28;246.529403686523;0
1377.298;262.440216064453;0
1379.316;225.915802001953;0
1381.335;167.180709838867;0
1383.35;137.45719909668;0
1385.366;98.2942810058594;0
1387.38;103.365226745605;0
1389.394;49.2707977294922;0
1391.409;137.93000793457;0
1393.42;204.712905883789;0
1395.43;210.508392333984;0
1397.44;220.983139038086;0
1399.451;217.248245239258;0
1401.458;295.861083984375;0
1403.466;232.93327331543;0
1405.472;216.020370483398;0
1407.478;108.566833496094;0
1409.483;126.735549926758;0
1411.486;124.918235778809;0
1413.49;225.356048583984;0
1415.492;224.024215698242;0
1417.492;247.144485473633;0
1419.495;310.842071533203;0
1421.494;389.673431396484;0
1423.492;400.305236816406;0
1425.49;325.184112548828;0
1427.487;237.198928833008;0
1429.482;243.46076965332;0
1431.477;262.769561767578;0
1433.471;291.785614013672;0
1435.466;320.954925537109;0
1437.456;305.700317382813;0
1439.447;231.132995605469;0
1441.441;270.2529296875;0
1443.427;250.170883178711;0
1445.417;361.406646728516;0
1447.406;324.496948242188;0
1449.392;328.273315429688;0
1451.381;268.291259765625;0
1453.365;241.661911010742;0
1455.348;269.746856689453;0
1457.333;312.851135253906;0
1459.314;332.080261230469;0
1461.296;288.632873535156;0
1463.276;232.326354980469;0
1465.256;252.483627319336;0
1467.237;380.770233154297;0
1469.215;510.295471191406;0
1471.19;459.392211914063;0
1473.167;377.615966796875;0
1475.145;279.522613525391;0
1477.118;229.445693969727;0
1479.092;218.385177612305;0
1481.065;264.563293457031;0
1483.038;298.7578125;0
1485.008;336.968719482422;0
1486.979;334.196350097656;0
1488.949;323.885314941406;0
1490.917;295.257873535156;0
1492.883;235.202896118164;0
1494.852;254.498184204102;0
1496.817;286.699279785156;0
1498.782;303.803863525391;0
1500.748;337.923461914063;0
1502.708;316.50244140625;0
1504.673;367.874328613281;0
1506.634;332.596313476563;0
1508.594;248.422622680664;0
1510.554;205.157821655273;0
1512.512;241.468551635742;0
1514.471;326.688140869141;0
1516.428;307.594390869141;0
1518.384;314.074371337891;0
1520.34;246.127548217773;0
1522.294;263.421081542969;0
1524.249;192.955017089844;0
1526.202;265.121978759766;0
1528.153;254.085815429688;0
1530.103;299.0498046875;0
1532.054;230.483169555664;0
1534.004;208.830841064453;0
1535.951;216.523162841797;0
1537.899;284.670318603516;0
1539.847;337.827850341797;0
1541.793;296.660278320313;0
1543.738;230.278747558594;0
1545.681;211.460998535156;0
1547.625;198.517791748047;0
1549.566;198.010314941406;0
1551.509;215.267196655273;0
1553.45;322.421203613281;0
1555.389;327.804382324219;0
1557.33;272.527801513672;0
1559.266;133.813674926758;0
1561.204;128.475616455078;0
1563.141;146.198135375977;0
1565.074;176.373260498047;0
1567.009;144.114837646484;0
1568.943;104.534645080566;0
1570.877;109.38224029541;0
1572.808;68.2420043945313;0
1574.741;59.4529190063477;0
1576.67;-6.51702976226807;0
1578.6;48.4234962463379;0
1580.528;30.4872989654541;0
1582.455;52.7854919433594;0
1584.382;4.98474407196045;0
1586.307;14.5605707168579;0
1588.234;68.668342590332;0
1590.157;99.4549407958984;0
1592.081;124.253715515137;0
1594.002;57.9535446166992;0
1595.927;19.4433212280273;0
1597.845;26.9932880401611;0
1599.767;123.832260131836;0
1601.685;180.905624389648;0
1603.602;133.324478149414;0
1605.523;85.3110733032227;0
1607.438;41.6431579589844;0
1609.354;75.1983413696289;0
1611.269;35.4323539733887;0
1613.181;52.1399307250977;0
1615.096;70.6370086669922;0
1617.008;75.3671035766602;0
1618.92;109.441131591797;0
1620.83;64.415771484375;0
1622.74;110.291015625;0
1624.649;83.2858734130859;0
1626.557;180.400344848633;0
1628.464;258.078887939453;0
1630.37;325.4326171875;0
1632.275;299.128143310547;0
1634.18;267.832214355469;0
1636.085;260.655395507813;0
1637.988;297.265075683594;0
1639.888;340.439086914063;0
1641.791;382.514465332031;0
1643.691;390.380157470703;0
1645.588;358.814483642578;0
1647.489;350.373016357422;0
1649.387;320.055755615234;0
1651.284;313.084930419922;0
1653.18;297.016052246094;0
1655.075;381.071380615234;0
1656.972;347.139770507813;0
1658.864;396.776733398438;0
1660.754;329.315032958984;0
1662.65;325.643432617188;0
1664.539;302.428619384766;0
1666.428;381.226165771484;0
1668.32;446.813842773438;0
1670.207;487.636077880859;0
1672.096;525.912414550781;0
1673.982;551.309204101562;0
1675.867;548.715454101562;0
1677.754;519.240905761719;0
1679.638;499.882934570312;0
1681.52;464.528625488281;0
1683.403;401.066833496094;0
1685.285;367.828796386719;0
1687.166;388.814086914063;0
1689.048;403.353668212891;0
1690.924;492.761077880859;0
1692.804;537.611633300781;0
1694.682;481.572052001953;0
1696.558;428.420043945313;0
1698.435;347.124572753906;0
1700.308;322.752502441406;0
1702.184;262.488494873047;0
1704.057;250.665252685547;0
1705.929;190.171676635742;0
1707.801;154.118881225586;0
1709.674;104.681045532227;0
1711.542;132.073806762695;0
1713.412;158.685134887695;0
1715.28;139.403884887695;0
1717.145;155.118316650391;0
1719.015;42.2728538513184;0
1720.88;57.4343681335449;0
1722.746;16.1471099853516;0
1724.61;136.61164855957;0
1726.471;200.071853637695;0
1728.334;240.861053466797;0
1730.197;243.536178588867;0
1732.057;215.510391235352;0
1733.919;172.480484008789;0
1735.777;161.890914916992;0
1737.634;130.741668701172;0
1739.493;160.588302612305;0
1741.349;129.541946411133;0
1743.205;129.163787841797;0
1745.061;210.115615844727;0
1746.915;249.286315917969;0
1748.77;314.119598388672;0
1750.621;243.505142211914;0
1752.473;245.884948730469;0
1754.323;174.592330932617;0
1756.173;221.071212768555;0
1758.022;253.543792724609;0
1759.87;305.121185302734;0
1761.718;277.803405761719;0
1763.566;259.479339599609;0
1765.411;228.482299804688;0
1767.256;204.590072631836;0
1769.101;163.58056640625;0
1770.945;192.565399169922;0
1772.787;269.766906738281;0
1774.629;288.407287597656;0
1776.469;331.59814453125;0
1778.309;311.894989013672;0
1780.15;346.408996582031;0
1781.987;286.031677246094;0
1783.826;275.937561035156;0
1785.662;225.040893554688;0
1787.498;264.292755126953;0
1789.334;291.994445800781;0
1791.169;345.274139404297;0
1793.002;298.219451904297;0
1794.834;296.498596191406;0
1796.667;269.111938476563;0
1798.498;302.506744384766;0
1800.328;295.12744140625;0
1802.157;399.307373046875;0
1803.986;348.046508789063;0
1805.813;345.456359863281;0
1807.639;256.870391845703;0
1809.467;299.510803222656;0
1811.292;259.046020507813;0
1813.117;243.921157836914;0
1814.94;346.025054931641;0
1816.763;371.358032226563;0
1818.585;434.253631591797;0
1820.407;334.378540039063;0
1822.227;371.510498046875;0
1824.048;299.538421630859;0
1825.865;324.796325683594;0
1827.683;262.281829833984;0
1829.501;239.550521850586;0
1831.317;143.045791625977;0
1833.135;199.439025878906;0
1834.948;204.725524902344;0
1836.761;159.349716186523;0
1838.577;66.1991577148438;0
1840.388;81.0801162719727;0
1842.198;170.073593139648;0
1844.009;190.624008178711;0
1845.819;126.175819396973;0
1847.629;95.5068054199219;0
1849.436;65.061408996582;0
1851.244;125.389533996582;0
1853.052;159.496063232422;0
1854.858;184.714324951172;0
1856.661;201.15544128418;0
1858.466;193.151977539063;0
1860.269;195.591461181641;0
1862.073;148.918334960938;0
1863.875;193.35481262207;0
1865.673;201.345336914063;0
1867.476;253.445465087891;0
1869.275;185.544082641602;0
1871.072;233.307861328125;0
1872.872;220.070129394531;0
1874.667;252.386444091797;0
1876.464;252.701263427734;0
1878.26;273.792327880859;0
1880.053;226.993026733398;0
1881.849;116.081092834473;0
1883.64;122.944702148438;0
1885.431;137.361068725586;0
1887.226;140.108459472656;0
1889.014;75.0762557983398;0
1890.803;0.75738263130188;0
1892.594;-15.9841966629028;0
1894.38;-15.9879283905029;0
1896.167;-30.9990921020508;0
1897.955;44.260570526123;0
1899.74;18.6324100494385;0
1901.526;78.2280197143555;0
1903.309;48.2700996398926;0
1905.091;131.425415039063;0
1906.876;226.694427490234;0
1908.658;191.966537475586;0
1910.438;75.3533172607422;0
1912.217;-19.9228591918945;0
1913.996;28.3982124328613;0
1915.775;92.2407531738281;0
1917.553;83.4216156005859;0
1919.33;54.2746276855469;0
1921.106;72.8002624511719;0
1922.881;75.2209701538086;0
1924.655;75.5369644165039;0
1926.431;47.4154167175293;0
1928.202;73.3709259033203;0
1929.974;74.3342895507813;0
1931.746;92.7504425048828;0
1933.516;87.1777496337891;0
1935.286;79.172248840332;0
1937.055;87.1803970336914;0
1938.823;66.0915679931641;0
1940.592;85.3318481445313;0
1942.356;72.9657516479492;0
1944.122;106.389793395996;0
1945.888;173.159545898438;0
1947.651;171.497207641602;0
1949.416;228.847229003906;0
1951.178;171.877197265625;0
1952.939;204.25373840332;0
1954.699;185.933044433594;0
1956.459;214.069564819336;0
1958.219;186.107727050781;0
1959.979;181.669937133789;0
1961.735;199.448287963867;0
1963.491;257.244110107422;0
1965.249;282.719360351563;0
1967.003;291.875518798828;0
1968.761;311.712799072266;0
1970.512;295.453399658203;0
1972.265;289.208435058594;0
1974.018;285.536468505859;0
1975.769;260.440460205078;0
1977.522;266.476013183594;0
1979.271;237.865325927734;0
1981.018;307.497283935547;0
1982.766;315.816314697266;0
1984.516;366.039031982422;0
1986.261;333.171051025391;0
1988.009;292.657104492188;0
1989.754;226.053314208984;0
1991.498;201.248062133789;0
1993.241;245.242492675781;0
1994.984;264.924835205078;0
1996.727;214.293930053711;0
1998.468;214.793762207031;0
2000.206;206.53434753418;0
2001.946;209.776992797852;0
2003.686;257.59375;0
2005.424;265.206787109375;0
2007.161;332.172485351563;0
2008.898;289.158203125;0
2010.634;316.274993896484;0
2012.369;342.633972167969;0
2014.103;362.568542480469;0
2015.836;370.967498779297;0
2017.57;418.793243408203;0
2019.299;416.899322509766;0
2021.032;457.246643066406;0
2022.762;456.279174804688;0
2024.491;520.442810058594;0
2026.221;432.070831298828;0
2027.947;407.607299804688;0
2029.676;327.385162353516;0
2031.403;349.778717041016;0
2033.128;325.970062255859;0
2034.852;338.070251464844;0
2036.577;300.523803710938;0
2038.299;278.775085449219;0
2040.022;192.601425170898;0
2041.744;152.780578613281;0
2043.465;111.220283508301;0
2045.184;132.523162841797;0
2046.903;144.404312133789;0
2048.621;159.530853271484;0
2050.339;175.236602783203;0
2052.057;167.633178710938;0
2053.774;173.719665527344;0
2055.488;109.829414367676;0
2057.203;137.450668334961;0
2058.917;122.651870727539;0
2060.631;97.1005554199219;0
2062.344;62.6201400756836;0
2064.053;64.407585144043;0
2065.765;89.4393463134766;0
2067.476;143.609024047852;0
2069.185;171.915924072266;0
2070.892;236.139099121094;0
2072.6;302.501220703125;0
2074.308;324.780609130859;0
2076.014;306.419128417969;0
2077.72;255.747634887695;0
2079.425;211.322158813477;0
2081.13;190.587203979492;0
2082.833;110.431640625;0
2084.532;82.0791015625;0
2086.236;92.2485275268555;0
2087.936;128.759643554688;0
2089.635;133.29866027832;0
2091.335;139.532257080078;0
2093.034;119.794746398926;0
2094.731;163.862777709961;0
2096.427;127.292541503906;0
2098.124;272.751373291016;0
2099.82;332.350402832031;0
2101.515;482.8681640625;0
2103.207;351.084228515625;0
2104.902;296.886566162109;0
2106.594;263.275543212891;0
2108.286;384.249847412109;0
2109.976;450.142913818359;0
2111.667;444.399108886719;0
2113.355;409.129608154297;0
2115.044;412.667419433594;0
2116.732;429.125701904297;0
2118.42;463.393493652344;0
2120.105;557.805053710938;0
2121.79;625.471496582031;0
2123.476;683.170654296875;0
2125.16;578.4560546875;0
2126.844;503.771697998047;0
2128.524;457.006500244141;0
2130.207;486.272033691406;0
2131.888;533.236267089844;0
2133.567;468.011077880859;0
2135.247;513.818725585938;0
2136.927;500.103240966797;0
2138.603;487.864105224609;0
2140.281;399.434173583984;0
2141.957;368.589416503906;0
2143.633;375.10791015625;0
2145.308;391.876800537109;0
2146.981;403.341003417969;0
2148.654;443.055633544922;0
2150.328;411.561767578125;0
2152;416.429412841797;0
2153.669;393.658630371094;0
2155.34;387.804138183594;0
2157.01;445.532653808594;0
2158.677;498.510192871094;0
2160.347;518.6240234375;0
2162.013;438.649139404297;0
2163.681;448.363189697266;0
2165.347;519.450744628906;0
2167.011;465.269927978516;0
2168.674;405.225769042969;0
2170.337;368.65185546875;0
2172.002;434.690307617188;0
2173.662;434.673583984375;0
2175.324;351.015502929688;0
2176.985;355.715545654297;0
2178.645;299.106628417969;0
2180.304;383.966430664063;0
2181.961;353.850494384766;0
2183.618;366.313507080078;0
2185.275;253.864700317383;0
2186.932;309.6787109375;0
2188.586;345.291534423828;0
2190.242;379.804870605469;0
2191.896;257.389678955078;0
2193.547;224.329177856445;0
2195.2;253.847778320313;0
2196.851;345.723266601563;0
2198.502;300.066772460938;0
2200.153;305.664947509766;0
2201.799;289.610107421875;0
2203.447;346.106170654297;0
2205.097;339.223724365234;0
2206.742;326.366180419922;0
2208.391;335.865692138672;0
2210.035;360.278656005859;0
2211.679;379.826843261719;0
2213.324;373.843658447266;0
2214.966;346.992065429688;0
2216.608;330.273529052734;0
2218.252;339.687072753906;0
2219.89;383.793212890625;0
2221.531;408.143859863281;0
2223.172;401.071533203125;0
2224.809;301.285125732422;0
2226.449;242.521850585938;0
2228.086;273.412689208984;0
2229.72;407.660858154297;0
2231.358;399.820190429688;0
2232.992;389.890502929688;0
2234.625;336.872344970703;0
2236.26;380.543884277344;0
2237.893;365.239013671875;0
2239.524;358.626190185547;0
2241.156;414.48291015625;0
2242.785;484.366455078125;0
2244.416;459.942962646484;0
2246.044;425.657409667969;0
2247.672;456.078582763672;0
2249.301;487.080871582031;0
2250.926;553.553649902344;0
2252.554;479.976196289063;0
2254.177;544.411499023438;0
2255.803;516.752746582031;0
2257.427;577.603576660156;0
2259.051;530.930236816406;0
2260.671;495.288757324219;0
2262.294;503.076965332031;0
2263.914;532.077087402344;0
2265.533;544.329895019531;0
2267.153;460.167419433594;0
2268.773;390.669799804688;0
2270.392;453.504577636719;0
2272.006;452.369049072266;0
2273.624;559.050476074219;0
2275.239;510.872497558594;0
2276.854;579.273376464844;0
2278.468;562.483703613281;0
2280.084;577.837036132813;0
2281.695;585.334106445313;0
2283.305;529.640319824219;0
2284.919;440.758178710938;0
2286.527;379.473571777344;0
2288.14;431.947967529297;0
2289.748;497.896423339844;0
2291.354;512.427368164063;0
2292.964;432.985260009766;0
2294.569;418.2177734375;0
2296.174;419.134887695313;0
2297.782;396.174377441406;0
2299.386;328.933685302734;0
2300.99;272.726470947266;0
2302.594;292.875579833984;0
2304.195;298.269470214844;0
2305.798;329.166717529297;0
2307.399;302.15869140625;0
2308.998;415.616088867188;0
2310.598;409.309906005859;0
2312.197;447.801483154297;0
2313.795;361.645965576172;0
2315.392;372.615753173828;0
2316.988;385.713958740234;0
2318.585;392.719421386719;0
2320.18;406.256866455078;0
2321.774;325.791076660156;0
2323.368;322.71533203125;0
2324.961;351.021392822266;0
2326.553;336.784790039063;0
2328.145;313.560119628906;0
2329.735;246.347030639648;0
2331.324;314.812255859375;0
2332.916;304.407348632813;0
2334.503;284.791839599609;0
2336.092;236.850006103516;0
2337.677;284.696868896484;0
2339.263;351.676025390625;0
2340.85;439.777160644531;0
2342.434;464.223419189453;0
2344.018;453.125885009766;0
2345.602;400.706939697266;0
2347.185;389.155334472656;0
2348.768;361.741394042969;0
2350.347;372.016296386719;0
2351.928;407.26611328125;0
2353.51;427.526000976563;0
2355.087;386.661499023438;0
2356.665;301.694244384766;0
2358.243;271.020751953125;0
2359.819;275.353668212891;0
2361.396;285.800689697266;0
2362.972;290.246002197266;0
2364.547;355.355743408203;0
2366.121;371.685028076172;0
2367.694;398.670440673828;0
2369.267;347.766540527344;0
2370.839;306.970916748047;0
2372.411;313.591857910156;0
2373.982;336.436737060547;0
2375.55;430.616119384766;0
2377.118;345.908966064453;0
2378.687;353.099182128906;0
2380.254;329.348205566406;0
2381.821;419.000701904297;0
2383.387;405.872406005859;0
2384.954;412.963317871094;0
2386.516;356.959655761719;0
2388.082;381.750793457031;0
2389.644;360.097534179688;0
2391.209;382.689666748047;0
2392.769;287.613861083984;0
2394.33;307.595642089844;0
2395.892;291.555877685547;0
2397.449;361.737976074219;0
2399.008;329.059967041016;0
2400.568;387.197540283203;0
2402.125;353.718444824219;0
2403.68;373.580902099609;0
2405.238;387.888549804688;0
2406.792;439.426208496094;0
2408.349;431.287109375;0
2409.902;450.083923339844;0
2411.455;450.771087646484;0
2413.007;410.069885253906;0
2414.558;357.499206542969;0
2416.11;316.306213378906;0
2417.66;432.635894775391;0
2419.21;470.300506591797;0
2420.758;499.635131835938;0
2422.307;422.972991943359;0
2423.855;350.535766601563;0
2425.402;421.649200439453;0
2426.947;355.208770751953;0
2428.492;388.551879882813;0
2430.038;340.896118164063;0
2431.58;461.342163085938;0
2433.124;488.344848632813;0
2434.667;470.23779296875;0
2436.208;424.687622070313;0
2437.75;466.360290527344;0
2439.291;486.477081298828;0
2440.83;544.925903320313;0
2442.369;481.707153320313;0
2443.906;512.487976074219;0
2445.444;454.935455322266;0
2446.981;393.627685546875;0
2448.517;312.3486328125;0
2450.053;291.338745117188;0
2451.587;338.328063964844;0
2453.12;410.097137451172;0
2454.655;459.983764648438;0
2456.187;468.098541259766;0
2457.718;464.552520751953;0
2459.25;438.455230712891;0
2460.781;416.028961181641;0
2462.31;419.948974609375;0
2463.84;460.120849609375;0
2465.368;470.514282226563;0
2466.896;483.57373046875;0
2468.423;447.965301513672;0
2469.949;441.347229003906;0
2471.474;380.892547607422;0
2472.998;414.1455078125;0
2474.522;415.069396972656;0
2476.045;366.330841064453;0
2477.568;337.908447265625;0
2479.09;323.931854248047;0
2480.612;421.953735351563;0
2482.132;410.862182617188;0
2483.653;457.212524414063;0
2485.171;382.451507568359;0
2486.689;457.598205566406;0
2488.208;400.790161132813;0
2489.725;438.956634521484;0
2491.242;369.592529296875;0
2492.757;426.688598632813;0
2494.271;461.893157958984;0
2495.785;408.205718994141;0
2497.3;409.397521972656;0
2498.812;377.879577636719;0
2500.325;454.050964355469;0
2501.837;384.553070068359;0
2503.345;371.443084716797;0
2504.856;315.109985351563;0
2506.366;361.486206054688;0
2507.875;317.748229980469;0
2509.382;279.817474365234;0
2510.889;257.5673828125;0
2512.397;233.655548095703;0
2513.901;188.293258666992;0
2515.406;203.92497253418;0
2516.911;244.044982910156;0
2518.415;317.101745605469;0
2519.918;297.848999023438;0
2521.421;259.853607177734;0
2522.922;241.523452758789;0
2524.423;238.219100952148;0
2525.924;249.487487792969;0
2527.422;226.197875976563;0
2528.923;181.350646972656;0
2530.419;166.168960571289;0
2531.916;139.096908569336;0
2533.415;159.356231689453;0
2534.909;193.611785888672;0
2536.404;243.083389282227;0
2537.899;243.103622436523;0
2539.394;228.116775512695;0
2540.887;251.788711547852;0
2542.38;263.675750732422;0
2543.871;279.333953857422;0
2545.363;260.591186523438;0
2546.852;270.717803955078;0
2548.345;244.678939819336;0
2549.833;243.38557434082;0
2551.321;202.012252807617;0
2552.811;208.207122802734;0
2554.296;230.626083374023;0
2555.78;231.269104003906;0
2557.267;207.247268676758;0
2558.752;172.338088989258;0
2560.237;183.42822265625;0
2561.721;228.184844970703;0
2563.203;258.098999023438;0
2564.687;285.166351318359;0
2566.168;289.570465087891;0
2567.648;291.141845703125;0
2569.129;352.427978515625;0
2570.607;395.828857421875;0
2572.086;433.790588378906;0
2573.565;413.473327636719;0
2575.041;355.620056152344;0
2576.518;337.516082763672;0
2577.994;328.150817871094;0
2579.469;338.985809326172;0
2580.945;359.774627685547;0
2582.418;367.567047119141;0
2583.892;390.252471923828;0
2585.365;371.199951171875;0
2586.835;363.104248046875;0
2588.307;410.769287109375;0
2589.778;421.105407714844;0
2591.248;416.805297851563;0
2592.717;380.063049316406;0
2594.186;400.008026123047;0
2595.652;390.154144287109;0
2597.121;375.494354248047;0
2598.585;321.598358154297;0
2600.052;361.364105224609;0
2601.518;389.469177246094;0
2602.982;369.542388916016;0
2604.446;337.190551757813;0
2605.907;346.765167236328;0
2607.371;355.094085693359;0
2608.83;355.054504394531;0
2610.293;351.904815673828;0
2611.752;349.838958740234;0
2613.213;414.643402099609;0
2614.672;507.782287597656;0
2616.13;585.811218261719;0
2617.587;568.730163574219;0
2619.043;478.983581542969;0
2620.501;469.238159179688;0
2621.957;459.272979736328;0
2623.409;470.014129638672;0
2624.864;489.283843994141;0
2626.318;571.735656738281;0
2627.771;584.356140136719;0
2629.222;586.206115722656;0
2630.673;487.284362792969;0
2632.124;490.429656982422;0
2633.575;484.931701660156;0
2635.023;437.265625;0
2636.473;394.963928222656;0
2637.922;394.184875488281;0
2639.368;438.613159179688;0
2640.816;446.260925292969;0
2642.261;436.794708251953;0
2643.705;460.771148681641;0
2645.151;476.522094726563;0
2646.596;484.049346923828;0
2648.037;485.907470703125;0
2649.48;481.604919433594;0
2650.923;429.478851318359;0
2652.364;383.680419921875;0
2653.804;390.934173583984;0
2655.243;411.360137939453;0
2656.683;451.888610839844;0
2658.121;371.412231445313;0
2659.559;369.102355957031;0
2660.997;351.325958251953;0
2662.433;383.706115722656;0
2663.868;378.259552001953;0
2665.305;375.633392333984;0
2666.737;414.871429443359;0
2668.173;403.665832519531;0
2669.606;382.898895263672;0
2671.038;367.422943115234;0
2672.47;329.705780029297;0
2673.901;330.471282958984;0
2675.331;355.513946533203;0
2676.761;399.359100341797;0
2678.189;382.867584228516;0
2679.619;333.817230224609;0
2681.045;310.897888183594;0
2682.473;305.822692871094;0
2683.9;324.961669921875;0
2685.324;314.537017822266;0
2686.749;341.993560791016;0
2688.176;346.037628173828;0
2689.599;312.645477294922;0
2691.021;295.245086669922;0
2692.444;276.080657958984;0
2693.865;319.117767333984;0
2695.287;306.110107421875;0
2696.707;246.537811279297;0
2698.125;261.846527099609;0
2699.545;265.480682373047;0
2700.963;279.886810302734;0
2702.381;216.843292236328;0
2703.798;251.906585693359;0
2705.214;266.187805175781;0
2706.629;330.464752197266;0
2708.046;297.591827392578;0
2709.458;323.749816894531;0
2710.872;294.202087402344;0
2712.285;368.757751464844;0
2713.699;378.580078125;0
2715.111;387.735198974609;0
2716.52;281.112060546875;0
2717.93;283.038879394531;0
2719.342;232.005310058594;0
2720.749;302.263061523438;0
2722.159;264.629913330078;0
2723.565;259.439025878906;0
2724.971;198.800186157227;0
2726.38;269.159057617188;0
2727.785;332.627777099609;0
2729.19;403.208557128906;0
2730.594;359.6796875;0
2731.997;441.596954345703;0
2733.401;434.404693603516;0
2734.803;511.100921630859;0
2736.204;420.795135498047;0
2737.606;419.598724365234;0
2739.005;365.845428466797;0
2740.405;411.761840820313;0
2741.806;430.563720703125;0
2743.202;449.361602783203;0
2744.602;412.380584716797;0
2745.998;404.778045654297;0
2747.395;399.219299316406;0
2748.79;439.944152832031;0
2750.185;426.003631591797;0
2751.58;477.058624267578;0
2752.975;472.893707275391;0
2754.366;517.398010253906;0
2755.759;419.015716552734;0
2757.151;399.541046142578;0
2758.542;393.338928222656;0
2759.933;413.860046386719;0
2761.322;448.827667236328;0
2762.71;438.351104736328;0
2764.1;439.986541748047;0
2765.486;476.995819091797;0
2766.875;492.120086669922;0
2768.26;545.137145996094;0
2769.646;511.934448242188;0
2771.031;501.735168457031;0
2772.418;506.238067626953;0
2773.799;426.437622070313;0
2775.184;402.397186279297;0
2776.565;380.816558837891;0
2777.946;477.611236572266;0
2779.328;527.411499023438;0
2780.708;528.326782226563;0
2782.09;552.579284667969;0
2783.469;542.389221191406;0
2784.847;553.200378417969;0
2786.226;534.234191894531;0
2787.603;532.046203613281;0
2788.978;510.197662353516;0
2790.355;568.80029296875;0
2791.731;519.6591796875;0
2793.104;516.377319335938;0
2794.479;407.826782226563;0
2795.853;427.227874755859;0
2797.225;450.626525878906;0
2798.596;449.132843017578;0
2799.967;417.858703613281;0
2801.341;343.651947021484;0
2802.71;239.372467041016;0
2804.077;225.289596557617;0
2805.447;181.408752441406;0
2806.815;168.429565429688;0
2808.183;94.7817230224609;0
2809.551;68.1308135986328;0
2810.915;75.5879592895508;0
2812.282;83.0425338745117;0
2813.646;83.8285751342773;0
2815.011;136.169479370117;0
2816.375;162.846725463867;0
2817.736;164.195999145508;0
2819.099;184.218521118164;0
2820.462;145.245147705078;0
2821.821;95.8315811157227;0
2823.182;32.2026863098145;0
2824.542;58.8034439086914;0
2825.901;152.410125732422;0
2827.261;177.24235534668;0
2828.617;241.044326782227;0
2829.974;221.640533447266;0
2831.33;228.787994384766;0
2832.686;197.158584594727;0
2834.043;176.51904296875;0
2835.395;231.422225952148;0
2836.75;254.898178100586;0
2838.104;338.823333740234;0
2839.456;273.643188476563;0
2840.807;260.021423339844;0
2842.16;241.182525634766;0
2843.509;292.343566894531;0
2844.858;257.726379394531;0
2846.209;271.330993652344;0
2847.556;249.584075927734;0
2848.906;323.29296875;0
2850.253;276.116027832031;0
2851.6;251.38525390625;0
2852.946;267.657653808594;0
2854.29;290.818695068359;0
2855.635;341.311401367188;0
2856.98;237.913467407227;0
2858.323;234.352203369141;0
2859.665;211.232360839844;0
2861.008;227.02946472168;0
2862.349;248.640853881836;0
2863.691;259.678558349609;0
2865.031;277.602081298828;0
2866.37;275.966918945313;0
2867.709;260.328643798828;0
2869.048;257.755889892578;0
2870.385;226.00114440918;0
2871.722;277.547058105469;0
2873.059;344.095672607422;0
2874.394;358.288330078125;0
2875.73;334.139221191406;0
2877.064;288.759521484375;0
2878.398;322.595642089844;0
2879.731;321.424255371094;0
2881.063;331.465911865234;0
2882.395;282.386383056641;0
2883.727;270.099090576172;0
2885.059;254.078506469727;0
2886.387;330.071624755859;0
2887.717;347.505187988281;0
2889.046;332.039611816406;0
2890.374;315.674407958984;0
2891.699;363.186920166016;0
2893.028;409.021209716797;0
2894.354;440.399047851563;0
2895.679;396.541229248047;0
2897.004;400.662658691406;0
2898.328;399.212921142578;0
2899.653;404.749206542969;0
2900.976;442.604156494141;0
2902.297;447.742034912109;0
2903.619;457.287109375;0
2904.941;439.134490966797;0
2906.26;400.413970947266;0
2907.58;398.269500732422;0
2908.898;398.757080078125;0
2910.217;434.318908691406;0
2911.536;413.207611083984;0
2912.852;388.767730712891;0
2914.171;345.781494140625;0
2915.485;370.441253662109;0
2916.799;344.759735107422;0
2918.116;376.513610839844;0
2919.428;396.369232177734;0
2920.743;503.991241455078;0
2922.056;552.943603515625;0
2923.367;506.670623779297;0
2924.679;438.284515380859;0
2925.99;398.135864257813;0
2927.299;452.972808837891;0
2928.609;442.581634521484;0
2929.918;460.071533203125;0
2931.226;515.331237792969;0
2932.535;526.586669921875;0
2933.841;529.728271484375;0
2935.149;444.979705810547;0
2936.455;484.055419921875;0
2937.758;415.795806884766;0
2939.064;411.169250488281;0
2940.368;399.833526611328;0
2941.67;465.288238525391;0
2942.973;500.408538818359;0
2944.277;468.308013916016;0
2945.577;417.541351318359;0
2946.878;371.255859375;0
2948.178;365.252471923828;0
2949.477;337.464416503906;0
2950.776;371.670166015625;0
2952.073;471.561096191406;0
2953.372;540.789245605469;0
2954.669;521.576293945312;0
2955.965;426.699432373047;0
2957.261;397.271606445313;0
2958.556;418.517730712891;0
2959.849;426.215393066406;0
2961.145;393.252502441406;0
2962.436;355.815490722656;0
2963.732;360.902221679688;0
2965.022;442.432403564453;0
2966.313;480.856292724609;0
2967.603;470.951629638672;0
2968.893;463.941101074219;0
2970.182;451.126007080078;0
2971.471;440.580413818359;0
2972.759;441.384460449219;0
2974.047;480.050964355469;0
2975.334;509.423034667969;0
2976.62;493.356140136719;0
2977.907;434.958099365234;0
2979.192;398.486389160156;0
2980.475;387.261169433594;0
2981.76;399.943206787109;0
2983.043;416.735198974609;0
2984.326;386.970703125;0
2985.607;335.880981445313;0
2986.888;316.266815185547;0
2988.17;309.440093994141;0
2989.449;302.23193359375;0
2990.728;258.051483154297;0
2992.007;238.181228637695;0
2993.284;271.634521484375;0
2994.562;298.409912109375;0
2995.84;330.065124511719;0
2997.115;305.933959960937;0
2998.393;284.570068359375;0
2999.666;258.670654296875;0
3000.94;239.523483276367;0
3002.215;224.918960571289;0
3003.486;204.374984741211;0
3004.76;206.870849609375;0
3006.033;183.91081237793;0
3007.303;181.050750732422;0
3008.573;116.179809570312;0
3009.844;129.854858398437;0
3011.114;143.075393676758;0
3012.383;222.84245300293;0
3013.649;221.599334716797;0
3014.917;127.123634338379;0
3016.185;101.192733764648;0
3017.451;100.694961547851;0
3018.716;134.184539794922;0
3019.983;112.103469848633;0
3021.246;87.4524765014648;0
3022.509;130.11882019043;0
3023.774;157.214721679687;0
3025.035;186.184097290039;0
3026.299;129.201278686524;0
3027.56;125.443260192871;0
3028.819;121.689254760742;0
3030.081;151.717041015625;0
3031.339;150.637756347656;0
3032.598;174.78254699707;0
3033.856;202.039764404297;0
3035.114;241.486618041992;0
3036.372;234.91748046875;0
3037.628;222.514785766602;0
3038.883;172.670318603516;0
3040.138;175.606307983399;0
3041.394;182.99089050293;0
3042.646;219.603210449219;0
3043.9;193.331634521484;0
3045.152;197.503326416016;0
3046.405;179.063903808594;0
3047.657;179.377304077148;0
3048.906;184.283462524414;0
3050.158;180.031890869141;0
3051.407;231.888137817383;0
3052.656;210.732269287109;0
3053.904;241.953247070312;0
3055.153;237.497451782227;0
3056.398;301.173950195313;0
3057.647;302.950164794922;0
3058.892;305.403961181641;0
3060.137;278.844879150391;0
3061.382;254.803604125977;0
3062.625;257.247894287109;0
3063.869;263.608123779297;0
3065.112;249.764495849609;0
3066.353;270.921813964844;0
3067.595;244.778228759766;0
3068.838;304.401885986328;0
3070.075;301.45654296875;0
3071.317;288.411956787109;0
3072.557;284.363739013672;0
3073.795;231.617401123047;0
3075.032;244.871490478516;0
3076.27;204.779998779297;0
3077.507;208.82453918457;0
3078.742;251.620498657227;0
3079.978;277.691131591797;0
3081.212;294.467407226563;0
3082.446;302.148590087891;0
3083.681;295.428131103516;0
3084.913;317.91650390625;0
3086.147;346.057220458984;0
3087.38;366.295806884766;0
3088.61;391.987457275391;0
3089.84;396.200347900391;0
3091.071;398.756286621094;0
3092.3;429.992523193359;0
3093.529;389.550170898438;0
3094.755;400.428863525391;0
3095.984;393.296905517578;0
3097.211;370.265441894531;0
3098.438;349.779876708984;0
3099.663;302.999359130859;0
3100.888;313.857666015625;0
3102.112;301.242401123047;0
3103.335;267.992950439453;0
3104.56;269.178466796875;0
3105.782;310.607818603516;0
3107.005;368.563446044922;0
3108.226;384.747741699219;0
3109.447;314.144744873047;0
3110.667;236.128601074219;0
3111.887;258.307312011719;0
3113.104;316.912414550781;0
3114.324;338.49951171875;0
3115.541;328.903900146484;0
3116.758;334.6630859375;0
3117.976;385.429016113281;0
3119.192;382.293426513672;0
3120.408;365.146697998047;0
3121.622;382.088684082031;0
3122.835;385.242248535156;0
3124.05;356.597991943359;0
3125.262;320.835113525391;0
3126.476;317.120239257813;0
3127.687;309.644470214844;0
3128.897;331.24609375;0
3130.108;313.615203857422;0
3131.319;325.734100341797;0
3132.528;296.738555908203;0
3133.737;245.429916381836;0
3134.945;288.467651367187;0
3136.152;269.403778076172;0
3137.358;336.491119384766;0
3138.565;282.689056396484;0
3139.772;306.396057128906;0
3140.976;235.768539428711;0
3142.18;241.585327148438;0
3143.385;158.821670532227;0
3144.588;216.742446899414;0
3145.79;237.426864624024;0
3146.993;291.665313720703;0
3148.194;266.234375;0
3149.395;245.578735351562;0
3150.596;233.105178833008;0
3151.794;235.249160766602;0
3152.994;214.14192199707;0
3154.193;216.086883544922;0
3155.39;257.498291015625;0
3156.587;280.557037353516;0
3157.784;320.7265625;0
3158.982;222.562881469726;0
3160.177;181.267059326172;0
3161.37;108.105171203613;0
3162.565;112.599075317383;0
3163.759;149.993423461914;0
3164.952;167.832565307617;0
3166.146;213.117034912109;0
3167.337;220.069534301758;0
3168.527;282.247009277344;0
3169.719;294.539123535156;0
3170.91;260.060089111328;0
3172.098;213.583679199219;0
3173.288;162.781555175781;0
3174.475;142.030319213867;0
3175.663;130.71125793457;0
3176.849;143.692520141602;0
3178.037;194.265075683594;0
3179.223;204.948989868164;0
3180.408;227.167831420898;0
3181.592;188.274230957031;0
3182.777;177.50129699707;0
3183.96;171.822830200195;0
3185.143;172.132278442383;0
3186.325;161.263687133789;0
3187.507;174.563415527344;0
3188.688;251.863311767578;0
3189.869;254.274154663086;0
3191.049;222.794982910156;0
3192.228;203.536270141602;0
3193.406;277.721710205078;0
3194.585;315.127655029297;0
3195.763;306.974670410156;0
3196.939;233.86491394043;0
3198.116;215.42626953125;0
3199.292;211.554748535156;0
3200.466;237.043914794922;0
3201.643;234.547027587891;0
3202.816;211.708709716797;0
3203.991;210.085754394531;0
3205.161;217.146530151367;0
3206.334;261.558532714844;0
3207.504;257.719421386719;0
3208.677;279.849456787109;0
3209.846;280.505187988281;0
3211.017;316.906402587891;0
3212.187;306.853118896484;0
3213.356;275.045928955078;0
3214.524;317.088317871094;0
3215.69;356.898956298828;0
3216.859;423.811218261719;0
3218.024;395.403045654297;0
3219.189;366.032348632812;0
3220.354;313.371215820313;0
3221.519;280.510620117187;0
3222.682;253.860305786133;0
3223.845;240.318557739258;0
3225.01;238.221466064453;0
3226.171;317.244964599609;0
3227.332;343.926086425781;0
3228.494;376.708282470703;0
3229.655;311.431457519531;0
3230.814;280.852935791016;0
3231.973;259.449310302734;0
3233.13;301.550323486328;0
3234.29;308.97119140625;0
3235.447;339.824188232422;0
3236.605;315.571960449219;0
3237.76;340.669952392578;0
3238.916;273.795837402344;0
3240.071;288.044281005859;0
3241.224;291.168823242187;0
3242.381;325.385803222656;0
3243.532;295.256408691406;0
3244.685;302.451843261719;0
3245.839;294.553283691406;0
3246.99;318.363739013672;0
3248.141;276.140350341797;0
3249.292;285.239776611328;0
3250.439;253.753936767578;0
3251.589;224.059356689453;0
3252.739;289.061218261719;0
3253.886;240.655258178711;0
3255.034;325.378021240234;0
3256.18;276.857604980469;0
3257.326;340.765930175781;0
3258.472;340.596435546875;0
3259.617;356.530700683594;0
3260.761;395.012908935547;0
3261.905;367.264251708984;0
3263.048;358.063934326172;0
3264.19;320.746948242187;0
3265.333;313.262451171875;0
3266.475;280.982818603516;0
3267.617;273.953063964844;0
3268.757;281.115295410156;0
3269.896;304.842468261719;0
3271.036;331.011566162109;0
3272.175;318.400085449219;0
3273.313;280.465789794922;0
3274.449;282.350128173828;0
3275.586;273.032165527344;0
3276.722;288.289825439453;0
3277.859;262.235321044922;0
3278.993;315.000518798828;0
3280.13;315.435363769531;0
3281.263;342.616790771484;0
3282.395;351.803344726563;0
3283.529;357.994903564453;0
3284.66;352.080291748047;0
3285.794;330.49365234375;0
3286.924;334.334991455078;0
3288.054;325.478179931641;0
3289.185;266.338104248047;0
3290.313;234.17936706543;0
3291.443;253.934722900391;0
3292.571;335.269561767578;0
3293.698;393.828125;0
3294.824;396.165618896484;0
3295.952;322.060852050781;0
3297.077;276.785034179687;0
3298.203;258.580749511719;0
3299.328;310.960021972656;0
3300.45;334.788879394531;0
3301.574;319.288848876953;0
3302.698;292.775177001953;0
3303.819;285.390686035156;0
3304.942;289.535278320313;0
3306.064;282.084106445313;0
3307.182;338.163024902344;0
3308.303;307.800842285156;0
3309.423;324.333984375;0
3310.542;290.42919921875;0
3311.66;266.965667724609;0
3312.778;257.133453369141;0
3313.895;211.001159667969;0
3315.012;254.457504272461;0
3316.128;249.833709716797;0
3317.243;264.271209716797;0
3318.357;269.240570068359;0
3319.471;272.631469726563;0
3320.586;251.431625366211;0
3321.698;222.405563354492;0
3322.813;192.293899536133;0
3323.923;169.238510131836;0
3325.034;191.453491210938;0
3326.146;195.792343139648;0
3327.255;250.235748291016;0
3328.366;250.450897216797;0
3329.474;245.881790161133;0
3330.582;204.64453125;0
3331.691;197.070190429688;0
3332.797;198.575057983398;0
3333.905;180.015411376953;0
3335.011;157.554885864258;0
3336.116;167.657073974609;0
3337.22;184.54704284668;0
3338.327;179.248138427734;0
3339.429;138.261627197266;0
3340.534;172.74186706543;0
3341.635;178.215103149414;0
3342.737;191.680023193359;0
3343.84;152.914886474609;0
3344.94;173.57080078125;0
3346.041;189.998916625977;0
3347.142;213.448715209961;0
3348.24;187.016128540039;0
3349.337;195.23486328125;0
3350.437;183.006423950195;0
3351.534;161.456939697266;0
3352.633;140.658462524414;0
3353.727;136.464065551758;0
3354.823;174.157302856445;0
3355.919;184.948272705078;0
3357.013;212.870788574219;0
3358.108;243.860534667969;0
3359.201;254.511672973633;0
3360.293;233.936248779297;0
3361.385;221.912796020508;0
3362.478;237.83821105957;0
3363.569;246.215347290039;0
3364.661;233.19189453125;0
3365.75;228.321563720703;0
3366.838;203.997192382813;0
3367.929;168.672958374023;0
3369.017;181.95524597168;0
3370.105;198.53727722168;0
3371.193;237.549179077148;0
3372.279;247.514831542969;0
3373.364;264.413909912109;0
3374.45;268.280364990234;0
3375.534;234.749099731445;0
3376.62;249.358108520508;0
3377.704;272.214874267578;0
3378.786;277.093597412109;0
3379.871;261.014312744141;0
3380.951;219.532424926758;0
3382.034;236.73210144043;0
3383.114;241.65461730957;0
3384.195;259.832946777344;0
3385.276;217.724456787109;0
3386.354;230.889709472656;0
3387.433;230.319931030273;0
3388.511;229.882858276367;0
3389.588;207.614440917969;0
3390.664;235.258407592773;0
3391.742;254.993011474609;0
3392.816;270.261413574219;0
3393.893;226.405639648438;0
3394.968;266.726379394531;0
3396.042;272.181427001953;0
3397.115;290.497344970703;0
3398.189;281.230590820313;0
3399.262;223.825897216797;0
3400.333;229.67741394043;0
3401.404;206.530258178711;0
3402.474;243.64404296875;0
3403.545;238.758255004883;0
3404.615;254.065872192383;0
3405.685;312.705108642578;0
3406.752;325.438354492188;0
3407.82;329.200866699219;0
3408.888;291.811096191406;0
3409.955;269.48828125;0
3411.021;276.782989501953;0
3412.085;260.601409912109;0
3413.151;287.079986572266;0
3414.215;274.207153320313;0
3415.279;304.409057617188;0
3416.343;269.938842773438;0
3417.406;253.730773925781;0
3418.468;237.618576049805;0
3419.53;243.513381958008;0
3420.592;242.392303466797;0
3421.652;252.75244140625;0
3422.712;261.893859863281;0
3423.773;275.148590087891;0
3424.83;267.409454345703;0
3425.889;261.17333984375;0
3426.946;250.713562011719;0
3428.005;226.882232666016;0
3429.061;274.464416503906;0
3430.117;286.063232421875;0
3431.172;299.648681640625;0
3432.227;258.696868896484;0
3433.281;249.553237915039;0
3434.335;281.252105712891;0
3435.389;253.955627441406;0
3436.44;266.018371582031;0
3437.492;253.772644042969;0
3438.546;261.505920410156;0
3439.598;285.754333496094;0
3440.646;216.386688232422;0
3441.697;225.316223144531;0
3442.745;196.211318969727;0
3443.793;240.897521972656;0
3444.842;247.079116821289;0
3445.891;228.65022277832;0
3446.937;220.24479675293;0
3447.984;240.72395324707;0
3449.031;278.778839111328;0
3450.075;304.688079833984;0
3451.12;320.297210693359;0
3452.164;306.791961669922;0
3453.207;306.648529052734;0
3454.251;276.839416503906;0
3455.293;242.692642211914;0
3456.336;211.130889892578;0
3457.378;210.93635559082;0
3458.417;217.640655517578;0
3459.458;240.766799926758;0
3460.498;237.165130615234;0
3461.539;267.654632568359;0
3462.577;232.969909667969;0
3463.614;245.808364868164;0
3464.651;214.685440063477;0
3465.689;223.813934326172;0
3466.726;197.924163818359;0
3467.763;189.979476928711;0
3468.798;164.218978881836;0
3469.831;160.672790527344;0
3470.866;157.518630981445;0
3471.9;200.55712890625;0
3472.933;214.425247192383;0
3473.966;241.813018798828;0
3474.999;246.074615478516;0
3476.029;257.622680664063;0
3477.061;244.625732421875;0
3478.09;194.962707519531;0
3479.121;152.731643676758;0
3480.15;160.532073974609;0
3481.178;177.406875610352;0
3482.205;196.774765014648;0
3483.234;187.283004760742;0
3484.26;206.311538696289;0
3485.288;225.16015625;0
3486.313;239.652618408203;0
3487.337;244.738739013672;0
3488.364;232.280303955078;0
3489.387;240.306838989258;0
3490.411;236.754974365234;0
3491.434;211.297729492188;0
3492.456;228.306076049805;0
3493.479;169.606872558594;0
3494.5;159.077835083008;0
3495.521;89.8804779052735;0
3496.543;114.894813537598;0
3497.561;73.3706970214844;0
3498.579;6.92732906341553;0
3499.6;-13.5825500488281;0
3500.618;-30.1103363037109;0
3501.636;-19.4825496673584;0
3502.653;-45.2666625976563;0
3503.669;-33.8948631286621;0
3504.685;-8.76939487457275;0
3505.699;-1.59482252597809;0
3506.716;-4.94453144073486;0
3507.729;-10.0319442749023;0
3508.743;-24.9594898223877;0
3509.755;-27.5972213745117;0
