98.64605;0;0
101.2353;0;0
103.8217;0;0
106.4096;-0.333333343267441;0
108.9945;-1.95555555820465;0
111.5767;16;0
114.1602;-23.2839508056641;0
116.7409;-13.8282823562622;0
119.3209;4.96581172943115;0
121.9002;35.2962951660156;0
124.4788;101.444442749023;0
127.0566;151.713455200195;0
129.6317;103.395820617676;0
132.2038;70.2919311523438;0
134.7796;-0.789197742938995;0
137.3503;85.5019073486328;0
139.9204;66.1722717285156;0
142.4919;280.110992431641;0
145.0584;374.548706054688;0
147.6242;474.47607421875;0
150.1914;521.210083007813;0
152.7579;606.347473144531;0
155.3216;560.447082519531;0
157.8846;642.154479980469;0
160.4448;689.246459960938;0
163.0085;834.676147460937;0
165.5672;800.259704589844;0
168.1232;694.154235839844;0
170.6826;681.630920410156;0
173.2372;778.845886230469;0
175.7931;921.415161132813;0
178.3463;1062.67749023438;0
180.8966;1190.466796875;0
183.4504;1253.11486816406;0
185.9993;1263.00854492188;0
188.5476;1316.27380371094;0
191.0972;1438.93542480469;0
193.644;1536.05224609375;0
196.1859;1504.07751464844;0
198.7335;1548.14709472656;0
201.2761;1559.39282226563;0
203.8201;1535.11572265625;0
206.3593;1456.51940917969;0
208.8998;1520.53002929688;0
211.4397;1556.35913085937;0
213.9746;1623.54125976563;0
216.5109;1630.41735839844;0
219.0487;1804.70922851563;0
221.5816;1871.93798828125;0
224.1158;1948.63391113281;0
226.6473;1880.8818359375;0
229.176;1889.07800292969;0
231.7082;1919.49230957031;0
234.2355;2005.93371582031;0
236.7643;2059.0712890625;0
239.2902;1981.29504394531;0
241.8133;2052.7333984375;0
244.3379;1983.34716796875;0
246.8618;2111.02905273438;0
249.3828;1970.89538574219;0
251.9053;2072.01953125;0
254.423;2010.15856933594;0
256.942;1976.18481445313;0
259.4603;1891.1767578125;0
261.9759;1842.90795898437;0
264.4887;1878.42590332031;0
267.005;1884.26708984375;0
269.5164;1900.36437988281;0
272.0292;1961.55712890625;0
274.5393;2116.91284179688;0
277.0466;2217.53881835938;0
279.5574;2311.25024414063;0
282.0654;2272.58227539063;0
284.5686;2259.66137695313;0
287.0752;2180.22924804688;0
289.5791;2163.1533203125;0
292.0803;2127.74047851563;0
294.5828;2091.39526367188;0
297.0826;2070.87548828125;0
299.5838;1935.65771484375;0
302.0801;1857.24548339844;0
304.5758;1743.90197753906;0
307.0749;1795.72961425781;0
309.5672;1802.12670898438;0
312.0608;1797.16979980469;0
314.5558;1728.82397460938;0
317.044;1687.8603515625;0
319.5377;1671.77490234375;0
322.0266;1692.62707519531;0
324.5127;1742.16320800781;0
327.0023;1850.46264648438;0
329.4871;1936.55444335938;0
331.9691;2033.68640136719;0
334.4547;2050.783203125;0
336.9353;2026.57434082031;0
339.4174;1998.47717285156;0
341.901;2056.55126953125;0
344.3776;2133.19873046875;0
346.8577;2164.33837890625;0
349.333;2127.64013671875;0
351.8076;2147.99853515625;0
354.2857;2227.37768554688;0
356.7569;2138.79541015625;0
359.2296;2072.458984375;0
361.7015;1921.31579589844;0
364.1729;1957.14721679688;0
366.6414;1907.02258300781;0
369.1093;1885.03051757812;0
371.5745;1951.99365234375;0
374.0432;1904.68298339844;0
376.507;1940.77307128906;0
378.9702;1772.8828125;0
381.4348;1746.01745605469;0
383.8947;1697.86547851562;0
386.3538;1748.00061035156;0
388.8144;1957.88195800781;0
391.2722;1962.31860351562;0
393.7314;1982.43676757813;0
396.1859;1988.99658203125;0
398.6418;2144.11157226563;0
401.0949;2323.8564453125;0
403.5475;2238.84423828125;0
405.9972;2250.59545898438;0
408.4505;2261.20654296875;0
410.899;2384.60278320313;0
413.3468;2381.41796875;0
415.796;2370.51489257813;0
418.2405;2313.27954101563;0
420.6884;2273.830078125;0
423.1295;2129.80786132813;0
425.572;2035.37268066406;0
428.0159;1997.52197265625;0
430.455;2012.60034179687;0
432.8956;1940.62976074219;0
435.3335;1830.35522460938;0
437.7707;1732.66516113281;0
440.2093;1752.31176757813;0
442.6432;1805.92150878906;0
445.0764;1794.5205078125;0
447.511;1801.07495117188;0
449.9429;1802.74169921875;0
452.3721;1818.98400878906;0
454.8048;1802.04797363281;0
457.2328;1793.85961914062;0
459.66;1808.61157226563;0
462.0847;1876.73620605469;0
464.5127;1866.88732910156;0
466.9381;1900.17077636719;0
469.3587;1826.33569335937;0
471.7807;1915.44934082031;0
474.2042;1972.48461914063;0
476.6229;2094.32153320313;0
479.041;2101.38623046875;0
481.4604;2019.28515625;0
483.8752;2038.79284667969;0
486.2934;2031.38940429687;0
488.7068;2136.33081054688;0
491.1197;2096.67626953125;0
493.5339;2080.736328125;0
495.9435;1977.44995117187;0
498.3544;1804.19873046875;0
500.7667;1716.12194824219;0
503.1723;1720.96496582031;0
505.5793;1813.75244140625;0
507.9856;1763.41943359375;0
510.3913;1669.99523925781;0
512.7944;1497.82214355469;0
515.1968;1424.802734375;0
517.5986;1439.74291992188;0
519.9997;1499.45495605469;0
522.3982;1478.88671875;0
524.798;1302.38952636719;0
527.1973;1310.29528808594;0
529.5919;1312.390625;0
531.9899;1325.07922363281;0
534.3832;1418.71240234375;0
536.7758;1409.07360839844;0
539.1699;1594.13366699219;0
541.5593;1462.25024414062;0
543.9481;1607.26037597656;0
546.3382;1551.5048828125;0
548.7257;1602.29113769531;0
551.1146;1589.70275878906;0
553.4968;1655.41687011719;0
555.8824;1760.26513671875;0
558.2675;1755.14074707031;0
560.6478;1713.49157714844;0
563.0295;1665.87475585937;0
565.4106;1556.96203613281;0
567.7911;1468.53381347656;0
570.169;1367.48059082031;0
572.5462;1245.7978515625;0
574.9229;1265.81860351562;0
577.2968;1153.76147460938;0
579.6721;1252.51477050781;0
582.0449;1136.24951171875;0
584.417;1068.0390625;0
586.7885;976.889038085938;0
589.1553;901.732788085937;0
591.5255;1028.408203125;0
593.8931;907.831665039063;0
596.2601;1104.18603515625;0
598.6265;1051.74243164063;0
600.9902;1188.56958007813;0
603.3554;1090.25915527344;0
605.7179;1048.15100097656;0
608.0778;1099.04711914063;0
610.4391;1050.08020019531;0
612.7977;1075.18444824219;0
615.1558;1118.27172851562;0
617.5132;1321.05395507813;0
619.8701;1359.70227050781;0
622.2263;1284.48327636719;0
624.5779;1184.46655273438;0
626.9308;1302.82897949219;0
629.2852;1391.50024414063;0
631.6349;1565.51977539063;0
633.9841;1715.41638183594;0
636.3326;1824.74353027344;0
638.6805;1864.31713867187;0
641.0279;1670.02319335937;0
643.3746;1764.74072265625;0
645.7187;1776.5947265625;0
648.0621;1876.02624511719;0
650.405;1665.92651367188;0
652.7453;1600.07470703125;0
655.087;1637.69738769531;0
657.426;1693.4384765625;0
659.7645;1713.48425292969;0
662.1024;1521.33044433594;0
664.4376;1394.86560058594;0
666.7742;1406.91345214844;0
669.1063;1412.41491699219;0
671.4398;1488.11315917969;0
673.7726;1398.9208984375;0
676.1048;1356.18566894531;0
678.4324;1283.7158203125;0
680.7635;1188.84826660156;0
683.0919;1238.84106445313;0
685.4158;1273.20837402344;0
687.743;1359.0439453125;0
690.0696;1385.68701171875;0
692.3937;1458.70825195313;0
694.7151;1402.43774414062;0
697.038;1470.75610351563;0
699.3583;1252.87524414062;0
701.6779;1351.71850585938;0
703.995;1262.01452636719;0
706.3155;1287.041015625;0
708.6294;1216.84704589844;0
710.9467;1213.84912109375;0
713.2594;1377.89978027344;0
715.5735;1268.83422851562;0
717.887;1238.208984375;0
720.1979;1129.58190917969;0
722.5083;1234.84240722656;0
724.818;1206.65930175781;0
727.1252;1291.25695800781;0
729.4357;1229.98388671875;0
731.7418;1291.37744140625;0
734.0452;1361.30151367188;0
736.35;1500.56103515625;0
738.6522;1542.51342773438;0
740.9539;1448.24926757813;0
743.2569;1276.21215820313;0
745.5554;1229.46948242188;0
747.8553;1094.83764648438;0
750.1545;1075.82531738281;0
752.4513;1071.35986328125;0
754.7474;932.944885253906;0
757.043;850.858642578125;0
759.336;898.991455078125;0
761.6304;1030.34020996094;0
763.9222;1036.63793945313;0
766.2114;748.859741210938;0
768.5041;711.963928222656;0
770.7922;610.977600097656;0
773.0777;556.125061035156;0
775.3647;509.252716064453;0
777.651;679.654479980469;0
779.9368;783.15625;0
782.22;911.607482910156;0
784.5026;929.718933105469;0
786.7847;1023.72735595703;0
789.0662;1011.31127929687;0
791.3451;990.9794921875;0
793.6254;1020.75213623047;0
795.9012;1110.11499023437;0
798.1784;1222.33923339844;0
800.455;1211.98217773438;0
802.7291;1101.25268554688;0
805.0026;976.821166992188;0
807.2755;1032.65661621094;0
809.5478;1057.12475585937;0
811.8176;1182.11743164063;0
814.0869;1319.18249511719;0
816.3535;1326.98510742188;0
818.6235;1372.33312988281;0
820.8911;1146.76037597656;0
823.156;1192.74353027344;0
825.4204;1129.25317382813;0
827.6823;1312.296875;0
829.9474;1385.521484375;0
832.2082;1462.14270019531;0
834.4683;1425.71740722656;0
836.7279;1411.20458984375;0
838.9869;1292.42529296875;0
841.2453;1228.43395996094;0
843.5012;1314.62390136719;0
845.7565;1361.35681152344;0
848.0133;1437.00048828125;0
850.2655;1294.49743652344;0
852.5153;1345.29125976562;0
854.7703;1398.04626464844;0
857.0189;1385.20642089844;0
859.2668;1171.3251953125;0
861.5182;996.62548828125;0
863.7651;931.43798828125;0
866.0114;981.325012207031;0
868.2592;793.618041992188;0
870.5024;710.207397460938;0
872.7451;567.088500976563;0
874.9872;654.370727539063;0
877.2307;656.276489257813;0
879.4717;623.250122070313;0
881.7101;575.621948242188;0
883.95;562.612976074219;0
886.1854;674.113037109375;0
888.4202;694.676452636719;0
890.6604;772.080993652344;0
892.8941;726.212829589844;0
895.1253;888.742919921875;0
897.3599;983.564636230469;0
899.59;968.796691894531;0
901.8195;800.445922851563;0
904.0504;805.95947265625;0
906.2789;930.114990234375;0
908.5087;1168.46740722656;0
910.7341;1090.83752441406;0
912.9589;962.104858398438;0
915.1851;790.379760742188;0
917.4088;775.840148925781;0
919.63;788.914367675781;0
921.8526;646.031005859375;0
924.0727;688.792114257813;0
926.2922;873.066711425781;0
928.5112;1030.7021484375;0
930.7277;939.870849609375;0
932.9476;724.016540527344;0
935.163;659.470703125;0
937.3739;544.675659179688;0
939.5901;556.549194335938;0
941.8019;474.278228759766;0
944.0151;470.079742431641;0
946.2258;339.398162841797;0
948.4341;209.785583496094;0
950.6456;206.239669799805;0
952.8527;170.98844909668;0
955.0593;213.324569702148;0
957.2653;68.4024429321289;0
959.4689;36.8623886108398;0
961.6738;67.8635406494141;0
963.8782;77.7024993896484;0
966.0782;86.1041717529297;0
968.2815;70.9574508666992;0
970.4803;79.2630462646484;0
972.6787;88.9098281860352;0
974.8784;70.0099945068359;0
977.0757;108.564743041992;0
979.2704;67.5740737915039;0
981.4667;92.5935440063477;0
983.6603;204.115615844727;0
985.8535;300.385131835938;0
988.0461;334.068725585938;0
990.2363;183.721969604492;0
992.4297;351.564178466797;0
994.6169;465.817504882813;0
996.8035;687.585144042969;0
998.9933;808.758972167969;0
1001.179;913.006286621094;0
1003.364;961.663696289062;0
1005.55;938.17578125;0
1007.732;1029.53979492188;0
1009.916;1073.31127929687;0
1012.096;1048.26574707031;0
1014.275;946.962829589844;0
1016.459;893.506652832031;0
1018.636;926.119445800781;0
1020.813;973.356750488281;0
1022.991;1053.44091796875;0
1025.165;1049.14404296875;0
1027.34;993.794921875;0
1029.515;886.830444335937;0
1031.687;646.799255371094;0
1033.859;666.032165527344;0
1036.03;762.084655761719;0
1038.199;898.519897460938;0
1040.369;719.786865234375;0
1042.536;624.111083984375;0
1044.704;530.493896484375;0
1046.87;548.161682128906;0
1049.034;470.11474609375;0
1051.198;355.241912841797;0
1053.363;364.878387451172;0
1055.526;413.248474121094;0
1057.686;521.018859863281;0
1059.845;571.522888183594;0
1062.005;536.981384277344;0
1064.165;576.394287109375;0
1066.323;484.541107177734;0
1068.477;341.199493408203;0
1070.634;332.0361328125;0
1072.788;236.939956665039;0
1074.942;237.799819946289;0
1077.096;157.165420532227;0
1079.247;277.992004394531;0
1081.397;422.983154296875;0
1083.547;509.581298828125;0
1085.695;442.783050537109;0
1087.844;454.254058837891;0
1089.992;434.077178955078;0
1092.138;474.406829833984;0
1094.284;484.295928955078;0
1096.425;510.077758789063;0
1098.571;440.751647949219;0
1100.711;442.4287109375;0
1102.851;418.552276611328;0
1104.994;522.232299804688;0
1107.132;399.246551513672;0
1109.271;419.150573730469;0
1111.408;449.896362304688;0
1113.543;584.683471679688;0
1115.682;765.289794921875;0
1117.816;622.826354980469;0
1119.947;563.737609863281;0
1122.08;262.35693359375;0
1124.213;407.79541015625;0
1126.343;390.827697753906;0
1128.474;492.116119384766;0
1130.602;383.879425048828;0
1132.728;371.562103271484;0
1134.856;298.94189453125;0
1136.982;246.352127075195;0
1139.109;258.015075683594;0
1141.234;311.257293701172;0
1143.356;421.967163085938;0
1145.479;365.255798339844;0
1147.599;352.678771972656;0
1149.719;305.569396972656;0
1151.839;438.483245849609;0
1153.957;389.753631591797;0
1156.076;385.713897705078;0
1158.191;120.919593811035;0
1160.305;139.546813964844;0
1162.423;161.210418701172;0
1164.536;349.045776367188;0
1166.647;259.777496337891;0
1168.761;264.178649902344;0
1170.871;237.137466430664;0
1172.983;352.761688232422;0
1175.092;378.496215820313;0
1177.2;529.008483886719;0
1179.306;601.408447265625;0
1181.413;655.250366210938;0
1183.518;563.312744140625;0
1185.623;544.374084472656;0
1187.725;504.212921142578;0
1189.826;529.496643066406;0
1191.929;583.557800292969;0
1194.032;671.508117675781;0
1196.13;681.237365722656;0
1198.23;658.635131835938;0
1200.327;570.924377441406;0
1202.423;592.442016601563;0
1204.52;572.231262207031;0
1206.613;507.029296875;0
1208.71;548.059143066406;0
1210.801;661.546447753906;0
1212.892;801.93798828125;0
1214.987;679.568298339844;0
1217.075;596.330200195313;0
1219.166;422.892974853516;0
1221.256;490.592376708984;0
1223.342;531.65234375;0
1225.43;625.298889160156;0
1227.515;546.095825195313;0
1229.597;553.714172363281;0
1231.685;707.822448730469;0
1233.767;770.199523925781;0
1235.85;778.290344238281;0
1237.931;626.875671386719;0
1240.009;742.624816894531;0
1242.09;596.762390136719;0
1244.168;588.955993652344;0
1246.245;472.701049804688;0
1248.321;478.754669189453;0
1250.397;481.215759277344;0
1252.472;536.510864257813;0
1254.547;509.306701660156;0
1256.618;402.9365234375;0
1258.69;271.844848632813;0
1260.761;210.709579467773;0
1262.83;266.640930175781;0
1264.901;231.517395019531;0
1266.969;341.450134277344;0
1269.035;288.328826904297;0
1271.102;319.158264160156;0
1273.167;255.827331542969;0
1275.233;339.336029052734;0
1277.295;365.906555175781;0
1279.359;393.872283935547;0
1281.42;277.677642822266;0
1283.482;280.590972900391;0
1285.542;230.760116577148;0
1287.6;415.391296386719;0
1289.659;343.862854003906;0
1291.714;592.507446289063;0
1293.774;684.546569824219;0
1295.828;877.312805175781;0
1297.881;721.249877929688;0
1299.936;651.468139648438;0
1301.987;622.522399902344;0
1304.041;814.30078125;0
1306.09;915.2470703125;0
1308.139;906.138244628906;0
1310.19;858.306884765625;0
1312.238;848.752319335937;0
1314.286;938.807006835938;0
1316.331;912.359191894531;0
1318.376;1006.96374511719;0
1320.422;935.953063964844;0
1322.466;1025.43774414063;0
1324.508;974.528625488281;0
1326.549;1044.66955566406;0
1328.59;978.526306152344;0
1330.632;857.764953613281;0
1332.67;869.274291992188;0
1334.707;888.386352539063;0
1336.746;1014.32220458984;0
1338.78;1106.52221679687;0
1340.816;1103.87280273437;0
1342.852;861.81591796875;0
1344.885;703.349853515625;0
1346.916;606.581970214844;0
1348.948;758.0595703125;0
1350.979;749.111511230469;0
1353.011;705.513854980469;0
1355.04;718.487670898438;0
1357.066;695.032531738281;0
1359.094;713.478576660156;0
1361.121;609.490295410156;0
1363.145;591.844543457031;0
1365.171;473.430389404297;0
1367.192;360.197845458984;0
1369.216;273.612915039063;0
1371.239;319.799865722656;0
1373.258;431.888702392578;0
1375.28;385.102600097656;0
1377.298;347.775848388672;0
1379.316;121.464935302734;0
1381.335;112.159553527832;0
1383.35;267.194915771484;0
1385.366;532.2490234375;0
1387.38;550.211730957031;0
1389.394;407.972045898438;0
1391.409;356.303924560547;0
1393.42;302.319427490234;0
1395.43;324.352905273438;0
1397.44;303.849700927734;0
1399.451;367.477478027344;0
1401.458;309.571166992188;0
1403.466;64.2433166503906;0
1405.472;112.896705627441;0
1407.478;92.2731704711914;0
1409.483;380.290710449219;0
1411.486;398.172485351563;0
1413.49;474.030578613281;0
1415.492;455.532623291016;0
1417.492;435.012878417969;0
1419.495;565.472351074219;0
1421.494;724.911010742188;0
1423.492;773.662231445313;0
1425.49;671.392639160156;0
1427.487;464.325714111328;0
1429.482;461.572662353516;0
1431.477;509.577911376953;0
1433.471;537.563659667969;0
1435.466;617.643432617188;0
1437.456;653.152465820313;0
1439.447;772.424133300781;0
1441.441;776.791748046875;0
1443.427;736.032409667969;0
1445.417;711.923889160156;0
1447.406;689.848815917969;0
1449.392;841.584899902344;0
1451.381;951.173950195313;0
1453.365;946.335693359375;0
1455.348;801.259582519531;0
1457.333;726.723327636719;0
1459.314;770.998413085938;0
1461.296;875.001037597656;0
1463.276;737.558898925781;0
1465.256;672.547729492188;0
1467.237;637.369506835938;0
1469.215;774.891540527344;0
1471.19;768.116638183594;0
1473.167;858.217102050781;0
1475.145;818.918090820312;0
1477.118;836.588806152344;0
1479.092;766.071899414063;0
1481.065;774.483093261719;0
1483.038;803.412475585938;0
1485.008;720.261962890625;0
1486.979;654.138244628906;0
1488.949;656.2626953125;0
1490.917;745.300903320313;0
1492.883;768.141662597656;0
1494.852;674.67333984375;0
1496.817;650.443664550781;0
1498.782;612.675048828125;0
1500.748;610.033508300781;0
1502.708;547.607482910156;0
1504.673;504.865020751953;0
1506.634;413.700866699219;0
1508.594;273.339019775391;0
1510.554;304.891174316406;0
1512.512;380.134155273438;0
1514.471;554.733642578125;0
1516.428;485.466430664063;0
1518.384;515.108764648438;0
1520.34;320.433166503906;0
1522.294;319.829742431641;0
1524.249;314.874877929688;0
1526.202;437.206726074219;0
1528.153;531.046569824219;0
1530.103;663.2822265625;0
1532.054;577.357299804688;0
1534.004;603.381896972656;0
1535.951;549.799438476563;0
1537.899;559.498962402344;0
1539.847;642.480346679688;0
1541.793;535.076904296875;0
1543.738;590.9541015625;0
1545.681;412.111907958984;0
1547.625;379.661407470703;0
1549.566;246.381958007813;0
1551.509;209.271133422852;0
1553.45;157.995788574219;0
1555.389;329.780700683594;0
1557.33;391.295349121094;0
1559.266;551.539794921875;0
1561.204;641.736206054688;0
1563.141;710.27978515625;0
1565.074;643.731262207031;0
1567.009;504.607543945313;0
1568.943;517.633178710938;0
1570.877;578.063293457031;0
1572.808;655.1201171875;0
1574.741;547.421081542969;0
1576.67;379.938812255859;0
1578.6;317.401245117188;0
1580.528;324.821533203125;0
1582.455;374.019836425781;0
1584.382;331.351135253906;0
1586.307;255.034820556641;0
1588.234;197.565277099609;0
1590.157;135.91389465332;0
1592.081;118.883720397949;0
1594.002;177.881423950195;0
1595.927;131.678421020508;0
1597.845;143.572494506836;0
1599.767;161.938598632813;0
1601.685;319.002349853516;0
1603.602;388.541534423828;0
1605.523;346.333953857422;0
1607.438;347.712036132813;0
1609.354;370.786590576172;0
1611.269;396.675506591797;0
1613.181;241.933151245117;0
1615.096;210.00373840332;0
1617.008;90.4644927978516;0
1618.92;254.290908813477;0
1620.83;288.253875732422;0
1622.74;495.350677490234;0
1624.649;458.468688964844;0
1626.557;402.60791015625;0
1628.464;438.434967041016;0
1630.37;508.505462646484;0
1632.275;625.708251953125;0
1634.18;636.603393554688;0
1636.085;669.523559570313;0
1637.988;743.134704589844;0
1639.888;761.435546875;0
1641.791;825.758666992188;0
1643.691;839.325500488281;0
1645.588;822.135498046875;0
1647.489;817.634521484375;0
1649.387;752.267822265625;0
1651.284;814.813354492187;0
1653.18;685.130126953125;0
1655.075;762.579833984375;0
1656.972;775.606323242188;0
1658.864;939.31982421875;0
1660.754;947.400451660156;0
1662.65;917.936279296875;0
1664.539;851.933776855469;0
1666.428;858.834716796875;0
1668.32;763.302368164063;0
1670.207;681.888671875;0
1672.096;712.259643554688;0
1673.982;825.859680175781;0
1675.867;963.944946289063;0
1677.754;1002.92010498047;0
1679.638;1003.22424316406;0
1681.52;953.413208007813;0
1683.403;811.598571777344;0
1685.285;773.8916015625;0
1687.166;673.401489257813;0
1689.048;670.677124023438;0
1690.924;575.826965332031;0
1692.804;731.853393554688;0
1694.682;763.982604980469;0
1696.558;849.881286621094;0
1698.435;794.771911621094;0
1700.308;711.570983886719;0
1702.184;677.214050292969;0
1704.057;627.251098632813;0
1705.929;567.153991699219;0
1707.801;520.035461425781;0
1709.674;454.22705078125;0
1711.542;509.284271240234;0
1713.412;477.873779296875;0
1715.28;439.861907958984;0
1717.145;429.120544433594;0
1719.015;392.355926513672;0
1720.88;352.062408447266;0
1722.746;305.030029296875;0
1724.61;334.406066894531;0
1726.471;430.983489990234;0
1728.334;402.704803466797;0
1730.197;395.034271240234;0
1732.057;377.252410888672;0
1733.919;445.337524414063;0
1735.777;476.845184326172;0
1737.634;412.219848632813;0
1739.493;437.683685302734;0
1741.349;423.125640869141;0
1743.205;402.101257324219;0
1745.061;368.726409912109;0
1746.915;331.906494140625;0
1748.77;364.185913085938;0
1750.621;274.898803710938;0
1752.473;363.26806640625;0
1754.323;388.744171142578;0
1756.173;465.661102294922;0
1758.022;471.128509521484;0
1759.87;472.145538330078;0
1761.718;410.267608642578;0
1763.566;436.746795654297;0
1765.411;472.33251953125;0
1767.256;457.692108154297;0
1769.101;399.530609130859;0
1770.945;361.687835693359;0
1772.787;474.671783447266;0
1774.629;474.135986328125;0
1776.469;579.49365234375;0
1778.309;585.633422851563;0
1780.15;601.111694335938;0
1781.987;566.929077148438;0
1783.826;462.954742431641;0
1785.662;570.770629882813;0
1787.498;604.148559570313;0
1789.334;646.86865234375;0
1791.169;690.152893066406;0
1793.002;689.778503417969;0
1794.834;834.745422363281;0
1796.667;756.722229003906;0
1798.498;764.271057128906;0
1800.328;717.394592285156;0
1802.157;745.090454101563;0
1803.986;655.132568359375;0
1805.813;615.409606933594;0
1807.639;497.404571533203;0
1809.467;566.681823730469;0
1811.292;511.5322265625;0
1813.117;537.010314941406;0
1814.94;505.616149902344;0
1816.763;604.013610839844;0
1818.585;575.092529296875;0
1820.407;572.296508789063;0
1822.227;548.179992675781;0
1824.048;556.098022460938;0
1825.865;592.39990234375;0
1827.683;543.489624023438;0
1829.501;552.093994140625;0
1831.317;438.755462646484;0
1833.135;454.436859130859;0
1834.948;330.344207763672;0
1836.761;269.311889648438;0
1838.577;240.43017578125;0
1840.388;300.306518554688;0
1842.198;363.07275390625;0
1844.009;441.505676269531;0
1845.819;475.271026611328;0
1847.629;552.034484863281;0
1849.436;440.350646972656;0
1851.244;350.218536376953;0
1853.052;326.853973388672;0
1854.858;390.795623779297;0
1856.661;532.613586425781;0
1858.466;591.86572265625;0
1860.269;625.687561035156;0
1862.073;560.447814941406;0
1863.875;548.00146484375;0
1865.673;468.539581298828;0
1867.476;568.287353515625;0
1869.275;499.466644287109;0
1871.072;508.300628662109;0
1872.872;483.790252685547;0
1874.667;443.158752441406;0
1876.464;486.033721923828;0
1878.26;413.057281494141;0
1880.053;356.692047119141;0
1881.849;290.390014648438;0
1883.64;306.739715576172;0
1885.431;404.631927490234;0
1887.226;344.845458984375;0
1889.014;195.603469848633;0
1890.803;122.704330444336;0
1892.594;157.310974121094;0
1894.38;267.353729248047;0
1896.167;299.576538085938;0
1897.955;323.382446289063;0
1899.74;359.405151367188;0
1901.526;410.312286376953;0
1903.309;454.660430908203;0
1905.091;472.448638916016;0
1906.876;425.612884521484;0
1908.658;384.137237548828;0
1910.438;310.980255126953;0
1912.217;235.933837890625;0
1913.996;108.06657409668;0
1915.775;153.676162719727;0
1917.553;247.506637573242;0
1919.33;329.226593017578;0
1921.106;357.058746337891;0
1922.881;296.227264404297;0
1924.655;376.288665771484;0
1926.431;329.35498046875;0
1928.202;330.315216064453;0
1929.974;267.062103271484;0
1931.746;277.487182617188;0
1933.516;305.700836181641;0
1935.286;310.127502441406;0
1937.055;297.897583007813;0
1938.823;310.902496337891;0
1940.592;278.043121337891;0
1942.356;299.706604003906;0
1944.122;331.156982421875;0
1945.888;396.173980712891;0
1947.651;406.315093994141;0
1949.416;419.581268310547;0
1951.178;473.862335205078;0
1952.939;443.162200927734;0
1954.699;463.762451171875;0
1956.459;504.683837890625;0
1958.219;550.487060546875;0
1959.979;528.871765136719;0
1961.735;491.725250244141;0
1963.491;451.935943603516;0
1965.249;368.810791015625;0
1967.003;341.423095703125;0
1968.761;330.585693359375;0
1970.512;448.886169433594;0
1972.265;488.654968261719;0
1974.018;519.892456054688;0
1975.769;523.708801269531;0
1977.522;437.198150634766;0
1979.271;478.504028320313;0
1981.018;418.330322265625;0
1982.766;486.79833984375;0
1984.516;541.400817871094;0
1986.261;553.244995117188;0
1988.009;566.663269042969;0
1989.754;521.101196289063;0
1991.498;573.669006347656;0
1993.241;595.141540527344;0
1994.984;602.849670410156;0
1996.727;537.015625;0
1998.468;517.750549316406;0
2000.206;529.422607421875;0
2001.946;626.629699707031;0
2003.686;640.6279296875;0
2005.424;627.86181640625;0
2007.161;526.775756835938;0
2008.898;431.816040039063;0
2010.634;429.71435546875;0
2012.369;406.265441894531;0
2014.103;549.067199707031;0
2015.836;562.105834960938;0
2017.57;735.0478515625;0
2019.299;688.004333496094;0
2021.032;729.198303222656;0
2022.762;722.074035644531;0
2024.491;808.744262695313;0
2026.221;780.653259277344;0
2027.947;755.024353027344;0
2029.676;695.4140625;0
2031.403;768.2685546875;0
2033.128;687.697143554688;0
2034.852;668.36572265625;0
2036.577;511.610290527344;0
2038.299;580.897216796875;0
2040.022;553.54248046875;0
2041.744;523.545471191406;0
2043.465;462.896179199219;0
2045.184;543.542663574219;0
2046.903;690.778381347656;0
2048.621;684.825561523438;0
2050.339;602.23974609375;0
2052.057;538.910766601563;0
2053.774;578.061889648438;0
2055.488;400.357727050781;0
2057.203;363.518737792969;0
2058.917;312.748229980469;0
2060.631;398.322662353516;0
2062.344;347.141571044922;0
2064.053;204.55387878418;0
2065.765;241.336364746094;0
2067.476;267.043792724609;0
2069.185;367.561767578125;0
2070.892;321.333587646484;0
2072.6;319.248168945313;0
2074.308;297.306427001953;0
2076.014;339.842712402344;0
2077.72;280.302398681641;0
2079.425;265.813507080078;0
2081.13;207.899230957031;0
2082.833;243.079635620117;0
2084.532;276.183502197266;0
2086.236;364.103240966797;0
2087.936;361.953796386719;0
2089.635;408.736145019531;0
2091.335;375.671325683594;0
2093.034;400.649200439453;0
2094.731;442.339294433594;0
2096.427;490.744262695313;0
2098.124;542.974243164063;0
2099.82;585.58349609375;0
2101.515;755.682983398438;0
2103.207;791.717163085938;0
2104.902;878.463806152344;0
2106.594;801.033996582031;0
2108.286;897.647644042969;0
2109.976;907.522888183594;0
2111.667;852.325866699219;0
2113.355;835.499633789063;0
2115.044;828.710876464844;0
2116.732;899.960205078125;0
2118.42;988.030517578125;0
2120.105;1049.92175292969;0
2121.79;1113.63403320312;0
2123.476;1077.61169433594;0
2125.16;1004.29553222656;0
2126.844;948.46337890625;0
2128.524;960.004089355469;0
2130.207;942.878479003906;0
2131.888;951.738708496094;0
2133.567;845.416320800781;0
2135.247;892.466796875;0
2136.927;943.540344238281;0
2138.603;1076.90026855469;0
2140.281;1093.30004882813;0
2141.957;1145.62768554687;0
2143.633;1104.32482910156;0
2145.308;1071.61389160156;0
2146.981;1043.49462890625;0
2148.654;1081.85241699219;0
2150.328;1087.90954589844;0
2152;1087.232421875;0
2153.669;1067.25805664062;0
2155.34;1046.20349121094;0
2157.01;1101.84448242188;0
2158.677;981.06787109375;0
2160.347;913.149353027344;0
2162.013;697.599304199219;0
2163.681;776.618957519531;0
2165.347;804.063598632813;0
2167.011;839.46337890625;0
2168.674;748.775207519531;0
2170.337;709.107421875;0
2172.002;635.126708984375;0
2173.662;649.499816894531;0
2175.324;641.685607910156;0
2176.985;761.116882324219;0
2178.645;692.570373535156;0
2180.304;695.154541015625;0
2181.961;609.310852050781;0
2183.618;705.7060546875;0
2185.275;711.117919921875;0
2186.932;732.814575195313;0
2188.586;728.321594238281;0
2190.242;723.698364257813;0
2191.896;680.424560546875;0
2193.547;670.837646484375;0
2195.2;687.271057128906;0
2196.851;726.725769042969;0
2198.502;682.647399902344;0
2200.153;642.480590820313;0
2201.799;685.558654785156;0
2203.447;701.881591796875;0
2205.097;743.560607910156;0
2206.742;677.375732421875;0
2208.391;598.108764648438;0
2210.035;547.760375976563;0
2211.679;593.109680175781;0
2213.324;719.823303222656;0
2214.966;791.567932128906;0
2216.608;759.343566894531;0
2218.252;751.483581542969;0
2219.89;761.432373046875;0
2221.531;875.078796386719;0
2223.172;955.871032714844;0
2224.809;914.03125;0
2226.449;834.114990234375;0
2228.086;809.161499023438;0
2229.72;933.740783691406;0
2231.358;929.021423339844;0
2232.992;824.114440917969;0
2234.625;661.925231933594;0
2236.26;696.635070800781;0
2237.893;728.712463378906;0
2239.524;751.158508300781;0
2241.156;700.198059082031;0
2242.785;739.720031738281;0
2244.416;838.279907226563;0
2246.044;852.659240722656;0
2247.672;789.080139160156;0
2249.301;664.198364257813;0
2250.926;704.354553222656;0
2252.554;665.776428222656;0
2254.177;717.354675292969;0
2255.803;730.198974609375;0
2257.427;906.306091308594;0
2259.051;948.567565917969;0
2260.671;790.2099609375;0
2262.294;673.710388183594;0
2263.914;752.430419921875;0
2265.533;1003.30249023438;0
2267.153;972.773803710938;0
2268.773;879.287841796875;0
2270.392;760.954711914063;0
2272.006;777.203369140625;0
2273.624;762.377868652344;0
2275.239;744.256164550781;0
2276.854;865.506408691406;0
2278.468;888.353637695312;0
2280.084;899.685668945313;0
2281.695;825.390502929688;0
2283.305;849.976745605469;0
2284.919;789.140075683594;0
2286.527;716.597900390625;0
2288.14;598.314086914063;0
2289.748;577.505676269531;0
2291.354;592.282775878906;0
2292.964;597.755493164063;0
2294.569;577.922973632813;0
2296.174;486.895233154297;0
2297.782;502.893615722656;0
2299.386;556.917114257813;0
2300.99;475.742523193359;0
2302.594;478.702209472656;0
2304.195;395.4619140625;0
2305.798;468.353942871094;0
2307.399;357.044036865234;0
2308.998;321.420104980469;0
2310.598;338.036743164063;0
2312.197;457.670715332031;0
2313.795;581.543334960938;0
2315.392;632.320190429688;0
2316.988;622.557006835938;0
2318.585;582.142517089844;0
2320.18;551.41015625;0
2321.774;472.023376464844;0
2323.368;477.424957275391;0
2324.961;533.9482421875;0
2326.553;581.482055664063;0
2328.145;613.357482910156;0
2329.735;551.350708007813;0
2331.324;537.460815429688;0
2332.916;441.686737060547;0
2334.503;400.583160400391;0
2336.092;456.593475341797;0
2337.677;545.939025878906;0
2339.263;669.953063964844;0
2340.85;659.302307128906;0
2342.434;556.761596679688;0
2344.018;454.329956054688;0
2345.602;388.673126220703;0
2347.185;495.56787109375;0
2348.768;420.568786621094;0
2350.347;470.678527832031;0
2351.928;398.12255859375;0
2353.51;544.235168457031;0
2355.087;502.681335449219;0
2356.665;474.571929931641;0
2358.243;405.684753417969;0
2359.819;329.576324462891;0
2361.396;332.025390625;0
2362.972;262.921813964844;0
2364.547;387.929351806641;0
2366.121;392.047973632813;0
2367.694;483.72216796875;0
2369.267;374.174163818359;0
2370.839;359.404876708984;0
2372.411;247.859756469727;0
2373.982;330.984222412109;0
2375.55;422.554901123047;0
2377.118;479.350463867188;0
2378.687;454.924255371094;0
2380.254;422.609191894531;0
2381.821;446.738555908203;0
2383.387;440.201232910156;0
2384.954;486.441711425781;0
2386.516;493.237731933594;0
2388.082;457.700439453125;0
2389.644;401.607574462891;0
2391.209;416.514709472656;0
2392.769;264.199645996094;0
2394.33;307.217895507813;0
2395.892;242.902801513672;0
2397.449;493.143280029297;0
2399.008;457.828186035156;0
2400.568;623.513122558594;0
2402.125;549.420227050781;0
2403.68;574.21630859375;0
2405.238;464.234527587891;0
2406.792;515.91943359375;0
2408.349;532.604370117188;0
2409.902;537.3994140625;0
2411.455;542.414794921875;0
2413.007;552.871643066406;0
2414.558;490.105590820313;0
2416.11;422.783996582031;0
2417.66;437.128082275391;0
2419.21;481.692474365234;0
2420.758;471.922912597656;0
2422.307;348.042266845703;0
2423.855;330.606079101563;0
2425.402;355.614288330078;0
2426.947;403.066986083984;0
2428.492;372.186340332031;0
2430.038;405.416809082031;0
2431.58;449.535186767578;0
2433.124;554.096069335938;0
2434.667;507.656951904297;0
2436.208;437.99560546875;0
2437.75;435.667602539063;0
2439.291;432.895172119141;0
2440.83;446.011596679688;0
2442.369;430.794708251953;0
2443.906;470.465728759766;0
2445.444;445.357055664063;0
2446.981;406.470397949219;0
2448.517;368.028167724609;0
2450.053;462.141510009766;0
2451.587;419.364990234375;0
2453.12;594.475463867188;0
2454.655;523.582946777344;0
2456.187;659.801574707031;0
2457.718;520.020202636719;0
2459.25;538.572204589844;0
2460.781;399.235290527344;0
2462.31;349.564056396484;0
2463.84;362.446441650391;0
2465.368;336.437042236328;0
2466.896;320.536987304688;0
2468.423;303.078704833984;0
2469.949;360.619934082031;0
2471.474;435.716735839844;0
2472.998;467.369110107422;0
2474.522;464.132568359375;0
2476.045;469.673828125;0
2477.568;471.659515380859;0
2479.09;482.978546142578;0
2480.612;400.630889892578;0
2482.132;401.616577148438;0
2483.653;362.824493408203;0
2485.171;412.699096679688;0
2486.689;480.462554931641;0
2488.208;479.4482421875;0
2489.725;443.545043945313;0
2491.242;426.864074707031;0
2492.757;454.960876464844;0
2494.271;510.502136230469;0
2495.785;390.154479980469;0
2497.3;473.584625244141;0
2498.812;507.125854492188;0
2500.325;542.22265625;0
2501.837;493.430572509766;0
2503.345;356.527374267578;0
2504.856;318.624176025391;0
2506.366;250.832107543945;0
2507.875;257.595581054688;0
2509.382;286.247924804688;0
2510.889;323.678070068359;0
2512.397;349.108215332031;0
2513.901;267.649444580078;0
2515.406;246.857360839844;0
2516.911;199.398620605469;0
2518.415;226.050979614258;0
2519.918;187.925552368164;0
2521.421;181.911239624023;0
2522.922;217.230270385742;0
2524.423;241.882629394531;0
2525.924;250.979431152344;0
2527.422;153.965118408203;0
2528.923;86.2841491699219;0
2530.419;90.0476226806642;0
2531.916;49.1444206237792;0
2533.415;107.907890319824;0
2534.909;82.3380279541017;0
2536.404;124.990386962891;0
2537.899;109.087188720703;0
2539.394;146.739547729492;0
2540.887;210.836349487305;0
2542.38;224.933151245117;0
2543.871;225.696624755859;0
2545.363;185.014678955078;0
2546.852;159.331588745117;0
2548.345;61.0908432006835;0
2549.833;49.0723152160645;0
2551.321;107.164894104004;0
2552.811;256.479705810547;0
2554.296;305.016723632813;0
2555.78;285.220428466797;0
2557.267;252.868560791016;0
2558.752;282.850036621094;0
2560.237;216.720397949219;0
2561.721;208.812973022461;0
2563.203;208.350006103516;0
2564.687;303.109252929687;0
2566.168;341.53515625;0
2567.648;352.849975585937;0
2569.129;407.498107910156;0
2570.607;467.257354736328;0
2572.086;490.238830566406;0
2573.565;418.775848388672;0
2575.041;347.646209716797;0
2576.518;269.849914550781;0
2577.994;223.498046875;0
2579.469;306.146179199219;0
2580.945;398.683197021484;0
2582.418;485.109130859375;0
2583.892;433.757263183594;0
2585.365;380.183166503906;0
2586.835;358.72021484375;0
2588.307;418.368347167969;0
2589.778;435.794250488281;0
2591.248;484.109069824219;0
2592.717;477.979431152344;0
2594.186;433.960906982422;0
2595.652;447.053466796875;0
2597.121;347.479400634766;0
2598.585;393.349761962891;0
2600.052;353.331207275391;0
2601.518;329.423797607422;0
2602.982;389.183044433594;0
2604.446;365.497863769531;0
2605.907;423.368225097656;0
2607.371;349.349700927734;0
2608.83;382.775604248047;0
2610.293;468.757080078125;0
2611.752;484.516326904297;0
2613.213;445.275573730469;0
2614.672;368.257049560547;0
2616.13;504.016296386719;0
2617.587;488.331085205078;0
2619.043;627.979248046875;0
2620.501;543.405151367187;0
2621.957;585.497741699219;0
2623.409;500.145874023438;0
2624.864;516.349548339844;0
2626.318;574.219909667969;0
2627.771;593.868041992188;0
2629.222;599.960632324219;0
2630.673;583.830993652344;0
2632.124;592.701599121094;0
2633.575;631.46337890625;0
2635.023;633.340270996094;0
2636.473;588.108825683594;0
2637.922;517.658020019531;0
2639.368;488.54345703125;0
2640.816;482.098083496094;0
2642.261;431.32177734375;0
2643.705;382.213562011719;0
2645.151;434.883544921875;0
2646.596;466.553009033203;0
2648.037;475.887634277344;0
2649.48;386.554351806641;0
2650.923;358.329925537109;0
2652.364;420.213439941406;0
2653.804;441.093902587891;0
2655.243;478.525970458984;0
2656.683;494.175262451172;0
2658.121;483.040893554688;0
2659.559;339.121856689453;0
2660.997;252.30632019043;0
2662.433;246.928497314453;0
2663.868;354.766143798828;0
2665.305;319.819274902344;0
2666.737;377.754455566406;0
2668.173;335.571746826172;0
2669.606;360.715515136719;0
2671.038;214.296905517578;0
2672.47;122.315841674805;0
2673.901;164.994552612305;0
2675.331;230.666351318359;0
2676.761;336.775665283203;0
2678.189;274.211334228516;0
2679.619;261.417816162109;0
2681.045;249.061737060547;0
2682.473;219.031982421875;0
2683.9;179.43962097168;0
2685.324;129.950576782226;0
2686.749;191.009674072266;0
2688.176;181.283889770508;0
2689.599;236.439880371094;0
2691.021;222.033172607422;0
2692.444;362.285949707031;0
2693.865;421.198120117188;0
2695.287;441.435302734375;0
2696.707;363.996612548828;0
2698.125;367.104339599609;0
2699.545;414.86962890625;0
2700.963;444.738739013672;0
2702.381;481.266265869141;0
2703.798;391.451232910156;0
2705.214;409.181549072266;0
2706.629;336.346405029297;0
2708.046;390.390106201172;0
2709.458;374.869262695313;0
2710.872;395.894012451172;0
2712.285;424.241394042969;0
2713.699;405.128967285156;0
2715.111;382.631072998047;0
2716.52;340.894927978516;0
2717.93;393.857421875;0
2719.342;356.472442626953;0
2720.749;373.629547119141;0
2722.159;324.441009521484;0
2723.565;402.461242675781;0
2724.971;416.689727783203;0
2726.38;423.347869873047;0
2727.785;380.547180175781;0
2729.19;385.1806640625;0
2730.594;358.471405029297;0
2731.997;421.531372070313;0
2733.401;412.025970458984;0
2734.803;448.181274414062;0
2736.204;395.553375244141;0
2737.606;414.141906738281;0
2739.005;436.391296386719;0
2740.405;402.190399169922;0
2741.806;388.872619628906;0
2743.202;409.104583740234;0
2744.602;516.330444335938;0
2745.998;456.551422119141;0
2747.395;371.103363037109;0
2748.79;250.208145141602;0
2750.185;310.755310058594;0
2751.58;399.079010009766;0
2752.975;456.845947265625;0
2754.366;415.722778320313;0
2755.759;437.598388671875;0
2757.151;436.028167724609;0
2758.542;475.345581054688;0
2759.933;480.328430175781;0
2761.322;541.754516601563;0
2762.71;582.846069335938;0
2764.1;568.825256347656;0
2765.486;496.025451660156;0
2766.875;500.446472167969;0
2768.26;500.421661376953;0
2769.646;536.173706054688;0
2771.031;526.480102539062;0
2772.418;533.563049316406;0
2773.799;578.533630371094;0
2775.184;601.836364746094;0
2776.565;565.693542480469;0
2777.946;504.106109619141;0
2779.328;478.519500732422;0
2780.708;523.3779296875;0
2782.09;586.34814453125;0
2783.469;639.539184570313;0
2784.847;636.618896484375;0
2786.226;699.365905761719;0
2787.603;710.114562988281;0
2788.978;723.309020996094;0
2790.355;665.615966796875;0
2791.731;662.923278808594;0
2793.104;671.231872558594;0
2794.479;779.874877929688;0
2795.853;766.459716796875;0
2797.225;793.76416015625;0
2798.596;735.223693847656;0
2799.967;705.192199707031;0
2801.341;555.169799804687;0
2802.71;427.281616210938;0
2804.077;288.305541992188;0
2805.447;312.176544189453;0
2806.815;299.375854492188;0
2808.183;358.570068359375;0
2809.551;296.981018066406;0
2810.915;238.16015625;0
2812.282;200.94367980957;0
2813.646;249.717468261719;0
2815.011;246.148208618164;0
2816.375;285.501434326172;0
2817.736;230.173873901367;0
2819.099;248.498138427734;0
2820.462;214.03108215332;0
2821.821;248.106338500977;0
2823.182;280.564788818359;0
2824.542;249.76985168457;0
2825.901;327.404968261719;0
2827.261;299.800415039063;0
2828.617;353.845672607422;0
2829.974;232.984588623047;0
2831.33;270.105194091797;0
2832.686;237.983474731445;0
2834.043;285.174041748047;0
2835.395;351.00927734375;0
2836.75;372.488647460938;0
2838.104;415.166961669922;0
2839.456;346.376403808594;0
2840.807;369.227172851562;0
2842.16;352.721649169922;0
2843.509;336.971313476562;0
2844.858;328.975189208984;0
2846.209;294.336059570313;0
2847.556;333.105041503906;0
2848.906;305.033599853516;0
2850.253;352.823699951172;0
2851.6;265.586181640625;0
2852.946;365.431884765625;0
2854.29;394.775756835937;0
2855.635;449.757690429687;0
2856.98;363.154510498047;0
2858.323;327.893371582031;0
2859.665;328.380432128906;0
2861.008;318.934875488281;0
2862.349;267.680969238281;0
2863.691;303.062377929687;0
2865.031;352.856353759766;0
2866.37;434.241790771484;0
2867.709;431.465393066406;0
2869.048;377.451812744141;0
2870.385;380.514587402344;0
2871.722;478.815368652344;0
2873.059;613.97314453125;0
2874.394;630.223815917969;0
2875.73;572.176696777344;0
2877.064;549.537536621094;0
2878.398;518.693725585937;0
2879.731;512.991760253906;0
2881.063;505.861358642578;0
2882.395;511.345153808594;0
2883.727;511.218780517578;0
2885.059;547.991577148438;0
2886.387;663.504516601562;0
2887.717;673.49951171875;0
2889.046;656.892822265625;0
2890.374;589.45556640625;0
2891.699;627.48828125;0
2893.028;647.482604980469;0
2894.354;627.257873535156;0
2895.679;658.021484375;0
2897.004;720.649841308594;0
2898.328;751.145629882813;0
2899.653;777.841003417969;0
2900.976;736.735656738281;0
2902.297;707.878540039063;0
2903.619;614.940063476563;0
2904.941;604.906005859375;0
2906.26;599.776977539063;0
2907.58;639.998962402344;0
2908.898;580.507629394531;0
2910.217;574.773010253906;0
2911.536;504.128540039063;0
2912.852;544.574096679688;0
2914.171;579.289855957031;0
2915.485;596.026550292969;0
2916.799;642.188354492188;0
2918.116;617.109436035156;0
2919.428;608.789855957031;0
2920.743;563.560241699219;0
2922.056;598.198486328125;0
2923.367;698.551330566406;0
2924.679;684.667785644531;0
2925.99;639.875732421875;0
2927.299;612.323120117187;0
2928.609;613.195739746094;0
2929.918;630.386291503906;0
2931.226;668.896240234375;0
2932.535;723.534118652344;0
2933.841;807.381469726563;0
2935.149;710.771484375;0
2936.455;708.998352050781;0
2937.758;649.210571289062;0
2939.064;793.283935546875;0
2940.368;778.812316894531;0
2941.67;775.99169921875;0
2942.973;718.822570800781;0
2944.277;719.127258300781;0
2945.577;688.880493164063;0
2946.878;732.823364257813;0
2948.178;731.752380371094;0
2949.477;784.283996582031;0
2950.776;766.131591796875;0
2952.073;794.618408203125;0
2953.372;820.415588378906;0
2954.669;764.630065917969;0
2955.965;716.565307617188;0
2957.261;682.025390625;0
2958.556;716.140075683594;0
2959.849;774.675231933594;0
2961.145;824.408813476562;0
2962.436;764.342529296875;0
2963.732;675.266906738281;0
2965.022;673.774169921875;0
2966.313;673.044250488281;0
2967.603;696.371948242188;0
2968.893;614.017333984375;0
2970.182;618.658447265625;0
2971.471;619.587036132813;0
2972.759;672.882690429688;0
2974.047;706.460205078125;0
2975.334;742.873291015625;0
2976.62;769.380004882813;0
2977.907;746.092041015625;0
2979.192;665.007568359375;0
2980.475;589.870666503906;0
2981.76;593.625305175781;0
2983.043;570.552673339844;0
2984.326;491.157165527344;0
2985.607;399.772583007812;0
2986.888;419.261444091797;0
2988.17;508.5126953125;0
2989.449;520.846496582031;0
2990.728;500.095947265625;0
2992.007;409.733764648438;0
2993.284;409.135162353516;0
2994.562;375.206085205078;0
2995.84;400.104797363281;0
2997.115;443.210021972656;0
2998.393;471.187072753906;0
2999.666;483.523315429687;0
3000.94;425.121185302734;0
3002.215;413.267272949219;0
3003.486;383.446136474609;0
3004.76;389.318115234375;0
3006.033;362.055725097656;0
3007.303;343.768096923828;0
3008.573;316.898376464844;0
3009.844;267.141510009766;0
3011.114;272.760986328125;0
3012.383;267.132507324219;0
3013.649;367.587615966797;0
3014.917;344.264556884766;0
3016.185;318.031890869141;0
3017.451;243.650299072266;0
3018.716;224.132110595703;0
3019.983;208.587493896484;0
3021.246;210.238632202148;0
3022.509;295.222076416016;0
3023.774;317.038635253906;0
3025.035;376.040374755859;0
3026.299;292.692779541016;0
3027.56;357.448028564453;0
3028.819;332.738433837891;0
3030.081;325.468078613281;0
3031.339;271.372528076172;0
3032.598;280.427734375;0
3033.856;322.398620605469;0
3035.114;322.796173095703;0
3036.372;358.177673339844;0
3037.628;402.542419433594;0
3038.883;442.997711181641;0
3040.138;354.987091064453;0
3041.394;352.303558349609;0
3042.646;373.437561035156;0
3043.9;470.988800048828;0
3045.152;482.809692382813;0
3046.405;475.188568115234;0
3047.657;399.843994140625;0
3048.906;407.973815917969;0
3050.158;427.003631591797;0
3051.407;545.462585449219;0
3052.656;498.430114746094;0
3053.904;486.408538818359;0
3055.153;384.179565429687;0
3056.398;409.386474609375;0
3057.647;398.565124511719;0
3058.892;432.204833984375;0
3060.137;444.924957275391;0
3061.382;471.392150878906;0
3062.625;456.050872802734;0
3063.869;488.083831787109;0
3065.112;532.75439453125;0
3066.353;527.483093261719;0
3067.595;432.294616699219;0
3068.838;415.448883056641;0
3070.075;522.7236328125;0
3071.317;586.885375976563;0
3072.557;545.020446777344;0
3073.795;485.130798339844;0
3075.032;541.105224609375;0
3076.27;499.67138671875;0
3077.507;499.439361572266;0
3078.742;549.734069824219;0
3079.978;661.321960449219;0
3081.212;632.330078125;0
3082.446;532.424072265625;0
3083.681;516.689086914063;0
3084.913;571.30712890625;0
3086.147;619.346984863281;0
3087.38;599.143859863281;0
3088.61;572.920654296875;0
3089.84;566.542724609375;0
3091.071;597.016967773437;0
3092.3;642.827453613281;0
3093.529;655.398254394531;0
3094.755;546.173828125;0
3095.984;528.23974609375;0
3097.211;455.318481445313;0
3098.438;471.279907226563;0
3099.663;420.435455322266;0
3100.888;397.330261230469;0
3102.112;411.633819580078;0
3103.335;425.241516113281;0
3104.56;468.02783203125;0
3105.782;465.350769042969;0
3107.005;524.320373535156;0
3108.226;537.444091796875;0
3109.447;583.306579589844;0
3110.667;563.592407226562;0
3111.887;557.306091308594;0
3113.104;619.412780761719;0
3114.324;597.876770019531;0
3115.541;643.437255859375;0
3116.758;546.653625488281;0
3117.976;520.340637207031;0
3119.192;461.433471679688;0
3120.408;474.659515380859;0
3121.622;506.411529541016;0
3122.835;478.265625;0
3124.05;469.991455078125;0
3125.262;441.620971679688;0
3126.476;413.149108886719;0
3127.687;381.113037109375;0
3128.897;423.211029052734;0
3130.108;472.792358398438;0
3131.319;476.5888671875;0
3132.528;453.715179443359;0
3133.737;466.950988769531;0
3134.945;467.867919921875;0
3136.152;431.637481689453;0
3137.358;424.356048583984;0
3138.565;458.989868164063;0
3139.772;435.956268310547;0
3140.976;413.088256835938;0
3142.18;398.895294189453;0
3143.385;431.343475341797;0
3144.588;453.569610595703;0
3145.79;460.016387939453;0
3146.993;438.240875244141;0
3148.194;328.515960693359;0
3149.395;284.958770751953;0
3150.596;234.473190307617;0
3151.794;296.338928222656;0
3152.994;295.874237060547;0
3154.193;356.967437744141;0
3155.39;401.727081298828;0
3156.587;433.486389160156;0
3157.784;426.468505859375;0
3158.982;364.340972900391;0
3160.177;308.435852050781;0
3161.37;258.953796386719;0
3162.565;268.668579101563;0
3163.759;304.175231933594;0
3164.952;355.238647460938;0
3166.146;366.745269775391;0
3167.337;361.177734375;0
3168.527;364.672241210938;0
3169.719;394.717376708984;0
3170.91;391.979339599609;0
3172.098;333.859680175781;0
3173.288;293.936492919922;0
3174.475;320.167114257813;0
3175.663;359.425933837891;0
3176.849;359.358276367188;0
3178.037;326.598785400391;0
3179.223;329.336730957031;0
3180.408;388.572082519531;0
3181.592;358.35791015625;0
3182.777;335.472290039063;0
3183.96;318.174468994141;0
3185.143;374.278747558594;0
3186.325;420.712615966797;0
3187.507;443.073638916016;0
3188.688;493.346435546875;0
3189.869;482.950988769531;0
3191.049;433.098999023438;0
3192.228;434.236389160156;0
3193.406;445.140045166016;0
3194.585;444.636138916016;0
3195.763;372.415649414063;0
3196.939;303.587066650391;0
3198.116;278.817443847656;0
3199.292;286.486267089844;0
3200.466;336.205505371094;0
3201.643;373.91455078125;0
3202.816;391.834777832031;0
3203.991;338.593475341797;0
3205.161;311.192962646484;0
3206.334;279.253723144531;0
3207.504;337.906585693359;0
3208.677;362.319732666016;0
3209.846;415.716369628906;0
3211.017;447.763031005859;0
3212.187;454.015747070313;0
3213.356;429.267333984375;0
3214.524;429.480133056641;0
3215.69;402.983703613281;0
3216.859;438.8037109375;0
3218.024;458.826110839844;0
3219.189;543.271728515625;0
3220.354;494.695373535156;0
3221.519;478.985870361328;0
3222.682;489.222351074219;0
3223.845;527.801818847656;0
3225.01;525.475036621094;0
3226.171;531.57568359375;0
3227.332;550.607849121094;0
3228.494;583.294250488281;0
3229.655;563.262512207031;0
3230.814;546.83984375;0
3231.973;533.379211425781;0
3233.13;560.8681640625;0
3234.29;578.006408691406;0
3235.447;577.908386230469;0
3236.605;520.759155273438;0
3237.76;577.311340332031;0
3238.916;556.965576171875;0
3240.071;559.503295898438;0
3241.224;539.743591308594;0
3242.381;535.911437988281;0
3243.532;521.241333007813;0
3244.685;482.644500732422;0
3245.839;473.587005615234;0
3246.99;474.05126953125;0
3248.141;470.97119140625;0
3249.292;539.549011230469;0
3250.439;568.565856933594;0
3251.589;570.1103515625;0
3252.739;533.644348144531;0
3253.886;559.501159667969;0
3255.034;544.511535644531;0
3256.18;530.026672363281;0
3257.326;492.278930664063;0
3258.472;511.309783935547;0
3259.617;567.629211425781;0
3260.761;563.243347167969;0
3261.905;510.411315917969;0
3263.048;451.660003662109;0
3264.19;438.831268310547;0
3265.333;495.207977294922;0
3266.475;504.581359863281;0
3267.617;523.348510742188;0
3268.757;539.612609863281;0
3269.896;522.641906738281;0
3271.036;482.680297851563;0
3272.175;422.323699951172;0
3273.313;405.346557617188;0
3274.449;424.172790527344;0
3275.586;458.940765380859;0
3276.722;474.814300537109;0
3277.859;491.349639892578;0
3278.993;444.437103271484;0
3280.13;405.633911132813;0
3281.263;410.148406982422;0
3282.395;415.019744873047;0
3283.529;466.585235595703;0
3284.66;491.264526367187;0
3285.794;524.17333984375;0
3286.924;555.092163085938;0
3288.054;490.022155761719;0
3289.185;442.296600341797;0
3290.313;427.058654785156;0
3291.443;448.579498291016;0
3292.571;471.776275634766;0
3293.698;423.315338134766;0
3294.824;440.692565917969;0
3295.952;389.851959228516;0
3297.077;370.738555908203;0
3298.203;315.277160644531;0
3299.328;414.566772460938;0
3300.45;415.861999511719;0
3301.574;490.496246337891;0
3302.698;441.58984375;0
3303.819;465.243560791016;0
3304.942;430.680725097656;0
3306.064;409.678894042969;0
3307.182;429.014617919922;0
3308.303;381.35546875;0
3309.423;426.581512451172;0
3310.542;407.591278076172;0
3311.66;425.603759765625;0
3312.778;386.286529541016;0
3313.895;395.647857666016;0
3315.012;378.074340820313;0
3316.128;391.149810791016;0
3317.243;354.423217773437;0
3318.357;384.841918945312;0
3319.471;396.27783203125;0
3320.586;374.066070556641;0
3321.698;397.821075439453;0
3322.813;321.705474853516;0
3323.923;319.719696044922;0
3325.034;285.151672363281;0
3326.146;289.129547119141;0
3327.255;340.287902832031;0
3328.366;312.295959472656;0
3329.474;386.039306640625;0
3330.582;400.430999755859;0
3331.691;408.364135742187;0
3332.797;329.527008056641;0
3333.905;270.595825195312;0
3335.011;258.227935791016;0
3336.116;256.109222412109;0
3337.22;240.714691162109;0
3338.327;223.287536621094;0
3339.429;199.368072509766;0
3340.534;165.017135620117;0
3341.635;205.928817749023;0
3342.737;244.717468261719;0
3343.84;261.628173828125;0
3344.94;280.083129882813;0
3346.041;309.302093505859;0
3347.142;348.064971923828;0
3348.24;299.594665527344;0
3349.337;317.889984130859;0
3350.437;335.510131835937;0
3351.534;360.367309570313;0
3352.633;395.551116943359;0
3353.727;397.055023193359;0
3354.823;424.108093261719;0
3355.919;361.933837890625;0
3357.013;393.048309326172;0
3358.108;384.434814453125;0
3359.201;447.358551025391;0
3360.293;389.474731445312;0
3361.385;373.354217529297;0
3362.478;304.42333984375;0
3363.569;351.885925292969;0
3364.661;331.4404296875;0
3365.75;362.642578125;0
3366.838;355.264862060547;0
3367.929;373.962188720703;0
3369.017;401.272186279297;0
3370.105;406.77734375;0
3371.193;446.21533203125;0
3372.279;441.850067138672;0
3373.364;480.052337646484;0
3374.45;507.449798583984;0
3375.534;512.982421875;0
3376.62;494.127990722656;0
3377.704;467.464416503906;0
3378.786;445.233947753906;0
3379.871;418.514953613281;0
3380.951;396.840087890625;0
3382.034;441.373260498047;0
3383.114;425.113037109375;0
3384.195;483.191986083984;0
3385.276;459.061767578125;0
3386.354;496.330352783203;0
3387.433;466.480224609375;0
3388.511;432.732543945313;0
3389.588;395.723358154297;0
3390.664;390.645385742187;0
3391.742;393.461029052734;0
3392.816;424.619384765625;0
3393.893;453.837524414062;0
3394.968;480.903045654297;0
3396.042;445.676818847656;0
3397.115;382.985595703125;0
3398.189;348.003448486328;0
3399.262;357.440704345703;0
3400.333;347.2568359375;0
3401.404;378.453674316406;0
3402.474;394.1748046875;0
3403.545;450.752655029297;0
3404.615;426.972930908203;0
3405.685;441.396789550781;0
3406.752;382.696166992187;0
3407.82;411.457550048828;0
3408.888;430.940643310547;0
3409.955;472.321563720703;0
3411.021;482.297729492188;0
3412.085;424.14306640625;0
3413.151;463.984161376953;0
3414.215;410.007263183594;0
3415.279;433.411437988281;0
3416.343;385.932708740234;0
3417.406;443.35107421875;0
3418.468;454.220031738281;0
3419.53;417.764831542969;0
3420.592;343.592590332031;0
3421.652;317.251495361328;0
3422.712;305.261657714844;0
3423.773;321.303283691406;0
3424.83;346.357360839844;0
3425.889;439.120147705078;0
3426.946;492.672149658203;0
3428.005;523.584838867188;0
3429.061;486.651977539063;0
3430.117;424.382141113281;0
3431.172;394.309448242188;0
3432.227;378.217468261719;0
3433.281;409.060577392578;0
3434.335;384.672729492188;0
3435.389;371.597808837891;0
3436.44;342.182189941406;0
3437.492;389.010101318359;0
3438.546;366.238952636719;0
3439.598;374.0380859375;0
3440.646;347.568176269531;0
3441.697;390.659576416016;0
3442.745;425.080810546875;0
3443.793;430.879943847656;0
3444.842;407.934143066406;0
3445.891;421.595367431641;0
3446.937;392.721740722656;0
3447.984;442.90966796875;0
3449.031;369.757507324219;0
3450.075;400.096008300781;0
3451.12;362.179565429688;0
3452.164;411.787414550781;0
3453.207;369.694183349609;0
3454.251;376.888732910156;0
3455.293;362.478210449219;0
3456.336;376.321716308594;0
3457.378;358.258056640625;0
3458.417;349.835723876953;0
3459.458;337.409851074219;0
3460.498;322.179718017578;0
3461.539;340.199096679687;0
3462.577;321.309753417969;0
3463.614;338.116851806641;0
3464.651;360.822418212891;0
3465.689;405.271514892578;0
3466.726;406.764831542969;0
3467.763;371.410675048828;0
3468.798;320.035491943359;0
3469.831;296.531616210938;0
3470.866;266.287017822266;0
3471.9;271.902984619141;0
3472.933;258.650482177734;0
3473.966;244.305068969727;0
3474.999;234.850524902344;0
3476.029;238.909790039062;0
3477.061;304.173797607422;0
3478.09;294.141265869141;0
3479.121;337.276794433594;0
3480.15;289.281677246094;0
3481.178;319.673522949219;0
3482.205;346.969268798828;0
3483.234;398.12109375;0
3484.26;413.9912109375;0
3485.288;359.443359375;0
3486.313;313.580780029297;0
3487.337;310.778472900391;0
3488.364;325.525085449219;0
3489.387;341.857238769531;0
3490.411;290.863647460937;0
3491.434;264.925964355469;0
3492.456;262.705444335938;0
3493.479;256.834808349609;0
3494.5;229.535125732422;0
3495.521;165.045623779297;0
3496.543;154.380279541016;0
3497.561;166.247161865234;0
3498.579;138.244689941406;0
3499.6;114.709632873535;0
3500.618;33.2409362792969;0
3501.636;-10.2995948791504;0
3502.653;-33.1831932067871;0
3503.669;-41.7655639648438;0
3504.685;-41.132640838623;0
3505.699;-40.1960182189941;0
3506.716;-26.5315551757813;0
3507.729;-18.2732257843018;0
3508.743;-33.9577560424805;0
3509.755;-54.5694427490234;0
