98.64605;0;0
101.2353;0;0
103.8217;0;0
106.4096;-25.5925922393799;0
108.9945;12.7111110687256;0
111.5767;9.60317420959473;0
114.1602;46.8888893127441;0
116.7409;3.4747474193573;0
119.3209;15.9487180709839;0
121.9002;-21.7407398223877;0
124.4788;-36.0588226318359;0
127.0566;-48.6198844909668;0
129.6317;-23.0687828063965;0
132.2038;-40.4927520751953;0
134.7796;-27.0385227203369;0
137.3503;-10.4472017288208;0
139.9204;85.6721725463867;0
142.4919;136.134185791016;0
145.0584;177.301132202148;0
147.6242;217.439483642578;0
150.1914;326.959716796875;0
152.7579;330.156890869141;0
155.3216;279.742065429688;0
157.8846;258.396789550781;0
160.4448;267.853485107422;0
163.0085;286.270874023438;0
165.5672;254.063278198242;0
168.1232;241.888168334961;0
170.6826;227.228408813477;0
173.2372;183.873596191406;0
175.7931;229.344757080078;0
178.3463;284.444976806641;0
180.8966;366.322937011719;0
183.4504;431.746978759766;0
185.9993;426.559448242188;0
188.5476;501.305419921875;0
191.0972;489.546997070313;0
193.644;528.875427246094;0
196.1859;488.013275146484;0
198.7335;458.909423828125;0
201.2761;417.715423583984;0
203.8201;392.594604492188;0
206.3593;402.280700683594;0
208.8998;417.629058837891;0
211.4397;462.536682128906;0
213.9746;464.816589355469;0
216.5109;496.548034667969;0
219.0487;497.851440429688;0
221.5816;568.041442871094;0
224.1158;580.988830566406;0
226.6473;614.6064453125;0
229.176;627.346374511719;0
231.7082;668.710205078125;0
234.2355;676.704956054688;0
236.7643;669.988952636719;0
239.2902;697.684997558594;0
241.8133;698.548645019531;0
244.3379;652.286315917969;0
246.8618;653.181518554687;0
249.3828;668.118286132813;0
251.9053;747.583435058594;0
254.423;693.429626464844;0
256.942;612.255065917969;0
259.4603;575.491455078125;0
261.9759;590.543273925781;0
264.4887;620.007751464844;0
267.005;625.958251953125;0
269.5164;621.392517089844;0
272.0292;662.158020019531;0
274.5393;687.370788574219;0
277.0466;722.955993652344;0
279.5574;724.919006347656;0
282.0654;768.2421875;0
284.5686;765.642822265625;0
287.0752;766.813598632812;0
289.5791;707.650512695313;0
292.0803;699.765808105469;0
294.5828;675.419799804688;0
297.0826;662.953857421875;0
299.5838;632.227905273437;0
302.0801;640.123718261719;0
304.5758;635.768676757813;0
307.0749;654.713012695313;0
309.5672;610.419738769531;0
312.0608;633.441772460938;0
314.5558;586.283264160156;0
317.044;648.527709960938;0
319.5377;603.173522949219;0
322.0266;628.354614257812;0
324.5127;635.004089355469;0
327.0023;674.614929199219;0
329.4871;712.986755371094;0
331.9691;737.681396484375;0
334.4547;759.663940429687;0
336.9353;791.072692871094;0
339.4174;762.206726074219;0
341.901;756.730895996094;0
344.3776;693.643432617188;0
346.8577;672.587646484375;0
349.333;684.723510742188;0
351.8076;763.264343261719;0
354.2857;819.175659179688;0
356.7569;805.313232421875;0
359.2296;781.78466796875;0
361.7015;777.388610839844;0
364.1729;765.036376953125;0
366.6414;743.095275878906;0
369.1093;714.927917480469;0
371.5745;734.871520996094;0
374.0432;703.819396972656;0
376.507;708.683410644531;0
378.9702;690.907592773438;0
381.4348;738.134521484375;0
383.8947;711.229675292969;0
386.3538;721.908752441406;0
388.8144;740.462951660156;0
391.2722;763.093200683594;0
393.7314;738.447998046875;0
396.1859;716.969909667969;0
398.6418;761.726623535156;0
401.0949;822.580810546875;0
403.5475;826.265319824219;0
405.9972;834.371520996094;0
408.4505;814.787658691406;0
410.899;841.808532714844;0
413.3468;840.149536132813;0
415.796;880.664123535156;0
418.2405;914.562072753906;0
420.6884;922.49267578125;0
423.1295;865.089294433594;0
425.572;828.377563476562;0
428.0159;819.043273925781;0
430.455;791.618225097656;0
432.8956;782.757507324219;0
435.3335;721.243835449219;0
437.7707;735.451538085938;0
440.2093;655.590698242187;0
442.6432;676.281799316406;0
445.0764;648.471008300781;0
447.511;683.175476074219;0
449.9429;703.419311523438;0
452.3721;695.480102539062;0
454.8048;690.074401855469;0
457.2328;663.618835449219;0
459.66;680.145629882813;0
462.0847;657.978271484375;0
464.5127;655.987243652344;0
466.9381;617.619506835937;0
469.3587;697.081604003906;0
471.7807;711.879516601563;0
474.2042;743.397277832031;0
476.6229;711.432800292969;0
479.041;730.734802246094;0
481.4604;742.41796875;0
483.8752;741.54248046875;0
486.2934;689.662475585938;0
488.7068;710.748779296875;0
491.1197;733.656555175781;0
493.5339;734.312683105469;0
495.9435;727.289184570313;0
498.3544;663.511413574219;0
500.7667;671.942565917969;0
503.1723;705.270568847656;0
505.5793;756.322265625;0
507.9856;692.221435546875;0
510.3913;603.791564941406;0
512.7944;543.366027832031;0
515.1968;573.366882324219;0
517.5986;583.669616699219;0
519.9997;583.431335449219;0
522.3982;543.78955078125;0
524.798;548.935119628906;0
527.1973;539.771362304688;0
529.5919;598.186218261719;0
531.9899;569.950317382813;0
534.3832;629.266235351562;0
536.7758;600.802429199219;0
539.1699;665.062133789063;0
541.5593;602.029174804687;0
543.9481;606.178771972656;0
546.3382;544.580322265625;0
548.7257;572.326599121094;0
551.1146;640.278503417969;0
553.4968;714.856262207031;0
555.8824;712.420349121094;0
558.2675;701.270385742187;0
560.6478;641.703063964844;0
563.0295;638.719604492188;0
565.4106;579.987426757813;0
567.7911;587.733520507813;0
570.169;603.068176269531;0
572.5462;585.212036132813;0
574.9229;564.938720703125;0
577.2968;490.359069824219;0
579.6721;453.029846191406;0
582.0449;448.334564208984;0
584.417;490.975189208984;0
586.7885;481.646942138672;0
589.1553;422.943481445313;0
591.5255;372.9677734375;0
593.8931;375.538360595703;0
596.2601;434.492401123047;0
598.6265;455.376922607422;0
600.9902;467.92724609375;0
603.3554;496.563690185547;0
605.7179;523.161315917969;0
608.0778;534.240417480469;0
610.4391;481.664306640625;0
612.7977;498.040771484375;0
615.1558;524.225402832031;0
617.5132;590.363586425781;0
619.8701;586.436096191406;0
622.2263;599.959716796875;0
624.5779;530.518859863281;0
626.9308;565.778381347656;0
629.2852;637.455749511719;0
631.6349;717.533569335937;0
633.9841;747.903442382813;0
636.3326;729.42626953125;0
638.6805;713.083312988281;0
641.0279;713.176635742188;0
643.3746;742.89892578125;0
645.7187;822.122680664062;0
648.0621;806.608947753906;0
650.405;729.021301269531;0
652.7453;708.915466308594;0
655.087;671.934875488281;0
657.426;763.308349609375;0
659.7645;756.940002441406;0
662.1024;787.834411621094;0
664.4376;754.091796875;0
666.7742;760.481384277344;0
669.1063;717.950988769531;0
671.4398;664.578491210938;0
673.7726;572.182373046875;0
676.1048;589.363891601563;0
678.4324;633.878723144531;0
680.7635;660.449096679688;0
683.0919;617.409301757813;0
685.4158;499.760498046875;0
687.743;475.782073974609;0
690.0696;526.588256835937;0
692.3937;540.339660644531;0
694.7151;527.481323242187;0
697.038;498.232879638672;0
699.3583;537.237609863281;0
701.6779;604.041198730469;0
703.995;579.560607910156;0
706.3155;570.571228027344;0
708.6294;540.405822753906;0
710.9467;525.933898925781;0
713.2594;564.260070800781;0
715.5735;578.805603027344;0
717.887;607.448120117187;0
720.1979;618.066955566406;0
722.5083;646.335815429688;0
724.818;638.890258789063;0
727.1252;623.685913085937;0
729.4357;636.036010742187;0
731.7418;661.813232421875;0
734.0452;703.051391601563;0
736.35;663.316101074219;0
738.6522;661.531372070313;0
740.9539;642.39208984375;0
743.2569;602.827880859375;0
745.5554;600.071899414062;0
747.8553;515.234313964844;0
750.1545;465.489471435547;0
752.4513;457.086212158203;0
754.7474;463.397186279297;0
757.043;494.369476318359;0
759.336;473.593444824219;0
761.6304;499.846893310547;0
763.9222;521.244384765625;0
766.2114;524.654296875;0
768.5041;479.484100341797;0
770.7922;455.200775146484;0
773.0777;374.275970458984;0
775.3647;429.818511962891;0
777.651;452.541168212891;0
779.9368;470.811431884766;0
782.22;426.421813964844;0
784.5026;383.277191162109;0
786.7847;375.898315429688;0
789.0662;370.270690917969;0
791.3451;413.863372802734;0
793.6254;489.010620117188;0
795.9012;551.541809082031;0
798.1784;576.425415039063;0
800.455;571.108947753906;0
802.7291;586.92724609375;0
805.0026;525.767578125;0
807.2755;608.258483886719;0
809.5478;617.133422851562;0
811.8176;724.896850585937;0
814.0869;701.458801269531;0
816.3535;645.038391113281;0
818.6235;655.079040527344;0
820.8911;664.47021484375;0
823.156;727.770446777344;0
825.4204;695.211181640625;0
827.6823;624.939514160156;0
829.9474;608.907165527344;0
832.2082;595.891967773438;0
834.4683;682.248107910156;0
836.7279;669.870361328125;0
838.9869;621.060241699219;0
841.2453;549.373413085937;0
843.5012;583.365356445313;0
845.7565;631.388732910156;0
848.0133;666.116760253906;0
850.2655;624.794372558594;0
852.5153;622.544128417969;0
854.7703;666.769897460937;0
857.0189;665.181335449219;0
859.2668;636.030578613281;0
861.5182;517.139038085938;0
863.7651;444.415618896484;0
866.0114;440.598724365234;0
868.2592;404.026092529297;0
870.5024;446.257415771484;0
872.7451;338.963256835938;0
874.9872;312.144927978516;0
877.2307;280.135681152344;0
879.4717;345.841491699219;0
881.7101;383.434173583984;0
883.95;346.495666503906;0
886.1854;378.97216796875;0
888.4202;318.205017089844;0
890.6604;354.941864013672;0
892.8941;290.259002685547;0
895.1253;327.825012207031;0
897.3599;377.419372558594;0
899.59;384.599914550781;0
901.8195;394.035034179688;0
904.0504;380.835876464844;0
906.2789;410.891418457031;0
908.5087;473.887084960938;0
910.7341;484.696624755859;0
912.9589;483.873626708984;0
915.1851;481.640319824219;0
917.4088;438.663360595703;0
919.63;399.75537109375;0
921.8526;362.929626464844;0
924.0727;383.829772949219;0
926.2922;480.170471191406;0
928.5112;491.961212158203;0
930.7277;468.342254638672;0
932.9476;394.088256835938;0
935.163;331.752166748047;0
937.3739;264.556243896484;0
939.5901;198.092666625977;0
941.8019;177.072463989258;0
944.0151;153.017517089844;0
946.2258;159.655670166016;0
948.4341;123.764724731445;0
950.6456;81.4548416137695;0
952.8527;107.266334533691;0
955.0593;123.652702331543;0
957.2653;144.391235351563;0
959.4689;86.4819488525391;0
961.6738;69.0359344482422;0
963.8782;150.682327270508;0
966.0782;139.575103759766;0
968.2815;137.493850708008;0
970.4803;52.4411506652832;0
972.6787;152.424514770508;0
974.8784;178.214248657227;0
977.0757;191.034606933594;0
979.2704;119.442276000977;0
981.4667;145.609359741211;0
983.6603;181.892547607422;0
985.8535;254.998809814453;0
988.0461;228.696853637695;0
990.2363;187.097915649414;0
992.4297;200.806701660156;0
994.6169;275.3017578125;0
996.8035;389.898620605469;0
998.9933;447.683013916016;0
1001.179;456.386871337891;0
1003.364;515.11962890625;0
1005.55;567.990966796875;0
1007.732;658.445495605469;0
1009.916;617.017944335937;0
1012.096;584.646301269531;0
1014.275;554.413940429688;0
1016.459;592.318908691406;0
1018.636;569.250732421875;0
1020.813;597.653869628906;0
1022.991;561.750549316406;0
1025.165;583.427734375;0
1027.34;571.793334960938;0
1029.515;500.843719482422;0
1031.687;441.801452636719;0
1033.859;409.555358886719;0
1036.03;431.885650634766;0
1038.199;381.793334960938;0
1040.369;344.609924316406;0
1042.536;312.556793212891;0
1044.704;330.96728515625;0
1046.87;346.508209228516;0
1049.034;346.846435546875;0
1051.198;343.650634765625;0
1053.363;246.477935791016;0
1055.526;280.442169189453;0
1057.686;245.877639770508;0
1059.845;244.673248291016;0
1062.005;204.495635986328;0
1064.165;190.433120727539;0
1066.323;206.399658203125;0
1068.477;170.397308349609;0
1070.634;147.537796020508;0
1072.788;166.154418945313;0
1074.942;202.913879394531;0
1077.096;269.371704101563;0
1079.247;221.528839111328;0
1081.397;279.732208251953;0
1083.547;254.525100708008;0
1085.695;223.906875610352;0
1087.844;138.544189453125;0
1089.992;153.80143737793;0
1092.138;196.040100097656;0
1094.284;268.379150390625;0
1096.425;289.524749755859;0
1098.571;320.254730224609;0
1100.711;355.783782958984;0
1102.851;385.897094726563;0
1104.994;387.481597900391;0
1107.132;335.980590820313;0
1109.271;262.666381835938;0
1111.408;266.293121337891;0
1113.543;328.153900146484;0
1115.682;323.924407958984;0
1117.816;359.493408203125;0
1119.947;310.256256103516;0
1122.08;303.400268554688;0
1124.213;328.162780761719;0
1126.343;332.345489501953;0
1128.474;306.770965576172;0
1130.602;182.328140258789;0
1132.728;148.794662475586;0
1134.856;270.319274902344;0
1136.982;320.089447021484;0
1139.109;292.438568115234;0
1141.234;218.699676513672;0
1143.356;254.749649047852;0
1145.479;248.599136352539;0
1147.599;232.248153686523;0
1149.719;260.807800292969;0
1151.839;293.500305175781;0
1153.957;273.547882080078;0
1156.076;196.728332519531;0
1158.191;185.483612060547;0
1160.305;233.422912597656;0
1162.423;241.153884887695;0
1164.536;244.343170166016;0
1166.647;244.324142456055;0
1168.761;245.430099487305;0
1170.871;207.549942016602;0
1172.983;211.794631958008;0
1175.092;257.275085449219;0
1177.2;344.654205322266;0
1179.306;321.152618408203;0
1181.413;271.212005615234;0
1183.518;222.831359863281;0
1185.623;225.67887878418;0
1187.725;255.310119628906;0
1189.826;279.081207275391;0
1191.929;269.856018066406;0
1194.032;252.965744018555;0
1196.13;170.520843505859;0
1198.23;146.410171508789;0
1200.327;167.857864379883;0
1202.423;224.781051635742;0
1204.52;289.687774658203;0
1206.613;284.151489257813;0
1208.71;295.949981689453;0
1210.801;320.527709960938;0
1212.892;360.329071044922;0
1214.987;355.4345703125;0
1217.075;336.744354248047;0
1219.166;345.987152099609;0
1221.256;399.123382568359;0
1223.342;426.934143066406;0
1225.43;383.530517578125;0
1227.515;318.468109130859;0
1229.597;284.417022705078;0
1231.685;288.267791748047;0
1233.767;348.910919189453;0
1235.85;304.680603027344;0
1237.931;332.910186767578;0
1240.009;328.266357421875;0
1242.09;323.194305419922;0
1244.168;279.919189453125;0
1246.245;308.112182617188;0
1248.321;346.331024169922;0
1250.397;295.686828613281;0
1252.472;220.642852783203;0
1254.547;208.958084106445;0
1256.618;212.63249206543;0
1258.69;192.295135498047;0
1260.761;167.758514404297;0
1262.83;222.244873046875;0
1264.901;238.64306640625;0
1266.969;275.853332519531;0
1269.035;223.530975341797;0
1271.102;246.899230957031;0
1273.167;260.959686279297;0
1275.233;291.156829833984;0
1277.295;226.307968139648;0
1279.359;165.929107666016;0
1281.42;117.242889404297;0
1283.482;143.306777954102;0
1285.542;127.066192626953;0
1287.6;128.854476928711;0
1289.659;117.116081237793;0
1291.714;137.962112426758;0
1293.774;222.170333862305;0
1295.828;283.962982177734;0
1297.881;353.228942871094;0
1299.936;362.969909667969;0
1301.987;332.739898681641;0
1304.041;287.9833984375;0
1306.09;236.144805908203;0
1308.139;189.111541748047;0
1310.19;202.550827026367;0
1312.238;254.796020507813;0
1314.286;310.0693359375;0
1316.331;316.7041015625;0
1318.376;331.478088378906;0
1320.422;394.169067382813;0
1322.466;422.775207519531;0
1324.508;404.379302978515;0
1326.549;296.362243652344;0
1328.59;238.261657714844;0
1330.632;238.299774169922;0
1332.67;378.032165527344;0
1334.707;401.681823730469;0
1336.746;391.583557128906;0
1338.78;313.515716552734;0
1340.816;281.922027587891;0
1342.852;239.913543701172;0
1344.885;253.042556762695;0
1346.916;300.197937011719;0
1348.948;321.824096679688;0
1350.979;263.695373535156;0
1353.011;211.699020385742;0
1355.04;232.722320556641;0
1357.066;244.764389038086;0
1359.094;278.380767822266;0
1361.121;263.127014160156;0
1363.145;241.669067382813;0
1365.171;212.892822265625;0
1367.192;134.016021728516;0
1369.216;140.814270019531;0
1371.239;82.3986511230469;0
1373.258;101.083694458008;0
1375.28;95.221549987793;0
1377.298;156.370971679688;0
1379.316;222.198608398438;0
1381.335;229.037811279297;0
1383.35;191.555252075195;0
1385.366;152.862060546875;0
1387.38;107.513824462891;0
1389.394;156.3994140625;0
1391.409;135.517868041992;0
1393.42;148.867584228516;0
1395.43;28.8921546936035;0
1397.44;39.3505439758301;0
1399.451;40.5826644897461;0
1401.458;136.824661254883;0
1403.466;167.409866333008;0
1405.472;198.338287353516;0
1407.478;214.054351806641;0
1409.483;163.780288696289;0
1411.486;137.84944152832;0
1413.49;113.372917175293;0
1415.492;171.293273925781;0
1417.492;181.018218994141;0
1419.495;194.530822753906;0
1421.494;186.942199707031;0
1423.492;243.713729858398;0
1425.49;259.828460693359;0
1427.487;199.508636474609;0
1429.482;197.531433105469;0
1431.477;208.563522338867;0
1433.471;310.160461425781;0
1435.466;329.433563232422;0
1437.456;384.939910888672;0
1439.447;394.235961914063;0
1441.441;410.323974609375;0
1443.427;382.538848876953;0
1445.417;367.324981689453;0
1447.406;379.237915039063;0
1449.392;321.611022949219;0
1451.381;278.058227539063;0
1453.365;200.850830078125;0
1455.348;208.063293457031;0
1457.333;217.731506347656;0
1459.314;195.077713012695;0
1461.296;202.212997436523;0
1463.276;154.590316772461;0
1465.256;221.219985961914;0
1467.237;216.090728759766;0
1469.215;332.528350830078;0
1471.19;315.421722412109;0
1473.167;360.881988525391;0
1475.145;314.464660644531;0
1477.118;333.948791503906;0
1479.092;354.77880859375;0
1481.065;352.176940917969;0
1483.038;371.476531982422;0
1485.008;320.788665771484;0
1486.979;254.891159057617;0
1488.949;259.561676025391;0
1490.917;232.800216674805;0
1492.883;278.384582519531;0
1494.852;176.756881713867;0
1496.817;207.694885253906;0
1498.782;214.865844726563;0
1500.748;255.825668334961;0
1502.708;260.575500488281;0
1504.673;262.677185058594;0
1506.634;257.717224121094;0
1508.594;190.78271484375;0
1510.554;226.419769287109;0
1512.512;226.849349975586;0
1514.471;254.384078979492;0
1516.428;244.390228271484;0
1518.384;285.853912353516;0
1520.34;329.441741943359;0
1522.294;311.820434570313;0
1524.249;279.323333740234;0
1526.202;321.950378417969;0
1528.153;243.257186889648;0
1530.103;238.577041625977;0
1532.054;183.634078979492;0
1534.004;190.242797851563;0
1535.951;209.975692749023;0
1537.899;152.166107177734;0
1539.847;224.908187866211;0
1541.793;247.330001831055;0
1543.738;336.987121582031;0
1545.681;315.879516601563;0
1547.625;291.007232666016;0
1549.566;264.925750732422;0
1551.509;315.079406738281;0
1553.45;269.577758789063;0
1555.389;245.642059326172;0
1557.33;206.492309570313;0
1559.266;262.571411132813;0
1561.204;287.990539550781;0
1563.141;251.63850402832;0
1565.074;187.848693847656;0
1567.009;138.784927368164;0
1568.943;119.619537353516;0
1570.877;141.276229858398;0
1572.808;161.827682495117;0
1574.741;168.607208251953;0
1576.67;128.392593383789;0
1578.6;36.8420333862305;0
1580.528;24.5007228851318;0
1582.455;92.602180480957;0
1584.382;153.709503173828;0
1586.307;176.711578369141;0
1588.234;101.386169433594;0
1590.157;112.177734375;0
1592.081;62.0860443115234;0
1594.002;53.2236099243164;0
1595.927;65.1459884643555;0
1597.845;96.9642944335938;0
1599.767;116.234077453613;0
1601.685;107.510894775391;0
1603.602;96.7948303222656;0
1605.523;105.97477722168;0
1607.438;124.717391967773;0
1609.354;192.6884765625;0
1611.269;196.776947021484;0
1613.181;162.204406738281;0
1615.096;71.9705276489258;0
1617.008;28.0741176605225;0
1618.92;-14.046685218811;0
1620.83;-14.0894947052002;0
1622.74;31.8925228118896;0
1624.649;72.0971069335938;0
1626.557;116.860054016113;0
1628.464;180.848083496094;0
1630.37;280.619598388672;0
1632.275;347.952423095703;0
1634.18;364.957611083984;0
1636.085;347.746307373047;0
1637.988;323.207397460938;0
1639.888;297.007537841797;0
1641.791;293.702301025391;0
1643.691;354.959991455078;0
1645.588;423.89111328125;0
1647.489;466.162841796875;0
1649.387;452.219635009766;0
1651.284;468.393310546875;0
1653.18;382.128326416016;0
1655.075;368.980224609375;0
1656.972;363.837890625;0
1658.864;451.590209960938;0
1660.754;470.725891113281;0
1662.65;477.221435546875;0
1664.539;455.389373779297;0
1666.428;443.785339355469;0
1668.32;406.29818725586;0
1670.207;414.26123046875;0
1672.096;457.78564453125;0
1673.982;479.871368408203;0
1675.867;499.073974609375;0
1677.754;422.282104492188;0
1679.638;340.160522460938;0
1681.52;361.337463378906;0
1683.403;386.072814941406;0
1685.285;419.366516113281;0
1687.166;309.107513427734;0
1689.048;286.629089355469;0
1690.924;267.816741943359;0
1692.804;326.114349365234;0
1694.682;322.633056640625;0
1696.558;299.595062255859;0
1698.435;272.222625732422;0
1700.308;225.361312866211;0
1702.184;232.054412841797;0
1704.057;224.63427734375;0
1705.929;255.766128540039;0
1707.801;243.116668701172;0
1709.674;190.908096313477;0
1711.542;129.807083129883;0
1713.412;113.591415405273;0
1715.28;98.0388717651367;0
1717.145;95.6833343505859;0
1719.015;97.5481262207031;0
1720.88;111.881935119629;0
1722.746;176.072708129883;0
1724.61;201.429321289063;0
1726.471;238.826507568359;0
1728.334;183.523193359375;0
1730.197;151.423629760742;0
1732.057;98.8761672973633;0
1733.919;163.847686767578;0
1735.777;181.705383300781;0
1737.634;225.671127319336;0
1739.493;232.411514282227;0
1741.349;225.812561035156;0
1743.205;234.76318359375;0
1745.061;179.930038452148;0
1746.915;217.424224853516;0
1748.77;247.579086303711;0
1750.621;319.839050292969;0
1752.473;285.093048095703;0
1754.323;220.561584472656;0
1756.173;203.800888061523;0
1758.022;190.477081298828;0
1759.87;192.923828125;0
1761.718;227.25373840332;0
1763.566;250.13346862793;0
1765.411;286.3408203125;0
1767.256;190.099853515625;0
1769.101;165.414169311523;0
1770.945;127.128364562988;0
1772.787;160.599349975586;0
1774.629;138.958923339844;0
1776.469;194.65153503418;0
1778.309;217.56608581543;0
1780.15;308.591461181641;0
1781.987;289.394287109375;0
1783.826;257.419097900391;0
1785.662;232.888031005859;0
1787.498;181.801361083984;0
1789.334;136.716567993164;0
1791.169;180.894302368164;0
1793.002;227.963562011719;0
1794.834;310.146575927734;0
1796.667;253.998931884766;0
1798.498;290.965057373047;0
1800.328;241.270629882813;0
1802.157;315.693939208984;0
1803.986;188.346054077148;0
1805.813;201.227005004883;0
1807.639;132.225692749023;0
1809.467;218.177322387695;0
1811.292;222.907684326172;0
1813.117;260.2001953125;0
1814.94;289.721557617188;0
1816.763;337.694000244141;0
1818.585;308.339691162109;0
1820.407;268.436431884766;0
1822.227;183.650909423828;0
1824.048;137.983108520508;0
1825.865;148.121353149414;0
1827.683;128.153457641602;0
1829.501;121.719589233398;0
1831.317;91.8762664794922;0
1833.135;76.5368499755859;0
1834.948;56.6043586730957;0
1836.761;-4.84679079055786;0
1838.577;51.3902626037598;0
1840.388;28.9679679870605;0
1842.198;46.1077919006348;0
1844.009;10.365291595459;0
1845.819;58.6293525695801;0
1847.629;97.5666427612305;0
1849.436;89.9549407958984;0
1851.244;140.572021484375;0
1853.052;159.417892456055;0
1854.858;255.270324707031;0
1856.661;238.462661743164;0
1858.466;250.661544799805;0
1860.269;180.064743041992;0
1862.073;197.154357910156;0
1863.875;178.917190551758;0
1865.673;225.020111083984;0
1867.476;172.129455566406;0
1869.275;147.578552246094;0
1871.072;84.3674163818359;0
1872.872;155.162704467773;0
1874.667;123.184783935547;0
1876.464;169.207656860352;0
1878.26;80.4520263671875;0
1880.053;131.251235961914;0
1881.849;139.605285644531;0
1883.64;191.514175415039;0
1885.431;149.423446655273;0
1887.226;118.222091674805;0
1889.014;91.1327209472656;0
1890.803;150.714492797852;0
1892.594;174.301513671875;0
1894.38;210.560852050781;0
1896.167;180.825302124023;0
1897.955;150.094848632813;0
1899.74;108.702827453613;0
1901.526;161.760360717773;0
1903.309;167.600784301758;0
1905.091;203.668518066406;0
1906.876;182.296920776367;0
1908.658;179.487731933594;0
1910.438;137.908966064453;0
1912.217;102.671730041504;0
1913.996;58.9970092773438;0
1915.775;22.4262371063232;0
1917.553;24.534740447998;0
1919.33;93.2057571411133;0
1921.106;132.10595703125;0
1922.881;114.902000427246;0
1924.655;128.593902587891;0
1926.431;154.071670532227;0
1928.202;249.890869140625;0
1929.974;218.100555419922;0
1931.746;260.341949462891;0
1933.516;189.369613647461;0
1935.286;212.183181762695;0
1937.055;157.114807128906;0
1938.823;180.497161865234;0
1940.592;161.664413452148;0
1942.356;155.280914306641;0
1944.122;161.744964599609;0
1945.888;174.768569946289;0
1947.651;217.79817199707;0
1949.416;219.61311340332;0
1951.178;225.657852172852;0
1952.939;163.599060058594;0
1954.699;175.214492797852;0
1956.459;161.281936645508;0
1958.219;200.134735107422;0
1959.979;151.661758422852;0
1961.735;114.529693603516;0
1963.491;63.9607543945313;0
1965.249;51.8683090209961;0
1967.003;105.436920166016;0
1968.761;151.311462402344;0
1970.512;139.641265869141;0
1972.265;117.315223693848;0
1974.018;85.2222290039063;0
1975.769;111.911125183105;0
1977.522;84.4445037841797;0
1979.271;168.991851806641;0
1981.018;213.886688232422;0
1982.766;281.019775390625;0
1984.516;300.724975585938;0
1986.261;311.337280273438;0
1988.009;299.190002441406;0
1989.754;270.282073974609;0
1991.498;267.946716308594;0
1993.241;330.961273193359;0
1994.984;320.877746582031;0
1996.727;328.584259033203;0
1998.468;313.96923828125;0
2000.206;282.924133300781;0
2001.946;274.560180664063;0
2003.686;271.322448730469;0
2005.424;292.099884033203;0
2007.161;229.225769042969;0
2008.898;202.144821166992;0
2010.634;211.526138305664;0
2012.369;232.47966003418;0
2014.103;241.115127563477;0
2015.836;224.099227905273;0
2017.57;247.987747192383;0
2019.299;205.66975402832;0
2021.032;185.256713867188;0
2022.762;269.637512207031;0
2024.491;342.589965820313;0
2026.221;416.336730957031;0
2027.947;296.100128173828;0
2029.676;241.767837524414;0
2031.403;153.78434753418;0
2033.128;128.656143188477;0
2034.852;175.409255981445;0
2036.577;218.957885742188;0
2038.299;290.525451660156;0
2040.022;265.002410888672;0
2041.744;283.389434814453;0
2043.465;209.352401733398;0
2045.184;134.560409545898;0
2046.903;181.39436340332;0
2048.621;241.808517456055;0
2050.339;263.023498535156;0
2052.057;171.0380859375;0
2053.774;222.519409179688;0
2055.488;212.690032958984;0
2057.203;226.10595703125;0
2058.917;254.656433105469;0
2060.631;286.897430419922;0
2062.344;321.273803710938;0
2064.053;256.785919189453;0
2065.765;231.766693115234;0
2067.476;223.215591430664;0
2069.185;180.064224243164;0
2070.892;230.304840087891;0
2072.6;234.344573974609;0
2074.308;210.184295654297;0
2076.014;144.824417114258;0
2077.72;50.4942626953125;0
2079.425;76.2427520751953;0
2081.13;86.6785736083984;0
2082.833;110.135452270508;0
2084.532;110.391220092773;0
2086.236;139.112411499023;0
2087.936;113.887847900391;0
2089.635;132.815216064453;0
2091.335;147.303619384766;0
2093.034;130.537963867188;0
2094.731;103.974647521973;0
2096.427;93.1919555664063;0
2098.124;178.821136474609;0
2099.82;234.915985107422;0
2101.515;249.252349853516;0
2103.207;236.497436523438;0
2104.902;231.872863769531;0
2106.594;286.379150390625;0
2108.286;345.129119873047;0
2109.976;350.973510742188;0
2111.667;269.82080078125;0
2113.355;250.242965698242;0
2115.044;307.462188720703;0
2116.732;361.367370605469;0
2118.42;377.403991699219;0
2120.105;415.905151367188;0
2121.79;432.537170410156;0
2123.476;482.079376220703;0
2125.16;403.088684082031;0
2126.844;425.718994140625;0
2128.524;388.038146972656;0
2130.207;402.268341064453;0
2131.888;448.630126953125;0
2133.567;463.214752197266;0
2135.247;547.820251464844;0
2136.927;516.444458007812;0
2138.603;495.420379638672;0
2140.281;393.576232910156;0
2141.957;396.972259521484;0
2143.633;408.38623046875;0
2145.308;410.48388671875;0
2146.981;387.842926025391;0
2148.654;384.917419433594;0
2150.328;408.453094482422;0
2152;359.671813964844;0
2153.669;413.573699951172;0
2155.34;387.158325195313;0
2157.01;439.314208984375;0
2158.677;355.374237060547;0
2160.347;369.115844726563;0
2162.013;310.094635009766;0
2163.681;315.422332763672;0
2165.347;305.988464355469;0
2167.011;293.424438476563;0
2168.674;363.117065429688;0
2170.337;406.941009521484;0
2172.002;494.450775146484;0
2173.662;475.614013671875;0
2175.324;520.337097167969;0
2176.985;499.850891113281;0
2178.645;473.488220214844;0
2180.304;438.885528564453;0
2181.961;446.752563476563;0
2183.618;449.015533447266;0
2185.275;426.845367431641;0
2186.932;434.429412841797;0
2188.586;433.114776611328;0
2190.242;344.381286621094;0
2191.896;289.600036621094;0
2193.547;252.425827026367;0
2195.2;332.170166015625;0
2196.851;358.318603515625;0
2198.502;373.634002685547;0
2200.153;421.328674316406;0
2201.799;500.147766113281;0
2203.447;539.09130859375;0
2205.097;439.442169189453;0
2206.742;351.033874511719;0
2208.391;323.587890625;0
2210.035;384.947601318359;0
2211.679;387.429351806641;0
2213.324;391.702117919922;0
2214.966;447.0283203125;0
2216.608;446.004455566406;0
2218.252;498.551177978516;0
2219.89;421.224548339844;0
2221.531;425.034332275391;0
2223.172;381.856750488281;0
2224.809;439.315155029297;0
2226.449;443.232666015625;0
2228.086;431.054168701172;0
2229.72;371.921691894531;0
2231.358;392.089050292969;0
2232.992;405.912506103516;0
2234.625;403.624542236328;0
2236.26;368.582916259766;0
2237.893;406.286590576172;0
2239.524;414.823577880859;0
2241.156;438.152313232422;0
2242.785;355.371795654297;0
2244.416;322.681243896484;0
2246.044;334.404296875;0
2247.672;344.239776611328;0
2249.301;374.96533203125;0
2250.926;380.9140625;0
2252.554;401.641510009766;0
2254.177;452.926849365235;0
2255.803;454.214874267578;0
2257.427;535.283813476563;0
2259.051;543.466857910156;0
2260.671;471.5654296875;0
2262.294;392.240539550781;0
2263.914;356.750457763672;0
2265.533;433.805358886719;0
2267.153;398.530639648438;0
2268.773;340.478668212891;0
2270.392;313.236480712891;0
2272.006;356.453521728516;0
2273.624;405.899078369141;0
2275.239;335.351379394531;0
2276.854;331.396270751953;0
2278.468;296.768371582031;0
2280.084;336.874847412109;0
2281.695;319.099212646484;0
2283.305;358.552886962891;0
2284.919;358.679870605469;0
2286.527;409.050933837891;0
2288.14;383.958404541016;0
2289.748;396.331298828125;0
2291.354;329.724304199219;0
2292.964;335.021118164063;0
2294.569;328.577728271484;0
2296.174;372.676177978516;0
2297.782;366.469848632813;0
2299.386;353.687561035156;0
2300.99;298.464660644531;0
2302.594;293.234252929688;0
2304.195;338.329803466797;0
2305.798;385.663696289063;0
2307.399;355.124816894531;0
2308.998;288.710845947266;0
2310.598;292.714996337891;0
2312.197;320.096405029297;0
2313.795;324.171844482422;0
2315.392;310.144134521484;0
2316.988;324.783508300781;0
2318.585;390.766784667969;0
2320.18;397.428649902344;0
2321.774;377.878356933594;0
2323.368;348.115936279297;0
2324.961;302.24072265625;0
2326.553;264.445465087891;0
2328.145;266.901092529297;0
2329.735;299.716003417969;0
2331.324;343.532257080078;0
2332.916;316.578033447266;0
2334.503;271.37255859375;0
2336.092;230.846237182617;0
2337.677;202.596817016602;0
2339.263;180.221099853516;0
2340.85;154.117752075195;0
2342.434;204.145492553711;0
2344.018;204.197402954102;0
2345.602;230.939895629883;0
2347.185;185.150756835938;0
2348.768;231.939727783203;0
2350.347;243.757446289063;0
2351.928;269.708984375;0
2353.51;291.285491943359;0
2355.087;334.636535644531;0
2356.665;339.317565917969;0
2358.243;293.889831542969;0
2359.819;256.876434326172;0
2361.396;236.566757202148;0
2362.972;225.604385375977;0
2364.547;203.939865112305;0
2366.121;213.287231445313;0
2367.694;210.142211914063;0
2369.267;169.839294433594;0
2370.839;132.101638793945;0
2372.411;160.593872070313;0
2373.982;205.76237487793;0
2375.55;256.254760742188;0
2377.118;222.760025024414;0
2378.687;289.509796142578;0
2380.254;286.479461669922;0
2381.821;381.935546875;0
2383.387;341.723083496094;0
2384.954;333.132263183594;0
2386.516;307.308441162109;0
2388.082;329.664794921875;0
2389.644;314.353118896484;0
2391.209;277.031280517578;0
2392.769;215.85920715332;0
2394.33;228.528305053711;0
2395.892;296.437744140625;0
2397.449;356.903228759766;0
2399.008;357.238342285156;0
2400.568;357.68505859375;0
2402.125;377.984741210938;0
2403.68;364.513641357422;0
2405.238;301.378112792969;0
2406.792;273.339294433594;0
2408.349;398.860504150391;0
2409.902;485.493927001953;0
2411.455;479.498138427734;0
2413.007;399.714569091797;0
2414.558;351.505981445313;0
2416.11;284.723510742188;0
2417.66;319.681793212891;0
2419.21;294.732086181641;0
2420.758;402.103790283203;0
2422.307;342.679077148438;0
2423.855;375.013305664063;0
2425.402;350.883819580078;0
2426.947;351.484893798828;0
2428.492;320.092437744141;0
2430.038;322.761474609375;0
2431.58;331.005889892578;0
2433.124;329.667175292969;0
2434.667;347.051666259766;0
2436.208;393.989593505859;0
2437.75;461.019470214844;0
2439.291;428.251220703125;0
2440.83;373.351501464844;0
2442.369;358.758178710938;0
2443.906;364.699066162109;0
2445.444;393.904876708984;0
2446.981;322.979919433594;0
2448.517;294.485748291016;0
2450.053;317.749145507813;0
2451.587;300.661895751953;0
2453.12;345.672119140625;0
2454.655;315.388732910156;0
2456.187;366.831146240234;0
2457.718;331.813323974609;0
2459.25;336.838714599609;0
2460.781;355.462310791016;0
2462.31;384.850128173828;0
2463.84;410.337524414063;0
2465.368;372.588439941406;0
2466.896;398.955505371094;0
2468.423;381.860198974609;0
2469.949;411.404693603516;0
2471.474;378.822113037109;0
2472.998;415.886871337891;0
2474.522;394.158630371094;0
2476.045;393.680419921875;0
2477.568;350.324035644531;0
2479.09;395.281494140625;0
2480.612;426.572906494141;0
2482.132;442.593414306641;0
2483.653;444.453857421875;0
2485.171;381.644958496094;0
2486.689;394.166046142578;0
2488.208;341.462799072266;0
2489.725;409.001373291016;0
2491.242;341.318023681641;0
2492.757;324.9384765625;0
2494.271;321.997161865234;0
2495.785;416.608276367188;0
2497.3;430.105224609375;0
2498.812;411.377105712891;0
2500.325;307.732421875;0
2501.837;306.322296142578;0
2503.345;232.912353515625;0
2504.856;259.484161376953;0
2506.366;258.653167724609;0
2507.875;284.172882080078;0
2509.382;246.154754638672;0
2510.889;217.479598999023;0
2512.397;244.003448486328;0
2513.901;251.278045654297;0
2515.406;287.458953857422;0
2516.911;238.070663452148;0
2518.415;258.671905517578;0
2519.918;268.46240234375;0
2521.421;297.139251708984;0
2522.922;299.126037597656;0
2524.423;315.391174316406;0
2525.924;275.879699707031;0
2527.422;243.830871582031;0
2528.923;161.912551879883;0
2530.419;161.124237060547;0
2531.916;166.576095581055;0
2533.415;210.379272460938;0
2534.909;251.42268371582;0
2536.404;276.592651367188;0
2537.899;254.331848144531;0
2539.394;256.197326660156;0
2540.887;285.967163085938;0
2542.38;278.169281005859;0
2543.871;239.887847900391;0
2545.363;165.375518798828;0
2546.852;186.214797973633;0
2548.345;216.072677612305;0
2549.833;191.504516601563;0
2551.321;152.166625976563;0
2552.811;123.069709777832;0
2554.296;218.771255493164;0
2555.78;235.273773193359;0
2557.267;227.355331420898;0
2558.752;199.579895019531;0
2560.237;199.159133911133;0
2561.721;210.851989746094;0
2563.203;219.232559204102;0
2564.687;289.813018798828;0
2566.168;319.7822265625;0
2567.648;292.656616210938;0
2569.129;266.5771484375;0
2570.607;251.891494750977;0
2572.086;288.262390136719;0
2573.565;307.384948730469;0
2575.041;357.846954345703;0
2576.518;325.09033203125;0
2577.994;315.113586425781;0
2579.469;317.471343994141;0
2580.945;406.138885498047;0
2582.418;450.007507324219;0
2583.892;432.878479003906;0
2585.365;375.290435791016;0
2586.835;338.799591064453;0
2588.307;344.335968017578;0
2589.778;343.60205078125;0
2591.248;315.211090087891;0
2592.717;323.470672607422;0
2594.186;346.82568359375;0
2595.652;354.739410400391;0
2597.121;306.640075683594;0
2598.585;309.549987792969;0
2600.052;299.723327636719;0
2601.518;333.282257080078;0
2602.982;289.872436523438;0
2604.446;324.836120605469;0
2605.907;254.89387512207;0
2607.371;264.205627441406;0
2608.83;265.981994628906;0
2610.293;296.598937988281;0
2611.752;307.456817626953;0
2613.213;356.850799560547;0
2614.672;442.224945068359;0
2616.13;444.467956542969;0
2617.587;431.240783691406;0
2619.043;437.680480957031;0
2620.501;499.740478515625;0
2621.957;465.797668457031;0
2623.409;492.505035400391;0
2624.864;465.437622070313;0
2626.318;542.150024414063;0
2627.771;524.310485839844;0
2629.222;549.473449707031;0
2630.673;522.527099609375;0
2632.124;510.803985595703;0
2633.575;517.863708496094;0
2635.023;476.177886962891;0
2636.473;423.663269042969;0
2637.922;357.157165527344;0
2639.368;373.315643310547;0
2640.816;390.581237792969;0
2642.261;435.731048583984;0
2643.705;402.294891357422;0
2645.151;423.490936279297;0
2646.596;415.438903808594;0
2648.037;428.176300048828;0
2649.48;392.017059326172;0
2650.923;344.782531738281;0
2652.364;314.873931884766;0
2653.804;320.501159667969;0
2655.243;290.744415283203;0
2656.683;287.414306640625;0
2658.121;288.333129882813;0
2659.559;336.860290527344;0
2660.997;335.503784179688;0
2662.433;363.02734375;0
2663.868;331.211120605469;0
2665.305;339.499816894531;0
2666.737;287.317749023438;0
2668.173;257.707824707031;0
2669.606;238.575958251953;0
2671.038;267.235595703125;0
2672.47;321.240203857422;0
2673.901;328.239471435547;0
2675.331;324.011260986328;0
2676.761;298.993194580078;0
2678.189;282.206176757813;0
2679.619;292.405029296875;0
2681.045;274.041381835938;0
2682.473;303.019622802734;0
2683.9;303.547821044922;0
2685.324;281.736389160156;0
2686.749;246.845504760742;0
2688.176;192.138809204102;0
2689.599;223.778747558594;0
2691.021;259.097442626953;0
2692.444;289.402587890625;0
2693.865;273.620391845703;0
2695.287;258.061889648438;0
2696.707;212.367050170898;0
2698.125;201.794586181641;0
2699.545;224.233810424805;0
2700.963;265.907135009766;0
2702.381;326.986480712891;0
2703.798;264.836700439453;0
2705.214;243.960098266602;0
2706.629;213.680297851563;0
2708.046;280.816101074219;0
2709.458;306.502868652344;0
2710.872;332.311584472656;0
2712.285;366.436645507813;0
2713.699;359.340087890625;0
2715.111;372.863311767578;0
2716.52;290.864379882813;0
2717.93;270.957397460938;0
2719.342;260.620971679688;0
2720.749;333.718566894531;0
2722.159;376.595428466797;0
2723.565;360.071716308594;0
2724.971;289.870635986328;0
2726.38;238.982055664063;0
2727.785;210.431854248047;0
2729.19;185.326293945313;0
2730.594;266.665405273438;0
2731.997;302.098693847656;0
2733.401;374.069305419922;0
2734.803;287.797149658203;0
2736.204;318.672973632813;0
2737.606;311.305023193359;0
2739.005;358.582977294922;0
2740.405;327.618896484375;0
2741.806;322.483612060547;0
2743.202;279.744445800781;0
2744.602;277.861114501953;0
2745.998;291.849639892578;0
2747.395;329.929412841797;0
2748.79;316.324127197266;0
2750.185;344.14306640625;0
2751.58;328.515106201172;0
2752.975;384.142333984375;0
2754.366;407.636871337891;0
2755.759;437.555969238281;0
2757.151;411.122528076172;0
2758.542;307.910858154297;0
2759.933;332.335601806641;0
2761.322;303.963684082031;0
2762.71;359.906555175781;0
2764.1;333.607696533203;0
2765.486;359.95654296875;0
2766.875;366.620483398438;0
2768.26;354.821899414063;0
2769.646;382.978240966797;0
2771.031;386.135894775391;0
2772.418;416.292816162109;0
2773.799;377.332244873047;0
2775.184;346.092224121094;0
2776.565;312.471466064453;0
2777.946;367.887786865234;0
2779.328;406.971771240234;0
2780.708;412.880676269531;0
2782.09;368.236938476563;0
2783.469;361.869171142578;0
2784.847;383.003814697266;0
2786.226;370.381591796875;0
2787.603;376.526885986328;0
2788.978;366.590362548828;0
2790.355;387.178802490234;0
2791.731;374.914855957031;0
2793.104;375.080383300781;0
2794.479;373.147003173828;0
2795.853;376.766510009766;0
2797.225;384.098052978516;0
2798.596;370.950134277344;0
2799.967;363.481140136719;0
2801.341;329.150848388672;0
2802.71;313.298583984375;0
2804.077;265.998413085938;0
2805.447;226.764083862305;0
2806.815;200.538955688477;0
2808.183;158.774276733398;0
2809.551;197.247482299805;0
2810.915;184.529739379883;0
2812.282;242.939163208008;0
2813.646;150.071166992188;0
2815.011;159.952911376953;0
2816.375;130.822662353516;0
2817.736;197.823150634766;0
2819.099;171.731033325195;0
2820.462;131.054275512695;0
2821.821;132.507232666016;0
2823.182;116.757247924805;0
2824.542;112.24641418457;0
2825.901;59.3073463439941;0
2827.261;62.6067161560059;0
2828.617;164.033416748047;0
2829.974;227.473587036133;0
2831.33;317.692230224609;0
2832.686;230.672149658203;0
2834.043;206.355056762695;0
2835.395;190.61164855957;0
2836.75;211.547637939453;0
2838.104;242.078842163086;0
2839.456;201.717529296875;0
2840.807;193.167602539063;0
2842.16;195.978118896484;0
2843.509;197.534194946289;0
2844.858;196.660766601563;0
2846.209;182.579681396484;0
2847.556;190.068267822266;0
2848.906;230.349151611328;0
2850.253;265.879516601563;0
2851.6;268.534912109375;0
2852.946;234.584045410156;0
2854.29;192.971481323242;0
2855.635;168.883682250977;0
2856.98;197.919708251953;0
2858.323;211.532730102539;0
2859.665;209.695755004883;0
2861.008;218.029327392578;0
2862.349;194.133239746094;0
2863.691;213.289703369141;0
2865.031;169.884368896484;0
2866.37;206.230590820313;0
2867.709;189.459136962891;0
2869.048;193.315353393555;0
2870.385;171.579071044922;0
2871.722;217.93489074707;0
2873.059;230.281967163086;0
2874.394;275.842529296875;0
2875.73;263.806732177734;0
2877.064;279.781280517578;0
2878.398;229.412200927734;0
2879.731;226.039291381836;0
2881.063;212.167297363281;0
2882.395;235.182144165039;0
2883.727;245.184722900391;0
2885.059;283.062957763672;0
2886.387;289.372894287109;0
2887.717;267.894195556641;0
2889.046;239.960662841797;0
2890.374;262.77294921875;0
2891.699;254.019378662109;0
2893.028;255.547149658203;0
2894.354;255.330871582031;0
2895.679;273.769165039063;0
2897.004;284.887023925781;0
2898.328;264.037567138672;0
2899.653;295.764984130859;0
2900.976;326.909912109375;0
2902.297;301.433258056641;0
2903.619;336.503631591797;0
2904.941;316.232635498047;0
2906.26;343.944702148438;0
2907.58;275.521636962891;0
2908.898;260.742248535156;0
2910.217;315.065826416016;0
2911.536;355.602722167969;0
2912.852;362.892120361328;0
2914.171;338.267578125;0
2915.485;333.067047119141;0
2916.799;385.26318359375;0
2918.116;368.101928710937;0
2919.428;350.027313232422;0
2920.743;294.805419921875;0
2922.056;340.717071533203;0
2923.367;387.826599121094;0
2924.679;402.579559326172;0
2925.99;356.864379882813;0
2927.299;299.014587402344;0
2928.609;317.888793945313;0
2929.918;295.057098388672;0
2931.226;336.029418945312;0
2932.535;368.757202148437;0
2933.841;388.242248535156;0
2935.149;421.930328369141;0
2936.455;385.821411132812;0
2937.758;407.915313720703;0
2939.064;390.656494140625;0
2940.368;415.9326171875;0
2941.67;412.077667236328;0
2942.973;417.424041748047;0
2944.277;432.083740234375;0
2945.577;378.723358154297;0
2946.878;335.959289550781;0
2948.178;303.955261230469;0
2949.477;362.239807128906;0
2950.776;330.127227783203;0
2952.073;312.789398193359;0
2953.372;307.927764892578;0
2954.669;341.375396728516;0
2955.965;302.153411865234;0
2957.261;251.145065307617;0
2958.556;270.594421386719;0
2959.849;307.179565429687;0
2961.145;344.097900390625;0
2962.436;375.016082763672;0
2963.732;375.046752929687;0
2965.022;361.967620849609;0
2966.313;305.094024658203;0
2967.603;324.745452880859;0
2968.893;342.730194091797;0
2970.182;366.936767578125;0
2971.471;309.920318603516;0
2972.759;290.713317871094;0
2974.047;244.149841308594;0
2975.334;249.98713684082;0
2976.62;228.379730224609;0
2977.907;281.566223144531;0
2979.192;294.140502929687;0
2980.475;305.935913085937;0
2981.76;244.508010864258;0
2983.043;232.976791381836;0
2984.326;189.904418945313;0
2985.607;153.47639465332;0
2986.888;146.173309326172;0
2988.17;166.475982666016;0
2989.449;185.682662963867;0
2990.728;183.509979248047;0
2992.007;181.351379394531;0
2993.284;177.873504638672;0
2994.562;162.854934692383;0
2995.84;133.740005493164;0
2997.115;165.082946777344;0
2998.393;164.439636230469;0
2999.666;161.810180664062;0
3000.94;162.860168457031;0
3002.215;142.335678100586;0
3003.486;165.314422607422;0
3004.76;115.698875427246;0
3006.033;103.315719604492;0
3007.303;56.3862419128418;0
3008.573;68.4662246704102;0
3009.844;128.555358886719;0
3011.114;124.876533508301;0
3012.383;109.986427307129;0
3013.649;107.997604370117;0
3014.917;139.576736450195;0
3016.185;169.725006103516;0
3017.451;157.219787597656;0
3018.716;168.173156738281;0
3019.983;143.251373291016;0
3021.246;184.230422973633;0
3022.509;149.78434753418;0
3023.774;174.845169067383;0
3025.035;123.794906616211;0
3026.299;133.014175415039;0
3027.56;110.885467529297;0
3028.819;146.959976196289;0
3030.081;169.242401123047;0
3031.339;185.953994750976;0
3032.598;133.205429077148;0
3033.856;112.948875427246;0
3035.114;143.222442626953;0
3036.372;179.815139770508;0
3037.628;212.393661499023;0
3038.883;170.734161376953;0
3040.138;138.058883666992;0
3041.394;136.717437744141;0
3042.646;186.730514526367;0
3043.9;241.728652954101;0
3045.152;271.712097167969;0
3046.405;283.130218505859;0
3047.657;236.832946777344;0
3048.906;199.41975402832;0
3050.158;152.883453369141;0
3051.407;191.797134399414;0
3052.656;235.917449951172;0
3053.904;247.022201538086;0
3055.153;244.22248840332;0
3056.398;210.961364746094;0
3057.647;222.912567138672;0
3058.892;174.219497680664;0
3060.137;206.043182373047;0
3061.382;186.219772338867;0
3062.625;207.093841552734;0
3063.869;183.732025146484;0
3065.112;217.862457275391;0
3066.353;225.203948974609;0
3067.595;218.089385986328;0
3068.838;224.629501342773;0
3070.075;253.727996826172;0
3071.317;276.669036865234;0
3072.557;269.047271728516;0
3073.795;268.858947753906;0
3075.032;248.660064697266;0
3076.27;251.734680175781;0
3077.507;214.028198242188;0
3078.742;251.239791870117;0
3079.978;239.74739074707;0
3081.212;291.743927001953;0
3082.446;258.062713623047;0
3083.681;293.815032958984;0
3084.913;306.334014892578;0
3086.147;342.840789794922;0
3087.38;342.445343017578;0
3088.61;297.463623046875;0
3089.84;262.818939208984;0
3091.071;228.812255859375;0
3092.3;285.013916015625;0
3093.529;343.086303710937;0
3094.755;373.214813232422;0
3095.984;330.667877197266;0
3097.211;293.937683105469;0
3098.438;285.873016357422;0
3099.663;287.614776611328;0
3100.888;262.130859375;0
3102.112;205.198699951172;0
3103.335;223.629165649414;0
3104.56;204.230224609375;0
3105.782;260.606781005859;0
3107.005;253.536056518555;0
3108.226;254.462341308594;0
3109.447;224.3125;0
3110.667;183.159973144531;0
3111.887;243.782531738281;0
3113.104;215.068664550781;0
3114.324;212.798843383789;0
3115.541;204.528518676758;0
3116.758;247.368743896484;0
3117.976;265.207458496094;0
3119.192;260.237854003906;0
3120.408;254.190521240234;0
3121.622;267.243377685547;0
3122.835;218.292282104492;0
3124.05;208.335708618164;0
3125.262;174.268310546875;0
3126.476;204.867874145508;0
3127.687;198.912170410156;0
3128.897;216.847045898438;0
3130.108;219.887649536133;0
3131.319;195.11198425293;0
3132.528;198.174865722656;0
3133.737;172.078872680664;0
3134.945;196.124404907227;0
3136.152;225.836975097656;0
3137.358;243.102783203125;0
3138.565;256.366180419922;0
3139.772;238.184051513672;0
3140.976;221.890914916992;0
3142.18;219.807678222656;0
3143.385;186.763046264648;0
3144.588;216.2734375;0
3145.79;208.539428710938;0
3146.993;189.852127075195;0
3148.194;163.943405151367;0
3149.395;132.204605102539;0
3150.596;102.033515930176;0
3151.794;88.1132125854492;0
3152.994;109.695465087891;0
3154.193;143.800079345703;0
3155.39;123.499382019043;0
3156.587;116.493843078613;0
3157.784;119.934989929199;0
3158.982;112.822746276855;0
3160.177;116.841125488281;0
3161.37;111.622375488281;0
3162.565;118.754905700684;0
3163.759;84.8913650512695;0
3164.952;82.5920791625977;0
3166.146;118.451560974121;0
3167.337;125.758110046387;0
3168.527;127.288543701172;0
3169.719;101.388084411621;0
3170.91;131.371719360352;0
3172.098;129.247406005859;0
3173.288;115.12565612793;0
3174.475;113.639587402344;0
3175.663;150.870651245117;0
3176.849;156.541793823242;0
3178.037;131.865386962891;0
3179.223;93.7455749511719;0
3180.408;114.254165649414;0
3181.592;146.428375244141;0
3182.777;192.871353149414;0
3183.96;205.300888061523;0
3185.143;184.157165527344;0
3186.325;143.899429321289;0
3187.507;122.200172424316;0
3188.688;118.053802490234;0
3189.869;157.817825317383;0
3191.049;165.355209350586;0
3192.228;189.581832885742;0
3193.406;171.338104248047;0
3194.585;197.201690673828;0
3195.763;191.39372253418;0
3196.939;176.913986206055;0
3198.116;170.318862915039;0
3199.292;189.608352661133;0
3200.466;204.56022644043;0
3201.643;194.84211730957;0
3202.816;157.008529663086;0
3203.991;164.962203979492;0
3205.161;169.412368774414;0
3206.334;192.555755615234;0
3207.504;212.139190673828;0
3208.677;191.384323120117;0
3209.846;241.179107666016;0
3211.017;205.633834838867;0
3212.187;267.635162353516;0
3213.356;226.489547729492;0
3214.524;199.983169555664;0
3215.69;188.381576538086;0
3216.859;191.614807128906;0
3218.024;260.920135498047;0
3219.189;239.103881835938;0
3220.354;245.016952514648;0
3221.519;242.895919799805;0
3222.682;215.790573120117;0
3223.845;192.044998168945;0
3225.01;164.14225769043;0
3226.171;224.60400390625;0
3227.332;263.165771484375;0
3228.494;274.604949951172;0
3229.655;280.475219726563;0
3230.814;270.815887451172;0
3231.973;284.567596435547;0
3233.13;249.087524414063;0
3234.29;269.372985839844;0
3235.447;257.857116699219;0
3236.605;253.920120239258;0
3237.76;238.305892944336;0
3238.916;216.472351074219;0
3240.071;257.305084228516;0
3241.224;267.274047851563;0
3242.381;305.235382080078;0
3243.532;249.300415039063;0
3244.685;239.358474731445;0
3245.839;222.050308227539;0
3246.99;246.801986694336;0
3248.141;261.768676757813;0
3249.292;261.061950683594;0
3250.439;244.682250976563;0
3251.589;227.338287353516;0
3252.739;223.40705871582;0
3253.886;267.237243652344;0
3255.034;237.174819946289;0
3256.18;284.10205078125;0
3257.326;288.025024414063;0
3258.472;274.055480957031;0
3259.617;236.949783325195;0
3260.761;194.259643554688;0
3261.905;252.526092529297;0
3263.048;259.457794189453;0
3264.19;272.944122314453;0
3265.333;276.874908447266;0
3266.475;285.582672119141;0
3267.617;305.178558349609;0
3268.757;287.764251708984;0
3269.896;281.780548095703;0
3271.036;266.240753173828;0
3272.175;231.256011962891;0
3273.313;208.213104248047;0
3274.449;223.831268310547;0
3275.586;258.882019042969;0
3276.722;327.335266113281;0
3277.859;324.453674316406;0
3278.993;330.793853759766;0
3280.13;242.911651611328;0
3281.263;226.501770019531;0
3282.395;244.44384765625;0
3283.529;291.27587890625;0
3284.66;306.109497070313;0
3285.794;271.279479980469;0
3286.924;255.342803955078;0
3288.054;252.399597167969;0
3289.185;242.817810058594;0
3290.313;227.215316772461;0
3291.443;199.838439941406;0
3292.571;223.130340576172;0
3293.698;245.091110229492;0
3294.824;255.833602905273;0
3295.952;219.691543579102;0
3297.077;222.104690551758;0
3298.203;205.556289672852;0
3299.328;212.15705871582;0
3300.45;179.64826965332;0
3301.574;174.476547241211;0
3302.698;176.875762939453;0
3303.819;185.022018432617;0
3304.942;187.061218261719;0
3306.064;189.524459838867;0
3307.182;191.956924438477;0
3308.303;209.913604736328;0
3309.423;228.53923034668;0
3310.542;216.280868530273;0
3311.66;208.249740600586;0
3312.778;182.477142333984;0
3313.895;219.770050048828;0
3315.012;233.40217590332;0
3316.128;220.381057739258;0
3317.243;170.332946777344;0
3318.357;154.871841430664;0
3319.471;151.0322265625;0
3320.586;165.229888916016;0
3321.698;166.457962036133;0
3322.813;189.585464477539;0
3323.923;193.947082519531;0
3325.034;170.250411987305;0
3326.146;189.895156860352;0
3327.255;163.977798461914;0
3328.366;209.229019165039;0
3329.474;181.202789306641;0
3330.582;224.018218994141;0
3331.691;200.603179931641;0
3332.797;197.332641601563;0
3333.905;176.691345214844;0
3335.011;145.386993408203;0
3336.116;169.058120727539;0
3337.22;163.101928710938;0
3338.327;185.615875244141;0
3339.429;154.044982910156;0
3340.534;135.326446533203;0
3341.635;119.944625854492;0
3342.737;73.3764190673828;0
3343.84;79.0263366699219;0
3344.94;99.4491653442383;0
3346.041;149.065216064453;0
3347.142;162.340026855469;0
3348.24;137.170593261719;0
3349.337;180.77619934082;0
3350.437;167.269256591797;0
3351.534;156.105484008789;0
3352.633;115.607856750488;0
3353.727;143.603454589844;0
3354.823;161.043090820313;0
3355.919;162.037094116211;0
3357.013;145.587554931641;0
3358.108;187.179763793945;0
3359.201;213.211654663086;0
3360.293;218.46159362793;0
3361.385;149.211837768555;0
3362.478;133.726699829102;0
3363.569;125.195449829102;0
3364.661;147.202682495117;0
3365.75;171.201751708984;0
3366.838;192.080459594727;0
3367.929;228.389617919922;0
3369.017;217.907028198242;0
3370.105;188.735946655273;0
3371.193;196.667495727539;0
3372.279;195.537307739258;0
3373.364;207.470230102539;0
3374.45;198.372772216797;0
3375.534;211.391571044922;0
3376.62;227.645233154297;0
3377.704;234.466461181641;0
3378.786;212.632064819336;0
3379.871;217.048675537109;0
3380.951;188.424560546875;0
3382.034;212.25895690918;0
3383.114;199.408355712891;0
3384.195;224.812286376953;0
3385.276;210.281021118164;0
3386.354;238.427810668945;0
3387.433;233.763076782227;0
3388.511;212.973785400391;0
3389.588;193.351119995117;0
3390.664;220.585098266602;0
3391.742;210.618881225586;0
3392.816;205.867523193359;0
3393.893;178.119918823242;0
3394.968;185.174667358398;0
3396.042;186.435104370117;0
3397.115;170.310150146484;0
3398.189;178.370635986328;0
3399.262;160.504455566406;0
3400.333;161.19792175293;0
3401.404;163.376419067383;0
3402.474;165.385772705078;0
3403.545;177.333236694336;0
3404.615;192.043121337891;0
3405.685;238.958221435547;0
3406.752;217.85807800293;0
3407.82;216.076599121094;0
3408.888;178.769195556641;0
3409.955;185.473510742188;0
3411.021;190.629043579102;0
3412.085;198.773056030273;0
3413.151;226.545944213867;0
3414.215;182.425109863281;0
3415.279;218.513931274414;0
3416.343;208.049789428711;0
3417.406;250.069946289063;0
3418.468;224.021911621094;0
3419.53;232.537826538086;0
3420.592;202.191375732422;0
3421.652;226.575088500977;0
3422.712;219.852691650391;0
3423.773;214.574508666992;0
3424.83;183.45442199707;0
3425.889;172.790740966797;0
3426.946;178.958862304688;0
3428.005;159.014511108398;0
3429.061;189.499130249023;0
3430.117;212.781295776367;0
3431.172;224.860763549805;0
3432.227;195.181289672852;0
3433.281;172.853179931641;0
3434.335;155.070602416992;0
3435.389;172.428649902344;0
3436.44;171.022903442383;0
3437.492;216.090759277344;0
3438.546;188.654418945313;0
3439.598;215.115005493164;0
3440.646;202.693267822266;0
3441.697;237.05549621582;0
3442.745;202.583190917969;0
3443.793;177.999465942383;0
3444.842;164.650100708008;0
3445.891;205.975540161133;0
3446.937;232.901138305664;0
3447.984;233.908004760742;0
3449.031;189.6904296875;0
3450.075;178.340194702148;0
3451.12;167.483322143555;0
3452.164;203.818908691406;0
3453.207;172.909393310547;0
3454.251;189.615509033203;0
3455.293;159.192337036133;0
3456.336;197.639007568359;0
3457.378;176.887619018555;0
3458.417;173.542053222656;0
3459.458;156.08967590332;0
3460.498;148.112945556641;0
3461.539;190.431915283203;0
3462.577;181.009841918945;0
3463.614;187.178680419922;0
3464.651;151.178176879883;0
3465.689;154.667907714844;0
3466.726;173.222763061523;0
3467.763;166.535339355469;0
3468.798;175.741256713867;0
3469.831;141.542022705078;0
3470.866;146.84391784668;0
3471.9;122.728019714355;0
3472.933;138.633880615234;0
3473.966;124.022048950195;0
3474.999;162.149185180664;0
3476.029;142.531967163086;0
3477.061;146.242156982422;0
3478.09;102.486801147461;0
3479.121;103.558578491211;0
3480.15;110.034545898437;0
3481.178;109.799942016602;0
3482.205;138.63737487793;0
3483.234;143.662353515625;0
3484.26;187.905792236328;0
3485.288;153.844543457031;0
3486.313;176.477676391602;0
3487.337;124.96354675293;0
3488.364;133.987869262695;0
3489.387;123.835350036621;0
3490.411;180.655090332031;0
3491.434;188.014007568359;0
3492.456;169.940231323242;0
3493.479;148.484741210937;0
3494.5;137.017593383789;0
3495.521;110.27294921875;0
3496.543;44.0283508300781;0
3497.561;36.4855918884277;0
3498.579;40.9284172058105;0
3499.6;108.212142944336;0
3500.618;76.8585891723633;0
3501.636;46.1978645324707;0
3502.653;-22.935338973999;0
3503.669;-35.3934059143066;0
3504.685;-50.2076759338379;0
3505.699;-33.277702331543;0
3506.716;-20.4810028076172;0
3507.729;-5.94143533706665;0
3508.743;-9.19155120849609;0
3509.755;-29.1736106872559;0
