98.64605;0;0
101.2353;0;0
103.8217;0;0
106.4096;-2.25925922393799;0
108.9945;-49.6666679382324;0
111.5767;-18.1746025085449;0
114.1602;4.16049385070801;0
116.7409;59.3737373352051;0
119.3209;71.4957275390625;0
121.9002;62.5111122131348;0
124.4788;40.0196075439453;0
127.0566;-51.596492767334;0
129.6317;-61.6507949829102;0
132.2038;-20.7632846832275;0
134.7796;35.8566589355469;0
137.3503;51.8730888366699;0
139.9204;13.6177644729614;0
142.4919;95.8467254638672;0
145.0584;146.165786743164;0
147.6242;230.457901000977;0
150.1914;302.286010742188;0
152.7579;297.413787841797;0
155.3216;294.501983642578;0
157.8846;306.145324707031;0
160.4448;313.022796630859;0
163.0085;312.804351806641;0
165.5672;252.612777709961;0
168.1232;264.0048828125;0
170.6826;220.702621459961;0
173.2372;245.223709106445;0
175.7931;244.165649414063;0
178.3463;317.120300292969;0
180.8966;353.109497070313;0
183.4504;396.130065917969;0
185.9993;391.750122070313;0
188.5476;390.751708984375;0
191.0972;438.278869628906;0
193.644;467.967559814453;0
196.1859;493.463775634766;0
198.7335;456.042236328125;0
201.2761;435.40576171875;0
203.8201;418.402618408203;0
206.3593;398.685668945313;0
208.8998;406.131195068359;0
211.4397;401.52197265625;0
213.9746;466.807189941406;0
216.5109;539.971496582031;0
219.0487;548.223388671875;0
221.5816;591.584716796875;0
224.1158;638.981384277344;0
226.6473;668.400329589844;0
229.176;682.218139648438;0
231.7082;650.745544433594;0
234.2355;670.463684082031;0
236.7643;647.976623535156;0
239.2902;681.567260742187;0
241.8133;692.292358398438;0
244.3379;669.237854003906;0
246.8618;643.177795410156;0
249.3828;619.98583984375;0
251.9053;648.5791015625;0
254.423;633.572692871094;0
256.942;669.764404296875;0
259.4603;635.255981445313;0
261.9759;637.999389648438;0
264.4887;567.464599609375;0
267.005;575.392333984375;0
269.5164;570.79052734375;0
272.0292;594.016418457031;0
274.5393;622.352661132813;0
277.0466;671.050170898438;0
279.5574;753.775756835938;0
282.0654;846.738586425781;0
284.5686;871.383850097656;0
287.0752;867.674499511719;0
289.5791;853.373962402344;0
292.0803;861.591613769531;0
294.5828;861.577453613281;0
297.0826;764.732299804687;0
299.5838;671.740661621094;0
302.0801;634.09814453125;0
304.5758;627.327575683594;0
307.0749;626.335510253906;0
309.5672;596.236328125;0
312.0608;656.662292480469;0
314.5558;652.70849609375;0
317.044;635.599060058594;0
319.5377;551.560546875;0
322.0266;601.413635253906;0
324.5127;638.374633789063;0
327.0023;677.643432617188;0
329.4871;680.635498046875;0
331.9691;712.229797363281;0
334.4547;801.975524902344;0
336.9353;811.573791503906;0
339.4174;795.966491699219;0
341.901;750.332641601562;0
344.3776;799.502258300781;0
346.8577;873.763671875;0
349.333;907.284240722656;0
351.8076;857.965698242188;0
354.2857;850.702453613281;0
356.7569;790.132934570313;0
359.2296;775.488891601563;0
361.7015;658.149597167969;0
364.1729;723.219848632813;0
366.6414;766.50537109375;0
369.1093;790.672546386719;0
371.5745;725.530456542969;0
374.0432;688.242309570313;0
376.507;684.066040039062;0
378.9702;697.909912109375;0
381.4348;650.031005859375;0
383.8947;689.833740234375;0
386.3538;689.870300292969;0
388.8144;749.607238769531;0
391.2722;759.935485839844;0
393.7314;775.367614746094;0
396.1859;791.903747558594;0
398.6418;777.328857421875;0
401.0949;847.352966308594;0
403.5475;813.399291992188;0
405.9972;848.205078125;0
408.4505;747.517822265625;0
410.899;796.116333007812;0
413.3468;825.677001953125;0
415.796;890.028137207031;0
418.2405;946.705932617188;0
420.6884;905.21240234375;0
423.1295;867.490417480469;0
425.572;792.713439941406;0
428.0159;790.729736328125;0
430.455;781.762390136719;0
432.8956;717.253112792969;0
435.3335;704.013732910156;0
437.7707;683.343322753906;0
440.2093;686.506774902344;0
442.6432;695.684143066406;0
445.0764;751.252197265625;0
447.511;742.979248046875;0
449.9429;768.855529785156;0
452.3721;718.285400390625;0
454.8048;757.013305664063;0
457.2328;712.372497558594;0
459.66;727.718200683594;0
462.0847;716.056640625;0
464.5127;728.95556640625;0
466.9381;730.253723144531;0
469.3587;807.091125488281;0
471.7807;807.369506835937;0
474.2042;850.383544921875;0
476.6229;779.536743164062;0
479.041;800.95654296875;0
481.4604;789.038818359375;0
483.8752;829.902099609375;0
486.2934;798.094299316406;0
488.7068;777.352661132812;0
491.1197;783.440185546875;0
493.5339;759.417419433594;0
495.9435;743.839172363281;0
498.3544;686.034973144531;0
500.7667;726.565124511719;0
503.1723;711.64990234375;0
505.5793;701.070983886719;0
507.9856;689.025085449219;0
510.3913;672.142944335938;0
512.7944;668.378540039063;0
515.1968;657.619079589844;0
517.5986;647.087646484375;0
519.9997;634.828369140625;0
522.3982;557.888488769531;0
524.798;540.728637695313;0
527.1973;471.654968261719;0
529.5919;536.491760253906;0
531.9899;539.500183105469;0
534.3832;600.656372070313;0
536.7758;585.873474121094;0
539.1699;619.345520019531;0
541.5593;595.032775878906;0
543.9481;607.695434570313;0
546.3382;618.677917480469;0
548.7257;655.861999511719;0
551.1146;653.703674316406;0
553.4968;631.848449707031;0
555.8824;687.933410644531;0
558.2675;689.710083007813;0
560.6478;726.576110839844;0
563.0295;693.579650878906;0
565.4106;635.613342285156;0
567.7911;639.858215332031;0
570.169;614.132446289063;0
572.5462;609.086364746094;0
574.9229;597.606140136719;0
577.2968;577.7783203125;0
579.6721;565.650939941406;0
582.0449;532.092407226563;0
584.417;526.814697265625;0
586.7885;507.893646240234;0
589.1553;498.885833740234;0
591.5255;472.976867675781;0
593.8931;473.818786621094;0
596.2601;488.462738037109;0
598.6265;486.688781738281;0
600.9902;521.824890136719;0
603.3554;459.198150634766;0
605.7179;399.132720947266;0
608.0778;417.117004394531;0
610.4391;417.837280273438;0
612.7977;510.853912353516;0
615.1558;529.5283203125;0
617.5132;632.980102539063;0
619.8701;635.4384765625;0
622.2263;657.119506835938;0
624.5779;639.930053710937;0
626.9308;766.319763183594;0
629.2852;759.98291015625;0
631.6349;791.906188964844;0
633.9841;719.978637695312;0
636.3326;799.357421875;0
638.6805;788.695251464844;0
641.0279;785.797790527344;0
643.3746;754.825073242188;0
645.7187;796.584899902344;0
648.0621;822.248962402344;0
650.405;836.836669921875;0
652.7453;829.790222167969;0
655.087;877.331237792969;0
657.426;866.68212890625;0
659.7645;829.399108886719;0
662.1024;746.927001953125;0
664.4376;695.047790527344;0
666.7742;654.653564453125;0
669.1063;642.9609375;0
671.4398;663.5888671875;0
673.7726;667.955871582031;0
676.1048;645.974426269531;0
678.4324;636.906677246094;0
680.7635;639.333801269531;0
683.0919;615.641662597656;0
685.4158;531.373474121094;0
687.743;521.032043457031;0
690.0696;539.031616210938;0
692.3937;578.381408691406;0
694.7151;599.445129394531;0
697.038;619.655029296875;0
699.3583;619.708129882812;0
701.6779;674.368286132812;0
703.995;743.301147460938;0
706.3155;794.768310546875;0
708.6294;733.837707519531;0
710.9467;677.413269042969;0
713.2594;593.053100585937;0
715.5735;560.181274414062;0
717.887;509.464599609375;0
720.1979;583.681945800781;0
722.5083;655.187438964844;0
724.818;689.183654785156;0
727.1252;672.571960449219;0
729.4357;626.220397949219;0
731.7418;618.957458496094;0
734.0452;656.518737792969;0
736.35;653.890747070313;0
738.6522;614.4072265625;0
740.9539;519.847290039063;0
743.2569;447.986938476563;0
745.5554;472.041381835938;0
747.8553;456.832122802734;0
750.1545;472.037078857422;0
752.4513;443.915130615234;0
754.7474;404.523895263672;0
757.043;458.532440185547;0
759.336;472.338104248047;0
761.6304;575.197082519531;0
763.9222;511.208251953125;0
766.2114;485.900634765625;0
768.5041;441.287414550781;0
770.7922;494.578582763672;0
773.0777;476.073516845703;0
775.3647;460.010986328125;0
777.651;445.914489746094;0
779.9368;438.402679443359;0
782.22;446.10888671875;0
784.5026;405.304962158203;0
786.7847;423.159515380859;0
789.0662;416.105621337891;0
791.3451;410.574615478516;0
793.6254;439.603424072266;0
795.9012;483.396026611328;0
798.1784;581.925109863281;0
800.455;614.302307128906;0
802.7291;618.924499511719;0
805.0026;572.967407226563;0
807.2755;660.324523925781;0
809.5478;600.813842773438;0
811.8176;605.102294921875;0
814.0869;564.634033203125;0
816.3535;625.518310546875;0
818.6235;600.977966308594;0
820.8911;508.903106689453;0
823.156;546.353942871094;0
825.4204;560.875;0
827.6823;619.499084472656;0
829.9474;613.39404296875;0
832.2082;699.040466308594;0
834.4683;668.515014648438;0
836.7279;643.673645019531;0
838.9869;561.736389160156;0
841.2453;556.013122558594;0
843.5012;653.861145019531;0
845.7565;689.836120605469;0
848.0133;719.9384765625;0
850.2655;575.05712890625;0
852.5153;576.969787597656;0
854.7703;638.898071289063;0
857.0189;645.827697753906;0
859.2668;591.216369628906;0
861.5182;509.956695556641;0
863.7651;495.608276367188;0
866.0114;457.507080078125;0
868.2592;416.432495117188;0
870.5024;446.828460693359;0
872.7451;450.027801513672;0
874.9872;427.4736328125;0
877.2307;349.166381835938;0
879.4717;370.903381347656;0
881.7101;386.651977539063;0
883.95;466.980499267578;0
886.1854;415.113922119141;0
888.4202;451.605621337891;0
890.6604;394.818298339844;0
892.8941;429.297180175781;0
895.1253;378.124755859375;0
897.3599;435.315612792969;0
899.59;440.869720458984;0
901.8195;472.898193359375;0
904.0504;458.527984619141;0
906.2789;487.191680908203;0
908.5087;501.776947021484;0
910.7341;544.505981445313;0
912.9589;508.158843994141;0
915.1851;449.625946044922;0
917.4088;387.240600585938;0
919.63;346.145935058594;0
921.8526;352.353118896484;0
924.0727;354.762176513672;0
926.2922;424.334869384766;0
928.5112;441.200225830078;0
930.7277;453.052215576172;0
932.9476;395.110260009766;0
935.163;340.754730224609;0
937.3739;305.427520751953;0
939.5901;293.309875488281;0
941.8019;318.65966796875;0
944.0151;239.364028930664;0
946.2258;203.200714111328;0
948.4341;176.391372680664;0
950.6456;186.602142333984;0
952.8527;240.719314575195;0
955.0593;213.072845458984;0
957.2653;231.358795166016;0
959.4689;223.506088256836;0
961.6738;222.076141357422;0
963.8782;210.138046264648;0
966.0782;207.778961181641;0
968.2815;178.221099853516;0
970.4803;128.130477905273;0
972.6787;29.1973075866699;0
974.8784;42.790153503418;0
977.0757;102.733795166016;0
979.2704;153.721267700195;0
981.4667;129.399932861328;0
983.6603;107.439796447754;0
985.8535;162.869979858398;0
988.0461;282.250732421875;0
990.2363;363.895568847656;0
992.4297;453.507873535156;0
994.6169;488.546417236328;0
996.8035;510.418914794922;0
998.9933;526.874389648438;0
1001.179;584.355041503906;0
1003.364;641.638122558594;0
1005.55;631.168029785156;0
1007.732;649.611450195313;0
1009.916;639.8095703125;0
1012.096;653.596374511719;0
1014.275;632.625122070312;0
1016.459;617.004211425781;0
1018.636;572.292297363281;0
1020.813;583.155517578125;0
1022.991;566.594787597656;0
1025.165;586.604736328125;0
1027.34;519.184936523438;0
1029.515;522.667663574219;0
1031.687;471.388275146484;0
1033.859;531.231140136719;0
1036.03;512.973693847656;0
1038.199;506.949066162109;0
1040.369;437.157257080078;0
1042.536;377.037841796875;0
1044.704;424.033477783203;0
1046.87;437.700897216797;0
1049.034;453.262451171875;0
1051.198;388.940765380859;0
1053.363;394.739410400391;0
1055.526;427.105438232422;0
1057.686;429.154052734375;0
1059.845;359.664245605469;0
1062.005;297.191558837891;0
1064.165;266.180145263672;0
1066.323;244.966354370117;0
1068.477;234.106109619141;0
1070.634;188.045593261719;0
1072.788;170.423187255859;0
1074.942;159.461074829102;0
1077.096;219.542266845703;0
1079.247;257.288543701172;0
1081.397;288.726715087891;0
1083.547;232.968460083008;0
1085.695;239.653793334961;0
1087.844;252.615875244141;0
1089.992;284.370391845703;0
1092.138;286.815032958984;0
1094.284;307.948822021484;0
1096.425;334.66064453125;0
1098.571;270.617279052734;0
1100.711;211.152069091797;0
1102.851;198.094573974609;0
1104.994;255.295059204102;0
1107.132;275.94091796875;0
1109.271;305.498229980469;0
1111.408;311.074829101563;0
1113.543;300.974365234375;0
1115.682;309.081024169922;0
1117.816;338.859039306641;0
1119.947;369.827239990234;0
1122.08;320.526123046875;0
1124.213;328.10302734375;0
1126.343;354.475555419922;0
1128.474;392.645935058594;0
1130.602;319.502960205078;0
1132.728;233.379959106445;0
1134.856;157.832382202148;0
1136.982;182.163528442383;0
1139.109;222.45719909668;0
1141.234;266.244445800781;0
1143.356;275.163696289063;0
1145.479;287.768005371094;0
1147.599;328.500762939453;0
1149.719;277.472198486328;0
1151.839;281.237884521484;0
1153.957;250.131271362305;0
1156.076;216.1533203125;0
1158.191;221.079864501953;0
1160.305;216.356185913086;0
1162.423;326.982299804688;0
1164.536;296.069305419922;0
1166.647;293.728302001953;0
1168.761;250.073089599609;0
1170.871;167.103851318359;0
1172.983;165.446685791016;0
1175.092;215.326934814453;0
1177.2;315.984741210938;0
1179.306;324.876251220703;0
1181.413;224.332656860352;0
1183.518;244.349884033203;0
1185.623;197.260025024414;0
1187.725;254.627532958984;0
1189.826;257.577117919922;0
1191.929;317.225646972656;0
1194.032;354.539276123047;0
1196.13;328.073516845703;0
1198.23;305.078948974609;0
1200.327;268.555572509766;0
1202.423;304.309631347656;0
1204.52;365.435913085938;0
1206.613;358.670928955078;0
1208.71;363.013580322266;0
1210.801;350.599639892578;0
1212.892;379.039001464844;0
1214.987;406.259063720703;0
1217.075;427.472595214844;0
1219.166;407.012939453125;0
1221.256;344.991241455078;0
1223.342;338.074005126953;0
1225.43;349.15087890625;0
1227.515;365.224212646484;0
1229.597;343.953308105469;0
1231.685;364.015960693359;0
1233.767;322.079711914063;0
1235.85;287.035736083984;0
1237.931;308.221954345703;0
1240.009;392.530548095703;0
1242.09;338.520690917969;0
1244.168;278.082855224609;0
1246.245;186.773483276367;0
1248.321;239.86279296875;0
1250.397;278.928619384766;0
1252.472;298.456848144531;0
1254.547;353.114837646484;0
1256.618;304.124877929688;0
1258.69;309.041198730469;0
1260.761;225.338394165039;0
1262.83;280.265960693359;0
1264.901;314.070587158203;0
1266.969;317.447204589844;0
1269.035;229.506927490234;0
1271.102;187.249755859375;0
1273.167;185.529724121094;0
1275.233;236.161346435547;0
1277.295;199.47607421875;0
1279.359;245.38444519043;0
1281.42;217.420364379883;0
1283.482;219.472702026367;0
1285.542;198.430374145508;0
1287.6;264.895080566406;0
1289.659;348.890319824219;0
1291.714;372.902008056641;0
1293.774;343.485656738281;0
1295.828;323.347442626953;0
1297.881;357.261810302734;0
1299.936;377.321716308594;0
1301.987;411.847290039063;0
1304.041;436.727478027344;0
1306.09;490.073394775391;0
1308.139;476.662841796875;0
1310.19;435.597991943359;0
1312.238;366.643096923828;0
1314.286;369.013275146484;0
1316.331;343.409088134766;0
1318.376;414.164489746094;0
1320.422;406.613433837891;0
1322.466;433.645599365234;0
1324.508;359.517761230469;0
1326.549;361.846649169922;0
1328.59;335.314788818359;0
1330.632;366.478363037109;0
1332.67;410.338195800781;0
1334.707;451.117004394531;0
1336.746;446.370361328125;0
1338.78;373.209381103516;0
1340.816;360.856262207031;0
1342.852;270.088836669922;0
1344.885;308.7958984375;0
1346.916;331.199066162109;0
1348.948;406.187133789063;0
1350.979;370.536804199219;0
1353.011;276.356506347656;0
1355.04;288.756500244141;0
1357.066;318.290100097656;0
1359.094;385.063751220703;0
1361.121;296.518615722656;0
1363.145;278.762237548828;0
1365.171;175.570770263672;0
1367.192;142.721115112305;0
1369.216;83.8319549560547;0
1371.239;140.600967407227;0
1373.258;226.817611694336;0
1375.28;192.926208496094;0
1377.298;157.037872314453;0
1379.316;123.820373535156;0
1381.335;164.497604370117;0
1383.35;212.959762573242;0
1385.366;236.651290893555;0
1387.38;234.129608154297;0
1389.394;189.950271606445;0
1391.409;179.779937744141;0
1393.42;174.653472900391;0
1395.43;221.200790405273;0
1397.44;263.312652587891;0
1399.451;267.634124755859;0
1401.458;257.964599609375;0
1403.466;187.859619140625;0
1405.472;136.541442871094;0
1407.478;85.5194625854492;0
1409.483;46.992374420166;0
1411.486;119.50537109375;0
1413.49;129.917358398438;0
1415.492;175.523239135742;0
1417.492;168.029769897461;0
1419.495;233.203399658203;0
1421.494;217.166564941406;0
1423.492;160.5859375;0
1425.49;172.556594848633;0
1427.487;235.092193603516;0
1429.482;326.534912109375;0
1431.477;361.216064453125;0
1433.471;339.802337646484;0
1435.466;347.1826171875;0
1437.456;289.800750732422;0
1439.447;335.322784423828;0
1441.441;361.305023193359;0
1443.427;394.109283447266;0
1445.417;395.039764404297;0
1447.406;396.874206542969;0
1449.392;365.500946044922;0
1451.381;320.919097900391;0
1453.365;269.017059326172;0
1455.348;261.572631835938;0
1457.333;260.919128417969;0
1459.314;283.612091064453;0
1461.296;350.207092285156;0
1463.276;413.481903076172;0
1465.256;408.257629394531;0
1467.237;363.345458984375;0
1469.215;338.639007568359;0
1471.19;296.276702880859;0
1473.167;295.702941894531;0
1475.145;340.140014648438;0
1477.118;419.587860107422;0
1479.092;476.824310302734;0
1481.065;421.627075195313;0
1483.038;385.662902832031;0
1485.008;257.079833984375;0
1486.979;231.177093505859;0
1488.949;176.901336669922;0
1490.917;264.643890380859;0
1492.883;262.182678222656;0
1494.852;280.406585693359;0
1496.817;314.203369140625;0
1498.782;314.571380615234;0
1500.748;332.953765869141;0
1502.708;268.683807373047;0
1504.673;291.64794921875;0
1506.634;278.735076904297;0
1508.594;303.279388427734;0
1510.554;313.395385742188;0
1512.512;340.641357421875;0
1514.471;288.129302978516;0
1516.428;307.081420898438;0
1518.384;328.831024169922;0
1520.34;313.4892578125;0
1522.294;333.503204345703;0
1524.249;279.650848388672;0
1526.202;311.821075439453;0
1528.153;260.982757568359;0
1530.103;309.165954589844;0
1532.054;301.964599609375;0
1534.004;287.783081054688;0
1535.951;277.632690429688;0
1537.899;337.613220214844;0
1539.847;336.058044433594;0
1541.793;280.094268798828;0
1543.738;264.486022949219;0
1545.681;339.224456787109;0
1547.625;337.978240966797;0
1549.566;299.747375488281;0
1551.509;246.087448120117;0
1553.45;198.331756591797;0
1555.389;147.813629150391;0
1557.33;111.642631530762;0
1559.266;173.122009277344;0
1561.204;221.392074584961;0
1563.141;196.786148071289;0
1565.074;186.304244995117;0
1567.009;183.39079284668;0
1568.943;177.379150390625;0
1570.877;178.380401611328;0
1572.808;207.950103759766;0
1574.741;250.643829345703;0
1576.67;239.350448608398;0
1578.6;112.514427185059;0
1580.528;38.2035484313965;0
1582.455;15.1598081588745;0
1584.382;114.711837768555;0
1586.307;176.610107421875;0
1588.234;168.521270751953;0
1590.157;91.6675643920898;0
1592.081;67.1606140136719;0
1594.002;40.7784881591797;0
1595.927;37.8545265197754;0
1597.845;-3.50016570091248;0
1599.767;31.5973587036133;0
1601.685;123.912696838379;0
1603.602;150.882766723633;0
1605.523;200.197769165039;0
1607.438;145.302169799805;0
1609.354;176.751480102539;0
1611.269;131.767959594727;0
1613.181;143.240493774414;0
1615.096;166.157760620117;0
1617.008;174.419982910156;0
1618.92;127.694435119629;0
1620.83;126.425590515137;0
1622.74;189.945861816406;0
1624.649;168.474105834961;0
1626.557;122.674240112305;0
1628.464;143.323196411133;0
1630.37;220.309860229492;0
1632.275;229.967559814453;0
1634.18;176.518524169922;0
1636.085;176.737869262695;0
1637.988;192.514297485352;0
1639.888;173.072769165039;0
1641.791;224.635955810547;0
1643.691;242.538818359375;0
1645.588;298.225799560547;0
1647.489;368.696929931641;0
1649.387;421.396667480469;0
1651.284;482.880554199219;0
1653.18;426.704711914063;0
1655.075;456.09375;0
1656.972;354.604675292969;0
1658.864;402.237426757813;0
1660.754;374.214263916016;0
1662.65;457.090728759766;0
1664.539;389.644592285156;0
1666.428;375.764801025391;0
1668.32;411.451263427734;0
1670.207;485.70297241211;0
1672.096;495.075469970703;0
1673.982;416.346496582031;0
1675.867;399.182769775391;0
1677.754;415.362030029297;0
1679.638;470.662078857422;0
1681.52;452.971771240234;0
1683.403;497.735595703125;0
1685.285;398.175750732422;0
1687.166;406.070007324219;0
1689.048;312.640625;0
1690.924;324.887359619141;0
1692.804;236.807525634766;0
1694.682;182.733612060547;0
1696.558;181.110076904297;0
1698.435;279.38134765625;0
1700.308;358.436309814453;0
1702.184;331.830505371094;0
1704.057;288.785675048828;0
1705.929;133.634765625;0
1707.801;175.933319091797;0
1709.674;101.125144958496;0
1711.542;160.401397705078;0
1713.412;85.1417846679688;0
1715.28;108.242713928223;0
1717.145;99.9028778076172;0
1719.015;149.788925170898;0
1720.88;99.7897720336914;0
1722.746;102.349838256836;0
1724.61;38.0246963500977;0
1726.471;82.5638656616211;0
1728.334;55.9955940246582;0
1730.197;133.831192016602;0
1732.057;125.122428894043;0
1733.919;178.611328125;0
1735.777;184.101379394531;0
1737.634;198.37092590332;0
1739.493;179.08708190918;0
1741.349;191.694473266602;0
1743.205;142.415313720703;0
1745.061;145.916275024414;0
1746.915;121.19734954834;0
1748.77;162.480773925781;0
1750.621;164.43049621582;0
1752.473;176.936065673828;0
1754.323;230.218109130859;0
1756.173;220.943298339844;0
1758.022;211.33381652832;0
1759.87;138.389663696289;0
1761.718;112.555267333984;0
1763.566;93.1634216308594;0
1765.411;110.656173706055;0
1767.256;113.254325866699;0
1769.101;133.068984985352;0
1770.945;176.8779296875;0
1772.787;199.014907836914;0
1774.629;172.261260986328;0
1776.469;135.061416625977;0
1778.309;199.526504516602;0
1780.15;225.324249267578;0
1781.987;241.454681396484;0
1783.826;188.917770385742;0
1785.662;158.935760498047;0
1787.498;137.286422729492;0
1789.334;129.969741821289;0
1791.169;190.541305541992;0
1793.002;161.445526123047;0
1794.834;274.237976074219;0
1796.667;278.251983642578;0
1798.498;354.043121337891;0
1800.328;254.167098999023;0
1802.157;277.293334960938;0
1803.986;189.200424194336;0
1805.813;228.888366699219;0
1807.639;144.357177734375;0
1809.467;193.171829223633;0
1811.292;142.502746582031;0
1813.117;135.058959960938;0
1814.94;129.729461669922;0
1816.763;182.847579956055;0
1818.585;247.970794677734;0
1820.407;217.546966552734;0
1822.227;184.798385620117;0
1824.048;134.613983154297;0
1825.865;207.660400390625;0
1827.683;171.382095336914;0
1829.501;218.556823730469;0
1831.317;165.517944335938;0
1833.135;213.374694824219;0
1834.948;160.277740478516;0
1836.761;124.298645019531;0
1838.577;59.5927734375;0
1840.388;-14.5583362579346;0
1842.198;8.21443843841553;0
1844.009;31.1075782775879;0
1845.819;101.898307800293;0
1847.629;95.2528533935547;0
1849.436;128.837692260742;0
1851.244;189.763946533203;0
1853.052;209.920486450195;0
1854.858;218.973999023438;0
1856.661;153.146697998047;0
1858.466;198.32746887207;0
1860.269;174.959594726563;0
1862.073;203.487533569336;0
1863.875;198.133499145508;0
1865.673;207.786361694336;0
1867.476;264.001708984375;0
1869.275;279.557312011719;0
1871.072;337.230926513672;0
1872.872;278.022552490234;0
1874.667;244.710006713867;0
1876.464;193.848815917969;0
1878.26;178.216751098633;0
1880.053;187.924545288086;0
1881.849;210.967849731445;0
1883.64;208.235961914063;0
1885.431;254.951126098633;0
1887.226;248.447494506836;0
1889.014;272.725494384766;0
1890.803;177.563339233398;0
1892.594;139.961410522461;0
1894.38;140.364608764648;0
1896.167;111.440002441406;0
1897.955;136.076477050781;0
1899.74;137.052291870117;0
1901.526;144.368225097656;0
1903.309;161.246932983398;0
1905.091;184.799942016602;0
1906.876;168.805435180664;0
1908.658;127.374946594238;0
1910.438;35.2866897583008;0
1912.217;46.8744049072266;0
1913.996;-0.52815169095993;0
1915.775;-7.92997646331787;0
1917.553;7.36666965484619;0
1919.33;16.1186485290527;0
1921.106;38.2148475646973;0
1922.881;52.4330444335938;0
1924.655;115.883056640625;0
1926.431;154.561462402344;0
1928.202;154.468597412109;0
1929.974;143.715530395508;0
1931.746;168.859115600586;0
1933.516;94.1218872070313;0
1935.286;53.7265853881836;0
1937.055;26.0072574615479;0
1938.823;96.6330718994141;0
1940.592;56.049388885498;0
1942.356;28.5887660980225;0
1944.122;5.69501924514771;0
1945.888;89.0033645629883;0
1947.651;146.117385864258;0
1949.416;200.007873535156;0
1951.178;262.507232666016;0
1952.939;272.126770019531;0
1954.699;325.422027587891;0
1956.459;315.393035888672;0
1958.219;306.039733886719;0
1959.979;261.251068115234;0
1961.735;226.741973876953;0
1963.491;235.35368347168;0
1965.249;212.530639648438;0
1967.003;228.161727905273;0
1968.761;199.469192504883;0
1970.512;278.344848632813;0
1972.265;284.791290283203;0
1974.018;316.031280517578;0
1975.769;259.398559570313;0
1977.522;223.448715209961;0
1979.271;288.848388671875;0
1981.018;295.690795898438;0
1982.766;326.047546386719;0
1984.516;260.1982421875;0
1986.261;220.921447753906;0
1988.009;229.994537353516;0
1989.754;207.973052978516;0
1991.498;216.745056152344;0
1993.241;233.643463134766;0
1994.984;286.667816162109;0
1996.727;303.26220703125;0
1998.468;298.31689453125;0
2000.206;287.164794921875;0
2001.946;342.917572021484;0
2003.686;309.132507324219;0
2005.424;236.475982666016;0
2007.161;144.614410400391;0
2008.898;134.658477783203;0
2010.634;187.607772827148;0
2012.369;200.350738525391;0
2014.103;193.888641357422;0
2015.836;181.000518798828;0
2017.57;209.131103515625;0
2019.299;149.390808105469;0
2021.032;171.467590332031;0
2022.762;179.562576293945;0
2024.491;289.787872314453;0
2026.221;256.587921142578;0
2027.947;268.740478515625;0
2029.676;283.356658935547;0
2031.403;342.880493164063;0
2033.128;330.758575439453;0
2034.852;290.767364501953;0
2036.577;233.128784179688;0
2038.299;281.620086669922;0
2040.022;328.796203613281;0
2041.744;371.545562744141;0
2043.465;294.311645507813;0
2045.184;212.761932373047;0
2046.903;174.453689575195;0
2048.621;162.309707641602;0
2050.339;153.50456237793;0
2052.057;151.290130615234;0
2053.774;238.167755126953;0
2055.488;272.737243652344;0
2057.203;252.443023681641;0
2058.917;175.063049316406;0
2060.631;172.708419799805;0
2062.344;137.712844848633;0
2064.053;184.361389160156;0
2065.765;229.702407836914;0
2067.476;313.4033203125;0
2069.185;306.575958251953;0
2070.892;259.442504882813;0
2072.6;278.224182128906;0
2074.308;249.807723999023;0
2076.014;242.304077148438;0
2077.72;218.046600341797;0
2079.425;177.257507324219;0
2081.13;159.714584350586;0
2082.833;64.6579284667969;0
2084.532;117.169929504395;0
2086.236;177.582778930664;0
2087.936;214.910980224609;0
2089.635;190.572311401367;0
2091.335;133.024566650391;0
2093.034;184.489974975586;0
2094.731;185.19075012207;0
2096.427;218.904678344727;0
2098.124;199.187301635742;0
2099.82;218.383499145508;0
2101.515;236.490417480469;0
2103.207;286.695343017578;0
2104.902;366.464385986328;0
2106.594;441.24349975586;0
2108.286;486.476989746094;0
2109.976;532.945983886719;0
2111.667;528.650573730469;0
2113.355;574.813598632813;0
2115.044;539.766845703125;0
2116.732;499.953063964844;0
2118.42;455.162628173828;0
2120.105;507.234954833984;0
2121.79;535.330444335938;0
2123.476;572.44873046875;0
2125.16;583.699951171875;0
2126.844;570.750793457031;0
2128.524;542.80712890625;0
2130.207;531.774963378906;0
2131.888;586.728881835938;0
2133.567;607.333374023437;0
2135.247;543.637451171875;0
2136.927;471.684448242188;0
2138.603;469.421630859375;0
2140.281;452.393188476563;0
2141.957;592.832702636719;0
2143.633;550.933776855469;0
2145.308;588.060729980469;0
2146.981;487.992431640625;0
2148.654;578.836975097656;0
2150.328;556.149108886719;0
2152;555.483764648438;0
2153.669;491.951599121094;0
2155.34;534.219299316406;0
2157.01;540.731323242188;0
2158.677;541.487548828125;0
2160.347;526.771545410156;0
2162.013;492.718139648438;0
2163.681;485.796600341797;0
2165.347;473.672821044922;0
2167.011;413.679443359375;0
2168.674;421.170715332031;0
2170.337;382.390502929688;0
2172.002;427.977996826172;0
2173.662;417.791625976563;0
2175.324;403.288757324219;0
2176.985;405.802917480469;0
2178.645;334.000854492188;0
2180.304;314.215454101563;0
2181.961;293.887573242188;0
2183.618;344.423583984375;0
2185.275;416.323577880859;0
2186.932;351.574279785156;0
2188.586;290.313537597656;0
2190.242;239.862411499023;0
2191.896;262.667816162109;0
2193.547;322.285308837891;0
2195.2;342.698303222656;0
2196.851;412.817901611328;0
2198.502;382.069549560547;0
2200.153;353.540344238281;0
2201.799;334.851806640625;0
2203.447;290.345489501953;0
2205.097;266.317932128906;0
2206.742;187.435806274414;0
2208.391;129.029022216797;0
2210.035;146.042037963867;0
2211.679;286.366760253906;0
2213.324;344.784576416016;0
2214.966;390.233978271484;0
2216.608;349.065093994141;0
2218.252;386.269287109375;0
2219.89;399.384643554688;0
2221.531;379.518615722656;0
2223.172;410.450805664063;0
2224.809;387.292358398438;0
2226.449;399.726196289063;0
2228.086;372.66845703125;0
2229.72;374.111389160156;0
2231.358;369.722900390625;0
2232.992;360.121917724609;0
2234.625;371.403350830078;0
2236.26;354.956634521484;0
2237.893;374.431457519531;0
2239.524;325.373382568359;0
2241.156;318.962738037109;0
2242.785;333.022308349609;0
2244.416;343.975555419922;0
2246.044;419.823089599609;0
2247.672;395.789489746094;0
2249.301;463.33349609375;0
2250.926;508.4560546875;0
2252.554;557.635314941406;0
2254.177;518.726440429688;0
2255.803;408.041137695313;0
2257.427;408.429962158203;0
2259.051;429.259063720703;0
2260.671;472.955596923828;0
2262.294;462.843383789063;0
2263.914;371.092346191406;0
2265.533;311.348175048828;0
2267.153;247.020477294922;0
2268.773;282.912780761719;0
2270.392;336.388458251953;0
2272.006;345.225250244141;0
2273.624;406.867004394531;0
2275.239;381.869232177734;0
2276.854;449.45458984375;0
2278.468;449.5068359375;0
2280.084;447.853210449219;0
2281.695;439.35205078125;0
2283.305;419.767272949219;0
2284.919;469.209533691406;0
2286.527;441.455078125;0
2288.14;455.945465087891;0
2289.748;397.902526855469;0
2291.354;408.231292724609;0
2292.964;406.131744384766;0
2294.569;354.831481933594;0
2296.174;351.800964355469;0
2297.782;358.476287841797;0
2299.386;381.801239013672;0
2300.99;415.045806884766;0
2302.594;393.974029541016;0
2304.195;358.317077636719;0
2305.798;323.398468017578;0
2307.399;300.880767822266;0
2308.998;361.537933349609;0
2310.598;305.766326904297;0
2312.197;306.648956298828;0
2313.795;271.910888671875;0
2315.392;355.409332275391;0
2316.988;371.925811767578;0
2318.585;373.164642333984;0
2320.18;339.681945800781;0
2321.774;284.795989990234;0
2323.368;351.880157470703;0
2324.961;341.867431640625;0
2326.553;334.3115234375;0
2328.145;324.772888183594;0
2329.735;332.217803955078;0
2331.324;399.253540039063;0
2332.916;365.760803222656;0
2334.503;334.533264160156;0
2336.092;272.360931396484;0
2337.677;237.080642700195;0
2339.263;268.488952636719;0
2340.85;258.030303955078;0
2342.434;326.147186279297;0
2344.018;319.825531005859;0
2345.602;303.508819580078;0
2347.185;319.386779785156;0
2348.768;313.604736328125;0
2350.347;357.072967529297;0
2351.928;314.400756835938;0
2353.51;303.899627685547;0
2355.087;294.451690673828;0
2356.665;307.955444335938;0
2358.243;246.015670776367;0
2359.819;229.518112182617;0
2361.396;178.381164550781;0
2362.972;232.698455810547;0
2364.547;288.288238525391;0
2366.121;316.985595703125;0
2367.694;356.123840332031;0
2369.267;303.148040771484;0
2370.839;265.829620361328;0
2372.411;211.377655029297;0
2373.982;254.183349609375;0
2375.55;293.308441162109;0
2377.118;320.807922363281;0
2378.687;307.653930664063;0
2380.254;362.722137451172;0
2381.821;376.902557373047;0
2383.387;417.193817138672;0
2384.954;421.485168457031;0
2386.516;396.991790771484;0
2388.082;384.595916748047;0
2389.644;311.684967041016;0
2391.209;346.750457763672;0
2392.769;234.041046142578;0
2394.33;254.988296508789;0
2395.892;241.16162109375;0
2397.449;339.272674560547;0
2399.008;357.355255126953;0
2400.568;389.256408691406;0
2402.125;433.385894775391;0
2403.68;465.9638671875;0
2405.238;440.876831054688;0
2406.792;396.900268554688;0
2408.349;357.355377197266;0
2409.902;320.258178710938;0
2411.455;326.569549560547;0
2413.007;308.400451660156;0
2414.558;396.541656494141;0
2416.11;356.642242431641;0
2417.66;361.914398193359;0
2419.21;299.923645019531;0
2420.758;331.967498779297;0
2422.307;316.326049804688;0
2423.855;313.126800537109;0
2425.402;294.471252441406;0
2426.947;295.564636230469;0
2428.492;323.574584960938;0
2430.038;335.921508789063;0
2431.58;357.958557128906;0
2433.124;355.046356201172;0
2434.667;359.033294677734;0
2436.208;388.690582275391;0
2437.75;465.906921386719;0
2439.291;470.90478515625;0
2440.83;478.568359375;0
2442.369;406.993988037109;0
2443.906;457.234039306641;0
2445.444;490.8798828125;0
2446.981;508.200347900391;0
2448.517;493.952575683594;0
2450.053;489.248718261719;0
2451.587;457.018218994141;0
2453.12;483.330322265625;0
2454.655;465.313446044922;0
2456.187;565.482666015625;0
2457.718;535.100646972656;0
2459.25;551.834106445313;0
2460.781;387.478790283203;0
2462.31;377.761779785156;0
2463.84;354.729156494141;0
2465.368;404.393341064453;0
2466.896;347.945220947266;0
2468.423;292.676849365234;0
2469.949;330.83935546875;0
2471.474;375.225616455078;0
2472.998;383.168701171875;0
2474.522;338.227081298828;0
2476.045;311.103485107422;0
2477.568;310.435729980469;0
2479.09;316.564117431641;0
2480.612;389.544464111328;0
2482.132;398.528778076172;0
2483.653;446.844543457031;0
2485.171;408.714019775391;0
2486.689;426.581176757813;0
2488.208;360.225524902344;0
2489.725;353.8583984375;0
2491.242;398.134124755859;0
2492.757;437.384094238281;0
2494.271;412.409332275391;0
2495.785;387.277984619141;0
2497.3;348.368927001953;0
2498.812;401.026885986328;0
2500.325;395.346343994141;0
2501.837;459.439422607422;0
2503.345;419.416687011719;0
2504.856;370.836547851563;0
2506.366;348.965698242188;0
2507.875;351.968902587891;0
2509.382;332.235992431641;0
2510.889;320.023559570313;0
2512.397;286.315216064453;0
2513.901;299.230804443359;0
2515.406;323.689270019531;0
2516.911;349.36328125;0
2518.415;357.923522949219;0
2519.918;286.260192871094;0
2521.421;278.131256103516;0
2522.922;261.509460449219;0
2524.423;332.879669189453;0
2525.924;320.640258789063;0
2527.422;296.407165527344;0
2528.923;264.282531738281;0
2530.419;263.603881835938;0
2531.916;286.425476074219;0
2533.415;262.988128662109;0
2534.909;213.257904052734;0
2536.404;220.857147216797;0
2537.899;190.584671020508;0
2539.394;236.997955322266;0
2540.887;273.946838378906;0
2542.38;322.345733642578;0
2543.871;320.305114746094;0
2545.363;335.380554199219;0
2546.852;301.716125488281;0
2548.345;255.667022705078;0
2549.833;159.665740966797;0
2551.321;182.594635009766;0
2552.811;266.428192138672;0
2554.296;357.378112792969;0
2555.78;425.109619140625;0
2557.267;412.943084716797;0
2558.752;409.732788085938;0
2560.237;328.301177978516;0
2561.721;301.649169921875;0
2563.203;296.665008544922;0
2564.687;325.311279296875;0
2566.168;406.759704589844;0
2567.648;382.036499023438;0
2569.129;380.657501220703;0
2570.607;359.059417724609;0
2572.086;382.175476074219;0
2573.565;452.187805175781;0
2575.041;440.599914550781;0
2576.518;392.335144042969;0
2577.994;364.127716064453;0
2579.469;300.580657958984;0
2580.945;331.953369140625;0
2582.418;303.252868652344;0
2583.892;401.241760253906;0
2585.365;390.014404296875;0
2586.835;351.336883544922;0
2588.307;368.876922607422;0
2589.778;418.757995605469;0
2591.248;449.425018310547;0
2592.717;437.320526123047;0
2594.186;398.666137695313;0
2595.652;431.203735351563;0
2597.121;358.432922363281;0
2598.585;340.219573974609;0
2600.052;338.638763427734;0
2601.518;339.102996826172;0
2602.982;338.818542480469;0
2604.446;354.417053222656;0
2605.907;379.563568115234;0
2607.371;416.921813964844;0
2608.83;410.393768310547;0
2610.293;411.311859130859;0
2611.752;382.231567382813;0
2613.213;381.089599609375;0
2614.672;420.387878417969;0
2616.13;428.910705566406;0
2617.587;388.435882568359;0
2619.043;378.813507080078;0
2620.501;410.977294921875;0
2621.957;463.363006591797;0
2623.409;457.856292724609;0
2624.864;523.011962890625;0
2626.318;588.829833984375;0
2627.771;601.061401367188;0
2629.222;596.622985839844;0
2630.673;510.292907714844;0
2632.124;475.515625;0
2633.575;403.303375244141;0
2635.023;368.708984375;0
2636.473;382.047943115234;0
2637.922;407.074523925781;0
2639.368;448.25048828125;0
2640.816;439.009887695313;0
2642.261;416.811096191406;0
2643.705;408.278533935547;0
2645.151;437.018768310547;0
2646.596;467.122680664063;0
2648.037;472.002166748047;0
2649.48;477.353485107422;0
2650.923;442.814514160156;0
2652.364;436.249450683594;0
2653.804;382.076507568359;0
2655.243;421.893005371094;0
2656.683;400.928833007813;0
2658.121;412.925598144531;0
2659.559;312.918640136719;0
2660.997;286.637329101563;0
2662.433;296.371765136719;0
2663.868;357.763641357422;0
2665.305;382.595153808594;0
2666.737;311.644073486328;0
2668.173;273.102233886719;0
2669.606;203.694946289063;0
2671.038;241.507339477539;0
2672.47;218.812698364258;0
2673.901;270.806610107422;0
2675.331;287.071350097656;0
2676.761;334.943969726563;0
2678.189;336.815521240234;0
2679.619;291.797454833984;0
2681.045;260.661437988281;0
2682.473;288.002319335938;0
2683.9;289.207366943359;0
2685.324;247.190689086914;0
2686.749;193.774383544922;0
2688.176;203.275421142578;0
2689.599;223.53955078125;0
2691.021;228.481597900391;0
2692.444;285.436462402344;0
2693.865;300.057708740234;0
2695.287;284.346313476563;0
2696.707;241.634429931641;0
2698.125;305.148712158203;0
2699.545;340.660278320313;0
2700.963;334.059051513672;0
2702.381;286.010559082031;0
2703.798;255.973037719727;0
2705.214;302.484558105469;0
2706.629;343.073455810547;0
2708.046;354.881988525391;0
2709.458;330.578796386719;0
2710.872;300.610046386719;0
2712.285;369.447540283203;0
2713.699;372.841735839844;0
2715.111;336.348205566406;0
2716.52;326.010559082031;0
2717.93;310.079010009766;0
2719.342;360.665679931641;0
2720.749;329.695526123047;0
2722.159;323.703979492188;0
2723.565;305.419311523438;0
2724.971;298.436614990234;0
2726.38;271.742309570313;0
2727.785;269.568634033203;0
2729.19;251.620727539063;0
2730.594;265.180786132813;0
2731.997;271.628356933594;0
2733.401;295.982421875;0
2734.803;349.224243164063;0
2736.204;367.732604980469;0
2737.606;357.188079833984;0
2739.005;379.960601806641;0
2740.405;330.827789306641;0
2741.806;368.896118164063;0
2743.202;354.721923828125;0
2744.602;416.183319091797;0
2745.998;443.512390136719;0
2747.395;433.487854003906;0
2748.79;443.780120849609;0
2750.185;450.946014404297;0
2751.58;476.988250732422;0
2752.975;448.684631347656;0
2754.366;414.0341796875;0
2755.759;399.552673339844;0
2757.151;393.266296386719;0
2758.542;399.481231689453;0
2759.933;449.833312988281;0
2761.322;486.834991455078;0
2762.71;441.93017578125;0
2764.1;419.116516113281;0
2765.486;382.457824707031;0
2766.875;423.475860595703;0
2768.26;396.700988769531;0
2769.646;404.039886474609;0
2771.031;380.540649414063;0
2772.418;419.718811035156;0
2773.799;436.325408935547;0
2775.184;479.818786621094;0
2776.565;445.865600585938;0
2777.946;472.932006835938;0
2779.328;462.255462646484;0
2780.708;491.788391113281;0
2782.09;516.753845214844;0
2783.469;497.597106933594;0
2784.847;455.319702148438;0
2786.226;380.350494384766;0
2787.603;383.274383544922;0
2788.978;434.344604492188;0
2790.355;486.975372314453;0
2791.731;498.054504394531;0
2793.104;484.246551513672;0
2794.479;482.662658691406;0
2795.853;485.525054931641;0
2797.225;411.722625732422;0
2798.596;396.402221679688;0
2799.967;397.966278076172;0
2801.341;421.894805908203;0
2802.71;342.385437011719;0
2804.077;344.100402832031;0
2805.447;360.407318115234;0
2806.815;408.931701660156;0
2808.183;304.616088867188;0
2809.551;244.645294189453;0
2810.915;254.554016113281;0
2812.282;292.589813232422;0
2813.646;277.292999267578;0
2815.011;293.614654541016;0
2816.375;280.047973632813;0
2817.736;269.992034912109;0
2819.099;202.988510131836;0
2820.462;165.111862182617;0
2821.821;204.139526367188;0
2823.182;208.398193359375;0
2824.542;224.120559692383;0
2825.901;200.824920654297;0
2827.261;167.227752685547;0
2828.617;186.193176269531;0
2829.974;174.174942016602;0
2831.33;209.431228637695;0
2832.686;222.494033813477;0
2834.043;201.974258422852;0
2835.395;219.831176757813;0
2836.75;214.254425048828;0
2838.104;268.771545410156;0
2839.456;222.840698242188;0
2840.807;252.19482421875;0
2842.16;197.519973754883;0
2843.509;205.605728149414;0
2844.858;153.814758300781;0
2846.209;194.921127319336;0
2847.556;216.479919433594;0
2848.906;236.04753112793;0
2850.253;221.513168334961;0
2851.6;177.542633056641;0
2852.946;222.02522277832;0
2854.29;258.516906738281;0
2855.635;322.670684814453;0
2856.98;263.264862060547;0
2858.323;226.944915771484;0
2859.665;148.36344909668;0
2861.008;151.012985229492;0
2862.349;181.448287963867;0
2863.691;201.668518066406;0
2865.031;224.893508911133;0
2866.37;234.232818603516;0
2867.709;267.259765625;0
2869.048;291.739349365234;0
2870.385;302.268096923828;0
2871.722;372.896759033203;0
2873.059;393.292755126953;0
2874.394;332.678649902344;0
2875.73;311.721466064453;0
2877.064;291.086120605469;0
2878.398;358.385650634766;0
2879.731;346.335540771484;0
2881.063;372.420989990234;0
2882.395;375.027130126953;0
2883.727;363.508483886719;0
2885.059;288.086853027344;0
2886.387;292.66064453125;0
2887.717;267.396545410156;0
2889.046;318.875793457031;0
2890.374;321.205871582031;0
2891.699;342.584869384766;0
2893.028;344.154724121094;0
2894.354;365.710571289063;0
2895.679;406.55810546875;0
2897.004;449.946441650391;0
2898.328;380.431121826172;0
2899.653;379.919769287109;0
2900.976;318.425048828125;0
2902.297;348.034484863281;0
2903.619;291.210388183594;0
2904.941;300.030853271484;0
2906.26;298.733093261719;0
2907.58;311.410247802734;0
2908.898;317.160217285156;0
2910.217;314.235504150391;0
2911.536;304.613220214844;0
2912.852;260.126495361328;0
2914.171;278.705413818359;0
2915.485;272.715942382813;0
2916.799;334.075653076172;0
2918.116;290.312561035156;0
2919.428;266.831481933594;0
2920.743;228.697280883789;0
2922.056;259.917694091797;0
2923.367;281.777374267578;0
2924.679;298.723876953125;0
2925.99;296.991271972656;0
2927.299;317.246612548828;0
2928.609;346.378875732422;0
2929.918;361.501556396484;0
2931.226;409.408843994141;0
2932.535;421.419250488281;0
2933.841;408.444915771484;0
2935.149;417.799377441406;0
2936.455;439.017486572266;0
2937.758;511.303527832031;0
2939.064;550.330871582031;0
2940.368;510.892578125;0
2941.67;507.223785400391;0
2942.973;478.291259765625;0
2944.277;489.479766845703;0
2945.577;411.631317138672;0
2946.878;377.746124267578;0
2948.178;412.129089355469;0
2949.477;457.284545898438;0
2950.776;503.323272705078;0
2952.073;475.911590576172;0
2953.372;463.93798828125;0
2954.669;447.774383544922;0
2955.965;447.596832275391;0
2957.261;429.525726318359;0
2958.556;404.788604736328;0
2959.849;425.274932861328;0
2961.145;464.097045898438;0
2962.436;487.693084716797;0
2963.732;480.063415527344;0
2965.022;460.320465087891;0
2966.313;423.077514648438;0
2967.603;414.525817871094;0
2968.893;415.245056152344;0
2970.182;439.871124267578;0
2971.471;402.608978271484;0
2972.759;435.819549560547;0
2974.047;433.587005615234;0
2975.334;434.689239501953;0
2976.62;442.440795898437;0
2977.907;427.494293212891;0
2979.192;409.435852050781;0
2980.475;386.351165771484;0
2981.76;368.310821533203;0
2983.043;315.581878662109;0
2984.326;223.316970825195;0
2985.607;175.741500854492;0
2986.888;238.343338012695;0
2988.17;271.167144775391;0
2989.449;276.211090087891;0
2990.728;311.808410644531;0
2992.007;303.736968994141;0
2993.284;330.996032714844;0
2994.562;280.421142578125;0
2995.84;259.731475830078;0
2997.115;215.658096313477;0
2998.393;170.129272460938;0
2999.666;168.602325439453;0
3000.94;184.083526611328;0
3002.215;245.670684814453;0
3003.486;214.030822753906;0
3004.76;221.830703735351;0
3006.033;197.291488647461;0
3007.303;226.679214477539;0
3008.573;211.170333862305;0
3009.844;192.866561889648;0
3011.114;163.6630859375;0
3012.383;149.469635009766;0
3013.649;126.415191650391;0
3014.917;123.604179382324;0
3016.185;146.132461547852;0
3017.451;136.288330078125;0
3018.716;129.001846313477;0
3019.983;53.1146011352539;0
3021.246;82.2275009155273;0
3022.509;140.541702270508;0
3023.774;194.043853759766;0
3025.035;187.622833251953;0
3026.299;167.389770507813;0
3027.56;162.566848754883;0
3028.819;124.26522064209;0
3030.081;129.781295776367;0
3031.339;124.912788391113;0
3032.598;127.680595397949;0
3033.856;84.9264450073242;0
3035.114;65.4867935180664;0
3036.372;110.784545898438;0
3037.628;129.827392578125;0
3038.883;213.170761108398;0
3040.138;192.926559448242;0
3041.394;204.757629394531;0
3042.646;183.107635498047;0
3043.9;269.865081787109;0
3045.152;282.029968261719;0
3046.405;242.37873840332;0
3047.657;184.579010009766;0
3048.906;165.743011474609;0
3050.158;220.759521484375;0
3051.407;213.961761474609;0
3052.656;218.352325439453;0
3053.904;218.818634033203;0
3055.153;219.804962158203;0
3056.398;269.532531738281;0
3057.647;281.666168212891;0
3058.892;312.313201904297;0
3060.137;326.028656005859;0
3061.382;293.560180664063;0
3062.625;271.746063232422;0
3063.869;265.80908203125;0
3065.112;270.359649658203;0
3066.353;294.204162597656;0
3067.595;227.564910888672;0
3068.838;263.162353515625;0
3070.075;238.611145019531;0
3071.317;266.081207275391;0
3072.557;217.623962402344;0
3073.795;245.246994018555;0
3075.032;269.054260253906;0
3076.27;311.156799316406;0
3077.507;310.367614746094;0
3078.742;303.039794921875;0
3079.978;263.918548583984;0
3081.212;260.282623291016;0
3082.446;254.8798828125;0
3083.681;285.493865966797;0
3084.913;319.191955566406;0
3086.147;314.295104980469;0
3087.38;304.607604980469;0
3088.61;253.240112304688;0
3089.84;235.748184204101;0
3091.071;238.608047485351;0
3092.3;257.479888916016;0
3093.529;286.917144775391;0
3094.755;273.143951416016;0
3095.984;256.386138916016;0
3097.211;247.866287231445;0
3098.438;236.695816040039;0
3099.663;218.430648803711;0
3100.888;218.182235717773;0
3102.112;220.009719848633;0
3103.335;236.811447143555;0
3104.56;233.739959716797;0
3105.782;260.351593017578;0
3107.005;240.483383178711;0
3108.226;234.89013671875;0
3109.447;205.867919921875;0
3110.667;242.798187255859;0
3111.887;255.554168701172;0
3113.104;290.991088867187;0
3114.324;267.112152099609;0
3115.541;266.029205322266;0
3116.758;241.187744140625;0
3117.976;253.921142578125;0
3119.192;239.231353759766;0
3120.408;207.895202636719;0
3121.622;187.133834838867;0
3122.835;233.502868652344;0
3124.05;242.206787109375;0
3125.262;275.536834716797;0
3126.476;279.554473876953;0
3127.687;277.927947998047;0
3128.897;258.659606933594;0
3130.108;222.862777709961;0
3131.319;255.960601806641;0
3132.528;284.185028076172;0
3133.737;270.582977294922;0
3134.945;290.093872070313;0
3136.152;211.60807800293;0
3137.358;216.737426757813;0
3138.565;217.564712524414;0
3139.772;232.866149902344;0
3140.976;259.086791992187;0
3142.18;186.451034545898;0
3143.385;176.851425170898;0
3144.588;164.287857055664;0
3145.79;214.093612670898;0
3146.993;261.451019287109;0
3148.194;229.066314697266;0
3149.395;207.126220703125;0
3150.596;188.722091674805;0
3151.794;211.018997192383;0
3152.994;200.433609008789;0
3154.193;163.318588256836;0
3155.39;132.75862121582;0
3156.587;103.220962524414;0
3157.784;131.939605712891;0
3158.982;144.776931762695;0
3160.177;176.195724487305;0
3161.37;164.996017456055;0
3162.565;160.443298339844;0
3163.759;156.342864990234;0
3164.952;190.806259155273;0
3166.146;198.721633911133;0
3167.337;218.754302978516;0
3168.527;220.904449462891;0
3169.719;232.505401611328;0
3170.91;218.000915527344;0
3172.098;186.056945800781;0
3173.288;171.836212158203;0
3174.475;192.477798461914;0
3175.663;192.422485351563;0
3176.849;185.999649047852;0
3178.037;188.718490600586;0
3179.223;170.149337768555;0
3180.408;171.838180541992;0
3181.592;122.815727233887;0
3182.777;155.541137695313;0
3183.96;170.492401123047;0
3185.143;204.778915405273;0
3186.325;194.511856079102;0
3187.507;182.134948730469;0
3188.688;173.089462280273;0
3189.869;209.079238891602;0
3191.049;237.181762695313;0
3192.228;225.729995727539;0
3193.406;183.89404296875;0
3194.585;172.409881591797;0
3195.763;188.096267700195;0
3196.939;200.004013061523;0
3198.116;203.022369384766;0
3199.292;189.705307006836;0
3200.466;174.246475219727;0
3201.643;157.556396484375;0
3202.816;199.847671508789;0
3203.991;216.770095825195;0
3205.161;228.879196166992;0
3206.334;249.094451904297;0
3207.504;279.526885986328;0
3208.677;304.733520507812;0
3209.846;292.898529052734;0
3211.017;279.646209716797;0
3212.187;281.957641601563;0
3213.356;241.147857666016;0
3214.524;250.188125610352;0
3215.69;242.109390258789;0
3216.859;279.856567382813;0
3218.024;291.816284179688;0
3219.189;278.877990722656;0
3220.354;259.151885986328;0
3221.519;267.28369140625;0
3222.682;270.428161621094;0
3223.845;261.788848876953;0
3225.01;270.295135498047;0
3226.171;297.899810791016;0
3227.332;321.937103271484;0
3228.494;293.186004638672;0
3229.655;244.295257568359;0
3230.814;216.020401000977;0
3231.973;230.207382202148;0
3233.13;260.686126708984;0
3234.29;300.826110839844;0
3235.447;299.260406494141;0
3236.605;304.655212402344;0
3237.76;290.565612792969;0
3238.916;279.435729980469;0
3240.071;282.964050292969;0
3241.224;305.263519287109;0
3242.381;293.445983886719;0
3243.532;292.919372558594;0
3244.685;292.927825927734;0
3245.839;291.415954589844;0
3246.99;251.760116577148;0
3248.141;243.356628417969;0
3249.292;289.140686035156;0
3250.439;372.807403564453;0
3251.589;375.343017578125;0
3252.739;360.539764404297;0
3253.886;327.446533203125;0
3255.034;307.348236083984;0
3256.18;276.506744384766;0
3257.326;254.774536132813;0
3258.472;274.113800048828;0
3259.617;274.003875732422;0
3260.761;233.112503051758;0
3261.905;264.622314453125;0
3263.048;260.045196533203;0
3264.19;320.883422851563;0
3265.333;273.116149902344;0
3266.475;287.450408935547;0
3267.617;260.203369140625;0
3268.757;238.314865112305;0
3269.896;216.278945922852;0
3271.036;228.826522827148;0
3272.175;241.735092163086;0
3273.313;301.338012695312;0
3274.449;292.049102783203;0
3275.586;297.339324951172;0
3276.722;268.097930908203;0
3277.859;260.320343017578;0
3278.993;254.82356262207;0
3280.13;245.422332763672;0
3281.263;250.577102661133;0
3282.395;266.317962646484;0
3283.529;253.50260925293;0
3284.66;279.336730957031;0
3285.794;274.61767578125;0
3286.924;332.678833007813;0
3288.054;317.853881835938;0
3289.185;295.142395019531;0
3290.313;223.633758544922;0
3291.443;224.306121826172;0
3292.571;259.014404296875;0
3293.698;289.728607177734;0
3294.824;284.447875976563;0
3295.952;279.282043457031;0
3297.077;306.784851074219;0
3298.203;312.288940429688;0
3299.328;280.684295654297;0
3300.45;209.447372436523;0
3301.574;201.42724609375;0
3302.698;192.534683227539;0
3303.819;218.39192199707;0
3304.942;207.504577636719;0
3306.064;240.428237915039;0
3307.182;282.131591796875;0
3308.303;268.614562988281;0
3309.423;291.211547851563;0
3310.542;249.699447631836;0
3311.66;257.575653076172;0
3312.778;202.455429077148;0
3313.895;284.504638671875;0
3315.012;286.113647460938;0
3316.128;313.730102539063;0
3317.243;196.690719604492;0
3318.357;235.8984375;0
3319.471;206.778915405273;0
3320.586;255.353332519531;0
3321.698;203.499328613281;0
3322.813;214.289947509766;0
3323.923;218.907089233398;0
3325.034;264.315856933594;0
3326.146;267.383392333984;0
3327.255;238.551879882813;0
3328.366;216.468109130859;0
3329.474;213.669937133789;0
3330.582;187.257751464844;0
3331.691;168.885238647461;0
3332.797;165.28889465332;0
3333.905;208.937301635742;0
3335.011;173.46696472168;0
3336.116;204.006011962891;0
3337.22;204.980834960938;0
3338.327;234.057968139648;0
3339.429;210.296142578125;0
3340.534;205.731536865234;0
3341.635;196.767837524414;0
3342.737;127.326362609863;0
3343.84;70.7854156494141;0
3344.94;85.7031097412109;0
3346.041;139.391967773438;0
3347.142;224.631103515625;0
3348.24;205.756896972656;0
3349.337;221.881469726563;0
3350.437;165.615570068359;0
3351.534;191.122406005859;0
3352.633;185.615097045898;0
3353.727;222.550415039063;0
3354.823;243.597381591797;0
3355.919;233.533111572266;0
3357.013;205.914306640625;0
3358.108;188.038284301758;0
3359.201;208.334045410156;0
3360.293;203.071685791016;0
3361.385;207.138473510742;0
3362.478;223.313232421875;0
3363.569;242.486190795898;0
3364.661;215.991012573242;0
3365.75;178.301132202148;0
3366.838;161.208221435547;0
3367.929;149.117141723633;0
3369.017;190.179016113281;0
3370.105;228.811859130859;0
3371.193;273.362854003906;0
3372.279;285.139984130859;0
3373.364;280.153015136719;0
3374.45;299.249725341797;0
3375.534;308.697540283203;0
3376.62;307.607177734375;0
3377.704;303.310241699219;0
3378.786;265.143981933594;0
3379.871;295.456329345703;0
3380.951;278.256683349609;0
3382.034;278.760131835938;0
3383.114;239.635101318359;0
3384.195;239.613342285156;0
3385.276;220.442977905273;0
3386.354;214.164199829102;0
3387.433;204.181900024414;0
3388.511;233.854248046875;0
3389.588;264.345977783203;0
3390.664;291.862243652344;0
3391.742;251.815704345703;0
3392.816;228.532501220703;0
3393.893;205.685684204102;0
3394.968;220.362518310547;0
3396.042;226.913635253906;0
3397.115;227.141265869141;0
3398.189;236.120620727539;0
3399.262;221.735427856445;0
3400.333;238.367080688477;0
3401.404;260.969879150391;0
3402.474;237.10041809082;0
3403.545;194.144866943359;0
3404.615;191.959167480469;0
3405.685;263.678192138672;0
3406.752;277.795166015625;0
3407.82;289.184265136719;0
3408.888;248.887329101563;0
3409.955;284.909576416016;0
3411.021;255.026763916016;0
3412.085;257.018218994141;0
3413.151;202.845336914063;0
3414.215;218.974624633789;0
3415.279;205.205261230469;0
3416.343;247.220321655273;0
3417.406;251.122222900391;0
3418.468;291.803924560547;0
3419.53;250.485015869141;0
3420.592;216.82893371582;0
3421.652;189.85823059082;0
3422.712;239.819717407227;0
3423.773;261.516052246094;0
3424.83;289.240081787109;0
3425.889;271.462036132813;0
3426.946;253.690200805664;0
3428.005;200.864608764648;0
3429.061;202.246124267578;0
3430.117;212.481857299805;0
3431.172;238.189575195313;0
3432.227;217.148147583008;0
3433.281;176.801055908203;0
3434.335;152.050323486328;0
3435.389;137.430877685547;0
3436.44;163.479766845703;0
3437.492;203.622497558594;0
3438.546;231.030654907227;0
3439.598;265.053833007813;0
3440.646;257.691772460938;0
3441.697;271.489990234375;0
3442.745;263.932067871094;0
3443.793;262.369506835938;0
3444.842;228.906784057617;0
3445.891;211.987854003906;0
3446.937;248.951095581055;0
3447.984;284.580261230469;0
3449.031;260.377990722656;0
3450.075;216.038696289063;0
3451.12;200.628494262695;0
3452.164;253.308563232422;0
3453.207;249.182388305664;0
3454.251;221.374710083008;0
3455.293;222.915451049805;0
3456.336;210.040115356445;0
3457.378;230.746246337891;0
3458.417;178.437484741211;0
3459.458;187.020111083984;0
3460.498;209.819351196289;0
3461.539;215.540084838867;0
3462.577;217.30973815918;0
3463.614;219.797653198242;0
3464.651;264.806915283203;0
3465.689;255.519927978516;0
3466.726;224.277694702148;0
3467.763;189.67463684082;0
3468.798;174.253204345703;0
3469.831;181.805892944336;0
3470.866;204.84309387207;0
3471.9;223.243301391602;0
3472.933;200.488479614258;0
3473.966;172.414962768555;0
3474.999;160.972457885742;0
3476.029;173.230422973633;0
3477.061;183.974075317383;0
3478.09;206.825729370117;0
3479.121;224.715591430664;0
3480.15;225.748657226562;0
3481.178;220.968399047852;0
3482.205;221.281982421875;0
3483.234;242.875;0
3484.26;210.47917175293;0
3485.288;200.689376831055;0
3486.313;175.104095458984;0
3487.337;187.697952270508;0
3488.364;168.152755737305;0
3489.387;170.507202148438;0
3490.411;188.228576660156;0
3491.434;212.665634155273;0
3492.456;205.418792724609;0
3493.479;169.763458251953;0
3494.5;130.793991088867;0
3495.521;79.7513580322265;0
3496.543;74.2214126586915;0
3497.561;49.6306762695313;0
3498.579;43.7062301635742;0
3499.6;48.867504119873;0
3500.618;14.7497682571411;0
3501.636;-52.8664817810059;0
3502.653;-68.7077026367188;0
3503.669;-37.0805130004883;0
3504.685;47.4662933349609;0
3505.699;23.1329307556152;0
3506.716;8.8058614730835;0
3507.729;-38.0230712890625;0
3508.743;-36.1452560424805;0
3509.755;-22.1319446563721;0
