98.64605;0;0
101.2353;0;0
103.8217;0;0
106.4096;4.25925922393799;0
108.9945;-9.93333339691162;0
111.5767;-6.96825408935547;0
114.1602;13.259259223938;0
116.7409;6.85858583450317;0
119.3209;7.29914522171021;0
121.9002;-21.6666660308838;0
124.4788;9.08496761322021;0
127.0566;-4.77777767181396;0
129.6317;-2.52910041809082;0
132.2038;-21.7632846832275;0
134.7796;-7.06222200393677;0
137.3503;-2.29218101501465;0
139.9204;24.1283988952637;0
142.4919;-14.1451168060303;0
145.0584;19.1229362487793;0
147.6242;20.487340927124;0
150.1914;72.3288650512695;0
152.7579;80.220832824707;0
155.3216;88.7412261962891;0
157.8846;109.706748962402;0
160.4448;83.6506500244141;0
163.0085;111.19270324707;0
165.5672;96.2732696533203;0
168.1232;103.16015625;0
170.6826;103.407783508301;0
173.2372;97.6212387084961;0
175.7931;104.024726867676;0
178.3463;95.8823699951172;0
180.8966;120.085975646973;0
183.4504;135.438934326172;0
185.9993;107.531684875488;0
188.5476;122.973342895508;0
191.0972;109.860176086426;0
193.644;145.298797607422;0
196.1859;147.19499206543;0
198.7335;164.032119750977;0
201.2761;166.776229858398;0
203.8201;148.983673095703;0
206.3593;174.651763916016;0
208.8998;191.543762207031;0
211.4397;236.147552490234;0
213.9746;205.815643310547;0
216.5109;211.619903564453;0
219.0487;181.442184448242;0
221.5816;225.532928466797;0
224.1158;206.118057250977;0
226.6473;198.753616333008;0
229.176;189.417633056641;0
231.7082;256.945861816406;0
234.2355;266.029418945313;0
236.7643;281.993743896484;0
239.2902;246.085372924805;0
241.8133;272.243469238281;0
244.3379;263.486297607422;0
246.8618;258.763214111328;0
249.3828;260.419921875;0
251.9053;238.11262512207;0
254.423;213.990249633789;0
256.942;213.163940429688;0
259.4603;229.876037597656;0
261.9759;245.455841064453;0
264.4887;229.037536621094;0
267.005;205.184234619141;0
269.5164;188.232482910156;0
272.0292;194.615234375;0
274.5393;227.471389770508;0
277.0466;251.165771484375;0
279.5574;256.357391357422;0
282.0654;258.547149658203;0
284.5686;268.158966064453;0
287.0752;243.779846191406;0
289.5791;260.501007080078;0
292.0803;253.215606689453;0
294.5828;262.802612304688;0
297.0826;212.939727783203;0
299.5838;194.708297729492;0
302.0801;181.0810546875;0
304.5758;203.989303588867;0
307.0749;228.729583740234;0
309.5672;221.242736816406;0
312.0608;229.695755004883;0
314.5558;222.705673217773;0
317.044;262.806671142578;0
319.5377;245.277526855469;0
322.0266;221.130264282227;0
324.5127;186.258575439453;0
327.0023;214.474716186523;0
329.4871;221.193771362305;0
331.9691;240.589004516602;0
334.4547;206.103103637695;0
336.9353;213.589508056641;0
339.4174;227.699584960938;0
341.901;231.046112060547;0
344.3776;209.678344726563;0
346.8577;213.812194824219;0
349.333;213.451599121094;0
351.8076;236.651275634766;0
354.2857;244.020614624023;0
356.7569;234.821029663086;0
359.2296;203.961898803711;0
361.7015;191.567398071289;0
364.1729;202.93017578125;0
366.6414;216.966735839844;0
369.1093;190.60725402832;0
371.5745;189.429321289063;0
374.0432;210.240310668945;0
376.507;216.605941772461;0
378.9702;216.209030151367;0
381.4348;234.361785888672;0
383.8947;233.179718017578;0
386.3538;248.774368286133;0
388.8144;197.415313720703;0
391.2722;228.878036499023;0
393.7314;218.010971069336;0
396.1859;255.105453491211;0
398.6418;275.630645751953;0
401.0949;323.263702392578;0
403.5475;299.408966064453;0
405.9972;264.788177490234;0
408.4505;249.501174926758;0
410.899;289.440185546875;0
413.3468;309.270568847656;0
415.796;331.444213867188;0
418.2405;337.072021484375;0
420.6884;324.828338623047;0
423.1295;290.419128417969;0
425.572;270.530059814453;0
428.0159;250.645874023438;0
430.455;205.542556762695;0
432.8956;169.663619995117;0
435.3335;201.541473388672;0
437.7707;226.654861450195;0
440.2093;226.080276489258;0
442.6432;202.819412231445;0
445.0764;199.292114257813;0
447.511;235.161834716797;0
449.9429;245.017913818359;0
452.3721;260.358520507813;0
454.8048;243.801147460938;0
457.2328;212.107192993164;0
459.66;207.168319702148;0
462.0847;204.630645751953;0
464.5127;230.584762573242;0
466.9381;247.329452514648;0
469.3587;254.345611572266;0
471.7807;239.549774169922;0
474.2042;244.435470581055;0
476.6229;266.1064453125;0
479.041;295.327697753906;0
481.4604;287.339935302734;0
483.8752;260.95556640625;0
486.2934;234.457550048828;0
488.7068;226.958709716797;0
491.1197;268.302551269531;0
493.5339;309.261505126953;0
495.9435;318.006927490234;0
498.3544;290.865966796875;0
500.7667;274.949981689453;0
503.1723;267.258270263672;0
505.5793;272.566986083984;0
507.9856;247.25617980957;0
510.3913;217.849212646484;0
512.7944;199.999664306641;0
515.1968;203.554153442383;0
517.5986;230.605697631836;0
519.9997;206.440658569336;0
522.3982;192.218215942383;0
524.798;191.787689208984;0
527.1973;250.587951660156;0
529.5919;254.72119140625;0
531.9899;238.964767456055;0
534.3832;192.719940185547;0
536.7758;171.138977050781;0
539.1699;175.949554443359;0
541.5593;184.003936767578;0
543.9481;196.936874389648;0
546.3382;186.429626464844;0
548.7257;188.522262573242;0
551.1146;201.895050048828;0
553.4968;215.318237304688;0
555.8824;223.522521972656;0
558.2675;213.287246704102;0
560.6478;211.50163269043;0
563.0295;214.278518676758;0
565.4106;226.506988525391;0
567.7911;209.188186645508;0
570.169;184.654418945313;0
572.5462;151.461181640625;0
574.9229;155.078353881836;0
577.2968;151.892013549805;0
579.6721;188.036804199219;0
582.0449;180.965682983398;0
584.417;184.010192871094;0
586.7885;162.310012817383;0
589.1553;156.314361572266;0
591.5255;191.251281738281;0
593.8931;157.529449462891;0
596.2601;159.038131713867;0
598.6265;121.221778869629;0
600.9902;148.516937255859;0
603.3554;161.411239624023;0
605.7179;164.370346069336;0
608.0778;159.428894042969;0
610.4391;133.774017333984;0
612.7977;104.239189147949;0
615.1558;137.156372070313;0
617.5132;174.48600769043;0
619.8701;211.264053344727;0
622.2263;202.718673706055;0
624.5779;206.652786254883;0
626.9308;231.222366333008;0
629.2852;229.86882019043;0
631.6349;254.185638427734;0
633.9841;253.684616088867;0
636.3326;271.366516113281;0
638.6805;259.609985351563;0
641.0279;259.472961425781;0
643.3746;258.077239990234;0
645.7187;257.899536132813;0
648.0621;273.396026611328;0
650.405;308.677001953125;0
652.7453;305.187133789063;0
655.087;296.349273681641;0
657.426;266.036804199219;0
659.7645;273.952911376953;0
662.1024;263.098052978516;0
664.4376;233.302749633789;0
666.7742;217.506561279297;0
669.1063;191.274353027344;0
671.4398;201.385269165039;0
673.7726;193.06217956543;0
676.1048;201.196624755859;0
678.4324;218.325927734375;0
680.7635;244.58952331543;0
683.0919;264.437255859375;0
685.4158;218.632293701172;0
687.743;178.911911010742;0
690.0696;139.261978149414;0
692.3937;171.000778198242;0
694.7151;157.197982788086;0
697.038;172.834243774414;0
699.3583;161.371383666992;0
701.6779;186.655670166016;0
703.995;200.279098510742;0
706.3155;222.801940917969;0
708.6294;237.558197021484;0
710.9467;218.658981323242;0
713.2594;194.524719238281;0
715.5735;172.762588500977;0
717.887;159.537902832031;0
720.1979;169.423156738281;0
722.5083;162.874206542969;0
724.818;181.579360961914;0
727.1252;174.960845947266;0
729.4357;228.544799804688;0
731.7418;247.35856628418;0
734.0452;279.400482177734;0
736.35;214.225280761719;0
738.6522;201.077896118164;0
740.9539;155.936950683594;0
743.2569;163.908096313477;0
745.5554;166.701553344727;0
747.8553;207.940307617188;0
750.1545;220.074356079102;0
752.4513;207.762802124023;0
754.7474;157.155334472656;0
757.043;161.480239868164;0
759.336;178.718338012695;0
761.6304;187.936630249023;0
763.9222;180.312606811523;0
766.2114;179.294692993164;0
768.5041;187.210327148438;0
770.7922;165.737899780273;0
773.0777;139.208847045898;0
775.3647;143.283264160156;0
777.651;154.067535400391;0
779.9368;159.154891967773;0
782.22;205.964630126953;0
784.5026;208.226440429688;0
786.7847;210.273666381836;0
789.0662;149.884231567383;0
791.3451;155.746734619141;0
793.6254;162.629028320313;0
795.9012;184.29264831543;0
798.1784;199.67822265625;0
800.455;198.041381835938;0
802.7291;195.390579223633;0
805.0026;208.039367675781;0
807.2755;231.782104492188;0
809.5478;225.974487304688;0
811.8176;248.93327331543;0
814.0869;257.228820800781;0
816.3535;299.5283203125;0
818.6235;285.719696044922;0
820.8911;267.581085205078;0
823.156;243.001953125;0
825.4204;237.760025024414;0
827.6823;254.099578857422;0
829.9474;260.220092773438;0
832.2082;254.029296875;0
834.4683;229.61946105957;0
836.7279;187.58757019043;0
838.9869;219.517440795898;0
841.2453;229.006042480469;0
843.5012;268.053192138672;0
845.7565;219.6591796875;0
848.0133;231.043807983398;0
850.2655;224.984893798828;0
852.5153;219.59489440918;0
854.7703;194.553695678711;0
857.0189;192.294311523438;0
859.2668;167.239547729492;0
861.5182;168.632720947266;0
863.7651;166.168762207031;0
866.0114;176.375823974609;0
868.2592;165.699630737305;0
870.5024;133.1416015625;0
872.7451;152.52734375;0
874.9872;167.805923461914;0
877.2307;175.538650512695;0
879.4717;166.459716796875;0
881.7101;140.611358642578;0
883.95;134.322204589844;0
886.1854;109.481811523438;0
888.4202;115.228164672852;0
890.6604;139.923782348633;0
892.8941;182.93815612793;0
895.1253;177.626434326172;0
897.3599;168.322128295898;0
899.59;135.802581787109;0
901.8195;200.067977905273;0
904.0504;199.007873535156;0
906.2789;229.28840637207;0
908.5087;197.092483520508;0
910.7341;245.255493164063;0
912.9589;250.062789916992;0
915.1851;250.396697998047;0
917.4088;228.738342285156;0
919.63;226.532211303711;0
921.8526;201.88899230957;0
924.0727;187.008041381836;0
926.2922;184.009857177734;0
928.5112;203.243789672852;0
930.7277;181.21337890625;0
932.9476;183.329666137695;0
935.163;169.583923339844;0
937.3739;181.550140380859;0
939.5901;198.210159301758;0
941.8019;174.207656860352;0
944.0151;155.890609741211;0
946.2258;66.9094619750977;0
948.4341;76.3746490478516;0
950.6456;107.619537353516;0
952.8527;161.754928588867;0
955.0593;151.335784912109;0
957.2653;88.0298461914063;0
959.4689;73.8376846313477;0
961.6738;75.0924682617188;0
963.8782;71.0164031982422;0
966.0782;46.9439659118652;0
968.2815;44.2089881896973;0
970.4803;67.7464904785156;0
972.6787;32.5103378295898;0
974.8784;46.9451560974121;0
977.0757;18.0506820678711;0
979.2704;55.0661468505859;0
981.4667;49.752498626709;0
983.6603;98.9982147216797;0
985.8535;112.658760070801;0
988.0461;136.084259033203;0
990.2363;120.737060546875;0
992.4297;140.859756469727;0
994.6169;171.582305908203;0
996.8035;216.762496948242;0
998.9933;223.392822265625;0
1001.179;239.806045532227;0
1003.364;233.954177856445;0
1005.55;236.998550415039;0
1007.732;182.050598144531;0
1009.916;188.443969726563;0
1012.096;233.067718505859;0
1014.275;249.920425415039;0
1016.459;251.11164855957;0
1018.636;220.281524658203;0
1020.813;216.703536987305;0
1022.991;240.021377563477;0
1025.165;255.231109619141;0
1027.34;236.554763793945;0
1029.515;186.102355957031;0
1031.687;184.651458740234;0
1033.859;218.645843505859;0
1036.03;234.197448730469;0
1038.199;202.862182617188;0
1040.369;180.862426757813;0
1042.536;158.087219238281;0
1044.704;157.645599365234;0
1046.87;160.315338134766;0
1049.034;164.540893554688;0
1051.198;141.100402832031;0
1053.363;143.549880981445;0
1055.526;133.11247253418;0
1057.686;129.233383178711;0
1059.845;96.4682998657227;0
1062.005;77.4839706420898;0
1064.165;76.5911254882813;0
1066.323;78.2149276733398;0
1068.477;82.7747497558594;0
1070.634;91.5160980224609;0
1072.788;80.9326934814453;0
1074.942;104.587539672852;0
1077.096;98.3630828857422;0
1079.247;98.117073059082;0
1081.397;102.035980224609;0
1083.547;113.609436035156;0
1085.695;138.827911376953;0
1087.844;145.500274658203;0
1089.992;153.849029541016;0
1092.138;134.763092041016;0
1094.284;120.574645996094;0
1096.425;92.061653137207;0
1098.571;92.8484039306641;0
1100.711;91.5083541870117;0
1102.851;124.362586975098;0
1104.994;155.892272949219;0
1107.132;156.081390380859;0
1109.271;122.723754882813;0
1111.408;103.819747924805;0
1113.543;97.6250381469727;0
1115.682;106.342208862305;0
1117.816;130.067321777344;0
1119.947;136.779983520508;0
1122.08;102.794715881348;0
1124.213;82.4759216308594;0
1126.343;107.042984008789;0
1128.474;141.88883972168;0
1130.602;131.2978515625;0
1132.728;118.38062286377;0
1134.856;129.988998413086;0
1136.982;137.492736816406;0
1139.109;137.669616699219;0
1141.234;122.40845489502;0
1143.356;137.820755004883;0
1145.479;131.796112060547;0
1147.599;165.223510742188;0
1149.719;146.768142700195;0
1151.839;123.874359130859;0
1153.957;103.652633666992;0
1156.076;89.4363098144531;0
1158.191;111.543045043945;0
1160.305;119.876792907715;0
1162.423;128.326141357422;0
1164.536;109.112754821777;0
1166.647;101.236282348633;0
1168.761;119.140975952148;0
1170.871;131.273345947266;0
1172.983;127.522285461426;0
1175.092;98.1100158691406;0
1177.2;102.92504119873;0
1179.306;93.4104614257813;0
1181.413;80.4538116455078;0
1183.518;64.1650695800781;0
1185.623;68.8111419677734;0
1187.725;101.815292358398;0
1189.826;107.982788085938;0
1191.929;121.273025512695;0
1194.032;126.116333007813;0
1196.13;146.027694702148;0
1198.23;146.015579223633;0
1200.327;166.786224365234;0
1202.423;199.440353393555;0
1204.52;173.235046386719;0
1206.613;170.428298950195;0
1208.71;152.308258056641;0
1210.801;238.570770263672;0
1212.892;237.941818237305;0
1214.987;254.088088989258;0
1217.075;208.120681762695;0
1219.166;170.261581420898;0
1221.256;153.620330810547;0
1223.342;157.906005859375;0
1225.43;185.322906494141;0
1227.515;163.438858032227;0
1229.597;142.218475341797;0
1231.685;135.884002685547;0
1233.767;145.327163696289;0
1235.85;175.308471679688;0
1237.931;190.401000976563;0
1240.009;161.718658447266;0
1242.09;147.037292480469;0
1244.168;152.358154296875;0
1246.245;185.348831176758;0
1248.321;186.12043762207;0
1250.397;139.016662597656;0
1252.472;122.200149536133;0
1254.547;112.719856262207;0
1256.618;137.309295654297;0
1258.69;122.160575866699;0
1260.761;120.125846862793;0
1262.83;112.09400177002;0
1264.901;131.065093994141;0
1266.969;132.927001953125;0
1269.035;154.011688232422;0
1271.102;169.429641723633;0
1273.167;158.293472290039;0
1275.233;165.158813476563;0
1277.295;124.026306152344;0
1279.359;147.229278564453;0
1281.42;120.672302246094;0
1283.482;118.562515258789;0
1285.542;71.2332534790039;0
1287.6;71.545166015625;0
1289.659;127.377723693848;0
1291.714;175.101913452148;0
1293.774;176.162200927734;0
1295.828;134.447463989258;0
1297.881;131.624359130859;0
1299.936;157.026229858398;0
1301.987;188.876220703125;0
1304.041;191.952514648438;0
1306.09;183.922149658203;0
1308.139;167.406982421875;0
1310.19;132.872650146484;0
1312.238;135.981430053711;0
1314.286;135.572601318359;0
1316.331;144.574798583984;0
1318.376;154.117050170898;0
1320.422;162.253921508789;0
1322.466;175.828170776367;0
1324.508;158.745788574219;0
1326.549;154.448684692383;0
1328.59;165.937408447266;0
1330.632;195.212127685547;0
1332.67;207.807647705078;0
1334.707;207.300094604492;0
1336.746;194.133911132813;0
1338.78;178.420196533203;0
1340.816;170.381423950195;0
1342.852;124.01863861084;0
1344.885;136.998626708984;0
1346.916;111.655807495117;0
1348.948;157.101303100586;0
1350.979;124.555992126465;0
1353.011;105.908737182617;0
1355.04;75.3789215087891;0
1357.066;101.761589050293;0
1359.094;136.150360107422;0
1361.121;138.211898803711;0
1363.145;91.5008850097656;0
1365.171;107.460510253906;0
1367.192;73.0898513793945;0
1369.216;109.945465087891;0
1371.239;91.9169692993164;0
1373.258;116.671043395996;0
1375.28;79.8743515014648;0
1377.298;43.4602012634277;0
1379.316;19.4954357147217;0
1381.335;48.4132080078125;0
1383.35;31.0025939941406;0
1385.366;42.3747024536133;0
1387.38;13.86350440979;0
1389.394;52.0172920227051;0
1391.409;52.8179550170898;0
1393.42;71.4758071899414;0
1395.43;65.6927947998047;0
1397.44;94.439582824707;0
1399.451;129.966781616211;0
1401.458;135.718154907227;0
1403.466;122.915908813477;0
1405.472;112.671180725098;0
1407.478;113.901100158691;0
1409.483;124.059524536133;0
1411.486;106.219589233398;0
1413.49;92.6035232543945;0
1415.492;60.7668800354004;0
1417.492;84.2703704833984;0
1419.495;87.7959747314453;0
1421.494;100.676765441895;0
1423.492;71.1349639892578;0
1425.49;93.0597534179688;0
1427.487;85.1852340698242;0
1429.482;105.42448425293;0
1431.477;114.666816711426;0
1433.471;148.356689453125;0
1435.466;175.939117431641;0
1437.456;159.858703613281;0
1439.447;111.226516723633;0
1441.441;111.264785766602;0
1443.427;137.862274169922;0
1445.417;199.796447753906;0
1447.406;177.177871704102;0
1449.392;155.896148681641;0
1451.381;109.395729064941;0
1453.365;86.7876586914063;0
1455.348;91.1256103515625;0
1457.333;122.265518188477;0
1459.314;121.408882141113;0
1461.296;135.888854980469;0
1463.276;136.260894775391;0
1465.256;135.412780761719;0
1467.237;128.455612182617;0
1469.215;138.500503540039;0
1471.19;138.659057617188;0
1473.167;153.709091186523;0
1475.145;135.983963012695;0
1477.118;137.594757080078;0
1479.092;101.430374145508;0
1481.065;108.379676818848;0
1483.038;95.6648635864258;0
1485.008;84.8414764404297;0
1486.979;82.0196075439453;0
1488.949;139.976272583008;0
1490.917;177.600326538086;0
1492.883;155.780838012695;0
1494.852;108.073173522949;0
1496.817;60.8106689453125;0
1498.782;57.4490280151367;0
1500.748;72.1624374389648;0
1502.708;78.2455978393555;0
1504.673;101.527122497559;0
1506.634;89.3723983764648;0
1508.594;138.244781494141;0
1510.554;132.045059204102;0
1512.512;123.404640197754;0
1514.471;80.9086837768555;0
1516.428;80.0845489501953;0
1518.384;119.266242980957;0
1520.34;142.787109375;0
1522.294;126.758369445801;0
1524.249;98.4043197631836;0
1526.202;108.391624450684;0
1528.153;135.387252807617;0
1530.103;145.724548339844;0
1532.054;111.847953796387;0
1534.004;96.6411972045898;0
1535.951;81.4223022460938;0
1537.899;79.4137496948242;0
1539.847;73.393310546875;0
1541.793;62.360710144043;0
1543.738;69.6929473876953;0
1545.681;65.1435012817383;0
1547.625;64.1562118530273;0
1549.566;68.5085372924805;0
1551.509;87.0885772705078;0
1553.45;73.8961868286133;0
1555.389;110.041595458984;0
1557.33;115.635887145996;0
1559.266;123.456848144531;0
1561.204;64.6155853271484;0
1563.141;23.4454383850098;0
1565.074;42.1282119750977;0
1567.009;65.1478958129883;0
1568.943;112.393623352051;0
1570.877;132.033935546875;0
1572.808;137.990676879883;0
1574.741;121.840110778809;0
1576.67;76.6933670043945;0
1578.6;80.1059951782227;0
1580.528;72.8557662963867;0
1582.455;67.2760162353516;0
1584.382;53.5889701843262;0
1586.307;17.7941551208496;0
1588.234;52.0026092529297;0
1590.157;21.325439453125;0
1592.081;51.2070960998535;0
1594.002;34.3142395019531;0
1595.927;55.6468963623047;0
1597.845;58.9828605651855;0
1599.767;88.6554870605469;0
1601.685;115.442581176758;0
1603.602;91.5663757324219;0
1605.523;64.360221862793;0
1607.438;55.0461845397949;0
1609.354;62.0687255859375;0
1611.269;54.0945739746094;0
1613.181;27.6793117523193;0
1615.096;-3.02920866012573;0
1617.008;-2.44904470443726;0
1618.92;31.1990642547607;0
1620.83;46.7099571228027;0
1622.74;59.1089935302734;0
1624.649;61.7012596130371;0
1626.557;97.0956420898438;0
1628.464;121.782447814941;0
1630.37;126.583793640137;0
1632.275;130.166366577148;0
1634.18;121.08570098877;0
1636.085;106.341690063477;0
1637.988;116.194038391113;0
1639.888;127.714294433594;0
1641.791;109.013580322266;0
1643.691;120.642738342285;0
1645.588;120.920974731445;0
1647.489;157.919281005859;0
1649.387;140.142440795898;0
1651.284;169.590866088867;0
1653.18;158.931564331055;0
1655.075;165.720245361328;0
1656.972;115.512413024902;0
1658.864;113.307754516602;0
1660.754;120.425453186035;0
1662.65;151.768524169922;0
1664.539;176.892547607422;0
1666.428;171.797485351563;0
1668.32;145.816696166992;0
1670.207;139.172409057617;0
1672.096;106.642379760742;0
1673.982;112.00439453125;0
1675.867;96.147346496582;0
1677.754;125.38981628418;0
1679.638;117.19100189209;0
1681.52;141.106704711914;0
1683.403;132.471115112305;0
1685.285;176.72868347168;0
1687.166;122.657188415527;0
1689.048;111.367736816406;0
1690.924;89.3047714233398;0
1692.804;110.690521240234;0
1694.682;110.52498626709;0
1696.558;124.141494750977;0
1698.435;86.6511611938477;0
1700.308;75.7206420898438;0
1702.184;16.016622543335;0
1704.057;41.5343017578125;0
1705.929;31.4959011077881;0
1707.801;32.5680351257324;0
1709.674;-16.5826301574707;0
1711.542;-44.6230163574219;0
1713.412;-68.1086807250977;0
1715.28;-43.0396194458008;0
1717.145;-75.4158401489258;0
1719.015;-53.6817779541016;0
1720.88;-66.170768737793;0
1722.746;12.0060234069824;0
1724.61;13.8492364883423;0
1726.471;32.0258598327637;0
1728.334;-16.6703510284424;0
1730.197;-14.6850881576538;0
1732.057;-10.6653490066528;0
1733.919;48.1405906677246;0
1735.777;72.9389419555664;0
1737.634;75.9852294921875;0
1739.493;37.7459411621094;0
1741.349;56.9543113708496;0
1743.205;74.0547866821289;0
1745.061;135.269592285156;0
1746.915;74.5987243652344;0
1748.77;76.3359680175781;0
1750.621;60.4097633361816;0
1752.473;71.3756637573242;0
1754.323;82.5717163085938;0
1756.173;45.2342681884766;0
1758.022;86.2923202514648;0
1759.87;87.3520278930664;0
1761.718;161.413497924805;0
1763.566;153.587463378906;0
1765.411;109.762710571289;0
1767.256;26.0503406524658;0
1769.101;-13.4375200271606;0
1770.945;-11.4645233154297;0
1772.787;33.1774253845215;0
1774.629;50.9327735900879;0
1776.469;78.3570785522461;0
1778.309;42.4503364562988;0
1780.15;67.101432800293;0
1781.987;111.977043151855;0
1783.826;118.188270568848;0
1785.662;155.735290527344;0
1787.498;107.117469787598;0
1789.334;125.391632080078;0
1791.169;88.3353118896484;0
1793.002;98.7254180908203;0
1794.834;82.2286148071289;0
1796.667;71.5115814208984;0
1798.498;66.685417175293;0
1800.328;86.8612365722656;0
1802.157;76.594596862793;0
1803.986;62.7743873596191;0
1805.813;53.1783828735352;0
1807.639;40.0288047790527;0
1809.467;68.7701034545898;0
1811.292;58.5133857727051;0
1813.117;45.0412178039551;0
1814.94;30.0202674865723;0
1816.763;52.7839241027832;0
1818.585;104.221076965332;0
1820.407;103.998649597168;0
1822.227;133.005523681641;0
1824.048;130.686157226563;0
1825.865;170.70719909668;0
1827.683;117.84644317627;0
1829.501;91.4372177124023;0
1831.317;77.7017364501953;0
1833.135;58.75048828125;0
1834.948;53.8054161071777;0
1836.761;8.6418285369873;0
1838.577;47.9870529174805;0
1840.388;9.66926956176758;0
1842.198;-0.200261995196342;0
1844.009;-5.57593584060669;0
1845.819;47.194522857666;0
1847.629;49.9713668823242;0
1849.436;50.1990394592285;0
1851.244;56.7664337158203;0
1853.052;101.673545837402;0
1854.858;136.47624206543;0
1856.661;137.618957519531;0
1858.466;77.3239212036133;0
1860.269;38.4805221557617;0
1862.073;30.8666172027588;0
1863.875;72.2979125976563;0
1865.673;88.4034042358398;0
1867.476;69.961051940918;0
1869.275;50.6370162963867;0
1871.072;35.6535224914551;0
1872.872;72.2610473632813;0
1874.667;69.0979995727539;0
1876.464;60.8304595947266;0
1878.26;45.7917556762695;0
1880.053;77.0930023193359;0
1881.849;90.4008636474609;0
1883.64;64.4931182861328;0
1885.431;50.814208984375;0
1887.226;54.4752502441406;0
1889.014;65.4762420654297;0
1890.803;71.3727340698242;0
1892.594;70.7203521728516;0
1894.38;110.518463134766;0
1896.167;75.8768920898438;0
1897.955;104.795631408691;0
1899.74;85.0524597167969;0
1901.526;97.5362777709961;0
1903.309;58.8026275634766;0
1905.091;56.4070739746094;0
1906.876;47.5718307495117;0
1908.658;77.185791015625;0
1910.438;53.3600730895996;0
1912.217;106.65022277832;0
1913.996;55.5006828308105;0
1915.775;62.6892356872559;0
1917.553;25.6603488922119;0
1919.33;30.2899932861328;0
1921.106;25.8147659301758;0
1922.881;39.9533081054688;0
1924.655;61.0986518859863;0
1926.431;88.2508163452148;0
1928.202;91.9653854370117;0
1929.974;73.9090347290039;0
1931.746;57.7484550476074;0
1933.516;58.0392303466797;0
1935.286;51.6702613830566;0
1937.055;54.7526817321777;0
1938.823;39.1753997802734;0
1940.592;62.4939308166504;0
1942.356;61.4840888977051;0
1944.122;51.9230422973633;0
1945.888;33.0325126647949;0
1947.651;22.2565174102783;0
1949.416;47.575626373291;0
1951.178;55.0466079711914;0
1952.939;83.4076919555664;0
1954.699;61.1033210754395;0
1956.459;47.4673156738281;0
1958.219;38.3885726928711;0
1959.979;102.088996887207;0
1961.735;148.901931762695;0
1963.491;116.827362060547;0
1965.249;68.5314788818359;0
1967.003;32.5712623596191;0
1968.761;36.9794273376465;0
1970.512;54.2842597961426;0
1972.265;88.1477203369141;0
1974.018;104.014389038086;0
1975.769;64.9953765869141;0
1977.522;44.437198638916;0
1979.271;45.6600112915039;0
1981.018;48.8859672546387;0
1982.766;64.6706314086914;0
1984.516;59.1251068115234;0
1986.261;91.8049545288086;0
1988.009;115.932395935059;0
1989.754;157.39631652832;0
1991.498;152.530059814453;0
1993.241;149.88916015625;0
1994.984;136.287200927734;0
1996.727;125.245590209961;0
1998.468;98.9846725463867;0
2000.206;100.06128692627;0
2001.946;129.919876098633;0
2003.686;120.115989685059;0
2005.424;97.0940780639648;0
2007.161;67.743278503418;0
2008.898;113.841781616211;0
2010.634;136.612121582031;0
2012.369;159.94401550293;0
2014.103;113.615928649902;0
2015.836;64.9612731933594;0
2017.57;43.202335357666;0
2019.299;52.3391876220703;0
2021.032;86.9274520874023;0
2022.762;80.6467666625977;0
2024.491;108.816177368164;0
2026.221;104.38370513916;0
2027.947;135.734100341797;0
2029.676;116.31177520752;0
2031.403;129.227828979492;0
2033.128;95.7046356201172;0
2034.852;98.4091033935547;0
2036.577;77.4524078369141;0
2038.299;108.723487854004;0
2040.022;128.222396850586;0
2041.744;133.282455444336;0
2043.465;100.014747619629;0
2045.184;73.8644332885742;0
2046.903;95.7203903198242;0
2048.621;124.582611083984;0
2050.339;93.0074005126953;0
2052.057;67.5700454711914;0
2053.774;53.8082962036133;0
2055.488;87.4999923706055;0
2057.203;112.200775146484;0
2058.917;84.4657745361328;0
2060.631;83.8506317138672;0
2062.344;50.7998504638672;0
2064.053;69.6468505859375;0
2065.765;52.5028114318848;0
2067.476;60.5899543762207;0
2069.185;59.6849937438965;0
2070.892;39.4951553344727;0
2072.6;47.9743309020996;0
2074.308;52.9050827026367;0
2076.014;75.3984527587891;0
2077.72;23.8992443084717;0
2079.425;55.0326957702637;0
2081.13;82.2846755981445;0
2082.833;154.432968139648;0
2084.532;111.033493041992;0
2086.236;121.864112854004;0
2087.936;98.2582168579102;0
2089.635;114.660339355469;0
2091.335;76.626106262207;0
2093.034;50.7111434936523;0
2094.731;11.5821943283081;0
2096.427;11.7591047286987;0
2098.124;93.0890655517578;0
2099.82;137.65022277832;0
2101.515;191.887100219727;0
2103.207;159.244140625;0
2104.902;174.944595336914;0
2106.594;175.766708374023;0
2108.286;182.376907348633;0
2109.976;189.220275878906;0
2111.667;144.852020263672;0
2113.355;125.604682922363;0
2115.044;108.033103942871;0
2116.732;119.915008544922;0
2118.42;112.805870056152;0
2120.105;141.318618774414;0
2121.79;139.557739257813;0
2123.476;174.844253540039;0
2125.16;178.000396728516;0
2126.844;214.276611328125;0
2128.524;237.895141601563;0
2130.207;271.633758544922;0
2131.888;261.492462158203;0
2133.567;242.582183837891;0
2135.247;194.124893188477;0
2136.927;219.89826965332;0
2138.603;218.568923950195;0
2140.281;195.58122253418;0
2141.957;155.046279907227;0
2143.633;167.519638061523;0
2145.308;190.223526000977;0
2146.981;170.157943725586;0
2148.654;192.434005737305;0
2150.328;187.16291809082;0
2152;192.898590087891;0
2153.669;183.974258422852;0
2155.34;161.503799438477;0
2157.01;214.706527709961;0
2158.677;220.804718017578;0
2160.347;275.576232910156;0
2162.013;245.465606689453;0
2163.681;179.695098876953;0
2165.347;141.066116333008;0
2167.011;145.444152832031;0
2168.674;143.947723388672;0
2170.337;170.568832397461;0
2172.002;179.339599609375;0
2173.662;229.783630371094;0
2175.324;190.78987121582;0
2176.985;169.690811157227;0
2178.645;145.042144775391;0
2180.304;198.510665893555;0
2181.961;174.318740844727;0
2183.618;172.243759155273;0
2185.275;109.952644348145;0
2186.932;155.889907836914;0
2188.586;130.277847290039;0
2190.242;183.894180297852;0
2191.896;116.73908996582;0
2193.547;148.700942993164;0
2195.2;102.224212646484;0
2196.851;128.606903076172;0
2198.502;120.439529418945;0
2200.153;144.611083984375;0
2201.799;171.566116333008;0
2203.447;157.806594848633;0
2205.097;157.923522949219;0
2206.742;150.341720581055;0
2208.391;206.069564819336;0
2210.035;220.181030273438;0
2211.679;215.202575683594;0
2213.324;176.023330688477;0
2214.966;134.310119628906;0
2216.608;126.396392822266;0
2218.252;96.8915405273438;0
2219.89;94.8021087646484;0
2221.531;87.4567184448242;0
2223.172;103.92211151123;0
2224.809;130.947982788086;0
2226.449;149.867645263672;0
2228.086;168.053924560547;0
2229.72;162.754196166992;0
2231.358;183.143859863281;0
2232.992;203.111953735352;0
2234.625;220.547515869141;0
2236.26;211.433441162109;0
2237.893;172.103225708008;0
2239.524;131.668121337891;0
2241.156;135.572723388672;0
2242.785;150.261611938477;0
2244.416;176.949462890625;0
2246.044;199.439117431641;0
2247.672;162.841278076172;0
2249.301;156.933898925781;0
2250.926;120.050445556641;0
2252.554;173.077117919922;0
2254.177;150.572448730469;0
2255.803;164.53645324707;0
2257.427;137.524688720703;0
2259.051;182.203811645508;0
2260.671;94.4454727172852;0
2262.294;122.371726989746;0
2263.914;72.3222045898438;0
2265.533;97.733642578125;0
2267.153;73.1696319580078;0
2268.773;118.487037658691;0
2270.392;171.922866821289;0
2272.006;185.588241577148;0
2273.624;194.150482177734;0
2275.239;187.276245117188;0
2276.854;182.940582275391;0
2278.468;208.296813964844;0
2280.084;212.011764526367;0
2281.695;146.529708862305;0
2283.305;124.961730957031;0
2284.919;113.974510192871;0
2286.527;162.90153503418;0
2288.14;145.409317016602;0
2289.748;172.082000732422;0
2291.354;190.431259155273;0
2292.964;190.472122192383;0
2294.569;174.194259643555;0
2296.174;146.383911132813;0
2297.782;115.69441986084;0
2299.386;107.734214782715;0
2300.99;102.266006469727;0
2302.594;82.5121307373047;0
2304.195;66.2414245605469;0
2305.798;60.7143859863281;0
2307.399;45.8490142822266;0
2308.998;28.8672885894775;0
2310.598;11.8801679611206;0
2312.197;50.4428176879883;0
2313.795;54.6650314331055;0
2315.392;91.7688674926758;0
2316.988;120.770904541016;0
2318.585;140.004333496094;0
2320.18;131.469009399414;0
2321.774;82.0538330078125;0
2323.368;52.0531539916992;0
2324.961;18.9980812072754;0
2326.553;21.4909973144531;0
2328.145;38.9761924743652;0
2329.735;91.4535293579102;0
2331.324;107.38452911377;0
2332.916;135.324615478516;0
2334.503;106.162506103516;0
2336.092;113.120307922363;0
2337.677;58.8645210266113;0
2339.263;34.0693893432617;0
2340.85;9.37648677825928;0
2342.434;22.0078868865967;0
2344.018;3.51913571357727;0
2345.602;39.4653091430664;0
2347.185;49.8781585693359;0
2348.768;61.2043991088867;0
2350.347;56.7773628234863;0
2351.928;49.5970726013184;0
2353.51;103.885749816895;0
2355.087;75.9924392700195;0
2356.665;72.2160263061523;0
2358.243;27.2392673492432;0
2359.819;42.3953590393066;0
2361.396;77.3506774902344;0
2362.972;118.105087280273;0
2364.547;125.786773681641;0
2366.121;111.617813110352;0
2367.694;125.598068237305;0
2369.267;92.8307800292969;0
2370.839;84.2033615112305;0
2372.411;36.1936492919922;0
2373.982;36.6486701965332;0
2375.55;30.457160949707;0
2377.118;61.2516479492188;0
2378.687;79.6555328369141;0
2380.254;109.079124450684;0
2381.821;93.8556060791016;0
2383.387;118.067977905273;0
2384.954;98.3166427612305;0
2386.516;100.921600341797;0
2388.082;76.337646484375;0
2389.644;66.2229995727539;0
2391.209;70.2574081420898;0
2392.769;43.4401664733887;0
2394.33;67.6049957275391;0
2395.892;74.3261337280273;0
2397.449;95.2363128662109;0
2399.008;86.3140411376953;0
2400.568;88.8694381713867;0
2402.125;91.5691375732422;0
2403.68;92.1910247802734;0
2405.238;98.0348587036133;0
2406.792;111.280990600586;0
2408.349;149.562255859375;0
2409.902;141.212661743164;0
2411.455;165.087249755859;0
2413.007;142.143051147461;0
2414.558;128.012741088867;0
2416.11;96.0289916992188;0
2417.66;82.080078125;0
2419.21;78.9438705444336;0
2420.758;34.3982200622559;0
2422.307;39.9988403320313;0
2423.855;50.5236587524414;0
2425.402;89.4172668457031;0
2426.947;72.235221862793;0
2428.492;70.5330657958984;0
2430.038;96.3103713989258;0
2431.58;106.456581115723;0
2433.124;112.860664367676;0
2434.667;107.300483703613;0
2436.208;106.887092590332;0
2437.75;107.39868927002;0
2439.291;80.3590087890625;0
2440.83;72.0990524291992;0
2442.369;91.1741714477539;0
2443.906;96.8063583374023;0
2445.444;101.328796386719;0
2446.981;74.8540878295898;0
2448.517;92.0488128662109;0
2450.053;113.580551147461;0
2451.587;102.449234008789;0
2453.12;100.654922485352;0
2454.655;73.308723449707;0
2456.187;103.855079650879;0
2457.718;128.07177734375;0
2459.25;130.737091064453;0
2460.781;134.969665527344;0
2462.31;99.1300735473633;0
2463.84;116.142547607422;0
2465.368;127.826751708984;0
2466.896;139.627044677734;0
2468.423;110.6884765625;0
2469.949;75.8318557739258;0
2471.474;90.9800033569336;0
2472.998;125.465576171875;0
2474.522;115.622283935547;0
2476.045;102.67170715332;0
2477.568;118.500823974609;0
2479.09;98.4081192016602;0
2480.612;126.460960388184;0
2482.132;123.181144714355;0
2483.653;169.812240600586;0
2485.171;143.779312133789;0
2486.689;130.348754882813;0
2488.208;115.175483703613;0
2489.725;69.1687240600586;0
2491.242;82.3516998291016;0
2492.757;99.2805404663086;0
2494.271;144.066558837891;0
2495.785;98.8552780151367;0
2497.3;114.467506408691;0
2498.812;112.048347473145;0
2500.325;137.819717407227;0
2501.837;105.926567077637;0
2503.345;101.089820861816;0
2504.856;69.8274917602539;0
2506.366;51.7555084228516;0
2507.875;18.0960140228271;0
2509.382;25.0713882446289;0
2510.889;32.5706787109375;0
2512.397;70.4826202392578;0
2513.901;81.3626174926758;0
2515.406;101.432754516602;0
2516.911;90.3599700927734;0
2518.415;87.9227523803711;0
2519.918;41.1217308044434;0
2521.421;28.2896709442139;0
2522.922;31.4583320617676;0
2524.423;65.520866394043;0
2525.924;58.5882949829102;0
2527.422;52.9937400817871;0
2528.923;35.5147476196289;0
2530.419;43.5955429077148;0
2531.916;29.347131729126;0
2533.415;33.1027793884277;0
2534.909;54.3067855834961;0
2536.404;84.4782562255859;0
2537.899;76.7280960083008;0
2539.394;75.3895492553711;0
2540.887;44.1292266845703;0
2542.38;48.5026016235352;0
2543.871;31.9539756774902;0
2545.363;69.5944290161133;0
2546.852;53.3137359619141;0
2548.345;34.7785873413086;0
2549.833;-4.45526933670044;0
2551.321;58.8330726623535;0
2552.811;105.199577331543;0
2554.296;116.86629486084;0
2555.78;91.1684112548828;0
2557.267;86.2172088623047;0
2558.752;104.012924194336;0
2560.237;83.779541015625;0
2561.721;59.210033416748;0
2563.203;71.3796005249023;0
2564.687;102.332244873047;0
2566.168;130.956878662109;0
2567.648;121.288230895996;0
2569.129;125.111480712891;0
2570.607;96.3493728637695;0
2572.086;86.758918762207;0
2573.565;58.8383941650391;0
2575.041;96.9722290039063;0
2576.518;114.344535827637;0
2577.994;151.843109130859;0
2579.469;150.275955200195;0
2580.945;129.215362548828;0
2582.418;109.306091308594;0
2583.892;115.844436645508;0
2585.365;150.236419677734;0
2586.835;146.001403808594;0
2588.307;110.80623626709;0
2589.778;85.5394973754883;0
2591.248;70.3008499145508;0
2592.717;88.0506134033203;0
2594.186;101.173439025879;0
2595.652;116.335838317871;0
2597.121;122.759666442871;0
2598.585;86.7778625488281;0
2600.052;120.165016174316;0
2601.518;114.999565124512;0
2602.982;133.392471313477;0
2604.446;92.4544067382813;0
2605.907;88.77734375;0
2607.371;91.4717788696289;0
2608.83;89.8710479736328;0
2610.293;91.9433288574219;0
2611.752;91.7952423095703;0
2613.213;92.3155288696289;0
2614.672;110.948631286621;0
2616.13;110.219467163086;0
2617.587;110.122489929199;0
2619.043;87.769287109375;0
2620.501;107.111511230469;0
2621.957;130.120910644531;0
2623.409;166.799758911133;0
2624.864;181.814712524414;0
2626.318;194.722198486328;0
2627.771;161.522171020508;0
2629.222;158.659088134766;0
2630.673;174.688522338867;0
2632.124;195.281723022461;0
2633.575;212.806762695313;0
2635.023;174.582244873047;0
2636.473;170.137161254883;0
2637.922;174.305923461914;0
2639.368;202.364929199219;0
2640.816;211.647384643555;0
2642.261;185.706893920898;0
2643.705;204.987670898438;0
2645.151;187.044967651367;0
2646.596;162.301620483398;0
2648.037;114.306228637695;0
2649.48;107.429290771484;0
2650.923;107.142593383789;0
2652.364;107.152549743652;0
2653.804;151.051132202148;0
2655.243;150.710525512695;0
2656.683;194.367752075195;0
2658.121;136.688842773438;0
2659.559;124.783615112305;0
2660.997;101.002082824707;0
2662.433;117.205345153809;0
2663.868;116.523490905762;0
2665.305;101.757751464844;0
2666.737;93.9533233642578;0
2668.173;129.886642456055;0
2669.606;93.0395050048828;0
2671.038;99.5616073608398;0
2672.47;60.1557769775391;0
2673.901;106.266304016113;0
2675.331;111.892951965332;0
2676.761;109.92406463623;0
2678.189;70.0264511108398;0
2679.619;34.4761161804199;0
2681.045;56.165283203125;0
2682.473;91.2588729858398;0
2683.9;110.645927429199;0
2685.324;115.440734863281;0
2686.749;119.408554077148;0
2688.176;125.64860534668;0
2689.599;100.704551696777;0
2691.021;87.4978408813477;0
2692.444;64.6955718994141;0
2693.865;79.2975997924805;0
2695.287;45.7482070922852;0
2696.707;61.8251609802246;0
2698.125;79.528450012207;0
2699.545;109.080291748047;0
2700.963;113.066856384277;0
2702.381;117.160362243652;0
2703.798;112.693641662598;0
2705.214;112.270599365234;0
2706.629;125.475189208984;0
2708.046;128.785903930664;0
2709.458;139.758865356445;0
2710.872;128.61589050293;0
2712.285;139.357284545898;0
2713.699;147.23176574707;0
2715.111;123.565979003906;0
2716.52;122.594932556152;0
2717.93;96.1374359130859;0
2719.342;105.874359130859;0
2720.749;97.499885559082;0
2722.159;112.10082244873;0
2723.565;116.560523986816;0
2724.971;142.886657714844;0
2726.38;132.395309448242;0
2727.785;117.82935333252;0
2729.19;111.078147888184;0
2730.594;102.271667480469;0
2731.997;122.389335632324;0
2733.401;102.096351623535;0
2734.803;128.433227539063;0
2736.204;106.026756286621;0
2737.606;98.9516067504883;0
2739.005;120.26065826416;0
2740.405;122.717376708984;0
2741.806;166.988922119141;0
2743.202;137.076629638672;0
2744.602;148.202209472656;0
2745.998;108.810317993164;0
2747.395;104.549575805664;0
2748.79;72.1076431274414;0
2750.185;117.088539123535;0
2751.58;128.624267578125;0
2752.975;154.419021606445;0
2754.366;147.695388793945;0
2755.759;152.305953979492;0
2757.151;168.361633300781;0
2758.542;133.30744934082;0
2759.933;130.622634887695;0
2761.322;123.940315246582;0
2762.71;121.428276062012;0
2764.1;127.527626037598;0
2765.486;129.993057250977;0
2766.875;173.127014160156;0
2768.26;130.92951965332;0
2769.646;115.779098510742;0
2771.031;115.022438049316;0
2772.418;139.743637084961;0
2773.799;164.503036499023;0
2775.184;150.30046081543;0
2776.565;183.544708251953;0
2777.946;183.125091552734;0
2779.328;192.26399230957;0
2780.708;186.406051635742;0
2782.09;175.329208374023;0
2783.469;178.702102661133;0
2784.847;162.996688842773;0
2786.226;175.294952392578;0
2787.603;186.375442504883;0
2788.978;197.349472045898;0
2790.355;215.854507446289;0
2791.731;191.363739013672;0
2793.104;217.988052368164;0
2794.479;189.060592651367;0
2795.853;165.443878173828;0
2797.225;152.699844360352;0
2798.596;160.699829101563;0
2799.967;192.921661376953;0
2801.341;152.809799194336;0
2802.71;153.251998901367;0
2804.077;108.551567077637;0
2805.447;101.881988525391;0
2806.815;55.4579582214356;0
2808.183;66.6301956176758;0
2809.551;59.6559944152831;0
2810.915;75.9790649414063;0
2812.282;60.9088592529297;0
2813.646;54.8822784423828;0
2815.011;56.8696594238281;0
2816.375;45.3773727416993;0
2817.736;69.1831817626953;0
2819.099;72.2866592407227;0
2820.462;65.3544921875;0
2821.821;45.7195014953613;0
2823.182;32.3820610046386;0
2824.542;40.1197319030762;0
2825.901;77.4886016845703;0
2827.261;87.9323348999023;0
2828.617;136.117477416992;0
2829.974;104.079856872559;0
2831.33;83.4740753173828;0
2832.686;70.5677337646484;0
2834.043;68.0690841674805;0
2835.395;100.088737487793;0
2836.75;101.996376037598;0
2838.104;104.903251647949;0
2839.456;78.5871276855469;0
2840.807;91.791648864746;0
2842.16;90.4390640258789;0
2843.509;125.751487731934;0
2844.858;79.951301574707;0
2846.209;100.11905670166;0
2847.556;109.952270507813;0
2848.906;134.276092529297;0
2850.253;98.5308074951172;0
2851.6;57.2262687683105;0
2852.946;53.6237678527833;0
2854.29;59.3155212402344;0
2855.635;101.523895263672;0
2856.98;103.840255737305;0
2858.323;126.153228759766;0
2859.665;108.129440307617;0
2861.008;97.546646118164;0
2862.349;77.8493118286133;0
2863.691;64.2577972412109;0
2865.031;85.189224243164;0
2866.37;70.8952102661132;0
2867.709;89.3751296997071;0
2869.048;52.8433418273926;0
2870.385;71.5057830810546;0
2871.722;60.426643371582;0
2873.059;88.3443222045898;0
2874.394;92.0818481445313;0
2875.73;97.0262985229492;0
2877.064;90.6061325073242;0
2878.398;111.071228027344;0
2879.731;117.311698913574;0
2881.063;130.549453735352;0
2882.395;143.451370239258;0
2883.727;137.791641235352;0
2885.059;135.646987915039;0
2886.387;123.830688476562;0
2887.717;121.199447631836;0
2889.046;103.227691650391;0
2890.374;81.6934356689453;0
2891.699;76.029197692871;0
2893.028;74.0318145751953;0
2894.354;90.9850463867187;0
2895.679;96.9317779541016;0
2897.004;125.205474853516;0
2898.328;113.813270568848;0
2899.653;114.527130126953;0
2900.976;131.712249755859;0
2902.297;166.113876342773;0
2903.619;175.794006347656;0
2904.941;167.690322875977;0
2906.26;155.581359863281;0
2907.58;144.690460205078;0
2908.898;94.8026809692382;0
2910.217;94.9234161376953;0
2911.536;123.496170043945;0
2912.852;163.95393371582;0
2914.171;149.074478149414;0
2915.485;149.677017211914;0
2916.799;147.209014892578;0
2918.116;144.447357177734;0
2919.428;117.236785888672;0
2920.743;105.578536987305;0
2922.056;119.584251403809;0
2923.367;139.253479003906;0
2924.679;150.364166259766;0
2925.99;136.138534545898;0
2927.299;126.950012207031;0
2928.609;150.826782226563;0
2929.918;165.59049987793;0
2931.226;178.907836914062;0
2932.535;183.236724853516;0
2933.841;165.993438720703;0
2935.149;176.459320068359;0
2936.455;179.412399291992;0
2937.758;220.141952514648;0
2939.064;234.203750610352;0
2940.368;238.708389282227;0
2941.67;248.695907592773;0
2942.973;236.862228393555;0
2944.277;224.404418945313;0
2945.577;189.056045532227;0
2946.878;187.046630859375;0
2948.178;187.088272094727;0
2949.477;214.754287719727;0
2950.776;177.972930908203;0
2952.073;170.698974609375;0
2953.372;138.98974609375;0
2954.669;167.084411621094;0
2955.965;169.177719116211;0
2957.261;190.057815551758;0
2958.556;182.957427978516;0
2959.849;180.132629394531;0
2961.145;155.974899291992;0
2962.436;147.184982299805;0
2963.732;142.060775756836;0
2965.022;189.52458190918;0
2966.313;175.32470703125;0
2967.603;146.349609375;0
2968.893;106.413612365723;0
2970.182;117.840209960937;0
2971.471;132.597351074219;0
2972.759;135.356857299805;0
2974.047;116.007621765137;0
2975.334;137.542938232422;0
2976.62;94.8320693969727;0
2977.907;118.757461547852;0
2979.192;107.240188598633;0
2980.475;145.884918212891;0
2981.76;116.087280273437;0
2983.043;134.624847412109;0
2984.326;108.385726928711;0
2985.607;129.140060424805;0
2986.888;97.5612487792969;0
2988.17;130.940246582031;0
2989.449;123.986236572266;0
2990.728;103.143676757813;0
2992.007;61.1491012573242;0
2993.284;78.3328323364258;0
2994.562;94.1407089233398;0
2995.84;121.616905212402;0
2997.115;106.427070617676;0
2998.393;122.126487731934;0
2999.666;111.715591430664;0
3000.94;106.416450500488;0
3002.215;71.7844009399415;0
3003.486;92.9540252685547;0
3004.76;87.567970275879;0
3006.033;88.4045104980469;0
3007.303;69.6864166259766;0
3008.573;47.1779594421387;0
3009.844;52.9075698852539;0
3011.114;48.8160972595215;0
3012.383;63.9032974243163;0
3013.649;80.324333190918;0
3014.917;65.412353515625;0
3016.185;61.945613861084;0
3017.451;43.0243873596191;0
3018.716;38.5902366638184;0
3019.983;63.7512016296387;0
3021.246;105.950805664063;0
3022.509;124.078109741211;0
3023.774;126.134078979492;0
3025.035;107.118728637695;0
3026.299;117.475830078125;0
3027.56;108.09383392334;0
3028.819;114.749214172363;0
3030.081;92.5526428222656;0
3031.339;65.9485549926758;0
3032.598;13.9264087677002;0
3033.856;9.92048168182373;0
3035.114;28.452428817749;0
3036.372;56.3164863586426;0
3037.628;82.0679321289063;0
3038.883;98.2624053955079;0
3040.138;92.8986358642579;0
3041.394;66.3094635009766;0
3042.646;83.4951553344727;0
3043.9;101.56583404541;0
3045.152;139.588760375977;0
3046.405;152.081604003906;0
3047.657;114.74674987793;0
3048.906;80.2965545654297;0
3050.158;32.3977012634277;0
3051.407;77.1861038208008;0
3052.656;78.5252304077148;0
3053.904;106.192588806152;0
3055.153;117.38410949707;0
3056.398;145.198532104492;0
3057.647;92.5954818725586;0
3058.892;55.586986541748;0
3060.137;58.5010185241699;0
3061.382;122.076484680176;0
3062.625;133.313400268555;0
3063.869;144.433959960938;0
3065.112;130.104675292969;0
3066.353;125.658004760742;0
3067.595;101.209503173828;0
3068.838;104.547172546387;0
3070.075;130.832260131836;0
3071.317;155.816131591797;0
3072.557;144.610000610352;0
3073.795;114.731071472168;0
3075.032;118.367141723633;0
3076.27;129.450134277344;0
3077.507;148.259704589844;0
3078.742;151.100555419922;0
3079.978;138.973022460938;0
3081.212;101.292251586914;0
3082.446;71.6516799926758;0
3083.681;81.7267684936523;0
3084.913;103.491638183594;0
3086.147;112.738105773926;0
3087.38;100.532066345215;0
3088.61;147.727966308594;0
3089.84;132.80451965332;0
3091.071;136.808715820313;0
3092.3;108.692947387695;0
3093.529;125.693519592285;0
3094.755;123.425315856934;0
3095.984;118.333122253418;0
3097.211;91.3049316406251;0
3098.438;81.5630645751953;0
3099.663;73.5527191162109;0
3100.888;77.8215026855469;0
3102.112;80.6015167236328;0
3103.335;66.3372955322266;0
3104.56;62.806568145752;0
3105.782;74.2295684814453;0
3107.005;109.38410949707;0
3108.226;146.381408691406;0
3109.447;135.593017578125;0
3110.667;143.536285400391;0
3111.887;159.921173095703;0
3113.104;192.027465820313;0
3114.324;169.681976318359;0
3115.541;162.551773071289;0
3116.758;140.304962158203;0
3117.976;140.541213989258;0
3119.192;109.076301574707;0
3120.408;130.096832275391;0
3121.622;127.446067810059;0
3122.835;160.345947265625;0
3124.05;160.019424438477;0
3125.262;146.689208984375;0
3126.476;120.355590820313;0
3127.687;95.1566543579102;0
3128.897;101.215881347656;0
3130.108;97.1292037963867;0
3131.319;91.9957046508789;0
3132.528;101.043876647949;0
3133.737;117.757843017578;0
3134.945;144.471343994141;0
3136.152;143.341125488281;0
3137.358;125.322166442871;0
3138.565;114.761222839355;0
3139.772;89.8647994995117;0
3140.976;57.8444480895996;0
3142.18;56.2055931091309;0
3143.385;54.1968650817871;0
3144.588;88.9298324584961;0
3145.79;64.9983901977539;0
3146.993;79.5480728149414;0
3148.194;53.8693923950195;0
3149.395;56.2384338378906;0
3150.596;62.4804306030273;0
3151.794;72.0206756591797;0
3152.994;69.0507965087891;0
3154.193;59.815013885498;0
3155.39;63.8600845336914;0
3156.587;60.9896812438965;0
3157.784;67.8564071655273;0
3158.982;55.9499473571777;0
3160.177;64.1937561035156;0
3161.37;52.9978828430176;0
3162.565;56.0639381408691;0
3163.759;46.3572311401367;0
3164.952;58.3360710144043;0
3166.146;60.8099975585938;0
3167.337;68.1770553588867;0
3168.527;59.5481071472168;0
3169.719;72.4791488647461;0
3170.91;49.5254821777344;0
3172.098;66.9175415039063;0
3173.288;61.2021636962891;0
3174.475;78.9346389770508;0
3175.663;69.225959777832;0
3176.849;86.0779647827148;0
3178.037;103.054473876953;0
3179.223;88.3069915771484;0
3180.408;35.4418334960938;0
3181.592;24.2865924835205;0
3182.777;19.3534183502197;0
3183.96;45.6965522766113;0
3185.143;32.600269317627;0
3186.325;63.5089302062988;0
3187.507;52.7554817199707;0
3188.688;72.2285995483398;0
3189.869;78.2602844238281;0
3191.049;88.850456237793;0
3192.228;78.6656875610352;0
3193.406;65.2618026733398;0
3194.585;82.7498321533203;0
3195.763;103.129249572754;0
3196.939;88.9552612304688;0
3198.116;99.4485931396484;0
3199.292;94.8313369750977;0
3200.466;133.993362426758;0
3201.643;141.045639038086;0
3202.816;122.655143737793;0
3203.991;88.1545181274414;0
3205.161;59.0995407104492;0
3206.334;68.3334350585938;0
3207.504;49.3458595275879;0
3208.677;65.3076629638672;0
3209.846;78.9164810180664;0
3211.017;103.535415649414;0
3212.187;94.7290115356445;0
3213.356;82.6979522705078;0
3214.524;90.3327407836914;0
3215.69;102.519775390625;0
3216.859;94.4812316894531;0
3218.024;97.8834915161133;0
3219.189;58.0239410400391;0
3220.354;67.5470275878906;0
3221.519;56.7541465759277;0
3222.682;70.3710708618164;0
3223.845;82.6710205078125;0
3225.01;84.542594909668;0
3226.171;124.763969421387;0
3227.332;136.42529296875;0
3228.494;124.416946411133;0
3229.655;117.911018371582;0
3230.814;102.310829162598;0
3231.973;105.617057800293;0
3233.13;85.2740936279297;0
3234.29;52.282096862793;0
3235.447;77.1506652832031;0
3236.605;105.926094055176;0
3237.76;138.719696044922;0
3238.916;112.308723449707;0
3240.071;79.6931686401367;0
3241.224;80.207275390625;0
3242.381;95.7197341918945;0
3243.532;104.786277770996;0
3244.685;80.0267333984375;0
3245.839;62.0651969909668;0
3246.99;58.6711311340332;0
3248.141;49.2484855651855;0
3249.292;81.1895980834961;0
3250.439;90.3715667724609;0
3251.589;114.79411315918;0
3252.739;104.678802490234;0
3253.886;106.692306518555;0
3255.034;116.945724487305;0
3256.18;147.328231811523;0
3257.326;153.839981079102;0
3258.472;143.482177734375;0
3259.617;102.032600402832;0
3260.761;85.6023635864258;0
3261.905;105.734199523926;0
3263.048;124.97518157959;0
3264.19;130.376159667969;0
3265.333;97.4424667358398;0
3266.475;91.6193923950195;0
3267.617;109.35181427002;0
3268.757;167.305419921875;0
3269.896;181.307098388672;0
3271.036;167.843368530273;0
3272.175;140.041168212891;0
3273.313;112.126647949219;0
3274.449;110.767395019531;0
3275.586;104.413932800293;0
3276.722;96.782844543457;0
3277.859;98.6133880615234;0
3278.993;77.3201522827148;0
3280.13;114.466659545898;0
3281.263;105.835266113281;0
3282.395;137.423812866211;0
3283.529;121.679237365723;0
3284.66;130.712829589844;0
3285.794;110.414497375488;0
3286.924;101.597808837891;0
3288.054;91.822624206543;0
3289.185;79.6009063720703;0
3290.313;70.4131317138672;0
3291.443;82.5401382446289;0
3292.571;93.5375671386719;0
3293.698;128.404983520508;0
3294.824;115.639854431152;0
3295.952;105.764213562012;0
3297.077;98.717399597168;0
3298.203;82.7628936767578;0
3299.328;98.3444442749023;0
3300.45;83.7958068847656;0
3301.574;109.893615722656;0
3302.698;99.3045120239258;0
3303.819;79.1923446655273;0
3304.942;51.7265777587891;0
3306.064;67.3516464233398;0
3307.182;117.845489501953;0
3308.303;134.429580688477;0
3309.423;136.679840087891;0
3310.542;107.374504089355;0
3311.66;104.227653503418;0
3312.778;107.393058776855;0
3313.895;109.314949035645;0
3315.012;101.104011535645;0
3316.128;70.4284439086914;0
3317.243;58.6663017272949;0
3318.357;71.3300857543945;0
3319.471;69.6420211791992;0
3320.586;69.2687683105469;0
3321.698;63.211483001709;0
3322.813;69.4712677001953;0
3323.923;83.0488662719727;0
3325.034;91.3891220092773;0
3326.146;130.151657104492;0
3327.255;119.114959716797;0
3328.366;124.625061035156;0
3329.474;105.91325378418;0
3330.582;123.483085632324;0
3331.691;121.163032531738;0
3332.797;125.450332641602;0
3333.905;121.846702575684;0
3335.011;101.871688842773;0
3336.116;94.0686874389648;0
3337.22;84.5369033813477;0
3338.327;100.786376953125;0
3339.429;50.9237213134766;0
3340.534;52.6147041320801;0
3341.635;52.9639320373535;0
3342.737;62.7381362915039;0
3343.84;71.7380752563477;0
3344.94;45.515869140625;0
3346.041;90.164924621582;0
3347.142;80.8137741088867;0
3348.24;93.9074020385742;0
3349.337;76.7800445556641;0
3350.437;81.7645492553711;0
3351.534;88.0822448730469;0
3352.633;68.2884674072266;0
3353.727;49.8280448913574;0
3354.823;45.9074821472168;0
3355.919;76.2844543457031;0
3357.013;66.2502365112305;0
3358.108;62.6388282775879;0
3359.201;51.8040084838867;0
3360.293;107.974296569824;0
3361.385;101.809196472168;0
3362.478;83.9133377075195;0
3363.569;73.5712280273438;0
3364.661;107.338569641113;0
3365.75;124.995223999023;0
3366.838;85.3178405761719;0
3367.929;54.3125495910645;0
3369.017;85.6952590942383;0
3370.105;92.6933212280274;0
3371.193;118.633453369141;0
3372.279;96.0223922729492;0
3373.364;109.502822875977;0
3374.45;102.639694213867;0
3375.534;113.778221130371;0
3376.62;134.141845703125;0
3377.704;153.514831542969;0
3378.786;142.457885742188;0
3379.871;104.746162414551;0
3380.951;71.6010360717773;0
3382.034;90.4278717041016;0
3383.114;92.3794937133789;0
3384.195;104.682075500488;0
3385.276;93.6741790771484;0
3386.354;140.465286254883;0
3387.433;163.082412719727;0
3388.511;153.294860839844;0
3389.588;130.945098876953;0
3390.664;135.613510131836;0
3391.742;136.620513916016;0
3392.816;149.186309814453;0
3393.893;127.816627502441;0
3394.968;116.572090148926;0
3396.042;81.3956146240234;0
3397.115;86.9354858398438;0
3398.189;78.4669189453125;0
3399.262;87.5822448730469;0
3400.333;67.7600326538086;0
3401.404;103.787239074707;0
3402.474;86.4718856811524;0
3403.545;107.481979370117;0
3404.615;87.1490707397461;0
3405.685;104.473434448242;0
3406.752;84.6769866943359;0
3407.82;95.3121337890625;0
3408.888;99.1612167358398;0
3409.955;121.891540527344;0
3411.021;149.167846679688;0
3412.085;157.355239868164;0
3413.151;150.145324707031;0
3414.215;124.80005645752;0
3415.279;123.107818603516;0
3416.343;121.852729797363;0
3417.406;115.709938049316;0
3418.468;116.446647644043;0
3419.53;102.937339782715;0
3420.592;95.1666793823242;0
3421.652;98.7427291870117;0
3422.712;83.536018371582;0
3423.773;89.0622177124023;0
3424.83;70.5827865600586;0
3425.889;96.2686996459961;0
3426.946;92.7264099121093;0
3428.005;78.7372512817383;0
3429.061;81.5280685424805;0
3430.117;83.3234786987305;0
3431.172;97.5620880126953;0
3432.227;81.1423950195313;0
3433.281;63.5543670654297;0
3434.335;38.1364021301269;0
3435.389;42.3823509216309;0
3436.44;52.9668769836426;0
3437.492;83.1041717529297;0
3438.546;92.5667877197265;0
3439.598;117.808120727539;0
3440.646;102.383728027344;0
3441.697;94.9114227294922;0
3442.745;94.7650299072266;0
3443.793;109.611763000488;0
3444.842;113.893890380859;0
3445.891;96.4998550415039;0
3446.937;118.029022216797;0
3447.984;123.473686218262;0
3449.031;136.863616943359;0
3450.075;115.675926208496;0
3451.12;96.614631652832;0
3452.164;84.6029891967774;0
3453.207;91.2042617797852;0
3454.251;94.5998611450195;0
3455.293;83.8265609741211;0
3456.336;84.2362518310547;0
3457.378;77.6584396362305;0
3458.417;89.5951690673828;0
3459.458;84.1394653320313;0
3460.498;90.0312576293945;0
3461.539;63.3316421508789;0
3462.577;80.1078186035156;0
3463.614;70.9847259521485;0
3464.651;114.071662902832;0
3465.689;75.0976104736328;0
3466.726;112.135047912598;0
3467.763;121.249649047852;0
3468.798;126.107139587402;0
3469.831;110.436492919922;0
3470.866;81.0849227905273;0
3471.9;91.5060653686523;0
3472.933;81.2316970825196;0
3473.966;63.6134185791016;0
3474.999;54.3070411682129;0
3476.029;30.658073425293;0
3477.061;41.5491409301758;0
3478.09;33.6694679260254;0
3479.121;50.2510833740234;0
3480.15;44.7606315612793;0
3481.178;59.1516723632813;0
3482.205;40.8940925598145;0
3483.234;46.0110282897949;0
3484.26;31.1723957061768;0
3485.288;64.4051895141602;0
3486.313;62.945629119873;0
3487.337;87.1202316284179;0
3488.364;84.9426116943359;0
3489.387;93.1642990112305;0
3490.411;65.9814376831055;0
3491.434;57.6786193847656;0
3492.456;45.4959030151367;0
3493.479;45.3186950683594;0
3494.5;43.2089614868164;0
3495.521;44.2082672119141;0
3496.543;25.6930065155029;0
3497.561;16.1593036651611;0
3498.579;7.2015700340271;0
3499.6;32.2670555114746;0
3500.618;24.2142944335938;0
3501.636;14.4187536239624;0
3502.653;-5.47334671020508;0
3503.669;11.4151582717896;0
3504.685;15.2377595901489;0
3505.699;26.5258636474609;0
3506.716;-0.661305367946625;0
3507.729;-19.2482261657715;0
3508.743;-20.0734958648682;0
3509.755;-10.7708330154419;0
