98.64605;0;0
101.2353;0;0
103.8217;0;0
106.4096;-19.6296291351318;0
108.9945;50.9555549621582;0
111.5767;28.3650798797607;0
114.1602;-20.8518524169922;0
116.7409;-73.6161651611328;0
119.3209;-39.9743576049805;0
121.9002;18.8370361328125;0
124.4788;49.2091522216797;0
127.0566;12.134503364563;0
129.6317;10.9312171936035;0
132.2038;-18.937198638916;0
134.7796;9.13777732849121;0
137.3503;-12.6296300888062;0
139.9204;22.7892723083496;0
142.4919;108.946235656738;0
145.0584;150.508422851563;0
147.6242;150.695236206055;0
150.1914;225.159164428711;0
152.7579;255.253555297852;0
155.3216;277.490509033203;0
157.8846;242.434112548828;0
160.4448;325.34814453125;0
163.0085;389.576843261719;0
165.5672;386.360534667969;0
168.1232;318.59912109375;0
170.6826;360.741058349609;0
173.2372;472.162780761719;0
175.7931;578.217590332031;0
178.3463;543.798095703125;0
180.8966;537.670715332031;0
183.4504;519.60595703125;0
185.9993;582.750793457031;0
188.5476;596.226196289063;0
191.0972;674.735290527344;0
193.644;670.77392578125;0
196.1859;706.317138671875;0
198.7335;713.521118164063;0
201.2761;650.45654296875;0
203.8201;596.439208984375;0
206.3593;567.027404785156;0
208.8998;612.856262207031;0
211.4397;665.822509765625;0
213.9746;691.826171875;0
216.5109;697.017761230469;0
219.0487;734.184814453125;0
221.5816;769.258178710938;0
224.1158;823.193969726563;0
226.6473;846.589294433594;0
229.176;845.984252929688;0
231.7082;919.15478515625;0
234.2355;927.558898925781;0
236.7643;931.636901855469;0
239.2902;914.249450683594;0
241.8133;905.438842773437;0
244.3379;857.911560058594;0
246.8618;844.647766113281;0
249.3828;845.092407226562;0
251.9053;908.488098144531;0
254.423;872.225891113281;0
256.942;821.421569824219;0
259.4603;784.672607421875;0
261.9759;784.038391113281;0
264.4887;846.448303222656;0
267.005;834.360412597656;0
269.5164;844.8251953125;0
272.0292;840.767883300781;0
274.5393;944.138366699219;0
277.0466;1001.74609375;0
279.5574;1033.56945800781;0
282.0654;967.371826171875;0
284.5686;968.298034667969;0
287.0752;993.549499511719;0
289.5791;1047.0712890625;0
292.0803;986.171691894531;0
294.5828;936.284912109375;0
297.0826;921.283203125;0
299.5838;907.839050292969;0
302.0801;885.545715332031;0
304.5758;789.402648925781;0
307.0749;756.849365234375;0
309.5672;730.936096191406;0
312.0608;799.606079101563;0
314.5558;817.724914550781;0
317.044;838.106262207031;0
319.5377;752.106384277344;0
322.0266;785.248840332031;0
324.5127;777.706665039063;0
327.0023;825.945983886719;0
329.4871;790.454284667969;0
331.9691;787.024719238281;0
334.4547;851.762268066406;0
336.9353;884.298583984375;0
339.4174;902.982666015625;0
341.901;910.75;0
344.3776;989.636840820312;0
346.8577;1046.94909667969;0
349.333;1076.98095703125;0
351.8076;993.95263671875;0
354.2857;932.194885253906;0
356.7569;870.829956054687;0
359.2296;858.560791015625;0
361.7015;857.069458007813;0
364.1729;875.44775390625;0
366.6414;942.30078125;0
369.1093;945.249084472656;0
371.5745;917.67138671875;0
374.0432;874.618347167969;0
376.507;825.210266113281;0
378.9702;807.851745605469;0
381.4348;767.782104492188;0
383.8947;864.66455078125;0
386.3538;896.922790527344;0
388.8144;941.547729492188;0
391.2722;935.856506347656;0
393.7314;924.650390625;0
396.1859;1023.33782958984;0
398.6418;1012.22796630859;0
401.0949;1091.08837890625;0
403.5475;1057.18188476563;0
405.9972;1105.26525878906;0
408.4505;1092.28771972656;0
410.899;1112.79614257813;0
413.3468;1035.16638183594;0
415.796;1026.53356933594;0
418.2405;1007.27978515625;0
420.6884;1078.64196777344;0
423.1295;1068.23950195312;0
425.572;1066.8935546875;0
428.0159;1043.02136230469;0
430.455;973.335632324219;0
432.8956;861.961120605469;0
435.3335;799.716613769531;0
437.7707;776.578979492188;0
440.2093;870.110900878906;0
442.6432;877.279357910156;0
445.0764;903.223693847656;0
447.511;841.779479980469;0
449.9429;857.034606933594;0
452.3721;858.777954101563;0
454.8048;868.170959472656;0
457.2328;818.600708007813;0
459.66;877.845397949219;0
462.0847;839.956604003906;0
464.5127;908.988891601563;0
466.9381;842.874328613281;0
469.3587;916.8203125;0
471.7807;866.706726074219;0
474.2042;880.457885742188;0
476.6229;863.556091308594;0
479.041;924.366760253906;0
481.4604;953.448364257812;0
483.8752;945.70751953125;0
486.2934;952.177307128906;0
488.7068;951.464782714844;0
491.1197;1025.03967285156;0
493.5339;966.398376464844;0
495.9435;895.763122558594;0
498.3544;783.135803222656;0
500.7667;771.063049316406;0
503.1723;801.014282226563;0
505.5793;760.317810058594;0
507.9856;770.828735351563;0
510.3913;726.535522460938;0
512.7944;738.142883300781;0
515.1968;670.648864746094;0
517.5986;667.755798339844;0
519.9997;704.680419921875;0
522.3982;757.66162109375;0
524.798;714.544921875;0
527.1973;637.047302246094;0
529.5919;650.195739746094;0
531.9899;687.124267578125;0
534.3832;808.688171386719;0
536.7758;769.625732421875;0
539.1699;796.495727539063;0
541.5593;752.778991699219;0
543.9481;825.390319824219;0
546.3382;843.345275878906;0
548.7257;839.940490722656;0
551.1146;837.871459960938;0
553.4968;864.349548339844;0
555.8824;892.638732910156;0
558.2675;844.572570800781;0
560.6478;838.097229003906;0
563.0295;780.327026367188;0
565.4106;782.928649902344;0
567.7911;716.679931640625;0
570.169;722.909362792969;0
572.5462;686.733703613281;0
574.9229;726.484069824219;0
577.2968;634.939392089844;0
579.6721;654.034912109375;0
582.0449;624.747009277344;0
584.417;639.251953125;0
586.7885;671.383972167969;0
589.1553;656.709289550781;0
591.5255;701.981140136719;0
593.8931;652.102294921875;0
596.2601;701.091735839844;0
598.6265;664.460754394531;0
600.9902;620.083129882813;0
603.3554;603.478515625;0
605.7179;648.290588378906;0
608.0778;737.735717773438;0
610.4391;751.674560546875;0
612.7977;746.097229003906;0
615.1558;658.692138671875;0
617.5132;667.272399902344;0
619.8701;686.301818847656;0
622.2263;759.382202148438;0
624.5779;781.915466308594;0
626.9308;847.19189453125;0
629.2852;906.150939941406;0
631.6349;908.713439941406;0
633.9841;921.27685546875;0
636.3326;892.777099609375;0
638.6805;921.463745117188;0
641.0279;898.538269042969;0
643.3746;884.122680664062;0
645.7187;833.754943847656;0
648.0621;830.247741699219;0
650.405;829.042236328125;0
652.7453;871.428405761719;0
655.087;891.812744140625;0
657.426;923.507263183594;0
659.7645;928.304870605469;0
662.1024;925.646789550781;0
664.4376;912.704895019531;0
666.7742;914.592590332031;0
669.1063;865.186279296875;0
671.4398;882.131774902344;0
673.7726;817.035888671875;0
676.1048;780.225158691406;0
678.4324;744.297790527344;0
680.7635;739.46923828125;0
683.0919;797.411193847656;0
685.4158;729.222229003906;0
687.743;695.605041503906;0
690.0696;650.345275878906;0
692.3937;731.686584472656;0
694.7151;772.983093261719;0
697.038;813.567199707031;0
699.3583;752.211242675781;0
701.6779;799.0224609375;0
703.995;702.665893554688;0
706.3155;645.36328125;0
708.6294;554.005432128906;0
710.9467;619.526672363281;0
713.2594;705.592529296875;0
715.5735;663.595336914063;0
717.887;712.480407714844;0
720.1979;751.901977539063;0
722.5083;859.508117675781;0
724.818;788.301940917969;0
727.1252;705.777038574219;0
729.4357;678.212646484375;0
731.7418;705.886474609375;0
734.0452;715.583190917969;0
736.35;701.549743652344;0
738.6522;713.003540039063;0
740.9539;684.771423339844;0
743.2569;701.25927734375;0
745.5554;609.972045898438;0
747.8553;594.947326660156;0
750.1545;535.075561523438;0
752.4513;571.575561523438;0
754.7474;521.932006835938;0
757.043;530.340698242188;0
759.336;477.927368164063;0
761.6304;556.616394042969;0
763.9222;507.864196777344;0
766.2114;490.621520996094;0
768.5041;452.523071289063;0
770.7922;479.923797607422;0
773.0777;519.998840332031;0
775.3647;514.773193359375;0
777.651;543.032104492188;0
779.9368;496.880065917969;0
782.22;498.285614013672;0
784.5026;484.544921875;0
786.7847;530.173095703125;0
789.0662;524.538330078125;0
791.3451;553.93896484375;0
793.6254;614.87353515625;0
795.9012;715.81591796875;0
798.1784;767.027954101563;0
800.455;707.045532226563;0
802.7291;657.534606933594;0
805.0026;585.161315917969;0
807.2755;711.406127929688;0
809.5478;672.903076171875;0
811.8176;664.759765625;0
814.0869;623.420349121094;0
816.3535;635.283020019531;0
818.6235;645.268981933594;0
820.8911;605.725769042969;0
823.156;678.231872558594;0
825.4204;729.960388183594;0
827.6823;780.999755859375;0
829.9474;764.510864257813;0
832.2082;804.160949707031;0
834.4683;856.506103515625;0
836.7279;865.213562011719;0
838.9869;779.83935546875;0
841.2453;737.051208496094;0
843.5012;774.960754394531;0
845.7565;774.183471679687;0
848.0133;787.608703613281;0
850.2655;731.734497070313;0
852.5153;770.593811035156;0
854.7703;739.333129882813;0
857.0189;693.957153320313;0
859.2668;651.170166015625;0
861.5182;605.417053222656;0
863.7651;574.141784667969;0
866.0114;533.938720703125;0
868.2592;502.215454101563;0
870.5024;484.859130859375;0
872.7451;472.541320800781;0
874.9872;419.707733154297;0
877.2307;448.309875488281;0
879.4717;455.509674072266;0
881.7101;446.418151855469;0
883.95;413.589416503906;0
886.1854;430.582550048828;0
888.4202;444.726287841797;0
890.6604;457.022064208984;0
892.8941;467.248687744141;0
895.1253;491.612823486328;0
897.3599;532.247375488281;0
899.59;469.819915771484;0
901.8195;447.442810058594;0
904.0504;438.030303955078;0
906.2789;408.028167724609;0
908.5087;372.156707763672;0
910.7341;416.100769042969;0
912.9589;416.754852294922;0
915.1851;482.705017089844;0
917.4088;385.48876953125;0
919.63;393.168640136719;0
921.8526;343.861328125;0
924.0727;341.75244140625;0
926.2922;369.552734375;0
928.5112;362.891021728516;0
930.7277;349.606292724609;0
932.9476;285.920715332031;0
935.163;235.38850402832;0
937.3739;146.340774536133;0
939.5901;119.185134887695;0
941.8019;122.197463989258;0
944.0151;118.76456451416;0
946.2258;154.661727905273;0
948.4341;157.732894897461;0
950.6456;184.555618286133;0
952.8527;164.630157470703;0
955.0593;143.933212280273;0
957.2653;141.152755737305;0
959.4689;82.6286239624023;0
961.6738;94.4540252685547;0
963.8782;113.517845153809;0
966.0782;164.486755371094;0
968.2815;115.027435302734;0
970.4803;79.6954193115234;0
972.6787;64.4893035888672;0
974.8784;60.7455291748047;0
977.0757;76.9116592407227;0
979.2704;23.3210277557373;0
981.4667;46.8637275695801;0
983.6603;46.9864158630371;0
985.8535;91.3547210693359;0
988.0461;151.299957275391;0
990.2363;153.155151367188;0
992.4297;218.363250732422;0
994.6169;275.898651123047;0
996.8035;346.024139404297;0
998.9933;470.602233886719;0
1001.179;487.434997558594;0
1003.364;621.611877441406;0
1005.55;577.821594238281;0
1007.732;647.447509765625;0
1009.916;575.769226074219;0
1012.096;591.89794921875;0
1014.275;542.056396484375;0
1016.459;519.909973144531;0
1018.636;552.235168457031;0
1020.813;563.249572753906;0
1022.991;588.398254394531;0
1025.165;596.012817382813;0
1027.34;580.645874023438;0
1029.515;512.296325683594;0
1031.687;427.075775146484;0
1033.859;442.763977050781;0
1036.03;497.804443359375;0
1038.199;499.090759277344;0
1040.369;449.0693359375;0
1042.536;393.185211181641;0
1044.704;358.104370117188;0
1046.87;397.606048583984;0
1049.034;413.355865478516;0
1051.198;396.688903808594;0
1053.363;342.940277099609;0
1055.526;330.444732666016;0
1057.686;388.313293457031;0
1059.845;341.545989990234;0
1062.005;318.031707763672;0
1064.165;344.437072753906;0
1066.323;381.099151611328;0
1068.477;364.017883300781;0
1070.634;311.949432373047;0
1072.788;237.283645629883;0
1074.942;208.690643310547;0
1077.096;226.665802001953;0
1079.247;281.83154296875;0
1081.397;346.035736083984;0
1083.547;269.947540283203;0
1085.695;246.150970458984;0
1087.844;237.852310180664;0
1089.992;336.496032714844;0
1092.138;355.415405273438;0
1094.284;421.499389648438;0
1096.425;307.414642333984;0
1098.571;318.494445800781;0
1100.711;254.517547607422;0
1102.851;321.925262451172;0
1104.994;343.381164550781;0
1107.132;346.551879882813;0
1109.271;268.323791503906;0
1111.408;256.472442626953;0
1113.543;260.553070068359;0
1115.682;320.010101318359;0
1117.816;206.84358215332;0
1119.947;140.053482055664;0
1122.08;100.665374755859;0
1124.213;142.017837524414;0
1126.343;191.155120849609;0
1128.474;243.656311035156;0
1130.602;271.320861816406;0
1132.728;287.902770996094;0
1134.856;260.179809570313;0
1136.982;277.152008056641;0
1139.109;327.152648925781;0
1141.234;320.403472900391;0
1143.356;403.460083007813;0
1145.479;319.877990722656;0
1147.599;328.991577148438;0
1149.719;258.576385498047;0
1151.839;262.185577392578;0
1153.957;212.37467956543;0
1156.076;101.143684387207;0
1158.191;88.4910659790039;0
1160.305;200.649261474609;0
1162.423;326.257659912109;0
1164.536;369.333587646484;0
1166.647;294.211547851563;0
1168.761;235.779815673828;0
1170.871;261.445129394531;0
1172.983;302.956665039063;0
1175.092;328.337677001953;0
1177.2;384.773864746094;0
1179.306;393.893432617188;0
1181.413;484.250244140625;0
1183.518;429.844268798828;0
1185.623;420.231140136719;0
1187.725;338.855255126953;0
1189.826;338.605499267578;0
1191.929;333.811553955078;0
1194.032;358.918243408203;0
1196.13;329.592346191406;0
1198.23;358.502166748047;0
1200.327;317.535949707031;0
1202.423;342.252319335938;0
1204.52;290.010070800781;0
1206.613;277.888763427734;0
1208.71;261.330535888672;0
1210.801;277.446441650391;0
1212.892;315.570343017578;0
1214.987;264.0361328125;0
1217.075;254.288818359375;0
1219.166;235.663314819336;0
1221.256;277.389007568359;0
1223.342;297.349578857422;0
1225.43;351.547454833984;0
1227.515;393.5390625;0
1229.597;495.992034912109;0
1231.685;493.906829833984;0
1233.767;473.951019287109;0
1235.85;369.903015136719;0
1237.931;379.655700683594;0
1240.009;386.876403808594;0
1242.09;429.232330322266;0
1244.168;419.280181884766;0
1246.245;406.246520996094;0
1248.321;309.977996826172;0
1250.397;239.235504150391;0
1252.472;278.085540771484;0
1254.547;328.861419677734;0
1256.618;408.451354980469;0
1258.69;372.188659667969;0
1260.761;290.295562744141;0
1262.83;221.105392456055;0
1264.901;154.173706054688;0
1266.969;177.928009033203;0
1269.035;187.472808837891;0
1271.102;194.28173828125;0
1273.167;182.795486450195;0
1275.233;192.015045166016;0
1277.295;280.051513671875;0
1279.359;359.571594238281;0
1281.42;289.908599853516;0
1283.482;227.828033447266;0
1285.542;244.467987060547;0
1287.6;304.143981933594;0
1289.659;351.521514892578;0
1291.714;321.489501953125;0
1293.774;348.530029296875;0
1295.828;357.780578613281;0
1297.881;377.106475830078;0
1299.936;383.764831542969;0
1301.987;328.680267333984;0
1304.041;383.741729736328;0
1306.09;331.726928710938;0
1308.139;388.080352783203;0
1310.19;347.913116455078;0
1312.238;457.891845703125;0
1314.286;473.461029052734;0
1316.331;488.175811767578;0
1318.376;477.480499267578;0
1320.422;468.817932128906;0
1322.466;470.2998046875;0
1324.508;446.704681396484;0
1326.549;396.588073730469;0
1328.59;379.616668701172;0
1330.632;378.568115234375;0
1332.67;422.664123535156;0
1334.707;452.126312255859;0
1336.746;437.065338134766;0
1338.78;432.702819824219;0
1340.816;400.481567382813;0
1342.852;335.283386230469;0
1344.885;332.891235351563;0
1346.916;323.413787841797;0
1348.948;362.961273193359;0
1350.979;369.643890380859;0
1353.011;300.683319091797;0
1355.04;344.189849853516;0
1357.066;306.273895263672;0
1359.094;405.153717041016;0
1361.121;283.273071289063;0
1363.145;279.409210205078;0
1365.171;221.116577148438;0
1367.192;224.725845336914;0
1369.216;214.010116577148;0
1371.239;202.079544067383;0
1373.258;258.043701171875;0
1375.28;237.458114624023;0
1377.298;232.322814941406;0
1379.316;172.971130371094;0
1381.335;221.625289916992;0
1383.35;209.174163818359;0
1385.366;246.839996337891;0
1387.38;111.418991088867;0
1389.394;71.9177474975586;0
1391.409;109.965263366699;0
1393.42;111.351554870605;0
1395.43;100.633880615234;0
1397.44;108.923347473145;0
1399.451;199.553298950195;0
1401.458;243.279373168945;0
1403.466;160.767395019531;0
1405.472;123.317749023438;0
1407.478;149.104248046875;0
1409.483;156.57160949707;0
1411.486;200.720977783203;0
1413.49;132.776260375977;0
1415.492;173.849716186523;0
1417.492;150.497680664063;0
1419.495;154.275726318359;0
1421.494;211.406066894531;0
1423.492;185.555358886719;0
1425.49;248.945831298828;0
1427.487;113.799728393555;0
1429.482;163.672576904297;0
1431.477;141.786605834961;0
1433.471;218.030715942383;0
1435.466;248.071563720703;0
1437.456;229.464706420898;0
1439.447;233.765686035156;0
1441.441;215.640228271484;0
1443.427;301.642791748047;0
1445.417;321.217864990234;0
1447.406;339.809814453125;0
1449.392;355.529846191406;0
1451.381;412.822326660156;0
1453.365;440.465057373047;0
1455.348;438.935424804688;0
1457.333;422.089416503906;0
1459.314;379.014526367188;0
1461.296;392.179718017578;0
1463.276;310.221496582031;0
1465.256;281.364959716797;0
1467.237;251.970687866211;0
1469.215;357.88427734375;0
1471.19;430.853393554688;0
1473.167;433.974060058594;0
1475.145;422.585266113281;0
1477.118;387.881744384766;0
1479.092;381.197784423828;0
1481.065;338.434509277344;0
1483.038;321.134307861328;0
1485.008;362.295440673828;0
1486.979;362.473297119141;0
1488.949;403.556732177734;0
1490.917;369.212432861328;0
1492.883;357.4404296875;0
1494.852;322.353668212891;0
1496.817;319.063293457031;0
1498.782;339.902587890625;0
1500.748;370.538299560547;0
1502.708;325.52734375;0
1504.673;241.981323242188;0
1506.634;225.22834777832;0
1508.594;233.502868652344;0
1510.554;342.351959228516;0
1512.512;304.330505371094;0
1514.471;293.883392333984;0
1516.428;214.455108642578;0
1518.384;170.289962768555;0
1520.34;142.722152709961;0
1522.294;176.562408447266;0
1524.249;268.748016357422;0
1526.202;305.057556152344;0
1528.153;303.712127685547;0
1530.103;304.48779296875;0
1532.054;286.494567871094;0
1534.004;303.509368896484;0
1535.951;330.31005859375;0
1537.899;439.785430908203;0
1539.847;466.491119384766;0
1541.793;444.315948486328;0
1543.738;337.259979248047;0
1545.681;331.212066650391;0
1547.625;298.505523681641;0
1549.566;333.473754882813;0
1551.509;320.450012207031;0
1553.45;277.878784179688;0
1555.389;289.426727294922;0
1557.33;241.31608581543;0
1559.266;258.102386474609;0
1561.204;318.896728515625;0
1563.141;377.143615722656;0
1565.074;369.844635009766;0
1567.009;259.110961914063;0
1568.943;219.720489501953;0
1570.877;261.195831298828;0
1572.808;204.681564331055;0
1574.741;156.201232910156;0
1576.67;150.174789428711;0
1578.6;143.74348449707;0
1580.528;206.460052490234;0
1582.455;142.519409179688;0
1584.382;141.409317016602;0
1586.307;50.2714080810547;0
1588.234;49.456169128418;0
1590.157;58.8468971252441;0
1592.081;41.2494773864746;0
1594.002;2.77408003807068;0
1595.927;21.9640197753906;0
1597.845;45.1658134460449;0
1599.767;75.8239059448242;0
1601.685;100.716438293457;0
1603.602;108.843406677246;0
1605.523;126.317771911621;0
1607.438;120.472869873047;0
1609.354;142.084594726563;0
1611.269;202.486267089844;0
1613.181;181.789016723633;0
1615.096;140.452346801758;0
1617.008;30.0153045654297;0
1618.92;-20.1907157897949;0
1620.83;8.173828125;0
1622.74;66.3914260864258;0
1624.649;133.509155273438;0
1626.557;180.081558227539;0
1628.464;192.552627563477;0
1630.37;274.587677001953;0
1632.275;348.851623535156;0
1634.18;434.695434570313;0
1636.085;415.835723876953;0
1637.988;366.75927734375;0
1639.888;403.131713867188;0
1641.791;399.064086914063;0
1643.691;430.112030029297;0
1645.588;392.164367675781;0
1647.489;422.776702880859;0
1649.387;404.060119628906;0
1651.284;451.347961425781;0
1653.18;456.306884765625;0
1655.075;525.714660644531;0
1656.972;497.793548583984;0
1658.864;467.543518066406;0
1660.754;389.297912597656;0
1662.65;385.501159667969;0
1664.539;406.486602783203;0
1666.428;456.365356445313;0
1668.32;424.026336669922;0
1670.207;387.691711425781;0
1672.096;438.694854736328;0
1673.982;526.924621582031;0
1675.867;582.71435546875;0
1677.754;528.840209960938;0
1679.638;511.413269042969;0
1681.52;497.098937988281;0
1683.403;502.008331298828;0
1685.285;444.917877197266;0
1687.166;429.381256103516;0
1689.048;385.731414794922;0
1690.924;352.301361083984;0
1692.804;411.424377441406;0
1694.682;406.989105224609;0
1696.558;471.217620849609;0
1698.435;412.550445556641;0
1700.308;439.164398193359;0
1702.184;429.547119140625;0
1704.057;415.475250244141;0
1705.929;358.5029296875;0
1707.801;315.7412109375;0
1709.674;365.856811523438;0
1711.542;392.071899414063;0
1713.412;338.275024414063;0
1715.28;256.132843017578;0
1717.145;220.414855957031;0
1719.015;227.460021972656;0
1720.88;220.379440307617;0
1722.746;184.839797973633;0
1724.61;100.716255187988;0
1726.471;108.882659912109;0
1728.334;111.70246887207;0
1730.197;133.396011352539;0
1732.057;68.6289596557617;0
1733.919;88.6819229125977;0
1735.777;148.497467041016;0
1737.634;212.964157104492;0
1739.493;199.973022460938;0
1741.349;105.63826751709;0
1743.205;74.6291961669922;0
1745.061;69.9300918579102;0
1746.915;139.185974121094;0
1748.77;201.326202392578;0
1750.621;203.017471313477;0
1752.473;262.151214599609;0
1754.323;221.729522705078;0
1756.173;294.974578857422;0
1758.022;265.664215087891;0
1759.87;290.909515380859;0
1761.718;252.377136230469;0
1763.566;322.289306640625;0
1765.411;356.090484619141;0
1767.256;317.336212158203;0
1769.101;278.359832763672;0
1770.945;201.828018188477;0
1772.787;313.296295166016;0
1774.629;325.986907958984;0
1776.469;423.677612304688;0
1778.309;351.146240234375;0
1780.15;309.948272705078;0
1781.987;226.417114257813;0
1783.826;179.273986816406;0
1785.662;195.130981445313;0
1787.498;267.912750244141;0
1789.334;308.916839599609;0
1791.169;336.260192871094;0
1793.002;282.826965332031;0
1794.834;370.284698486328;0
1796.667;390.079711914063;0
1798.498;447.4345703125;0
1800.328;379.349670410156;0
1802.157;378.491668701172;0
1803.986;259.179107666016;0
1805.813;212.351867675781;0
1807.639;178.993667602539;0
1809.467;219.611175537109;0
1811.292;270.792907714844;0
1813.117;279.872711181641;0
1814.94;316.852020263672;0
1816.763;362.397552490234;0
1818.585;383.816223144531;0
1820.407;355.801116943359;0
1822.227;246.893646240234;0
1824.048;171.330139160156;0
1825.865;198.339309692383;0
1827.683;237.471038818359;0
1829.501;215.725357055664;0
1831.317;179.657791137695;0
1833.135;107.613899230957;0
1834.948;160.482559204102;0
1836.761;159.026504516602;0
1838.577;200.803161621094;0
1840.388;96.9219360351563;0
1842.198;87.7048721313477;0
1844.009;110.051208496094;0
1845.819;205.850158691406;0
1847.629;201.432907104492;0
1849.436;193.353225708008;0
1851.244;133.609725952148;0
1853.052;81.6445922851563;0
1854.858;151.096237182617;0
1856.661;171.437362670898;0
1858.466;273.001281738281;0
1860.269;231.229904174805;0
1862.073;219.34326171875;0
1863.875;268.783996582031;0
1865.673;235.107879638672;0
1867.476;273.537109375;0
1869.275;180.628479003906;0
1871.072;181.715835571289;0
1872.872;230.355224609375;0
1874.667;250.547134399414;0
1876.464;284.513824462891;0
1878.26;249.811172485352;0
1880.053;212.995697021484;0
1881.849;263.623657226563;0
1883.64;282.917510986328;0
1885.431;246.43327331543;0
1887.226;194.171722412109;0
1889.014;108.80005645752;0
1890.803;165.708572387695;0
1892.594;111.063507080078;0
1894.38;169.496246337891;0
1896.167;103.820838928223;0
1897.955;161.255310058594;0
1899.74;147.471527099609;0
1901.526;220.025543212891;0
1903.309;162.917861938477;0
1905.091;186.482315063477;0
1906.876;156.941619873047;0
1908.658;114.296279907227;0
1910.438;60.6729698181152;0
1912.217;61.3546752929688;0
1913.996;46.6942367553711;0
1915.775;106.562210083008;0
1917.553;95.7717056274414;0
1919.33;104.212112426758;0
1921.106;74.5506057739258;0
1922.881;48.8982925415039;0
1924.655;77.2815322875977;0
1926.431;2.89630055427551;0
1928.202;65.9017333984375;0
1929.974;33.1391868591309;0
1931.746;73.2758407592773;0
1933.516;66.5344009399414;0
1935.286;99.7882614135742;0
1937.055;166.053009033203;0
1938.823;145.328338623047;0
1940.592;163.503646850586;0
1942.356;115.467819213867;0
1944.122;115.554954528809;0
1945.888;134.655380249023;0
1947.651;105.802551269531;0
1949.416;87.463493347168;0
1951.178;71.6617584228516;0
1952.939;112.735389709473;0
1954.699;155.390594482422;0
1956.459;136.170303344727;0
1958.219;117.740417480469;0
1959.979;96.3231430053711;0
1961.735;206.628463745117;0
1963.491;148.984069824219;0
1965.249;153.130065917969;0
1967.003;95.9567642211914;0
1968.761;154.243759155273;0
1970.512;181.990859985352;0
1972.265;262.866088867188;0
1974.018;310.979309082031;0
1975.769;345.886444091797;0
1977.522;230.031402587891;0
1979.271;172.527008056641;0
1981.018;174.485321044922;0
1982.766;244.018630981445;0
1984.516;302.1259765625;0
1986.261;288.806671142578;0
1988.009;271.171539306641;0
1989.754;302.664611816406;0
1991.498;299.618438720703;0
1993.241;342.141937255859;0
1994.984;343.346313476563;0
1996.727;319.7890625;0
1998.468;299.472991943359;0
2000.206;256.842346191406;0
2001.946;315.008178710938;0
2003.686;338.414947509766;0
2005.424;330.507110595703;0
2007.161;327.617980957031;0
2008.898;315.969787597656;0
2010.634;421.451446533203;0
2012.369;374.506958007813;0
2014.103;373.578704833984;0
2015.836;332.333282470703;0
2017.57;415.326416015625;0
2019.299;405.224761962891;0
2021.032;410.361663818359;0
2022.762;364.848175048828;0
2024.491;420.683959960938;0
2026.221;408.646423339844;0
2027.947;399.8466796875;0
2029.676;303.282745361328;0
2031.403;363.254638671875;0
2033.128;361.684967041016;0
2034.852;353.686828613281;0
2036.577;279.593536376953;0
2038.299;318.865539550781;0
2040.022;399.043365478516;0
2041.744;367.462615966797;0
2043.465;350.900543212891;0
2045.184;337.690521240234;0
2046.903;335.387329101563;0
2048.621;302.882080078125;0
2050.339;249.475219726563;0
2052.057;205.922393798828;0
2053.774;187.645004272461;0
2055.488;138.305511474609;0
2057.203;187.642654418945;0
2058.917;173.892333984375;0
2060.631;161.056106567383;0
2062.344;84.6900482177734;0
2064.053;31.5291156768799;0
2065.765;36.8943977355957;0
2067.476;90.0815582275391;0
2069.185;154.452743530273;0
2070.892;204.739059448242;0
2072.6;212.670471191406;0
2074.308;199.415435791016;0
2076.014;200.859283447266;0
2077.72;236.668334960938;0
2079.425;230.171234130859;0
2081.13;222.229858398438;0
2082.833;149.417068481445;0
2084.532;181.681427001953;0
2086.236;203.699081420898;0
2087.936;217.50862121582;0
2089.635;243.859146118164;0
2091.335;305.128082275391;0
2093.034;388.650177001953;0
2094.731;339.761657714844;0
2096.427;366.906951904297;0
2098.124;352.195159912109;0
2099.82;400.290161132813;0
2101.515;351.636657714844;0
2103.207;367.012451171875;0
2104.902;350.306365966797;0
2106.594;299.962890625;0
2108.286;283.759826660156;0
2109.976;276.808227539063;0
2111.667;303.774810791016;0
2113.355;289.104370117188;0
2115.044;417.465209960938;0
2116.732;470.524505615234;0
2118.42;506.060485839844;0
2120.105;486.183715820313;0
2121.79;516.338134765625;0
2123.476;584.630310058594;0
2125.16;539.505676269531;0
2126.844;531.880920410156;0
2128.524;460.056274414063;0
2130.207;475.490234375;0
2131.888;487.9599609375;0
2133.567;497.465179443359;0
2135.247;539.447937011719;0
2136.927;549.568359375;0
2138.603;620.281982421875;0
2140.281;643.694274902344;0
2141.957;672.24560546875;0
2143.633;543.228271484375;0
2145.308;535.632202148438;0
2146.981;498.296142578125;0
2148.654;595.654052734375;0
2150.328;501.481170654297;0
2152;465.108612060547;0
2153.669;474.423950195313;0
2155.34;570.09130859375;0
2157.01;657.554748535156;0
2158.677;633.925231933594;0
2160.347;563.646789550781;0
2162.013;442.827453613281;0
2163.681;408.909057617188;0
2165.347;429.221038818359;0
2167.011;492.529418945313;0
2168.674;514.80615234375;0
2170.337;480.083374023438;0
2172.002;424.759063720703;0
2173.662;425.637420654297;0
2175.324;456.748321533203;0
2176.985;511.154357910156;0
2178.645;481.692657470703;0
2180.304;467.732635498047;0
2181.961;440.6826171875;0
2183.618;463.040405273438;0
2185.275;462.019653320313;0
2186.932;417.470825195313;0
2188.586;415.867034912109;0
2190.242;391.386627197266;0
2191.896;376.166320800781;0
2193.547;354.559448242188;0
2195.2;295.742523193359;0
2196.851;311.994934082031;0
2198.502;312.597625732422;0
2200.153;393.439422607422;0
2201.799;389.520385742188;0
2203.447;358.951568603516;0
2205.097;310.732543945313;0
2206.742;304.418273925781;0
2208.391;332.342102050781;0
2210.035;341.616149902344;0
2211.679;381.684906005859;0
2213.324;349.437744140625;0
2214.966;319.651916503906;0
2216.608;342.994384765625;0
2218.252;405.687286376953;0
2219.89;475.750366210938;0
2221.531;451.051696777344;0
2223.172;446.924011230469;0
2224.809;385.675231933594;0
2226.449;358.470672607422;0
2228.086;301.019104003906;0
2229.72;387.385223388672;0
2231.358;395.758392333984;0
2232.992;418.38330078125;0
2234.625;393.033294677734;0
2236.26;383.030517578125;0
2237.893;427.153198242188;0
2239.524;399.627716064453;0
2241.156;363.162200927734;0
2242.785;403.232360839844;0
2244.416;420.540130615234;0
2246.044;520.094360351563;0
2247.672;447.564270019531;0
2249.301;498.840972900391;0
2250.926;492.259124755859;0
2252.554;543.710144042969;0
2254.177;518.75;0
2255.803;548.267700195313;0
2257.427;530.041442871094;0
2259.051;535.73583984375;0
2260.671;511.797882080078;0
2262.294;531.585144042969;0
2263.914;539.392944335938;0
2265.533;515.718627929688;0
2267.153;535.763122558594;0
2268.773;520.620727539063;0
2270.392;542.428588867188;0
2272.006;488.938140869141;0
2273.624;475.753387451172;0
2275.239;448.042114257813;0
2276.854;482.009643554688;0
2278.468;506.229156494141;0
2280.084;556.593078613281;0
2281.695;591.204956054688;0
2283.305;630.029479980469;0
2284.919;641.089172363281;0
2286.527;527.917358398438;0
2288.14;471.304321289063;0
2289.748;393.339904785156;0
2291.354;353.291564941406;0
2292.964;238.990478515625;0
2294.569;226.044158935547;0
2296.174;266.229370117188;0
2297.782;333.657196044922;0
2299.386;308.660461425781;0
2300.99;314.017028808594;0
2302.594;307.282409667969;0
2304.195;345.567291259766;0
2305.798;337.642700195313;0
2307.399;306.962982177734;0
2308.998;305.135650634766;0
2310.598;297.763977050781;0
2312.197;362.847503662109;0
2313.795;391.866455078125;0
2315.392;498.581787109375;0
2316.988;489.430358886719;0
2318.585;512.740173339844;0
2320.18;431.174072265625;0
2321.774;436.043670654297;0
2323.368;357.850555419922;0
2324.961;381.450347900391;0
2326.553;352.613616943359;0
2328.145;298.521606445313;0
2329.735;339.879241943359;0
2331.324;393.171051025391;0
2332.916;478.935638427734;0
2334.503;423.936828613281;0
2336.092;375.724029541016;0
2337.677;336.609954833984;0
2339.263;300.873840332031;0
2340.85;320.807556152344;0
2342.434;318.744018554688;0
2344.018;342.016052246094;0
2345.602;315.179565429688;0
2347.185;277.789794921875;0
2348.768;254.958801269531;0
2350.347;275.575469970703;0
2351.928;401.305969238281;0
2353.51;457.672332763672;0
2355.087;445.376983642578;0
2356.665;387.238708496094;0
2358.243;311.680023193359;0
2359.819;285.285949707031;0
2361.396;277.85302734375;0
2362.972;297.860778808594;0
2364.547;314.531921386719;0
2366.121;314.978057861328;0
2367.694;359.753265380859;0
2369.267;400.634216308594;0
2370.839;436.327056884766;0
2372.411;407.896575927734;0
2373.982;441.837951660156;0
2375.55;413.894409179688;0
2377.118;389.91552734375;0
2378.687;350.228698730469;0
2380.254;365.474029541016;0
2381.821;352.606109619141;0
2383.387;316.275451660156;0
2384.954;259.190734863281;0
2386.516;294.328247070313;0
2388.082;322.354644775391;0
2389.644;338.492645263672;0
2391.209;304.514404296875;0
2392.769;177.419876098633;0
2394.33;232.082244873047;0
2395.892;263.664428710938;0
2397.449;390.913269042969;0
2399.008;368.056213378906;0
2400.568;375.305053710938;0
2402.125;398.162872314453;0
2403.68;426.687377929688;0
2405.238;386.434112548828;0
2406.792;357.367645263672;0
2408.349;360.052124023438;0
2409.902;446.080200195313;0
2411.455;453.558471679688;0
2413.007;490.821990966797;0
2414.558;496.538116455078;0
2416.11;435.593566894531;0
2417.66;437.956848144531;0
2419.21;416.334747314453;0
2420.758;480.523376464844;0
2422.307;400.717193603516;0
2423.855;344.098419189453;0
2425.402;343.689178466797;0
2426.947;388.058990478516;0
2428.492;432.656433105469;0
2430.038;410.258605957031;0
2431.58;455.268096923828;0
2433.124;522.170227050781;0
2434.667;534.298278808594;0
2436.208;488.87451171875;0
2437.75;469.009155273438;0
2439.291;543.257629394531;0
2440.83;559.7294921875;0
2442.369;523.868774414063;0
2443.906;506.342681884766;0
2445.444;481.967620849609;0
2446.981;439.152252197266;0
2448.517;413.296813964844;0
2450.053;403.325378417969;0
2451.587;408.375793457031;0
2453.12;423.353942871094;0
2454.655;436.780334472656;0
2456.187;519.876647949219;0
2457.718;520.753540039063;0
2459.25;494.634155273438;0
2460.781;398.186706542969;0
2462.31;364.600006103516;0
2463.84;396.476623535156;0
2465.368;439.648223876953;0
2466.896;419.933563232422;0
2468.423;372.961700439453;0
2469.949;388.048583984375;0
2471.474;421.687347412109;0
2472.998;404.439361572266;0
2474.522;323.209655761719;0
2476.045;322.622894287109;0
2477.568;352.697631835938;0
2479.09;375.538879394531;0
2480.612;414.174346923828;0
2482.132;440.703887939453;0
2483.653;418.904907226563;0
2485.171;354.682250976563;0
2486.689;369.428131103516;0
2488.208;377.729095458984;0
2489.725;370.918823242188;0
2491.242;376.55322265625;0
2492.757;428.299438476563;0
2494.271;510.829895019531;0
2495.785;460.185607910156;0
2497.3;430.614410400391;0
2498.812;367.147766113281;0
2500.325;330.893157958984;0
2501.837;346.521087646484;0
2503.345;261.080505371094;0
2504.856;242.933532714844;0
2506.366;205.12174987793;0
2507.875;261.866912841797;0
2509.382;239.723281860352;0
2510.889;269.579772949219;0
2512.397;244.323684692383;0
2513.901;252.730758666992;0
2515.406;150.527923583984;0
2516.911;117.925964355469;0
2518.415;167.765762329102;0
2519.918;226.159530639648;0
2521.421;225.991409301758;0
2522.922;198.594711303711;0
2524.423;207.396987915039;0
2525.924;195.564178466797;0
2527.422;191.952621459961;0
2528.923;201.11848449707;0
2530.419;232.057632446289;0
2531.916;228.41716003418;0
2533.415;219.550415039063;0
2534.909;160.344390869141;0
2536.404;131.574249267578;0
2537.899;119.461639404297;0
2539.394;177.340225219727;0
2540.887;225.458694458008;0
2542.38;225.796127319336;0
2543.871;191.197570800781;0
2545.363;109.260795593262;0
2546.852;126.773017883301;0
2548.345;181.613693237305;0
2549.833;234.096374511719;0
2551.321;222.005920410156;0
2552.811;243.486297607422;0
2554.296;254.626983642578;0
2555.78;287.65087890625;0
2557.267;286.779876708984;0
2558.752;277.702270507813;0
2560.237;193.514022827148;0
2561.721;207.104156494141;0
2563.203;305.138732910156;0
2564.687;409.506622314453;0
2566.168;384.54638671875;0
2567.648;311.819641113281;0
2569.129;292.854705810547;0
2570.607;323.477203369141;0
2572.086;339.625885009766;0
2573.565;311.108001708984;0
2575.041;247.146179199219;0
2576.518;173.851516723633;0
2577.994;176.334762573242;0
2579.469;229.373336791992;0
2580.945;350.633911132812;0
2582.418;390.449798583984;0
2583.892;365.669311523438;0
2585.365;350.266479492188;0
2586.835;395.30810546875;0
2588.307;443.015228271484;0
2589.778;404.171295166016;0
2591.248;373.616241455078;0
2592.717;355.765594482422;0
2594.186;354.579772949219;0
2595.652;335.725830078125;0
2597.121;307.649566650391;0
2598.585;337.906494140625;0
2600.052;372.942718505859;0
2601.518;388.537475585938;0
2602.982;369.741119384766;0
2604.446;363.786865234375;0
2605.907;372.057525634766;0
2607.371;396.329742431641;0
2608.83;426.830535888672;0
2610.293;399.893249511719;0
2611.752;333.756988525391;0
2613.213;298.144653320313;0
2614.672;325.533325195313;0
2616.13;410.144592285156;0
2617.587;400.093658447266;0
2619.043;441.066802978516;0
2620.501;493.8212890625;0
2621.957;503.025146484375;0
2623.409;518.902709960938;0
2624.864;501.899932861328;0
2626.318;481.905944824219;0
2627.771;482.894317626953;0
2629.222;423.552581787109;0
2630.673;528.702453613281;0
2632.124;437.523803710938;0
2633.575;465.451751708984;0
2635.023;313.828979492188;0
2636.473;391.119293212891;0
2637.922;376.537322998047;0
2639.368;468.827453613281;0
2640.816;431.788665771484;0
2642.261;442.642791748047;0
2643.705;374.279876708984;0
2645.151;342.567565917969;0
2646.596;324.965423583984;0
2648.037;337.250701904297;0
2649.48;364.978973388672;0
2650.923;325.152038574219;0
2652.364;369.991851806641;0
2653.804;379.053375244141;0
2655.243;399.353179931641;0
2656.683;336.461822509766;0
2658.121;317.734344482422;0
2659.559;312.110260009766;0
2660.997;313.349945068359;0
2662.433;263.395660400391;0
2663.868;256.549591064453;0
2665.305;293.811309814453;0
2666.737;352.507965087891;0
2668.173;362.835510253906;0
2669.606;332.972747802734;0
2671.038;333.547790527344;0
2672.47;340.171752929688;0
2673.901;335.235931396484;0
2675.331;326.488433837891;0
2676.761;309.624633789063;0
2678.189;291.422271728516;0
2679.619;247.659057617187;0
2681.045;246.667785644531;0
2682.473;291.003509521484;0
2683.9;305.332427978516;0
2685.324;300.098480224609;0
2686.749;234.182998657227;0
2688.176;220.901397705078;0
2689.599;184.796173095703;0
2691.021;253.350830078125;0
2692.444;292.111083984375;0
2693.865;375.881134033203;0
2695.287;271.337066650391;0
2696.707;216.785232543945;0
2698.125;166.812316894531;0
2699.545;290.861206054688;0
2700.963;303.419616699219;0
2702.381;347.973297119141;0
2703.798;233.633316040039;0
2705.214;254.955673217773;0
2706.629;216.718444824219;0
2708.046;289.3916015625;0
2709.458;306.047576904297;0
2710.872;320.870361328125;0
2712.285;324.563690185547;0
2713.699;295.437469482422;0
2715.111;267.751495361328;0
2716.52;244.060852050781;0
2717.93;253.761962890625;0
2719.342;252.074234008789;0
2720.749;225.313110351563;0
2722.159;216.884017944336;0
2723.565;201.342544555664;0
2724.971;242.133148193359;0
2726.38;211.811386108399;0
2727.785;226.486358642578;0
2729.19;308.825500488281;0
2730.594;338.496002197266;0
2731.997;341.610198974609;0
2733.401;247.390289306641;0
2734.803;280.724792480469;0
2736.204;300.946807861328;0
2737.606;375.834197998047;0
2739.005;368.258819580078;0
2740.405;378.396728515625;0
2741.806;399.509796142578;0
2743.202;368.7392578125;0
2744.602;338.657653808594;0
2745.998;278.655578613281;0
2747.395;333.654479980469;0
2748.79;408.099731445313;0
2750.185;382.330841064453;0
2751.58;365.373718261719;0
2752.975;380.049774169922;0
2754.366;373.397583007813;0
2755.759;393.251983642578;0
2757.151;352.666168212891;0
2758.542;420.003143310547;0
2759.933;437.456451416016;0
2761.322;413.692718505859;0
2762.71;425.600982666016;0
2764.1;457.292846679687;0
2765.486;495.991027832031;0
2766.875;506.473815917969;0
2768.26;465.519500732422;0
2769.646;469.802215576172;0
2771.031;449.673309326172;0
2772.418;481.590240478516;0
2773.799;466.625061035156;0
2775.184;479.232055664063;0
2776.565;477.607055664063;0
2777.946;505.18505859375;0
2779.328;490.104156494141;0
2780.708;475.222106933594;0
2782.09;441.984924316406;0
2783.469;500.571533203125;0
2784.847;515.051818847656;0
2786.226;569.425720214844;0
2787.603;538.692810058594;0
2788.978;498.297332763672;0
2790.355;501.546997070313;0
2791.731;470.036041259766;0
2793.104;473.247192382813;0
2794.479;439.698883056641;0
2795.853;457.1923828125;0
2797.225;507.801177978516;0
2798.596;475.081298828125;0
2799.967;390.303009033203;0
2801.341;300.469116210938;0
2802.71;259.485900878906;0
2804.077;194.726181030273;0
2805.447;182.634414672852;0
2806.815;164.877243041992;0
2808.183;194.560562133789;0
2809.551;159.932540893555;0
2810.915;134.857376098633;0
2812.282;141.112091064453;0
2813.646;159.660751342773;0
2815.011;182.69140625;0
2816.375;142.493423461914;0
2817.736;109.289138793945;0
2819.099;114.63451385498;0
2820.462;152.863265991211;0
2821.821;132.974990844727;0
2823.182;80.8589477539063;0
2824.542;5.35448884963989;0
2825.901;19.5868358612061;0
2827.261;59.2855949401855;0
2828.617;144.867065429688;0
2829.974;174.641387939453;0
2831.33;191.44108581543;0
2832.686;171.681518554687;0
2834.043;170.029479980469;0
2835.395;178.706512451172;0
2836.75;241.934707641601;0
2838.104;264.268737792969;0
2839.456;287.823425292969;0
2840.807;239.791748046875;0
2842.16;206.864959716797;0
2843.509;229.265258789062;0
2844.858;288.103759765625;0
2846.209;350.269378662109;0
2847.556;311.428741455078;0
2848.906;268.692535400391;0
2850.253;239.426696777344;0
2851.6;268.485870361328;0
2852.946;274.332366943359;0
2854.29;236.836822509766;0
2855.635;197.778137207031;0
2856.98;169.704711914063;0
2858.323;223.202224731445;0
2859.665;233.43391418457;0
2861.008;292.65576171875;0
2862.349;271.681488037109;0
2863.691;304.584533691406;0
2865.031;298.914764404297;0
2866.37;309.410461425781;0
2867.709;263.468048095703;0
2869.048;244.733795166016;0
2870.385;231.189331054688;0
2871.722;272.299011230469;0
2873.059;302.36279296875;0
2874.394;301.079559326172;0
2875.73;281.22705078125;0
2877.064;229.583480834961;0
2878.398;233.037673950195;0
2879.731;213.269012451172;0
2881.063;279.817687988281;0
2882.395;290.358337402344;0
2883.727;360.104583740234;0
2885.059;320.72265625;0
2886.387;385.878662109375;0
2887.717;371.534271240234;0
2889.046;444.741119384766;0
2890.374;406.112884521484;0
2891.699;362.695556640625;0
2893.028;349.515075683594;0
2894.354;382.726440429688;0
2895.679;427.816619873047;0
2897.004;435.934692382812;0
2898.328;491.307495117187;0
2899.653;512.803649902344;0
2900.976;532.067260742188;0
2902.297;443.320220947266;0
2903.619;434.758575439453;0
2904.941;445.190704345703;0
2906.26;481.509552001953;0
2907.58;449.364349365234;0
2908.898;347.177703857422;0
2910.217;300.879333496094;0
2911.536;326.791320800781;0
2912.852;318.941345214844;0
2914.171;338.525695800781;0
2915.485;274.655853271484;0
2916.799;346.221710205078;0
2918.116;354.663879394531;0
2919.428;432.122589111328;0
2920.743;458.57275390625;0
2922.056;465.90283203125;0
2923.367;500.445587158203;0
2924.679;435.757659912109;0
2925.99;442.616638183594;0
2927.299;380.022888183594;0
2928.609;397.165893554688;0
2929.918;391.635375976562;0
2931.226;415.524353027344;0
2932.535;428.962188720703;0
2933.841;419.947570800781;0
2935.149;417.709411621094;0
2936.455;382.99560546875;0
2937.758;418.753509521484;0
2939.064;352.838409423828;0
2940.368;405.658325195313;0
2941.67;366.584228515625;0
2942.973;371.957397460938;0
2944.277;383.039093017578;0
2945.577;370.3212890625;0
2946.878;372.934967041016;0
2948.178;360.009063720703;0
2949.477;350.856628417969;0
2950.776;387.732727050781;0
2952.073;428.382537841797;0
2953.372;437.361877441406;0
2954.669;464.894775390625;0
2955.965;362.538513183594;0
2957.261;391.275299072266;0
2958.556;387.797058105469;0
2959.849;417.646209716797;0
2961.145;447.052520751953;0
2962.436;430.571563720703;0
2963.732;420.648254394531;0
2965.022;404.209289550781;0
2966.313;383.591522216797;0
2967.603;396.824310302734;0
2968.893;358.273498535156;0
2970.182;387.836578369141;0
2971.471;383.864898681641;0
2972.759;391.553497314453;0
2974.047;373.137878417969;0
2975.334;383.007110595703;0
2976.62;418.737731933594;0
2977.907;431.352508544922;0
2979.192;416.938903808594;0
2980.475;381.265319824219;0
2981.76;363.509735107422;0
2983.043;350.716522216797;0
2984.326;342.92919921875;0
2985.607;323.632659912109;0
2986.888;322.019409179688;0
2988.17;287.286285400391;0
2989.449;236.071014404297;0
2990.728;218.830993652344;0
2992.007;185.997589111328;0
2993.284;196.274490356445;0
2994.562;208.871429443359;0
2995.84;220.566299438477;0
2997.115;210.248489379883;0
2998.393;162.140716552734;0
2999.666;206.24348449707;0
3000.94;244.111343383789;0
3002.215;272.744384765625;0
3003.486;249.362457275391;0
3004.76;234.29899597168;0
3006.033;243.886962890625;0
3007.303;201.307281494141;0
3008.573;152.157043457031;0
3009.844;105.88037109375;0
3011.114;159.143859863281;0
3012.383;199.168426513672;0
3013.649;246.511917114258;0
3014.917;200.727676391602;0
3016.185;226.149536132813;0
3017.451;210.221496582031;0
3018.716;193.496536254883;0
3019.983;146.863983154297;0
3021.246;154.190628051758;0
3022.509;170.247756958008;0
3023.774;239.745101928711;0
3025.035;213.001541137695;0
3026.299;227.576309204102;0
3027.56;162.3427734375;0
3028.819;205.258346557617;0
3030.081;199.784149169922;0
3031.339;235.377883911133;0
3032.598;201.600021362305;0
3033.856;191.685638427734;0
3035.114;148.307342529297;0
3036.372;169.910415649414;0
3037.628;199.885345458984;0
3038.883;224.341369628906;0
3040.138;209.984527587891;0
3041.394;216.007888793945;0
3042.646;228.801574707031;0
3043.9;251.447723388672;0
3045.152;242.39143371582;0
3046.405;254.383178710938;0
3047.657;230.227890014648;0
3048.906;277.651336669922;0
3050.158;262.482086181641;0
3051.407;269.117218017578;0
3052.656;207.650726318359;0
3053.904;273.837738037109;0
3055.153;288.984283447266;0
3056.398;324.311584472656;0
3057.647;263.486480712891;0
3058.892;265.177154541016;0
3060.137;245.632339477539;0
3061.382;288.563049316406;0
3062.625;272.910522460938;0
3063.869;263.547058105469;0
3065.112;171.668167114258;0
3066.353;166.335372924805;0
3067.595;190.955444335938;0
3068.838;256.674377441406;0
3070.075;343.936096191406;0
3071.317;360.962371826172;0
3072.557;380.550506591797;0
3073.795;333.434967041016;0
3075.032;320.837463378906;0
3076.27;298.979736328125;0
3077.507;253.530471801758;0
3078.742;277.045349121094;0
3079.978;236.416107177734;0
3081.212;274.572662353516;0
3082.446;263.162963867188;0
3083.681;311.808135986328;0
3084.913;316.109283447266;0
3086.147;348.99072265625;0
3087.38;343.415466308594;0
3088.61;337.72412109375;0
3089.84;334.223205566406;0
3091.071;350.712615966797;0
3092.3;354.415191650391;0
3093.529;298.552978515625;0
3094.755;285.925842285156;0
3095.984;294.318054199219;0
3097.211;324.489868164063;0
3098.438;323.320129394531;0
3099.663;313.439727783203;0
3100.888;317.959228515625;0
3102.112;320.708618164063;0
3103.335;292.180755615234;0
3104.56;272.441650390625;0
3105.782;307.490478515625;0
3107.005;332.970672607422;0
3108.226;351.992889404297;0
3109.447;306.336486816406;0
3110.667;277.611846923828;0
3111.887;278.932250976563;0
3113.104;304.152648925781;0
3114.324;296.334777832031;0
3115.541;294.914581298828;0
3116.758;272.287750244141;0
3117.976;294.676452636719;0
3119.192;255.080642700195;0
3120.408;245.832672119141;0
3121.622;257.761260986328;0
3122.835;298.040893554688;0
3124.05;272.892913818359;0
3125.262;246.379272460938;0
3126.476;218.990997314453;0
3127.687;221.840957641602;0
3128.897;255.042007446289;0
3130.108;269.039581298828;0
3131.319;323.249145507813;0
3132.528;327.676605224609;0
3133.737;308.766876220703;0
3134.945;295.977569580078;0
3136.152;225.880889892578;0
3137.358;254.402389526367;0
3138.565;249.270980834961;0
3139.772;311.821319580078;0
3140.976;326.364990234375;0
3142.18;323.237060546875;0
3143.385;263.660308837891;0
3144.588;246.281753540039;0
3145.79;221.478118896484;0
3146.993;213.473129272461;0
3148.194;150.379180908203;0
3149.395;168.434051513672;0
3150.596;195.289199829102;0
3151.794;207.607711791992;0
3152.994;279.945953369141;0
3154.193;267.058990478516;0
3155.39;299.830718994141;0
3156.587;267.124542236328;0
3157.784;294.494689941406;0
3158.982;270.754333496094;0
3160.177;203.120590209961;0
3161.37;223.620208740234;0
3162.565;231.676239013672;0
3163.759;281.177307128906;0
3164.952;260.011260986328;0
3166.146;250.439498901367;0
3167.337;248.31184387207;0
3168.527;265.699310302734;0
3169.719;243.753021240234;0
3170.91;179.528060913086;0
3172.098;126.573654174805;0
3173.288;117.546318054199;0
3174.475;160.599624633789;0
3175.663;153.763336181641;0
3176.849;190.989486694336;0
3178.037;191.073303222656;0
3179.223;217.148696899414;0
3180.408;206.222595214844;0
3181.592;203.849700927734;0
3182.777;212.584854125977;0
3183.96;237.206497192383;0
3185.143;235.713516235352;0
3186.325;222.771850585938;0
3187.507;229.713912963867;0
3188.688;230.651153564453;0
3189.869;261.6943359375;0
3191.049;204.401489257813;0
3192.228;218.457336425781;0
3193.406;147.202911376953;0
3194.585;187.658355712891;0
3195.763;163.222930908203;0
3196.939;218.562911987305;0
3198.116;185.046096801758;0
3199.292;198.513290405273;0
3200.466;144.524139404297;0
3201.643;211.225570678711;0
3202.816;241.257095336914;0
3203.991;326.531494140625;0
3205.161;331.706146240234;0
3206.334;299.654632568359;0
3207.504;324.935852050781;0
3208.677;286.882904052734;0
3209.846;279.939453125;0
3211.017;234.771591186523;0
3212.187;253.267013549805;0
3213.356;264.646392822266;0
3214.524;289.020446777344;0
3215.69;293.388854980469;0
3216.859;285.305694580078;0
3218.024;268.248199462891;0
3219.189;283.278106689453;0
3220.354;298.766082763672;0
3221.519;309.464935302734;0
3222.682;317.490112304688;0
3223.845;294.731140136719;0
3225.01;255.350234985352;0
3226.171;266.81396484375;0
3227.332;295.380310058594;0
3228.494;327.289886474609;0
3229.655;311.086975097656;0
3230.814;327.1630859375;0
3231.973;328.736389160156;0
3233.13;350.409759521484;0
3234.29;297.297149658203;0
3235.447;314.049163818359;0
3236.605;225.68180847168;0
3237.76;257.099945068359;0
3238.916;240.065521240234;0
3240.071;302.220428466797;0
3241.224;306.920227050781;0
3242.381;304.721160888672;0
3243.532;286.402893066406;0
3244.685;275.076965332031;0
3245.839;274.197174072266;0
3246.99;231.795593261719;0
3248.141;247.477294921875;0
3249.292;258.457275390625;0
3250.439;338.766235351563;0
3251.589;315.551422119141;0
3252.739;346.965942382813;0
3253.886;300.063232421875;0
3255.034;312.601623535156;0
3256.18;308.137664794922;0
3257.326;357.560089111328;0
3258.472;341.958801269531;0
3259.617;323.065765380859;0
3260.761;303.211395263672;0
3261.905;345.433776855469;0
3263.048;352.315704345703;0
3264.19;352.859497070313;0
3265.333;309.878356933594;0
3266.475;281.353881835938;0
3267.617;265.154632568359;0
3268.757;325.846008300781;0
3269.896;322.977111816406;0
3271.036;289.435546875;0
3272.175;217.976638793945;0
3273.313;230.94303894043;0
3274.449;275.891876220703;0
3275.586;323.026916503906;0
3276.722;304.284484863281;0
3277.859;278.9404296875;0
3278.993;293.593627929688;0
3280.13;305.132995605469;0
3281.263;336.671508789063;0
3282.395;312.564514160156;0
3283.529;312.632598876953;0
3284.66;298.812103271484;0
3285.794;229.40380859375;0
3286.924;235.332382202148;0
3288.054;231.344909667969;0
3289.185;276.920501708984;0
3290.313;258.226684570313;0
3291.443;258.380737304688;0
3292.571;261.534332275391;0
3293.698;275.487976074219;0
3294.824;277.220489501953;0
3295.952;245.603179931641;0
3297.077;233.159545898438;0
3298.203;234.096984863281;0
3299.328;253.87873840332;0
3300.45;251.109100341797;0
3301.574;257.007598876953;0
3302.698;239.440444946289;0
3303.819;271.650238037109;0
3304.942;278.829986572266;0
3306.064;330.008666992187;0
3307.182;339.521789550781;0
3308.303;315.262817382813;0
3309.423;328.232208251953;0
3310.542;321.652954101563;0
3311.66;298.191528320312;0
3312.778;239.88737487793;0
3313.895;225.176605224609;0
3315.012;223.430053710937;0
3316.128;254.942672729492;0
3317.243;221.684600830078;0
3318.357;220.176712036133;0
3319.471;212.379150390625;0
3320.586;236.573028564453;0
3321.698;291.592163085937;0
3322.813;251.296585083008;0
3323.923;219.731231689453;0
3325.034;196.102600097656;0
3326.146;218.544845581055;0
3327.255;244.536743164063;0
3328.366;249.748001098633;0
3329.474;255.621139526367;0
3330.582;219.375915527344;0
3331.691;195.086135864258;0
3332.797;178.512481689453;0
3333.905;199.156768798828;0
3335.011;213.315216064453;0
3336.116;263.645538330078;0
3337.22;256.410095214844;0
3338.327;242.050994873047;0
3339.429;215.012817382812;0
3340.534;200.660110473633;0
3341.635;193.667907714844;0
3342.737;167.099761962891;0
3343.84;203.566909790039;0
3344.94;201.25032043457;0
3346.041;200.595458984375;0
3347.142;167.716323852539;0
3348.24;154.146514892578;0
3349.337;191.288665771484;0
3350.437;182.873947143555;0
3351.534;203.012130737305;0
3352.633;169.827377319336;0
3353.727;183.666213989258;0
3354.823;164.16423034668;0
3355.919;150.268585205078;0
3357.013;160.639434814453;0
3358.108;156.99919128418;0
3359.201;179.366546630859;0
3360.293;177.061706542969;0
3361.385;170.576705932617;0
3362.478;189.469375610352;0
3363.569;170.195556640625;0
3364.661;193.928115844727;0
3365.75;194.567367553711;0
3366.838;193.525939941406;0
3367.929;206.800979614258;0
3369.017;197.720916748047;0
3370.105;248.420776367187;0
3371.193;265.450225830078;0
3372.279;299.443634033203;0
3373.364;287.173187255859;0
3374.45;298.87060546875;0
3375.534;255.134552001953;0
3376.62;255.754547119141;0
3377.704;243.434539794922;0
3378.786;247.605331420898;0
3379.871;256.341217041016;0
3380.951;251.576507568359;0
3382.034;287.294799804687;0
3383.114;286.617309570312;0
3384.195;285.106628417969;0
3385.276;268.768493652344;0
3386.354;276.72216796875;0
3387.433;240.49577331543;0
3388.511;234.644912719727;0
3389.588;200.017578125;0
3390.664;240.027267456055;0
3391.742;231.862167358398;0
3392.816;266.013214111328;0
3393.893;264.542755126953;0
3394.968;279.390655517578;0
3396.042;256.671051025391;0
3397.115;232.946426391602;0
3398.189;205.900695800781;0
3399.262;192.760559082031;0
3400.333;238.428329467773;0
3401.404;263.405059814453;0
3402.474;282.250030517578;0
3403.545;223.972442626953;0
3404.615;231.889862060547;0
3405.685;248.787322998047;0
3406.752;301.777038574219;0
3407.82;287.419372558594;0
3408.888;323.138000488281;0
3409.955;329.178131103516;0
3411.021;370.765014648437;0
3412.085;333.120422363281;0
3413.151;318.826965332031;0
3414.215;307.645141601563;0
3415.279;299.789886474609;0
3416.343;280.034851074219;0
3417.406;249.599792480469;0
3418.468;265.400207519531;0
3419.53;265.765197753906;0
3420.592;291.997802734375;0
3421.652;273.136383056641;0
3422.712;284.219116210937;0
3423.773;271.191314697266;0
3424.83;278.67919921875;0
3425.889;279.83056640625;0
3426.946;272.031097412109;0
3428.005;250.983734130859;0
3429.061;260.805480957031;0
3430.117;271.196868896484;0
3431.172;292.271392822266;0
3432.227;269.035736083984;0
3433.281;233.497772216797;0
3434.335;214.087463378906;0
3435.389;206.769332885742;0
3436.44;227.109466552734;0
3437.492;263.365142822266;0
3438.546;252.274551391602;0
3439.598;225.44677734375;0
3440.646;189.593399047852;0
3441.697;214.151306152344;0
3442.745;225.3466796875;0
3443.793;259.681121826172;0
3444.842;279.938842773437;0
3445.891;293.309722900391;0
3446.937;233.104125976563;0
3447.984;238.641448974609;0
3449.031;291.976531982422;0
3450.075;323.699462890625;0
3451.12;296.263641357422;0
3452.164;255.737197875977;0
3453.207;254.528594970703;0
3454.251;207.753540039062;0
3455.293;205.608627319336;0
3456.336;217.253601074219;0
3457.378;240.067459106445;0
3458.417;234.848648071289;0
3459.458;198.778823852539;0
3460.498;206.251266479492;0
3461.539;169.211853027344;0
3462.577;186.634429931641;0
3463.614;193.835800170898;0
3464.651;206.575393676758;0
3465.689;236.263000488281;0
3466.726;263.478729248047;0
3467.763;272.814331054687;0
3468.798;240.152908325195;0
3469.831;206.69938659668;0
3470.866;233.561080932617;0
3471.9;273.008605957031;0
3472.933;237.468109130859;0
3473.966;206.701538085938;0
3474.999;174.009368896484;0
3476.029;225.697128295898;0
3477.061;250.276718139648;0
3478.09;240.969833374023;0
3479.121;245.462371826172;0
3480.15;240.037750244141;0
3481.178;207.94548034668;0
3482.205;199.080337524414;0
3483.234;176.405334472656;0
3484.26;227.63623046875;0
3485.288;250.166473388672;0
3486.313;286.5771484375;0
3487.337;286.615844726562;0
3488.364;243.987380981445;0
3489.387;256.733703613281;0
3490.411;221.276947021484;0
3491.434;283.198150634766;0
3492.456;227.922668457031;0
3493.479;223.914733886719;0
3494.5;112.719848632813;0
3495.521;82.4694137573242;0
3496.543;44.699893951416;0
3497.561;103.273551940918;0
3498.579;59.5052719116211;0
3499.6;47.6988677978516;0
3500.618;-25.2945747375488;0
3501.636;2.38137650489807;0
3502.653;9.76266002655029;0
3503.669;3.81981730461121;0
3504.685;-36.2669906616211;0
3505.699;-16.8225765228271;0
3506.716;-24.4281044006348;0
3507.729;11.9264659881592;0
3508.743;-54.6684036254883;0
3509.755;-17.1805553436279;0
