98.64605;0;0
101.2353;0;0
103.8217;0;0
106.4096;2.49506163597107;0
108.9945;18.2834568023682;0
111.5767;14.9926233291626;0
114.1602;43.2455558776855;0
116.7409;-0.247305616736412;0
119.3209;21.2966938018799;0
121.9002;14.2125549316406;0
124.4788;60.8375549316406;0
127.0566;24.4263019561768;0
129.6317;50.0058937072754;0
132.2038;4.33685350418091;0
134.7796;33.8666305541992;0
137.3503;5.00051259994507;0
139.9204;91.0342330932617;0
142.4919;80.6226425170898;0
145.0584;88.177734375;0
147.6242;92.5190277099609;0
150.1914;180.229873657227;0
152.7579;165.739151000977;0
155.3216;196.131393432617;0
157.8846;143.54621887207;0
160.4448;213.462707519531;0
163.0085;202.469970703125;0
165.5672;211.375442504883;0
168.1232;202.728286743164;0
170.6826;253.059417724609;0
173.2372;264.112884521484;0
175.7931;296.294342041016;0
178.3463;247.019073486328;0
180.8966;319.18115234375;0
183.4504;312.223052978516;0
185.9993;394.683563232422;0
188.5476;339.884643554688;0
191.0972;403.100128173828;0
193.644;382.461944580078;0
196.1859;451.712768554688;0
198.7335;369.207946777344;0
201.2761;382.276000976563;0
203.8201;358.102905273438;0
206.3593;418.00927734375;0
208.8998;371.400909423828;0
211.4397;417.088287353516;0
213.9746;415.310363769531;0
216.5109;511.893371582031;0
219.0487;514.0791015625;0
221.5816;549.45458984375;0
224.1158;532.636291503906;0
226.6473;560.002014160156;0
229.176;609.486938476563;0
231.7082;623.932312011719;0
234.2355;616.092041015625;0
236.7643;598.839050292969;0
239.2902;599.182739257813;0
241.8133;605.531066894531;0
244.3379;540.931640625;0
246.8618;471.379760742188;0
249.3828;468.291473388672;0
251.9053;557.949401855469;0
254.423;583.020812988281;0
256.942;563.753173828125;0
259.4603;529.242370605469;0
261.9759;580.770202636719;0
264.4887;546.882080078125;0
267.005;539.5146484375;0
269.5164;477.165069580078;0
272.0292;545.1640625;0
274.5393;490.528259277344;0
277.0466;532.163269042969;0
279.5574;534.987548828125;0
282.0654;637.555114746094;0
284.5686;690.972717285156;0
287.0752;690.592529296875;0
289.5791;634.767944335938;0
292.0803;573.914428710938;0
294.5828;531.317016601563;0
297.0826;579.85888671875;0
299.5838;588.611267089844;0
302.0801;595.927734375;0
304.5758;560.037109375;0
307.0749;551.395202636719;0
309.5672;522.496276855469;0
312.0608;459.291351318359;0
314.5558;470.549499511719;0
317.044;519.010314941406;0
319.5377;542.203796386719;0
322.0266;521.16455078125;0
324.5127;480.059509277344;0
327.0023;513.751159667969;0
329.4871;547.941955566406;0
331.9691;589.790649414063;0
334.4547;589.5009765625;0
336.9353;623.021606445313;0
339.4174;665.833801269531;0
341.901;736.184997558594;0
344.3776;687.777404785156;0
346.8577;663.737121582031;0
349.333;592.731994628906;0
351.8076;609.896423339844;0
354.2857;620.50830078125;0
356.7569;658.779113769531;0
359.2296;687.092041015625;0
361.7015;702.212341308594;0
364.1729;677.531921386719;0
366.6414;630.361328125;0
369.1093;577.847473144531;0
371.5745;552.580444335938;0
374.0432;569.937316894531;0
376.507;608.427795410156;0
378.9702;590.699523925781;0
381.4348;555.7431640625;0
383.8947;542.074462890625;0
386.3538;628.173828125;0
388.8144;614.993347167969;0
391.2722;613.473937988281;0
393.7314;589.504699707031;0
396.1859;602.496887207031;0
398.6418;581.882446289063;0
401.0949;580.812072753906;0
403.5475;627.910461425781;0
405.9972;627.986022949219;0
408.4505;620.773742675781;0
410.899;637.170715332031;0
413.3468;668.036071777344;0
415.796;696.288757324219;0
418.2405;724.991638183594;0
420.6884;712.817565917969;0
423.1295;685.177673339844;0
425.572;625.959655761719;0
428.0159;654.088439941406;0
430.455;660.335083007813;0
432.8956;659.814819335938;0
435.3335;596.548034667969;0
437.7707;536.441467285156;0
440.2093;491.393249511719;0
442.6432;484.560699462891;0
445.0764;516.382080078125;0
447.511;553.473876953125;0
449.9429;605.813842773438;0
452.3721;604.862060546875;0
454.8048;610.152770996094;0
457.2328;587.196472167969;0
459.66;606.204406738281;0
462.0847;581.660522460938;0
464.5127;612.50830078125;0
466.9381;603.700561523438;0
469.3587;653.07373046875;0
471.7807;664.819091796875;0
474.2042;743.233337402344;0
476.6229;689.942199707031;0
479.041;663.474060058594;0
481.4604;583.343627929688;0
483.8752;626.6689453125;0
486.2934;650.381286621094;0
488.7068;633.978881835938;0
491.1197;626.017883300781;0
493.5339;581.277709960938;0
495.9435;588.594299316406;0
498.3544;550.724975585938;0
500.7667;578.910583496094;0
503.1723;562.819580078125;0
505.5793;590.729919433594;0
507.9856;544.8671875;0
510.3913;560.010620117188;0
512.7944;521.382446289063;0
515.1968;496.869750976563;0
517.5986;499.884552001953;0
519.9997;492.354034423828;0
522.3982;465.274353027344;0
524.798;393.531616210938;0
527.1973;381.131622314453;0
529.5919;403.856262207031;0
531.9899;484.146575927734;0
534.3832;516.023315429688;0
536.7758;503.987609863281;0
539.1699;485.203125;0
541.5593;478.7958984375;0
543.9481;520.669982910156;0
546.3382;528.004455566406;0
548.7257;514.956787109375;0
551.1146;516.351440429688;0
553.4968;449.7255859375;0
555.8824;470.89404296875;0
558.2675;479.935943603516;0
560.6478;550.575744628906;0
563.0295;560.565185546875;0
565.4106;531.46044921875;0
567.7911;506.710266113281;0
570.169;497.315246582031;0
572.5462;518.387084960938;0
574.9229;512.256225585938;0
577.2968;467.589202880859;0
579.6721;446.4970703125;0
582.0449;408.426513671875;0
584.417;369.461853027344;0
586.7885;316.379516601563;0
589.1553;366.566986083984;0
591.5255;387.522003173828;0
593.8931;392.813781738281;0
596.2601;386.673919677734;0
598.6265;391.393920898438;0
600.9902;412.395904541016;0
603.3554;377.201354980469;0
605.7179;410.381164550781;0
608.0778;455.226165771484;0
610.4391;433.792022705078;0
612.7977;488.055969238281;0
615.1558;452.458892822266;0
617.5132;511.617767333984;0
619.8701;480.915954589844;0
622.2263;499.511688232422;0
624.5779;525.416931152344;0
626.9308;576.999877929688;0
629.2852;607.221801757813;0
631.6349;608.878234863281;0
633.9841;604.306579589844;0
636.3326;581.575134277344;0
638.6805;615.671081542969;0
641.0279;625.022766113281;0
643.3746;713.750427246094;0
645.7187;734.061157226562;0
648.0621;731.065673828125;0
650.405;657.984436035156;0
652.7453;607.595336914063;0
655.087;625.009155273438;0
657.426;654.004150390625;0
659.7645;677.580261230469;0
662.1024;708.293029785156;0
664.4376;659.253845214844;0
666.7742;643.276184082031;0
669.1063;536.431030273438;0
671.4398;513.992065429688;0
673.7726;490.107238769531;0
676.1048;449.277709960938;0
678.4324;535.405090332031;0
680.7635;525.765625;0
683.0919;556.825134277344;0
685.4158;477.482360839844;0
687.743;499.095245361328;0
690.0696;510.197143554688;0
692.3937;522.225524902344;0
694.7151;508.943817138672;0
697.038;501.802581787109;0
699.3583;465.676483154297;0
701.6779;452.0302734375;0
703.995;478.520141601563;0
706.3155;514.232238769531;0
708.6294;534.533203125;0
710.9467;506.978546142578;0
713.2594;484.568237304688;0
715.5735;422.856781005859;0
717.887;432.524841308594;0
720.1979;433.309234619141;0
722.5083;482.022552490234;0
724.818;507.746978759766;0
727.1252;500.433288574219;0
729.4357;543.1376953125;0
731.7418;537.59814453125;0
734.0452;545.160888671875;0
736.35;544.80810546875;0
738.6522;530.385131835938;0
740.9539;569.433410644531;0
743.2569;558.357421875;0
745.5554;548.86669921875;0
747.8553;509.182373046875;0
750.1545;455.037841796875;0
752.4513;427.028869628906;0
754.7474;381.869873046875;0
757.043;396.521301269531;0
759.336;418.703155517578;0
761.6304;426.254211425781;0
763.9222;345.284210205078;0
766.2114;355.780090332031;0
768.5041;363.892120361328;0
770.7922;431.950500488281;0
773.0777;321.142517089844;0
775.3647;390.321929931641;0
777.651;410.030914306641;0
779.9368;465.469055175781;0
782.22;414.483795166016;0
784.5026;414.0751953125;0
786.7847;440.798767089844;0
789.0662;520.210083007813;0
791.3451;477.641174316406;0
793.6254;490.868377685547;0
795.9012;393.891693115234;0
798.1784;381.710968017578;0
800.455;310.990234375;0
802.7291;341.882507324219;0
805.0026;323.568969726563;0
807.2755;403.718597412109;0
809.5478;431.990570068359;0
811.8176;522.294494628906;0
814.0869;538.561096191406;0
816.3535;570.468566894531;0
818.6235;601.99365234375;0
820.8911;612.975646972656;0
823.156;614.388427734375;0
825.4204;635.919555664063;0
827.6823;653.577270507813;0
829.9474;632.242248535156;0
832.2082;624.026977539063;0
834.4683;633.153686523438;0
836.7279;651.51708984375;0
838.9869;589.347961425781;0
841.2453;621.666931152344;0
843.5012;616.885192871094;0
845.7565;616.336059570313;0
848.0133;558.575134277344;0
850.2655;540.047912597656;0
852.5153;511.851501464844;0
854.7703;532.246643066406;0
857.0189;552.531860351563;0
859.2668;555.516235351563;0
861.5182;454.025207519531;0
863.7651;368.975067138672;0
866.0114;385.050994873047;0
868.2592;378.698394775391;0
870.5024;397.249938964844;0
872.7451;319.040710449219;0
874.9872;340.959564208984;0
877.2307;321.230316162109;0
879.4717;324.405975341797;0
881.7101;273.709716796875;0
883.95;286.465454101563;0
886.1854;268.795806884766;0
888.4202;305.647125244141;0
890.6604;268.952850341797;0
892.8941;274.262145996094;0
895.1253;267.346740722656;0
897.3599;362.326934814453;0
899.59;355.832397460938;0
901.8195;355.250274658203;0
904.0504;267.024810791016;0
906.2789;321.157806396484;0
908.5087;387.328094482422;0
910.7341;433.896057128906;0
912.9589;400.990631103516;0
915.1851;363.332214355469;0
917.4088;355.143035888672;0
919.63;402.977508544922;0
921.8526;366.27978515625;0
924.0727;387.492553710938;0
926.2922;376.615814208984;0
928.5112;383.205108642578;0
930.7277;307.371673583984;0
932.9476;287.895782470703;0
935.163;260.952392578125;0
937.3739;226.136871337891;0
939.5901;206.22412109375;0
941.8019;185.221603393555;0
944.0151;157.332931518555;0
946.2258;118.703498840332;0
948.4341;99.3559417724609;0
950.6456;107.199157714844;0
952.8527;76.7277603149414;0
955.0593;88.2029113769531;0
957.2653;75.3672637939453;0
959.4689;93.5363693237305;0
961.6738;80.0574951171875;0
963.8782;104.234901428223;0
966.0782;105.264465332031;0
968.2815;121.682525634766;0
970.4803;140.407821655273;0
972.6787;128.93196105957;0
974.8784;123.365074157715;0
977.0757;148.445404052734;0
979.2704;195.207809448242;0
981.4667;248.813217163086;0
983.6603;265.903472900391;0
985.8535;298.056121826172;0
988.0461;277.567443847656;0
990.2363;266.101989746094;0
992.4297;287.637725830078;0
994.6169;314.031677246094;0
996.8035;279.226135253906;0
998.9933;338.429443359375;0
1001.179;355.415069580078;0
1003.364;501.978454589844;0
1005.55;465.451202392578;0
1007.732;537.053588867188;0
1009.916;471.0078125;0
1012.096;445.200958251953;0
1014.275;420.197845458984;0
1016.459;441.542541503906;0
1018.636;448.066864013672;0
1020.813;438.604858398438;0
1022.991;496.059906005859;0
1025.165;543.103759765625;0
1027.34;521.950256347656;0
1029.515;436.470428466797;0
1031.687;360.219512939453;0
1033.859;385.753051757813;0
1036.03;349.738891601563;0
1038.199;368.623596191406;0
1040.369;278.404022216797;0
1042.536;323.080169677734;0
1044.704;317.763122558594;0
1046.87;405.119567871094;0
1049.034;342.039520263672;0
1051.198;251.967697143555;0
1053.363;156.016967773438;0
1055.526;153.261764526367;0
1057.686;238.69548034668;0
1059.845;264.583648681641;0
1062.005;244.371948242188;0
1064.165;207.728622436523;0
1066.323;185.657974243164;0
1068.477;220.310363769531;0
1070.634;191.874099731445;0
1072.788;184.675643920898;0
1074.942;182.892868041992;0
1077.096;223.387191772461;0
1079.247;249.280975341797;0
1081.397;284.087036132813;0
1083.547;271.10009765625;0
1085.695;328.722015380859;0
1087.844;301.603942871094;0
1089.992;294.287353515625;0
1092.138;259.022766113281;0
1094.284;278.047454833984;0
1096.425;300.603759765625;0
1098.571;271.673217773438;0
1100.711;261.986480712891;0
1102.851;291.100067138672;0
1104.994;293.386871337891;0
1107.132;251.145385742188;0
1109.271;232.103515625;0
1111.408;237.175018310547;0
1113.543;283.226745605469;0
1115.682;317.851348876953;0
1117.816;359.604125976563;0
1119.947;339.172485351563;0
1122.08;295.365295410156;0
1124.213;180.684432983398;0
1126.343;232.418014526367;0
1128.474;217.961563110352;0
1130.602;318.964752197266;0
1132.728;291.094268798828;0
1134.856;302.239013671875;0
1136.982;298.399078369141;0
1139.109;272.686126708984;0
1141.234;247.432022094727;0
1143.356;198.415298461914;0
1145.479;162.191055297852;0
1147.599;168.315383911133;0
1149.719;187.677307128906;0
1151.839;180.944000244141;0
1153.957;202.003662109375;0
1156.076;118.523010253906;0
1158.191;115.152030944824;0
1160.305;162.457550048828;0
1162.423;229.49787902832;0
1164.536;285.549652099609;0
1166.647;209.723861694336;0
1168.761;158.353500366211;0
1170.871;182.955001831055;0
1172.983;183.950210571289;0
1175.092;293.091491699219;0
1177.2;294.798370361328;0
1179.306;266.291809082031;0
1181.413;240.386077880859;0
1183.518;201.087783813477;0
1185.623;237.765609741211;0
1187.725;257.889709472656;0
1189.826;268.100372314453;0
1191.929;312.757751464844;0
1194.032;241.933792114258;0
1196.13;257.621002197266;0
1198.23;233.975631713867;0
1200.327;293.605255126953;0
1202.423;268.974731445313;0
1204.52;240.629302978516;0
1206.613;184.314849853516;0
1208.71;244.553497314453;0
1210.801;349.627868652344;0
1212.892;409.252777099609;0
1214.987;395.207061767578;0
1217.075;355.935577392578;0
1219.166;387.894866943359;0
1221.256;358.862457275391;0
1223.342;301.716888427734;0
1225.43;305.680358886719;0
1227.515;318.531768798828;0
1229.597;319.051055908203;0
1231.685;240.129302978516;0
1233.767;265.199615478516;0
1235.85;301.941650390625;0
1237.931;320.800048828125;0
1240.009;354.775787353516;0
1242.09;338.982604980469;0
1244.168;338.531799316406;0
1246.245;310.978973388672;0
1248.321;299.326568603516;0
1250.397;290.077423095703;0
1252.472;212.95100402832;0
1254.547;202.280609130859;0
1256.618;206.261154174805;0
1258.69;193.919952392578;0
1260.761;196.996185302734;0
1262.83;218.861251831055;0
1264.901;254.51676940918;0
1266.969;274.184204101563;0
1269.035;211.863616943359;0
1271.102;214.99885559082;0
1273.167;158.034286499023;0
1275.233;182.599304199219;0
1277.295;199.231567382813;0
1279.359;206.320053100586;0
1281.42;221.437286376953;0
1283.482;165.460815429688;0
1285.542;210.802169799805;0
1287.6;204.488632202148;0
1289.659;259.410736083984;0
1291.714;254.124420166016;0
1293.774;248.335464477539;0
1295.828;222.17756652832;0
1297.881;231.009475708008;0
1299.936;290.411651611328;0
1301.987;388.274444580078;0
1304.041;385.045043945313;0
1306.09;356.612365722656;0
1308.139;266.453277587891;0
1310.19;258.429718017578;0
1312.238;311.012542724609;0
1314.286;336.839050292969;0
1316.331;416.353668212891;0
1318.376;380.708953857422;0
1320.422;323.974853515625;0
1322.466;250.812255859375;0
1324.508;262.229431152344;0
1326.549;323.450103759766;0
1328.59;327.325256347656;0
1330.632;286.223510742188;0
1332.67;298.607971191406;0
1334.707;296.240264892578;0
1336.746;294.786010742188;0
1338.78;304.468017578125;0
1340.816;264.507751464844;0
1342.852;259.348968505859;0
1344.885;193.769470214844;0
1346.916;213.102584838867;0
1348.948;224.569381713867;0
1350.979;209.834411621094;0
1353.011;167.451034545898;0
1355.04;199.430603027344;0
1357.066;240.760055541992;0
1359.094;294.994812011719;0
1361.121;298.356109619141;0
1363.145;248.841094970703;0
1365.171;212.336486816406;0
1367.192;142.175537109375;0
1369.216;209.80094909668;0
1371.239;287.657104492188;0
1373.258;312.744018554688;0
1375.28;214.395004272461;0
1377.298;143.748489379883;0
1379.316;43.3327217102051;0
1381.335;94.5949630737305;0
1383.35;97.5323944091797;0
1385.366;153.589462280273;0
1387.38;128.87727355957;0
1389.394;125.729164123535;0
1391.409;96.9229125976563;0
1393.42;67.902961730957;0
1395.43;103.577896118164;0
1397.44;154.982437133789;0
1399.451;175.284927368164;0
1401.458;127.154731750488;0
1403.466;83.1481323242188;0
1405.472;125.743461608887;0
1407.478;133.816436767578;0
1409.483;207.676849365234;0
1411.486;154.995300292969;0
1413.49;139.216491699219;0
1415.492;147.250915527344;0
1417.492;181.209655761719;0
1419.495;224.369552612305;0
1421.494;179.433853149414;0
1423.492;214.298294067383;0
1425.49;237.205474853516;0
1427.487;268.572570800781;0
1429.482;313.955261230469;0
1431.477;290.575775146484;0
1433.471;317.766662597656;0
1435.466;267.750305175781;0
1437.456;251.415557861328;0
1439.447;197.204788208008;0
1441.441;203.007919311523;0
1443.427;222.157028198242;0
1445.417;248.873229980469;0
1447.406;264.268096923828;0
1449.392;280.898345947266;0
1451.381;293.541778564453;0
1453.365;308.682342529297;0
1455.348;318.947174072266;0
1457.333;313.224182128906;0
1459.314;303.957763671875;0
1461.296;313.036773681641;0
1463.276;281.350128173828;0
1465.256;230.611572265625;0
1467.237;227.551788330078;0
1469.215;230.286605834961;0
1471.19;276.256774902344;0
1473.167;325.053619384766;0
1475.145;359.428558349609;0
1477.118;368.735656738281;0
1479.092;297.055847167969;0
1481.065;261.833862304688;0
1483.038;245.849395751953;0
1485.008;235.102523803711;0
1486.979;260.481414794922;0
1488.949;224.763885498047;0
1490.917;257.283233642578;0
1492.883;254.595153808594;0
1494.852;237.032958984375;0
1496.817;189.707931518555;0
1498.782;145.322525024414;0
1500.748;186.952072143555;0
1502.708;235.707672119141;0
1504.673;271.033782958984;0
1506.634;203.156585693359;0
1508.594;143.742767333984;0
1510.554;152.793426513672;0
1512.512;167.103607177734;0
1514.471;173.100936889648;0
1516.428;154.451324462891;0
1518.384;164.26318359375;0
1520.34;162.982025146484;0
1522.294;188.323501586914;0
1524.249;284.440124511719;0
1526.202;305.799896240234;0
1528.153;282.510009765625;0
1530.103;230.014587402344;0
1532.054;192.403213500977;0
1534.004;145.009201049805;0
1535.951;167.00016784668;0
1537.899;195.006042480469;0
1539.847;204.68408203125;0
1541.793;156.680557250977;0
1543.738;174.689422607422;0
1545.681;215.377212524414;0
1547.625;203.632797241211;0
1549.566;130.900650024414;0
1551.509;104.847229003906;0
1553.45;86.0281143188477;0
1555.389;142.8896484375;0
1557.33;184.095657348633;0
1559.266;171.535049438477;0
1561.204;185.096389770508;0
1563.141;131.001449584961;0
1565.074;137.137115478516;0
1567.009;83.7256317138672;0
1568.943;144.949661254883;0
1570.877;185.737640380859;0
1572.808;243.978469848633;0
1574.741;152.116577148438;0
1576.67;138.596420288086;0
1578.6;80.3068771362305;0
1580.528;124.756439208984;0
1582.455;80.4366149902344;0
1584.382;86.5649261474609;0
1586.307;76.9228515625;0
1588.234;49.9190483093262;0
1590.157;7.13544750213623;0
1592.081;13.3846616744995;0
1594.002;65.4162216186523;0
1595.927;156.428802490234;0
1597.845;175.337677001953;0
1599.767;184.587265014648;0
1601.685;129.733123779297;0
1603.602;128.775283813477;0
1605.523;135.824829101563;0
1607.438;180.659423828125;0
1609.354;168.723510742188;0
1611.269;188.90739440918;0
1613.181;104.655548095703;0
1615.096;110.745712280273;0
1617.008;77.8445739746094;0
1618.92;122.174354553223;0
1620.83;58.5086975097656;0
1622.74;59.9408264160156;0
1624.649;86.6806411743164;0
1626.557;123.471786499023;0
1628.464;173.000701904297;0
1630.37;150.8671875;0
1632.275;191.182373046875;0
1634.18;191.612762451172;0
1636.085;220.269882202148;0
1637.988;194.820846557617;0
1639.888;172.043472290039;0
1641.791;189.382736206055;0
1643.691;299.616821289063;0
1645.588;346.969268798828;0
1647.489;376.218017578125;0
1649.387;323.363098144531;0
1651.284;275.183654785156;0
1653.18;299.568939208984;0
1655.075;384.852264404297;0
1656.972;465.922546386719;0
1658.864;448.113128662109;0
1660.754;331.979522705078;0
1662.65;288.188415527344;0
1664.539;277.850952148438;0
1666.428;352.744384765625;0
1668.32;387.313201904297;0
1670.207;386.224060058594;0
1672.096;382.810302734375;0
1673.982;344.849670410156;0
1675.867;393.786651611328;0
1677.754;331.732330322266;0
1679.638;385.130981445313;0
1681.52;355.760406494141;0
1683.403;458.287231445313;0
1685.285;384.933715820313;0
1687.166;368.922088623047;0
1689.048;255.363403320313;0
1690.924;261.479736328125;0
1692.804;249.604400634766;0
1694.682;220.181823730469;0
1696.558;183.323120117188;0
1698.435;115.583679199219;0
1700.308;179.073638916016;0
1702.184;180.235855102539;0
1704.057;270.459228515625;0
1705.929;249.024383544922;0
1707.801;281.843719482422;0
1709.674;199.11311340332;0
1711.542;187.721435546875;0
1713.412;102.33536529541;0
1715.28;99.3993453979492;0
1717.145;88.3578262329102;0
1719.015;137.099685668945;0
1720.88;181.180480957031;0
1722.746;170.709747314453;0
1724.61;177.354141235352;0
1726.471;140.891448974609;0
1728.334;109.025985717773;0
1730.197;85.2756652832031;0
1732.057;63.9739608764648;0
1733.919;79.1387634277344;0
1735.777;48.3368377685547;0
1737.634;28.7131977081299;0
1739.493;83.3591842651367;0
1741.349;151.897201538086;0
1743.205;171.327239990234;0
1745.061;172.203247070313;0
1746.915;196.858139038086;0
1748.77;271.402526855469;0
1750.621;225.614608764648;0
1752.473;151.493957519531;0
1754.323;105.819068908691;0
1756.173;114.144142150879;0
1758.022;185.691802978516;0
1759.87;186.795516967773;0
1761.718;249.454132080078;0
1763.566;279.000579833984;0
1765.411;324.323822021484;0
1767.256;294.979339599609;0
1769.101;215.633834838867;0
1770.945;212.844146728516;0
1772.787;212.277008056641;0
1774.629;294.487976074219;0
1776.469;235.477493286133;0
1778.309;301.801147460938;0
1780.15;282.349456787109;0
1781.987;315.233489990234;0
1783.826;260.564422607422;0
1785.662;238.897735595703;0
1787.498;258.011260986328;0
1789.334;250.127365112305;0
1791.169;252.690490722656;0
1793.002;233.589553833008;0
1794.834;240.380081176758;0
1796.667;276.395416259766;0
1798.498;280.413360595703;0
1800.328;292.656280517578;0
1802.157;252.2353515625;0
1803.986;255.928329467773;0
1805.813;236.957458496094;0
1807.639;225.767318725586;0
1809.467;205.692245483398;0
1811.292;216.40071105957;0
1813.117;190.005737304688;0
1814.94;266.174102783203;0
1816.763;247.905807495117;0
1818.585;276.978637695313;0
1820.407;226.170379638672;0
1822.227;181.369888305664;0
1824.048;149.021636962891;0
1825.865;145.236740112305;0
1827.683;227.904052734375;0
1829.501;287.579162597656;0
1831.317;209.595413208008;0
1833.135;115.39720916748;0
1834.948;-14.5709848403931;0
1836.761;25.7294406890869;0
1838.577;42.3709869384766;0
1840.388;120.687065124512;0
1842.198;86.2333526611328;0
1844.009;77.4536285400391;0
1845.819;88.4582366943359;0
1847.629;159.469390869141;0
1849.436;130.598205566406;0
1851.244;87.6224594116211;0
1853.052;81.7643737792969;0
1854.858;125.801734924316;0
1856.661;159.195922851563;0
1858.466;129.262954711914;0
1860.269;145.780456542969;0
1862.073;133.636215209961;0
1863.875;170.608001708984;0
1865.673;156.91748046875;0
1867.476;102.120094299316;0
1869.275;78.7711563110352;0
1871.072;53.4262313842773;0
1872.872;175.418655395508;0
1874.667;132.19287109375;0
1876.464;165.859985351563;0
1878.26;53.1964950561523;0
1880.053;79.5356674194336;0
1881.849;104.766387939453;0
1883.64;148.888656616211;0
1885.431;140.680252075195;0
1887.226;101.916564941406;0
1889.014;153.598052978516;0
1890.803;165.169723510742;0
1892.594;125.409706115723;0
1894.38;76.7627944946289;0
1896.167;9.67377948760986;0
1897.955;82.5874404907227;0
1899.74;84.5041275024414;0
1901.526;182.535293579102;0
1903.309;157.458709716797;0
1905.091;191.718826293945;0
1906.876;157.982299804688;0
1908.658;194.360275268555;0
1910.438;184.742294311523;0
1912.217;200.463073730469;0
1913.996;149.745178222656;0
1915.775;126.811187744141;0
1917.553;115.994178771973;0
1919.33;120.292236328125;0
1921.106;116.594131469727;0
1922.881;116.122100830078;0
1924.655;132.987243652344;0
1926.431;105.967338562012;0
1928.202;112.951278686523;0
1929.974;77.0504379272461;0
1931.746;86.6006546020508;0
1933.516;89.2687683105469;0
1935.286;92.4992980957031;0
1937.055;116.181137084961;0
1938.823;140.869827270508;0
1940.592;156.339202880859;0
1942.356;164.068511962891;0
1944.122;159.689590454102;0
1945.888;156.313491821289;0
1947.651;167.051177978516;0
1949.416;199.347763061523;0
1951.178;232.315155029297;0
1952.939;203.621627807617;0
1954.699;188.936767578125;0
1956.459;96.5938949584961;0
1958.219;88.9263534545898;0
1959.979;22.6883716583252;0
1961.735;51.0334434509277;0
1963.491;29.6432914733887;0
1965.249;42.8173599243164;0
1967.003;88.9078063964844;0
1968.761;145.705642700195;0
1970.512;129.89875793457;0
1972.265;167.436279296875;0
1974.018;168.429351806641;0
1975.769;187.766830444336;0
1977.522;178.337631225586;0
1979.271;165.218017578125;0
1981.018;232.572372436523;0
1982.766;234.829406738281;0
1984.516;246.656066894531;0
1986.261;235.274597167969;0
1988.009;259.063537597656;0
1989.754;265.422088623047;0
1991.498;256.017730712891;0
1993.241;262.183288574219;0
1994.984;277.140472412109;0
1996.727;238.000015258789;0
1998.468;210.872665405273;0
2000.206;199.203903198242;0
2001.946;199.995880126953;0
2003.686;225.581924438477;0
2005.424;176.406143188477;0
2007.161;155.912963867188;0
2008.898;88.2135162353516;0
2010.634;155.086013793945;0
2012.369;164.309524536133;0
2014.103;246.994445800781;0
2015.836;202.028289794922;0
2017.57;214.744079589844;0
2019.299;149.363708496094;0
2021.032;206.33332824707;0
2022.762;241.986572265625;0
2024.491;327.545684814453;0
2026.221;328.788452148438;0
2027.947;291.270416259766;0
2029.676;229.213806152344;0
2031.403;210.174179077148;0
2033.128;173.374114990234;0
2034.852;181.588928222656;0
2036.577;142.707321166992;0
2038.299;241.173645019531;0
2040.022;226.877136230469;0
2041.744;229.373687744141;0
2043.465;173.222991943359;0
2045.184;180.870101928711;0
2046.903;247.651229858398;0
2048.621;270.455596923828;0
2050.339;236.061309814453;0
2052.057;203.690963745117;0
2053.774;195.344528198242;0
2055.488;206.353729248047;0
2057.203;182.937850952148;0
2058.917;172.208038330078;0
2060.631;144.94206237793;0
2062.344;143.607345581055;0
2064.053;116.25569152832;0
2065.765;132.333404541016;0
2067.476;106.207748413086;0
2069.185;105.084800720215;0
2070.892;101.618209838867;0
2072.6;128.342514038086;0
2074.308;127.197448730469;0
2076.014;113.405235290527;0
2077.72;115.633857727051;0
2079.425;79.1066131591797;0
2081.13;79.4142303466797;0
2082.833;94.7260055541992;0
2084.532;103.502113342285;0
2086.236;98.7422637939453;0
2087.936;44.1131210327148;0
2089.635;105.17113494873;0
2091.335;111.908767700195;0
2093.034;195.137924194336;0
2094.731;190.024337768555;0
2096.427;187.901336669922;0
2098.124;148.657806396484;0
2099.82;164.627075195313;0
2101.515;273.808502197266;0
2103.207;290.422271728516;0
2104.902;355.721496582031;0
2106.594;303.929809570313;0
2108.286;276.380889892578;0
2109.976;229.963958740234;0
2111.667;277.396453857422;0
2113.355;293.944885253906;0
2115.044;335.704315185547;0
2116.732;254.89697265625;0
2118.42;262.553955078125;0
2120.105;291.230743408203;0
2121.79;337.259033203125;0
2123.476;420.638427734375;0
2125.16;356.702331542969;0
2126.844;380.228454589844;0
2128.524;354.216827392578;0
2130.207;408.507385253906;0
2131.888;416.064361572266;0
2133.567;410.570190429688;0
2135.247;385.777221679688;0
2136.927;376.112976074219;0
2138.603;386.688598632813;0
2140.281;334.948120117188;0
2141.957;344.557922363281;0
2143.633;321.295593261719;0
2145.308;361.827911376953;0
2146.981;315.707550048828;0
2148.654;348.600860595703;0
2150.328;328.729644775391;0
2152;370.363128662109;0
2153.669;342.131164550781;0
2155.34;342.024505615234;0
2157.01;387.820922851563;0
2158.677;368.075958251953;0
2160.347;364.567779541016;0
2162.013;266.965515136719;0
2163.681;316.159088134766;0
2165.347;312.481811523438;0
2167.011;315.052764892578;0
2168.674;294.084716796875;0
2170.337;365.13134765625;0
2172.002;427.528961181641;0
2173.662;423.944244384766;0
2175.324;380.377166748047;0
2176.985;336.937530517578;0
2178.645;332.525085449219;0
2180.304;328.855560302734;0
2181.961;285.603790283203;0
2183.618;286.145721435547;0
2185.275;275.703643798828;0
2186.932;352.053649902344;0
2188.586;325.927459716797;0
2190.242;308.155578613281;0
2191.896;255.814987182617;0
2193.547;272.406616210938;0
2195.2;294.820037841797;0
2196.851;306.037353515625;0
2198.502;283.327667236328;0
2200.153;270.521789550781;0
2201.799;319.872436523438;0
2203.447;365.348510742188;0
2205.097;439.504058837891;0
2206.742;401.777557373047;0
2208.391;325.469055175781;0
2210.035;219.788146972656;0
2211.679;231.357055664063;0
2213.324;253.637252807617;0
2214.966;326.309814453125;0
2216.608;336.050903320313;0
2218.252;375.442413330078;0
2219.89;415.293212890625;0
2221.531;433.936614990234;0
2223.172;470.594848632813;0
2224.809;389.267913818359;0
2226.449;350.289154052734;0
2228.086;289.970245361328;0
2229.72;292.752502441406;0
2231.358;298.510803222656;0
2232.992;350.604278564453;0
2234.625;376.907989501953;0
2236.26;396.418182373047;0
2237.893;391.392150878906;0
2239.524;382.645843505859;0
2241.156;362.917175292969;0
2242.785;409.732788085938;0
2244.416;427.204437255859;0
2246.044;433.776977539063;0
2247.672;338.370666503906;0
2249.301;266.27197265625;0
2250.926;288.517944335938;0
2252.554;335.229339599609;0
2254.177;354.295288085938;0
2255.803;351.605133056641;0
2257.427;349.269958496094;0
2259.051;412.287841796875;0
2260.671;380.213958740234;0
2262.294;306.346801757813;0
2263.914;275.539123535156;0
2265.533;316.350372314453;0
2267.153;366.959197998047;0
2268.773;436.030334472656;0
2270.392;402.539215087891;0
2272.006;384.092559814453;0
2273.624;287.300933837891;0
2275.239;262.930511474609;0
2276.854;263.518829345703;0
2278.468;307.057769775391;0
2280.084;350.171661376953;0
2281.695;418.402282714844;0
2283.305;441.988739013672;0
2284.919;446.314117431641;0
2286.527;382.439422607422;0
2288.14;372.14208984375;0
2289.748;347.199523925781;0
2291.354;307.721832275391;0
2292.964;189.556213378906;0
2294.569;198.830764770508;0
2296.174;293.844604492188;0
2297.782;342.438568115234;0
2299.386;329.463928222656;0
2300.99;271.143737792969;0
2302.594;242.373886108398;0
2304.195;261.7421875;0
2305.798;269.684173583984;0
2307.399;352.420654296875;0
2308.998;280.284973144531;0
2310.598;239.484893798828;0
2312.197;242.313232421875;0
2313.795;261.632507324219;0
2315.392;288.967193603516;0
2316.988;313.761749267578;0
2318.585;309.571899414063;0
2320.18;351.175415039063;0
2321.774;277.238708496094;0
2323.368;330.157592773438;0
2324.961;320.420837402344;0
2326.553;339.248168945313;0
2328.145;302.640838623047;0
2329.735;302.296234130859;0
2331.324;323.330108642578;0
2332.916;301.929595947266;0
2334.503;228.106811523438;0
2336.092;165.741638183594;0
2337.677;212.308517456055;0
2339.263;220.363082885742;0
2340.85;290.386505126953;0
2342.434;300.309326171875;0
2344.018;333.933441162109;0
2345.602;312.342254638672;0
2347.185;337.979888916016;0
2348.768;350.793579101563;0
2350.347;366.990966796875;0
2351.928;315.804321289063;0
2353.51;309.957763671875;0
2355.087;237.672790527344;0
2356.665;240.649948120117;0
2358.243;244.023391723633;0
2359.819;312.310974121094;0
2361.396;267.380004882813;0
2362.972;235.895843505859;0
2364.547;147.994247436523;0
2366.121;172.290664672852;0
2367.694;202.964050292969;0
2369.267;258.999664306641;0
2370.839;242.21044921875;0
2372.411;247.084747314453;0
2373.982;227.733322143555;0
2375.55;246.949401855469;0
2377.118;184.828857421875;0
2378.687;256.324462890625;0
2380.254;286.819702148438;0
2381.821;323.025421142578;0
2383.387;267.009765625;0
2384.954;239.944534301758;0
2386.516;235.826568603516;0
2388.082;242.369415283203;0
2389.644;197.109176635742;0
2391.209;171.285018920898;0
2392.769;95.9348831176758;0
2394.33;127.391639709473;0
2395.892;185.209289550781;0
2397.449;315.863830566406;0
2399.008;361.307281494141;0
2400.568;403.598236083984;0
2402.125;364.34716796875;0
2403.68;359.762451171875;0
2405.238;351.399261474609;0
2406.792;349.925323486328;0
2408.349;376.563201904297;0
2409.902;335.757690429688;0
2411.455;317.953430175781;0
2413.007;312.484039306641;0
2414.558;309.165924072266;0
2416.11;349.871032714844;0
2417.66;366.994384765625;0
2419.21;440.869750976563;0
2420.758;454.304412841797;0
2422.307;423.459381103516;0
2423.855;377.288970947266;0
2425.402;363.497772216797;0
2426.947;405.10107421875;0
2428.492;402.196807861328;0
2430.038;435.369812011719;0
2431.58;402.286010742188;0
2433.124;446.019805908203;0
2434.667;394.831787109375;0
2436.208;445.697509765625;0
2437.75;434.299407958984;0
2439.291;407.773406982422;0
2440.83;361.16015625;0
2442.369;312.838500976563;0
2443.906;372.95849609375;0
2445.444;390.747436523438;0
2446.981;383.869598388672;0
2448.517;340.659454345703;0
2450.053;264.122375488281;0
2451.587;294.913696289063;0
2453.12;349.461883544922;0
2454.655;369.646942138672;0
2456.187;334.580322265625;0
2457.718;246.150543212891;0
2459.25;264.123352050781;0
2460.781;257.402038574219;0
2462.31;321.697845458984;0
2463.84;330.744232177734;0
2465.368;375.540374755859;0
2466.896;373.417938232422;0
2468.423;349.044799804688;0
2469.949;355.449432373047;0
2471.474;308.077331542969;0
2472.998;337.440582275391;0
2474.522;255.261764526367;0
2476.045;298.961303710938;0
2477.568;299.778472900391;0
2479.09;390.710479736328;0
2480.612;427.756134033203;0
2482.132;440.561187744141;0
2483.653;397.457580566406;0
2485.171;323.466766357422;0
2486.689;303.144073486328;0
2488.208;285.347564697266;0
2489.725;260.964691162109;0
2491.242;269.067993164063;0
2492.757;304.268249511719;0
2494.271;387.801879882813;0
2495.785;383.335845947266;0
2497.3;391.758026123047;0
2498.812;387.108581542969;0
2500.325;404.458435058594;0
2501.837;374.586669921875;0
2503.345;301.60400390625;0
2504.856;229.694442749023;0
2506.366;205.327514648438;0
2507.875;216.252029418945;0
2509.382;258.209381103516;0
2510.889;254.36799621582;0
2512.397;249.701873779297;0
2513.901;217.557510375977;0
2515.406;275.296447753906;0
2516.911;229.774078369141;0
2518.415;236.389526367188;0
2519.918;132.899368286133;0
2521.421;152.192367553711;0
2522.922;183.633071899414;0
2524.423;215.886734008789;0
2525.924;241.508911132813;0
2527.422;237.449951171875;0
2528.923;229.190200805664;0
2530.419;265.739440917969;0
2531.916;235.50895690918;0
2533.415;275.560516357422;0
2534.909;259.720672607422;0
2536.404;296.102844238281;0
2537.899;295.040008544922;0
2539.394;252.419769287109;0
2540.887;203.185073852539;0
2542.38;188.530242919922;0
2543.871;179.019668579102;0
2545.363;210.319732666016;0
2546.852;155.206604003906;0
2548.345;138.458435058594;0
2549.833;94.0752944946289;0
2551.321;125.39054107666;0
2552.811;172.458389282227;0
2554.296;206.560684204102;0
2555.78;222.631820678711;0
2557.267;242.070205688477;0
2558.752;275.186920166016;0
2560.237;279.749877929688;0
2561.721;236.986053466797;0
2563.203;240.320266723633;0
2564.687;248.938720703125;0
2566.168;312.109649658203;0
2567.648;273.836639404297;0
2569.129;252.407379150391;0
2570.607;212.196319580078;0
2572.086;257.593719482422;0
2573.565;269.049926757813;0
2575.041;290.851745605469;0
2576.518;225.192474365234;0
2577.994;236.759567260742;0
2579.469;288.994903564453;0
2580.945;334.898834228516;0
2582.418;354.60888671875;0
2583.892;310.734680175781;0
2585.365;278.83203125;0
2586.835;312.527465820313;0
2588.307;327.750061035156;0
2589.778;364.165191650391;0
2591.248;331.549407958984;0
2592.717;333.678344726563;0
2594.186;296.551940917969;0
2595.652;309.46533203125;0
2597.121;293.454925537109;0
2598.585;317.3212890625;0
2600.052;304.293701171875;0
2601.518;284.085235595703;0
2602.982;246.840057373047;0
2604.446;223.26969909668;0
2605.907;202.703704833984;0
2607.371;219.132202148438;0
2608.83;274.666442871094;0
2610.293;281.750366210938;0
2611.752;289.65625;0
2613.213;241.637420654297;0
2614.672;275.310577392578;0
2616.13;382.948364257813;0
2617.587;460.886535644531;0
2619.043;499.570983886719;0
2620.501;418.5576171875;0
2621.957;355.291046142578;0
2623.409;385.660583496094;0
2624.864;435.697845458984;0
2626.318;469.514251708984;0
2627.771;439.884796142578;0
2629.222;400.462585449219;0
2630.673;401.483032226563;0
2632.124;428.168060302734;0
2633.575;495.519775390625;0
2635.023;499.982788085938;0
2636.473;480.445831298828;0
2637.922;367.243316650391;0
2639.368;377.550415039063;0
2640.816;316.850463867188;0
2642.261;357.325469970703;0
2643.705;322.819366455078;0
2645.151;333.382659912109;0
2646.596;303.246398925781;0
2648.037;314.516052246094;0
2649.48;341.563049316406;0
2650.923;360.880920410156;0
2652.364;380.598297119141;0
2653.804;346.009613037109;0
2655.243;333.185180664063;0
2656.683;313.709045410156;0
2658.121;303.867065429688;0
2659.559;299.298278808594;0
2660.997;258.605163574219;0
2662.433;256.592987060547;0
2663.868;290.483032226563;0
2665.305;274.992858886719;0
2666.737;254.166763305664;0
2668.173;220.08952331543;0
2669.606;205.607666015625;0
2671.038;185.307678222656;0
2672.47;143.962615966797;0
2673.901;149.312622070313;0
2675.331;165.811264038086;0
2676.761;174.005935668945;0
2678.189;160.586410522461;0
2679.619;179.463562011719;0
2681.045;193.568618774414;0
2682.473;243.227127075195;0
2683.9;274.218109130859;0
2685.324;254.430282592773;0
2686.749;218.626571655273;0
2688.176;176.03938293457;0
2689.599;179.925933837891;0
2691.021;240.50715637207;0
2692.444;233.233749389648;0
2693.865;314.210235595703;0
2695.287;245.073654174805;0
2696.707;242.552795410156;0
2698.125;181.781097412109;0
2699.545;196.370666503906;0
2700.963;189.627548217773;0
2702.381;182.689788818359;0
2703.798;162.029495239258;0
2705.214;188.619033813477;0
2706.629;191.502288818359;0
2708.046;265.884735107422;0
2709.458;279.905853271484;0
2710.872;292.672943115234;0
2712.285;235.884231567383;0
2713.699;269.55322265625;0
2715.111;262.900543212891;0
2716.52;319.917114257813;0
2717.93;299.80322265625;0
2719.342;317.913818359375;0
2720.749;299.377563476563;0
2722.159;308.256225585938;0
2723.565;253.320465087891;0
2724.971;284.914489746094;0
2726.38;214.810745239258;0
2727.785;227.876312255859;0
2729.19;190.829635620117;0
2730.594;233.3359375;0
2731.997;264.841247558594;0
2733.401;227.870635986328;0
2734.803;245.041564941406;0
2736.204;251.113952636719;0
2737.606;254.350479125977;0
2739.005;251.726684570313;0
2740.405;267.527008056641;0
2741.806;312.408874511719;0
2743.202;359.594757080078;0
2744.602;328.527526855469;0
2745.998;309.541900634766;0
2747.395;301.860473632813;0
2748.79;360.415466308594;0
2750.185;398.161499023438;0
2751.58;330.431213378906;0
2752.975;322.435546875;0
2754.366;288.698822021484;0
2755.759;324.891967773438;0
2757.151;294.052398681641;0
2758.542;304.392883300781;0
2759.933;271.9228515625;0
2761.322;263.176879882813;0
2762.71;218.466339111328;0
2764.1;227.193328857422;0
2765.486;212.143081665039;0
2766.875;290.981262207031;0
2768.26;304.454711914063;0
2769.646;340.563110351563;0
2771.031;274.086273193359;0
2772.418;299.245697021484;0
2773.799;279.487091064453;0
2775.184;352.915344238281;0
2776.565;352.315216064453;0
2777.946;372.3515625;0
2779.328;312.135559082031;0
2780.708;333.724853515625;0
2782.09;322.174102783203;0
2783.469;365.843933105469;0
2784.847;339.040405273438;0
2786.226;375.402893066406;0
2787.603;354.180938720703;0
2788.978;308.774749755859;0
2790.355;240.089981079102;0
2791.731;240.73388671875;0
2793.104;268.267059326172;0
2794.479;307.657440185547;0
2795.853;270.380523681641;0
2797.225;305.340423583984;0
2798.596;278.956512451172;0
2799.967;297.561492919922;0
2801.341;200.378921508789;0
2802.71;197.288955688477;0
2804.077;176.570846557617;0
2805.447;211.880798339844;0
2806.815;179.698211669922;0
2808.183;148.323715209961;0
2809.551;146.424514770508;0
2810.915;171.546142578125;0
2812.282;199.533203125;0
2813.646;223.553192138672;0
2815.011;188.938217163086;0
2816.375;215.909927368164;0
2817.736;160.579650878906;0
2819.099;137.278610229492;0
2820.462;92.5627899169922;0
2821.821;93.8769683837889;0
2823.182;161.777420043945;0
2824.542;147.15283203125;0
2825.901;155.784271240234;0
2827.261;165.747680664063;0
2828.617;154.283630371094;0
2829.974;122.71459197998;0
2831.33;124.598007202148;0
2832.686;163.489959716797;0
2834.043;216.94499206543;0
2835.395;192.405899047851;0
2836.75;192.244415283203;0
2838.104;215.7822265625;0
2839.456;232.090881347656;0
2840.807;187.31950378418;0
2842.16;157.578521728516;0
2843.509;149.978179931641;0
2844.858;167.279876708984;0
2846.209;162.610397338867;0
2847.556;132.539993286133;0
2848.906;182.83154296875;0
2850.253;212.845199584961;0
2851.6;206.220458984375;0
2852.946;141.401748657226;0
2854.29;120.055519104004;0
2855.635;173.296310424805;0
2856.98;221.566329956055;0
2858.323;202.532577514648;0
2859.665;167.750350952148;0
2861.008;105.441864013672;0
2862.349;140.828948974609;0
2863.691;143.244934082031;0
2865.031;183.912551879883;0
2866.37;126.389205932617;0
2867.709;105.686950683594;0
2869.048;86.4534606933593;0
2870.385;82.5796966552733;0
2871.722;136.842727661133;0
2873.059;194.986099243164;0
2874.394;238.544692993164;0
2875.73;225.986572265625;0
2877.064;199.063552856445;0
2878.398;221.809707641602;0
2879.731;192.173675537109;0
2881.063;229.758117675781;0
2882.395;208.557189941406;0
2883.727;258.117279052734;0
2885.059;209.00456237793;0
2886.387;234.742233276367;0
2887.717;232.141479492188;0
2889.046;222.646667480469;0
2890.374;224.954193115234;0
2891.699;220.552017211914;0
2893.028;249.984039306641;0
2894.354;256.519927978516;0
2895.679;252.990646362305;0
2897.004;287.343658447266;0
2898.328;278.524230957031;0
2899.653;296.142639160156;0
2900.976;314.699523925781;0
2902.297;342.427124023438;0
2903.619;318.694519042969;0
2904.941;277.815643310547;0
2906.26;194.381088256836;0
2907.58;206.594329833984;0
2908.898;175.048629760742;0
2910.217;199.021240234375;0
2911.536;167.761154174805;0
2912.852;240.581359863281;0
2914.171;281.747100830078;0
2915.485;304.977783203125;0
2916.799;292.284912109375;0
2918.116;308.041259765625;0
2919.428;318.542114257813;0
2920.743;327.121368408203;0
2922.056;293.446533203125;0
2923.367;324.533843994141;0
2924.679;284.589813232422;0
2925.99;312.636779785156;0
2927.299;287.28125;0
2928.609;359.089630126953;0
2929.918;334.977996826172;0
2931.226;323.835205078125;0
2932.535;286.105834960938;0
2933.841;310.786071777344;0
2935.149;307.655792236328;0
2936.455;335.159423828125;0
2937.758;336.074859619141;0
2939.064;363.51318359375;0
2940.368;365.696929931641;0
2941.67;404.847930908203;0
2942.973;366.968078613281;0
2944.277;359.500579833984;0
2945.577;304.545349121094;0
2946.878;364.120971679688;0
2948.178;331.780242919922;0
2949.477;324.412017822266;0
2950.776;275.161010742188;0
2952.073;293.604431152344;0
2953.372;341.908813476562;0
2954.669;345.739685058594;0
2955.965;295.541900634766;0
2957.261;266.055236816406;0
2958.556;293.654388427734;0
2959.849;324.447509765625;0
2961.145;394.545989990234;0
2962.436;463.838043212891;0
2963.732;477.990295410156;0
2965.022;394.188415527344;0
2966.313;304.553527832031;0
2967.603;299.229553222656;0
2968.893;301.4404296875;0
2970.182;312.473693847656;0
2971.471;259.358917236328;0
2972.759;288.522796630859;0
2974.047;244.685623168945;0
2975.334;293.902313232422;0
2976.62;245.452011108399;0
2977.907;260.500701904297;0
2979.192;207.445114135742;0
2980.475;188.992492675781;0
2981.76;211.120590209961;0
2983.043;245.384643554688;0
2984.326;266.9462890625;0
2985.607;253.560485839844;0
2986.888;246.559494018555;0
2988.17;255.804946899414;0
2989.449;224.984100341797;0
2990.728;199.388854980469;0
2992.007;188.707580566406;0
2993.284;183.05158996582;0
2994.562;225.754425048828;0
2995.84;193.482803344726;0
2997.115;208.236801147461;0
2998.393;206.903991699219;0
2999.666;228.484436035156;0
3000.94;249.754974365234;0
3002.215;227.567108154297;0
3003.486;201.550964355469;0
3004.76;166.336090087891;0
3006.033;161.772552490234;0
3007.303;141.820587158203;0
3008.573;94.0023574829102;0
3009.844;67.5404281616211;0
3011.114;102.990142822266;0
3012.383;152.240447998047;0
3013.649;168.624740600586;0
3014.917;119.698623657227;0
3016.185;126.498901367188;0
3017.451;74.2076416015625;0
3018.716;123.048469543457;0
3019.983;104.909034729004;0
3021.246;131.341751098633;0
3022.509;119.014251708984;0
3023.774;148.705459594727;0
3025.035;152.526504516602;0
3026.299;116.031143188477;0
3027.56;102.617668151855;0
3028.819;111.11058807373;0
3030.081;107.578147888184;0
3031.339;70.1740798950195;0
3032.598;83.6850204467773;0
3033.856;107.43489074707;0
3035.114;146.750076293945;0
3036.372;158.284072875977;0
3037.628;180.525604248047;0
3038.883;169.298782348633;0
3040.138;130.528305053711;0
3041.394;162.026458740234;0
3042.646;154.517959594727;0
3043.9;169.225250244141;0
3045.152;149.703887939453;0
3046.405;181.721908569336;0
3047.657;170.953323364258;0
3048.906;180.951690673828;0
3050.158;197.050323486328;0
3051.407;196.972625732422;0
3052.656;145.524795532227;0
3053.904;135.057723999023;0
3055.153;165.162033081055;0
3056.398;178.210540771484;0
3057.647;124.315048217773;0
3058.892;124.693534851074;0
3060.137;140.56315612793;0
3061.382;205.090576171875;0
3062.625;213.056503295898;0
3063.869;220.561126708984;0
3065.112;206.344451904297;0
3066.353;180.959976196289;0
3067.595;193.740539550781;0
3068.838;214.24267578125;0
3070.075;272.578033447266;0
3071.317;278.412933349609;0
3072.557;237.192840576172;0
3073.795;226.350311279297;0
3075.032;226.311477661133;0
3076.27;271.929718017578;0
3077.507;253.156585693359;0
3078.742;234.21711730957;0
3079.978;198.927169799805;0
3081.212;212.927200317383;0
3082.446;256.048278808594;0
3083.681;303.668853759766;0
3084.913;301.899627685547;0
3086.147;294.51806640625;0
3087.38;248.30158996582;0
3088.61;235.073181152344;0
3089.84;191.314910888672;0
3091.071;207.795166015625;0
3092.3;224.970596313477;0
3093.529;272.690124511719;0
3094.755;245.844985961914;0
3095.984;301.545654296875;0
3097.211;262.902404785156;0
3098.438;283.360015869141;0
3099.663;236.365051269531;0
3100.888;268.8525390625;0
3102.112;231.422286987305;0
3103.335;239.674087524414;0
3104.56;233.558639526367;0
3105.782;279.427337646484;0
3107.005;237.51139831543;0
3108.226;234.817810058594;0
3109.447;190.137512207031;0
3110.667;211.537948608398;0
3111.887;195.750198364258;0
3113.104;223.217376708984;0
3114.324;250.673187255859;0
3115.541;262.340759277344;0
3116.758;263.109558105469;0
3117.976;216.615234375;0
3119.192;232.458999633789;0
3120.408;234.740509033203;0
3121.622;247.794708251953;0
3122.835;226.732727050781;0
3124.05;204.831161499023;0
3125.262;177.94873046875;0
3126.476;166.327117919922;0
3127.687;193.29963684082;0
3128.897;194.424072265625;0
3130.108;234.588012695313;0
3131.319;243.078323364258;0
3132.528;269.895782470703;0
3133.737;221.708679199219;0
3134.945;161.627456665039;0
3136.152;81.9404220581055;0
3137.358;90.4010696411133;0
3138.565;115.938201904297;0
3139.772;173.297927856445;0
3140.976;153.145812988281;0
3142.18;174.925765991211;0
3143.385;163.304794311523;0
3144.588;196.505477905273;0
3145.79;198.873016357422;0
3146.993;208.760070800781;0
3148.194;164.98371887207;0
3149.395;180.188491821289;0
3150.596;184.372817993164;0
3151.794;217.602951049805;0
3152.994;149.167358398438;0
3154.193;113.712913513184;0
3155.39;95.6393127441406;0
3156.587;163.946914672852;0
3157.784;179.191635131836;0
3158.982;186.707168579102;0
3160.177;116.780990600586;0
3161.37;93.0035095214844;0
3162.565;67.09130859375;0
3163.759;88.0283889770508;0
3164.952;97.1168212890625;0
3166.146;86.7247924804688;0
3167.337;122.334426879883;0
3168.527;148.16796875;0
3169.719;160.336517333984;0
3170.91;115.062217712402;0
3172.098;97.2351837158203;0
3173.288;78.4309158325195;0
3174.475;73.3886032104492;0
3175.663;80.4636840820313;0
3176.849;113.446174621582;0
3178.037;130.096481323242;0
3179.223;115.016868591309;0
3180.408;133.741134643555;0
3181.592;125.910278320313;0
3182.777;165.746551513672;0
3183.96;198.806884765625;0
3185.143;226.53532409668;0
3186.325;156.376022338867;0
3187.507;126.217475891113;0
3188.688;96.4476089477539;0
3189.869;158.264373779297;0
3191.049;142.636672973633;0
3192.228;186.119186401367;0
3193.406;153.67822265625;0
3194.585;161.577529907227;0
3195.763;132.492919921875;0
3196.939;169.963348388672;0
3198.116;153.692718505859;0
3199.292;172.596939086914;0
3200.466;199.943496704102;0
3201.643;262.399322509766;0
3202.816;264.631195068359;0
3203.991;206.860229492188;0
3205.161;134.194702148438;0
3206.334;127.802322387695;0
3207.504;129.74494934082;0
3208.677;163.767211914063;0
3209.846;178.552810668945;0
3211.017;209.665466308594;0
3212.187;214.104919433594;0
3213.356;193.537536621094;0
3214.524;189.629760742188;0
3215.69;178.825881958008;0
3216.859;178.792587280273;0
3218.024;179.858673095703;0
3219.189;167.652114868164;0
3220.354;211.173461914063;0
3221.519;201.358688354492;0
3222.682;223.206970214844;0
3223.845;193.162475585938;0
3225.01;236.78010559082;0
3226.171;245.615142822266;0
3227.332;266.580963134766;0
3228.494;256.844604492188;0
3229.655;293.181793212891;0
3230.814;287.148834228516;0
3231.973;246.744689941406;0
3233.13;222.635986328125;0
3234.29;207.116714477539;0
3235.447;241.374267578125;0
3236.605;243.148742675781;0
3237.76;275.662384033203;0
3238.916;287.360046386719;0
3240.071;285.242462158203;0
3241.224;298.309204101563;0
3242.381;243.004638671875;0
3243.532;239.032699584961;0
3244.685;230.4892578125;0
3245.839;239.891357421875;0
3246.99;198.700805664063;0
3248.141;149.426498413086;0
3249.292;178.202239990234;0
3250.439;198.054092407227;0
3251.589;198.87190246582;0
3252.739;217.989013671875;0
3253.886;202.294296264648;0
3255.034;220.565536499023;0
3256.18;189.644470214844;0
3257.326;223.694641113281;0
3258.472;248.617416381836;0
3259.617;250.201873779297;0
3260.761;207.003723144531;0
3261.905;199.389999389648;0
3263.048;190.763595581055;0
3264.19;208.379852294922;0
3265.333;186.426406860352;0
3266.475;172.139526367188;0
3267.617;213.895935058594;0
3268.757;227.773330688477;0
3269.896;257.839477539063;0
3271.036;250.787185668945;0
3272.175;276.896026611328;0
3273.313;274.670318603516;0
3274.449;245.999710083008;0
3275.586;188.551010131836;0
3276.722;170.318069458008;0
3277.859;211.649261474609;0
3278.993;247.31413269043;0
3280.13;301.979644775391;0
3281.263;266.979400634766;0
3282.395;244.758117675781;0
3283.529;207.760955810547;0
3284.66;247.858734130859;0
3285.794;246.115234375;0
3286.924;263.73193359375;0
3288.054;227.412307739258;0
3289.185;255.314559936523;0
3290.313;244.524948120117;0
3291.443;270.402496337891;0
3292.571;214.836364746094;0
3293.698;252.493804931641;0
3294.824;218.683609008789;0
3295.952;238.349899291992;0
3297.077;162.495361328125;0
3298.203;153.898849487305;0
3299.328;163.399520874023;0
3300.45;179.158676147461;0
3301.574;172.509124755859;0
3302.698;173.117492675781;0
3303.819;208.317169189453;0
3304.942;232.148651123047;0
3306.064;236.072967529297;0
3307.182;241.032928466797;0
3308.303;228.806304931641;0
3309.423;227.617050170898;0
3310.542;172.465179443359;0
3311.66;197.461044311523;0
3312.778;182.715942382813;0
3313.895;216.340148925781;0
3315.012;198.778030395508;0
3316.128;217.586715698242;0
3317.243;179.100555419922;0
3318.357;174.541091918945;0
3319.471;152.686126708984;0
3320.586;209.757873535156;0
3321.698;186.15315246582;0
3322.813;209.609344482422;0
3323.923;174.187759399414;0
3325.034;219.010269165039;0
3326.146;214.164306640625;0
3327.255;239.759735107422;0
3328.366;213.940231323242;0
3329.474;200.781494140625;0
3330.582;155.9111328125;0
3331.691;157.047805786133;0
3332.797;168.472686767578;0
3333.905;167.336120605469;0
3335.011;137.676879882813;0
3336.116;91.6290435791016;0
3337.22;90.8032989501953;0
3338.327;124.170021057129;0
3339.429;124.643844604492;0
3340.534;155.023864746094;0
3341.635;132.923904418945;0
3342.737;151.040512084961;0
3343.84;126.81819152832;0
3344.94;164.812759399414;0
3346.041;168.58056640625;0
3347.142;189.457824707031;0
3348.24;154.223907470703;0
3349.337;138.324020385742;0
3350.437;125.798645019531;0
3351.534;115.828506469727;0
3352.633;114.710914611816;0
3353.727;121.197975158691;0
3354.823;116.907531738281;0
3355.919;145.976776123047;0
3357.013;168.269287109375;0
3358.108;236.77685546875;0
3359.201;257.837036132813;0
3360.293;239.894622802734;0
3361.385;191.061065673828;0
3362.478;164.669906616211;0
3363.569;145.165832519531;0
3364.661;156.600173950195;0
3365.75;178.031127929688;0
3366.838;193.2333984375;0
3367.929;186.206771850586;0
3369.017;156.707809448242;0
3370.105;129.626998901367;0
3371.193;160.614532470703;0
3372.279;173.677764892578;0
3373.364;201.36457824707;0
3374.45;188.859954833984;0
3375.534;188.718627929688;0
3376.62;181.816223144531;0
3377.704;179.483032226563;0
3378.786;150.610412597656;0
3379.871;194.521835327148;0
3380.951;200.397537231445;0
3382.034;243.969223022461;0
3383.114;195.355514526367;0
3384.195;197.23454284668;0
3385.276;154.465606689453;0
3386.354;150.420272827148;0
3387.433;166.581466674805;0
3388.511;196.083755493164;0
3389.588;212.92236328125;0
3390.664;183.615921020508;0
3391.742;175.861968994141;0
3392.816;199.289611816406;0
3393.893;193.823318481445;0
3394.968;228.142135620117;0
3396.042;215.733062744141;0
3397.115;212.073684692383;0
3398.189;208.288726806641;0
3399.262;198.221374511719;0
3400.333;212.78092956543;0
3401.404;194.631454467773;0
3402.474;204.019821166992;0
3403.545;205.27717590332;0
3404.615;202.440002441406;0
3405.685;229.277420043945;0
3406.752;234.536254882813;0
3407.82;303.774322509766;0
3408.888;281.102783203125;0
3409.955;310.967895507813;0
3411.021;273.514709472656;0
3412.085;277.768524169922;0
3413.151;213.035690307617;0
3414.215;162.040313720703;0
3415.279;117.208160400391;0
3416.343;198.48405456543;0
3417.406;246.414108276367;0
3418.468;304.001556396484;0
3419.53;224.356521606445;0
3420.592;227.432662963867;0
3421.652;230.949005126953;0
3422.712;258.904815673828;0
3423.773;205.636352539063;0
3424.83;222.596771240234;0
3425.889;227.120132446289;0
3426.946;262.994781494141;0
3428.005;221.386215209961;0
3429.061;203.796035766602;0
3430.117;218.121810913086;0
3431.172;193.911361694336;0
3432.227;181.97428894043;0
3433.281;156.438507080078;0
3434.335;177.586959838867;0
3435.389;172.682144165039;0
3436.44;168.445236206055;0
3437.492;172.168167114258;0
3438.546;186.819000244141;0
3439.598;186.328399658203;0
3440.646;165.959213256836;0
3441.697;162.744903564453;0
3442.745;151.991546630859;0
3443.793;180.421859741211;0
3444.842;207.633483886719;0
3445.891;256.514587402344;0
3446.937;243.375564575195;0
3447.984;222.043579101562;0
3449.031;179.971969604492;0
3450.075;195.001861572266;0
3451.12;188.033447265625;0
3452.164;209.969329833984;0
3453.207;217.15510559082;0
3454.251;236.011505126953;0
3455.293;235.746566772461;0
3456.336;195.223876953125;0
3457.378;178.557571411133;0
3458.417;170.918563842773;0
3459.458;179.182754516602;0
3460.498;208.742660522461;0
3461.539;184.511352539063;0
3462.577;178.594085693359;0
3463.614;140.642440795898;0
3464.651;146.592346191406;0
3465.689;142.149795532227;0
3466.726;163.527374267578;0
3467.763;168.46337890625;0
3468.798;208.891143798828;0
3469.831;202.49626159668;0
3470.866;227.312545776367;0
3471.9;153.924392700195;0
3472.933;139.366729736328;0
3473.966;88.3442001342774;0
3474.999;122.351692199707;0
3476.029;119.217262268066;0
3477.061;140.492767333984;0
3478.09;150.020324707031;0
3479.121;160.580688476562;0
3480.15;149.573883056641;0
3481.178;114.582717895508;0
3482.205;138.682052612305;0
3483.234;165.973602294922;0
3484.26;196.250778198242;0
3485.288;161.689346313477;0
3486.313;142.871353149414;0
3487.337;148.536010742188;0
3488.364;139.711074829102;0
3489.387;153.466354370117;0
3490.411;146.31315612793;0
3491.434;160.860000610352;0
3492.456;146.069625854492;0
3493.479;120.233329772949;0
3494.5;97.1075820922851;0
3495.521;59.658317565918;0
3496.543;60.1080741882324;0
3497.561;66.4366836547852;0
3498.579;69.0978469848633;0
3499.6;55.6250648498535;0
3500.618;-13.6953916549683;0
3501.636;-45.408821105957;0
3502.653;-69.5139007568359;0
3503.669;-21.2505779266357;0
3504.685;1.06107592582703;0
3505.699;-2.00278210639954;0
3506.716;-29.1029758453369;0
3507.729;-17.4342594146729;0
3508.743;-15.159722328186;0
3509.755;-4.33333349227905;0
