98.64605;0;0
101.2353;0;0
103.8217;0;0
106.4096;-15.4444446563721;0
108.9945;6.66666650772095;0
111.5767;91.9206314086914;0
114.1602;66.7037048339843;0
116.7409;54.5454559326172;0
119.3209;-26.0256404876709;0
121.9002;-27.4148139953613;0
124.4788;-47.6797370910645;0
127.0566;21.5321636199951;0
129.6317;20.8888893127441;0
132.2038;30.1497592926025;0
134.7796;-12.3288888931274;0
137.3503;22.0786151885986;0
139.9204;24.1000137329102;0
142.4919;84.4770736694336;0
145.0584;143.626617431641;0
147.6242;164.606674194336;0
150.1914;253.724029541016;0
152.7579;272.535919189453;0
155.3216;316.547698974609;0
157.8846;281.201812744141;0
160.4448;324.479278564453;0
163.0085;344.489593505859;0
165.5672;366.004760742188;0
168.1232;311.309600830078;0
170.6826;302.149078369141;0
173.2372;354.000396728516;0
175.7931;433.426605224609;0
178.3463;486.831848144531;0
180.8966;460.567077636719;0
183.4504;445.652526855469;0
185.9993;488.966156005859;0
188.5476;531.977661132813;0
191.0972;591.811645507813;0
193.644;588.832946777344;0
196.1859;593.854919433594;0
198.7335;556.16943359375;0
201.2761;536.42724609375;0
203.8201;519.978454589844;0
206.3593;578.505920410156;0
208.8998;567.751403808594;0
211.4397;617.327941894531;0
213.9746;637.333435058594;0
216.5109;698.872741699219;0
219.0487;730.7119140625;0
221.5816;727.167602539063;0
224.1158;756.385498046875;0
226.6473;733.595336914063;0
229.176;764.683654785156;0
231.7082;810.111511230469;0
234.2355;839.145446777344;0
236.7643;864.754516601563;0
239.2902;847.46484375;0
241.8133;867.348999023438;0
244.3379;848.03857421875;0
246.8618;891.961242675781;0
249.3828;918.892456054688;0
251.9053;935.789367675781;0
254.423;874.255065917969;0
256.942;803.638366699219;0
259.4603;798.512329101563;0
261.9759;761.978881835938;0
264.4887;766.40576171875;0
267.005;726.234619140625;0
269.5164;742.761291503906;0
272.0292;806.001892089844;0
274.5393;847.965270996094;0
277.0466;907.993530273438;0
279.5574;843.40869140625;0
282.0654;892.492797851563;0
284.5686;860.69775390625;0
287.0752;934.635925292969;0
289.5791;905.579772949219;0
292.0803;970.06591796875;0
294.5828;931.208679199219;0
297.0826;904.1884765625;0
299.5838;833.1767578125;0
302.0801;791.398986816406;0
304.5758;784.529479980469;0
307.0749;798.980651855469;0
309.5672;810.422546386719;0
312.0608;835.88525390625;0
314.5558;794.532104492188;0
317.044;806.4912109375;0
319.5377;754.548583984375;0
322.0266;792.351257324219;0
324.5127;757.220275878906;0
327.0023;820.624633789063;0
329.4871;780.516357421875;0
331.9691;863.673095703125;0
334.4547;802.606689453125;0
336.9353;836.240478515625;0
339.4174;820.596984863281;0
341.901;871.4677734375;0
344.3776;851.105407714844;0
346.8577;813.362487792969;0
349.333;830.185607910156;0
351.8076;836.232055664063;0
354.2857;889.293823242188;0
356.7569;879.750366210938;0
359.2296;927.397155761719;0
361.7015;872.653015136719;0
364.1729;903.290649414063;0
366.6414;903.763122558594;0
369.1093;927.655883789063;0
371.5745;927.879211425781;0
374.0432;887.020446777344;0
376.507;895.511779785156;0
378.9702;818.248840332031;0
381.4348;841.766479492188;0
383.8947;836.818298339844;0
386.3538;912.686950683594;0
388.8144;934.599060058594;0
391.2722;917.113952636719;0
393.7314;932.281555175781;0
396.1859;925.882385253906;0
398.6418;927.222778320313;0
401.0949;898.23681640625;0
403.5475;911.376159667969;0
405.9972;926.221374511719;0
408.4505;903.914611816406;0
410.899;920.018371582031;0
413.3468;911.978393554688;0
415.796;966.320495605469;0
418.2405;997.089111328125;0
420.6884;1018.20135498047;0
423.1295;975.143127441406;0
425.572;947.762756347656;0
428.0159;917.946838378906;0
430.455;902.911071777344;0
432.8956;857.439392089844;0
435.3335;897.181518554688;0
437.7707;875.765502929688;0
440.2093;871.460083007813;0
442.6432;839.298583984375;0
445.0764;880.306823730469;0
447.511;822.923156738281;0
449.9429;892.88623046875;0
452.3721;848.071105957031;0
454.8048;844.900756835938;0
457.2328;770.182067871094;0
459.66;765.580261230469;0
462.0847;772.613342285156;0
464.5127;831.778503417969;0
466.9381;896.108459472656;0
469.3587;984.764831542969;0
471.7807;982.108703613281;0
474.2042;979.802612304688;0
476.6229;1012.61413574219;0
479.041;1010.52307128906;0
481.4604;987.733581542969;0
483.8752;924.270080566406;0
486.2934;840.255737304688;0
488.7068;815.005249023438;0
491.1197;809.901611328125;0
493.5339;859.643676757813;0
495.9435;866.595031738281;0
498.3544;817.577331542969;0
500.7667;815.509826660156;0
503.1723;799.7666015625;0
505.5793;809.360900878906;0
507.9856;715.796936035156;0
510.3913;705.916748046875;0
512.7944;723.135375976563;0
515.1968;772.194702148438;0
517.5986;772.485412597656;0
519.9997;725.674987792969;0
522.3982;716.65380859375;0
524.798;670.737365722656;0
527.1973;694.377258300781;0
529.5919;720.691345214844;0
531.9899;710.204711914063;0
534.3832;701.2392578125;0
536.7758;683.145568847656;0
539.1699;733.594055175781;0
541.5593;761.005615234375;0
543.9481;733.11083984375;0
546.3382;736.131164550781;0
548.7257;733.351745605469;0
551.1146;804.442077636719;0
553.4968;760.262023925781;0
555.8824;759.834106445313;0
558.2675;699.690856933594;0
560.6478;737.998962402344;0
563.0295;719.25927734375;0
565.4106;754.603210449219;0
567.7911;726.314147949219;0
570.169;759.947875976563;0
572.5462;715.284057617188;0
574.9229;720.87841796875;0
577.2968;642.959655761719;0
579.6721;590.450927734375;0
582.0449;543.228576660156;0
584.417;534.810485839844;0
586.7885;557.914184570313;0
589.1553;592.237182617188;0
591.5255;602.085205078125;0
593.8931;570.415649414063;0
596.2601;592.515686035156;0
598.6265;607.223266601563;0
600.9902;690.936462402344;0
603.3554;671.529357910156;0
605.7179;661.783752441406;0
608.0778;628.631042480469;0
610.4391;586.842163085938;0
612.7977;567.849426269531;0
615.1558;598.3232421875;0
617.5132;649.443115234375;0
619.8701;726.978454589844;0
622.2263;723.060668945313;0
624.5779;717.703674316406;0
626.9308;700.011901855469;0
629.2852;731.244201660156;0
631.6349;800.910766601563;0
633.9841;850.649291992188;0
636.3326;913.738830566406;0
638.6805;856.426513671875;0
641.0279;861.689086914063;0
643.3746;902.331970214844;0
645.7187;1033.91076660156;0
648.0621;1051.30883789063;0
650.405;957.431335449219;0
652.7453;982.993957519531;0
655.087;1009.66705322266;0
657.426;1003.93743896484;0
659.7645;908.469360351563;0
662.1024;892.819946289063;0
664.4376;897.545532226563;0
666.7742;893.065551757813;0
669.1063;833.066040039063;0
671.4398;816.122009277344;0
673.7726;767.245849609375;0
676.1048;731.249755859375;0
678.4324;730.430725097656;0
680.7635;728.498413085938;0
683.0919;720.518005371094;0
685.4158;669.167785644531;0
687.743;681.224853515625;0
690.0696;712.434875488281;0
692.3937;734.122375488281;0
694.7151;740.3076171875;0
697.038;767.697692871094;0
699.3583;793.385375976563;0
701.6779;822.29638671875;0
703.995;805.504333496094;0
706.3155;791.811218261719;0
708.6294;804.216125488281;0
710.9467;854.803161621094;0
713.2594;879.890747070313;0
715.5735;803.8076171875;0
717.887;751.442626953125;0
720.1979;769.450012207031;0
722.5083;814.137084960938;0
724.818;783.258361816406;0
727.1252;759.466796875;0
729.4357;751.609619140625;0
731.7418;736.795104980469;0
734.0452;712.400817871094;0
736.35;719.588500976563;0
738.6522;762.589660644531;0
740.9539;774.075622558594;0
743.2569;736.491455078125;0
745.5554;757.064147949219;0
747.8553;706.458129882813;0
750.1545;647.2421875;0
752.4513;571.389770507813;0
754.7474;522.858520507813;0
757.043;537.461608886719;0
759.336;543.257873535156;0
761.6304;568.788696289063;0
763.9222;513.282897949219;0
766.2114;443.603790283203;0
768.5041;484.392822265625;0
770.7922;485.83642578125;0
773.0777;473.538055419922;0
775.3647;434.272857666016;0
777.651;466.9833984375;0
779.9368;507.267639160156;0
782.22;464.130950927734;0
784.5026;525.411804199219;0
786.7847;529.943115234375;0
789.0662;505.908386230469;0
791.3451;477.237884521484;0
793.6254;506.556823730469;0
795.9012;541.040344238281;0
798.1784;616.664978027344;0
800.455;608.695373535156;0
802.7291;629.865905761719;0
805.0026;589.396606445313;0
807.2755;662.304565429688;0
809.5478;731.502746582031;0
811.8176;783.688049316406;0
814.0869;830.749145507813;0
816.3535;877.207763671875;0
818.6235;895.360107421875;0
820.8911;806.204528808594;0
823.156;796.468811035156;0
825.4204;751.644409179688;0
827.6823;794.361572265625;0
829.9474;788.23583984375;0
832.2082;779.423645019531;0
834.4683;828.143127441406;0
836.7279;836.647766113281;0
838.9869;915.993591308594;0
841.2453;879.538757324219;0
843.5012;933.395263671875;0
845.7565;889.58642578125;0
848.0133;861.681884765625;0
850.2655;780.351013183594;0
852.5153;765.148071289063;0
854.7703;747.419494628906;0
857.0189;754.754821777344;0
859.2668;747.224914550781;0
861.5182;738.275451660156;0
863.7651;749.436218261719;0
866.0114;738.402893066406;0
868.2592;669.5107421875;0
870.5024;560.985595703125;0
872.7451;497.271820068359;0
874.9872;590.511474609375;0
877.2307;596.779357910156;0
879.4717;574.514526367188;0
881.7101;486.492797851563;0
883.95;468.604034423828;0
886.1854;444.184173583984;0
888.4202;422.348022460938;0
890.6604;420.511444091797;0
892.8941;432.259796142578;0
895.1253;419.037384033203;0
897.3599;480.068054199219;0
899.59;461.242889404297;0
901.8195;518.140563964844;0
904.0504;491.405456542969;0
906.2789;598.703857421875;0
908.5087;588.814270019531;0
910.7341;636.150268554688;0
912.9589;603.866882324219;0
915.1851;611.179443359375;0
917.4088;614.031494140625;0
919.63;610.589172363281;0
921.8526;518.627197265625;0
924.0727;497.810760498047;0
926.2922;462.959106445313;0
928.5112;556.785522460938;0
930.7277;501.978302001953;0
932.9476;477.0498046875;0
935.163;371.372985839844;0
937.3739;239.392120361328;0
939.5901;177.311859130859;0
941.8019;155.439575195313;0
944.0151;226.633636474609;0
946.2258;185.185272216797;0
948.4341;128.421234130859;0
950.6456;116.125633239746;0
952.8527;138.188537597656;0
955.0593;196.61116027832;0
957.2653;117.284629821777;0
959.4689;81.3898391723633;0
961.6738;51.5133285522461;0
963.8782;91.8381958007813;0
966.0782;105.026931762695;0
968.2815;120.414489746094;0
970.4803;98.1709518432617;0
972.6787;107.605407714844;0
974.8784;132.695678710938;0
977.0757;223.103744506836;0
979.2704;229.541076660156;0
981.4667;236.185440063477;0
983.6603;220.207092285156;0
985.8535;311.426910400391;0
988.0461;369.453369140625;0
990.2363;403.705352783203;0
992.4297;401.381011962891;0
994.6169;427.349487304688;0
996.8035;445.121673583984;0
998.9933;476.137573242188;0
1001.179;505.075561523438;0
1003.364;552.637512207031;0
1005.55;617.425354003906;0
1007.732;667.028015136719;0
1009.916;722.890991210938;0
1012.096;711.126525878906;0
1014.275;683.066040039063;0
1016.459;659.818115234375;0
1018.636;693.490539550781;0
1020.813;731.971496582031;0
1022.991;765.927062988281;0
1025.165;771.690795898438;0
1027.34;722.927612304688;0
1029.515;649.636596679688;0
1031.687;601.148620605469;0
1033.859;566.795532226563;0
1036.03;591.355346679688;0
1038.199;561.384704589844;0
1040.369;553.770202636719;0
1042.536;476.729705810547;0
1044.704;415.599395751953;0
1046.87;399.49072265625;0
1049.034;368.180572509766;0
1051.198;331.780395507813;0
1053.363;271.626556396484;0
1055.526;312.720886230469;0
1057.686;295.845001220703;0
1059.845;299.110229492188;0
1062.005;255.517120361328;0
1064.165;281.398956298828;0
1066.323;333.870666503906;0
1068.477;242.824417114258;0
1070.634;187.151977539063;0
1072.788;111.735786437988;0
1074.942;166.194076538086;0
1077.096;203.151290893555;0
1079.247;255.066482543945;0
1081.397;284.531341552734;0
1083.547;289.03662109375;0
1085.695;277.138977050781;0
1087.844;241.504486083984;0
1089.992;230.518707275391;0
1092.138;201.356018066406;0
1094.284;285.668426513672;0
1096.425;328.763885498047;0
1098.571;362.227752685547;0
1100.711;302.863861083984;0
1102.851;288.337463378906;0
1104.994;308.508666992188;0
1107.132;340.891845703125;0
1109.271;338.133331298828;0
1111.408;348.850189208984;0
1113.543;343.776763916016;0
1115.682;307.969451904297;0
1117.816;296.896301269531;0
1119.947;267.060668945313;0
1122.08;311.629211425781;0
1124.213;257.57373046875;0
1126.343;288.822631835938;0
1128.474;255.027496337891;0
1130.602;288.042724609375;0
1132.728;329.604858398438;0
1134.856;409.150329589844;0
1136.982;385.169067382813;0
1139.109;366.549987792969;0
1141.234;367.957366943359;0
1143.356;381.280090332031;0
1145.479;312.740051269531;0
1147.599;213.817413330078;0
1149.719;222.84553527832;0
1151.839;299.046630859375;0
1153.957;315.865142822266;0
1156.076;241.410171508789;0
1158.191;188.125518798828;0
1160.305;246.233062744141;0
1162.423;277.510589599609;0
1164.536;305.178527832031;0
1166.647;201.792709350586;0
1168.761;155.686462402344;0
1170.871;210.966659545898;0
1172.983;328.63330078125;0
1175.092;410.193634033203;0
1177.2;359.215759277344;0
1179.306;364.368804931641;0
1181.413;365.090545654297;0
1183.518;368.599395751953;0
1185.623;314.672912597656;0
1187.725;345.511413574219;0
1189.826;261.778015136719;0
1191.929;252.971237182617;0
1194.032;192.202743530273;0
1196.13;313.763824462891;0
1198.23;341.104919433594;0
1200.327;314.496520996094;0
1202.423;309.949829101563;0
1204.52;321.979400634766;0
1206.613;393.835205078125;0
1208.71;382.573333740234;0
1210.801;432.969329833984;0
1212.892;486.245025634766;0
1214.987;477.125823974609;0
1217.075;515.168151855469;0
1219.166;428.712585449219;0
1221.256;389.116912841797;0
1223.342;348.850219726563;0
1225.43;358.803344726563;0
1227.515;358.227874755859;0
1229.597;326.713470458984;0
1231.685;349.146087646484;0
1233.767;341.146911621094;0
1235.85;316.266632080078;0
1237.931;304.507720947266;0
1240.009;363.538452148438;0
1242.09;304.136871337891;0
1244.168;293.824066162109;0
1246.245;274.343048095703;0
1248.321;317.100219726563;0
1250.397;316.616790771484;0
1252.472;294.448699951172;0
1254.547;305.817749023438;0
1256.618;279.797454833984;0
1258.69;256.618011474609;0
1260.761;197.567199707031;0
1262.83;246.756164550781;0
1264.901;287.409515380859;0
1266.969;341.749572753906;0
1269.035;379.112487792969;0
1271.102;346.463928222656;0
1273.167;272.583465576172;0
1275.233;253.026641845703;0
1277.295;227.904586791992;0
1279.359;211.55061340332;0
1281.42;119.076515197754;0
1283.482;111.260383605957;0
1285.542;158.037246704102;0
1287.6;150.472076416016;0
1289.659;198.453765869141;0
1291.714;232.204544067383;0
1293.774;384.281585693359;0
1295.828;475.907073974609;0
1297.881;557.684936523438;0
1299.936;560.491455078125;0
1301.987;565.100402832031;0
1304.041;580.072143554688;0
1306.09;521.740417480469;0
1308.139;426.660858154297;0
1310.19;372.410400390625;0
1312.238;467.548065185547;0
1314.286;513.572204589844;0
1316.331;513.034545898438;0
1318.376;523.752380371094;0
1320.422;539.7265625;0
1322.466;562.180053710938;0
1324.508;534.924072265625;0
1326.549;521.65283203125;0
1328.59;511.634582519531;0
1330.632;453.099151611328;0
1332.67;441.490997314453;0
1334.707;388.810791015625;0
1336.746;375.946502685547;0
1338.78;360.676239013672;0
1340.816;380.778533935547;0
1342.852;289.919860839844;0
1344.885;254.099151611328;0
1346.916;208.981658935547;0
1348.948;269.784545898438;0
1350.979;284.730651855469;0
1353.011;306.81982421875;0
1355.04;309.052062988281;0
1357.066;307.090362548828;0
1359.094;266.932281494141;0
1361.121;225.465103149414;0
1363.145;212.355590820313;0
1365.171;228.825271606445;0
1367.192;208.206481933594;0
1369.216;226.83137512207;0
1371.239;214.254364013672;0
1373.258;304.142120361328;0
1375.28;197.940185546875;0
1377.298;139.98291015625;0
1379.316;28.936954498291;0
1381.335;125.023590087891;0
1383.35;228.910430908203;0
1385.366;266.819702148438;0
1387.38;241.084609985352;0
1389.394;190.813812255859;0
1391.409;210.561737060547;0
1393.42;133.215362548828;0
1395.43;78.9972610473633;0
1397.44;95.0875930786133;0
1399.451;110.67406463623;0
1401.458;233.056442260742;0
1403.466;131.457260131836;0
1405.472;185.164047241211;0
1407.478;94.5566024780273;0
1409.483;230.035415649414;0
1411.486;208.867309570313;0
1413.49;235.497039794922;0
1415.492;130.92610168457;0
1417.492;189.968048095703;0
1419.495;148.587554931641;0
1421.494;198.353363037109;0
1423.492;155.696716308594;0
1425.49;312.053619384766;0
1427.487;298.433074951172;0
1429.482;367.057403564453;0
1431.477;265.926910400391;0
1433.471;367.375274658203;0
1435.466;413.735809326172;0
1437.456;467.564025878906;0
1439.447;424.859191894531;0
1441.441;344.398376464844;0
1443.427;286.402191162109;0
1445.417;254.758819580078;0
1447.406;262.912750244141;0
1449.392;308.975036621094;0
1451.381;353.501281738281;0
1453.365;310.512359619141;0
1455.348;308.297637939453;0
1457.333;242.914245605469;0
1459.314;271.331176757813;0
1461.296;208.168960571289;0
1463.276;256.873931884766;0
1465.256;271.815551757813;0
1467.237;289.882019042969;0
1469.215;273.960998535156;0
1471.19;246.163604736328;0
1473.167;337.934265136719;0
1475.145;334.384063720703;0
1477.118;347.624145507813;0
1479.092;306.654510498047;0
1481.065;322.919250488281;0
1483.038;296.084411621094;0
1485.008;261.70556640625;0
1486.979;243.893447875977;0
1488.949;255.647766113281;0
1490.917;251.448440551758;0
1492.883;252.036315917969;0
1494.852;238.076934814453;0
1496.817;238.348068237305;0
1498.782;245.405639648438;0
1500.748;265.051910400391;0
1502.708;269.245422363281;0
1504.673;247.679840087891;0
1506.634;262.868927001953;0
1508.594;238.623901367188;0
1510.554;285.279205322266;0
1512.512;256.390075683594;0
1514.471;271.109680175781;0
1516.428;175.694732666016;0
1518.384;223.845901489258;0
1520.34;178.897430419922;0
1522.294;226.404556274414;0
1524.249;183.366928100586;0
1526.202;273.717407226563;0
1528.153;287.633605957031;0
1530.103;299.781860351563;0
1532.054;276.160705566406;0
1534.004;270.512145996094;0
1535.951;271.093719482422;0
1537.899;264.114471435547;0
1539.847;249.58757019043;0
1541.793;225.077041625977;0
1543.738;207.684997558594;0
1545.681;312.189086914063;0
1547.625;321.700134277344;0
1549.566;289.884460449219;0
1551.509;227.630981445313;0
1553.45;266.828582763672;0
1555.389;312.58837890625;0
1557.33;290.132415771484;0
1559.266;283.904479980469;0
1561.204;367.681884765625;0
1563.141;355.575714111328;0
1565.074;349.252655029297;0
1567.009;227.268249511719;0
1568.943;206.267532348633;0
1570.877;204.404907226563;0
1572.808;192.844223022461;0
1574.741;173.503555297852;0
1576.67;114.429054260254;0
1578.6;152.841049194336;0
1580.528;170.925033569336;0
1582.455;205.014358520508;0
1584.382;176.109008789063;0
1586.307;190.431213378906;0
1588.234;157.758743286133;0
1590.157;189.091613769531;0
1592.081;177.540908813477;0
1594.002;159.2177734375;0
1595.927;134.011077880859;0
1597.845;150.254150390625;0
1599.767;143.391448974609;0
1601.685;182.645172119141;0
1603.602;133.570907592773;0
1605.523;200.132858276367;0
1607.438;210.25569152832;0
1609.354;249.606079101563;0
1611.269;197.853073120117;0
1613.181;138.997253417969;0
1615.096;63.9020805358887;0
1617.008;24.6089820861816;0
1618.92;-23.2423191070557;0
1620.83;0.0666327178478241;0
1622.74;33.3806190490723;0
1624.649;142.254196166992;0
1626.557;184.799118041992;0
1628.464;185.5712890625;0
1630.37;164.237365722656;0
1632.275;167.019119262695;0
1634.18;271.915313720703;0
1636.085;295.25927734375;0
1637.988;323.497894287109;0
1639.888;345.409271240234;0
1641.791;386.993438720703;0
1643.691;460.472564697266;0
1645.588;438.847503662109;0
1647.489;412.896575927734;0
1649.387;357.509094238281;0
1651.284;358.129516601563;0
1653.18;395.76123046875;0
1655.075;506.070892333984;0
1656.972;556.947387695313;0
1658.864;569.835144042969;0
1660.754;505.400817871094;0
1662.65;457.088897705078;0
1664.539;396.788238525391;0
1666.428;445.387756347656;0
1668.32;436.665222167969;0
1670.207;386.620635986328;0
1672.096;361.142883300781;0
1673.982;447.898590087891;0
1675.867;539.443359375;0
1677.754;530.888366699219;0
1679.638;498.455596923828;0
1681.52;474.033142089844;0
1683.403;427.287536621094;0
1685.285;408.884918212891;0
1687.166;426.380065917969;0
1689.048;420.104064941406;0
1690.924;346.279144287109;0
1692.804;290.016418457031;0
1694.682;231.538131713867;0
1696.558;212.288681030273;0
1698.435;244.268112182617;0
1700.308;317.254180908203;0
1702.184;302.691314697266;0
1704.057;194.579544067383;0
1705.929;96.2521896362305;0
1707.801;124.59814453125;0
1709.674;186.39518737793;0
1711.542;226.421081542969;0
1713.412;196.564743041992;0
1715.28;121.159317016602;0
1717.145;55.4294548034668;0
1719.015;9.70847797393799;0
1720.88;56.1960105895996;0
1722.746;83.0233764648438;0
1724.61;97.4126815795898;0
1726.471;100.602203369141;0
1728.334;139.90495300293;0
1730.197;183.281524658203;0
1732.057;134.438110351563;0
1733.919;190.817291259766;0
1735.777;181.196838378906;0
1737.634;240.576080322266;0
1739.493;254.38313293457;0
1741.349;287.411804199219;0
1743.205;307.884307861328;0
1745.061;282.911804199219;0
1746.915;308.495635986328;0
1748.77;314.966674804688;0
1750.621;291.991271972656;0
1752.473;237.902786254883;0
1754.323;222.145629882813;0
1756.173;217.387573242188;0
1758.022;283.850250244141;0
1759.87;253.533660888672;0
1761.718;235.104446411133;0
1763.566;220.450256347656;0
1765.411;270.682373046875;0
1767.256;241.913436889648;0
1769.101;153.365692138672;0
1770.945;129.372482299805;0
1772.787;153.267120361328;0
1774.629;146.716262817383;0
1776.469;156.719940185547;0
1778.309;171.389251708984;0
1780.15;208.501983642578;0
1781.987;255.05810546875;0
1783.826;236.279861450195;0
1785.662;332.389495849609;0
1787.498;348.275848388672;0
1789.334;336.272674560547;0
1791.169;292.491912841797;0
1793.002;245.26708984375;0
1794.834;278.820922851563;0
1796.667;279.709747314453;0
1798.498;256.046905517578;0
1800.328;250.61018371582;0
1802.157;244.510696411133;0
1803.986;220.52619934082;0
1805.813;244.434494018555;0
1807.639;200.124450683594;0
1809.467;194.484954833984;0
1811.292;105.849365234375;0
1813.117;105.662109375;0
1814.94;127.034301757813;0
1816.763;238.410385131836;0
1818.585;275.679229736328;0
1820.407;260.285339355469;0
1822.227;198.895309448242;0
1824.048;235.731552124023;0
1825.865;327.902770996094;0
1827.683;388.631195068359;0
1829.501;250.717208862305;0
1831.317;140.582641601563;0
1833.135;57.2275924682617;0
1834.948;84.413818359375;0
1836.761;38.0505027770996;0
1838.577;11.5108423233032;0
1840.388;67.0782623291016;0
1842.198;45.9872283935547;0
1844.009;66.0155181884766;0
1845.819;3.94090843200684;0
1847.629;88.8792190551758;0
1849.436;100.381294250488;0
1851.244;158.780471801758;0
1853.052;164.266952514648;0
1854.858;165.837524414063;0
1856.661;175.52604675293;0
1858.466;173.332565307617;0
1860.269;167.812591552734;0
1862.073;183.768417358398;0
1863.875;167.175033569336;0
1865.673;163.699081420898;0
1867.476;57.0068664550781;0
1869.275;20.8761596679688;0
1871.072;21.1937026977539;0
1872.872;84.6260223388672;0
1874.667;99.7271118164063;0
1876.464;84.385856628418;0
1878.26;100.491149902344;0
1880.053;136.265213012695;0
1881.849;136.930252075195;0
1883.64;148.041854858398;0
1885.431;179.599990844727;0
1887.226;153.382766723633;0
1889.014;130.16877746582;0
1890.803;103.958938598633;0
1892.594;184.864364624023;0
1894.38;218.775283813477;0
1896.167;201.469650268555;0
1897.955;189.170211791992;0
1899.74;202.432510375977;0
1901.526;212.700988769531;0
1903.309;256.531188964844;0
1905.091;262.812042236328;0
1906.876;314.099060058594;0
1908.658;266.947814941406;0
1910.438;262.913848876953;0
1912.217;204.108291625977;0
1913.996;160.864700317383;0
1915.775;108.517280578613;0
1917.553;133.621826171875;0
1919.33;158.29020690918;0
1921.106;161.855743408203;0
1922.881;169.31901550293;0
1924.655;182.45881652832;0
1926.431;161.609710693359;0
1928.202;151.442108154297;0
1929.974;174.507797241211;0
1931.746;212.917907714844;0
1933.516;200.673004150391;0
1935.286;174.88606262207;0
1937.055;127.890434265137;0
1938.823;185.241714477539;0
1940.592;192.162338256836;0
1942.356;254.095947265625;0
1944.122;281.152221679688;0
1945.888;291.553405761719;0
1947.651;268.410583496094;0
1949.416;224.61262512207;0
1951.178;212.603607177734;0
1952.939;181.951843261719;0
1954.699;123.312721252441;0
1956.459;78.5562896728516;0
1958.219;71.8445053100586;0
1959.979;100.179252624512;0
1961.735;120.304405212402;0
1963.491;101.442199707031;0
1965.249;65.7027893066406;0
1967.003;80.7293090820313;0
1968.761;158.078765869141;0
1970.512;177.886444091797;0
1972.265;192.985702514648;0
1974.018;126.68920135498;0
1975.769;166.883972167969;0
1977.522;156.985504150391;0
1979.271;200.440536499023;0
1981.018;137.472366333008;0
1982.766;132.192291259766;0
1984.516;148.489212036133;0
1986.261;219.807601928711;0
1988.009;289.814910888672;0
1989.754;254.29133605957;0
1991.498;323.681762695313;0
1993.241;349.098052978516;0
1994.984;452.761474609375;0
1996.727;366.962066650391;0
1998.468;338.741790771484;0
2000.206;337.211303710938;0
2001.946;394.258972167969;0
2003.686;367.329254150391;0
2005.424;263.977691650391;0
2007.161;236.759841918945;0
2008.898;188.231262207031;0
2010.634;287.172515869141;0
2012.369;250.696975708008;0
2014.103;311.693511962891;0
2015.836;330.051025390625;0
2017.57;389.213714599609;0
2019.299;359.849304199219;0
2021.032;301.179718017578;0
2022.762;268.315338134766;0
2024.491;347.589508056641;0
2026.221;280.557220458984;0
2027.947;229.328521728516;0
2029.676;147.568908691406;0
2031.403;175.274597167969;0
2033.128;222.338241577148;0
2034.852;242.094955444336;0
2036.577;297.433044433594;0
2038.299;344.795104980469;0
2040.022;360.736663818359;0
2041.744;364.924346923828;0
2043.465;345.357940673828;0
2045.184;355.149627685547;0
2046.903;388.525207519531;0
2048.621;407.820953369141;0
2050.339;423.594299316406;0
2052.057;347.956481933594;0
2053.774;288.6865234375;0
2055.488;237.671905517578;0
2057.203;178.246887207031;0
2058.917;227.207794189453;0
2060.631;232.313217163086;0
2062.344;304.118743896484;0
2064.053;236.068771362305;0
2065.765;147.163330078125;0
2067.476;156.168502807617;0
2069.185;145.096069335938;0
2070.892;176.412155151367;0
2072.6;94.5370407104492;0
2074.308;94.4166641235352;0
2076.014;55.1855087280273;0
2077.72;82.6237335205078;0
2079.425;76.316047668457;0
2081.13;96.4826278686523;0
2082.833;104.566864013672;0
2084.532;123.125602722168;0
2086.236;134.492691040039;0
2087.936;90.3352508544922;0
2089.635;128.167114257813;0
2091.335;186.224578857422;0
2093.034;226.522476196289;0
2094.731;161.847854614258;0
2096.427;92.5107192993164;0
2098.124;116.693450927734;0
2099.82;196.574951171875;0
2101.515;293.706665039063;0
2103.207;275.866363525391;0
2104.902;233.609634399414;0
2106.594;223.603088378906;0
2108.286;263.846771240234;0
2109.976;283.566833496094;0
2111.667;276.983245849609;0
2113.355;311.316436767578;0
2115.044;333.727966308594;0
2116.732;338.820892333984;0
2118.42;304.216674804688;0
2120.105;394.9248046875;0
2121.79;482.103790283203;0
2123.476;576.883666992188;0
2125.16;520.4912109375;0
2126.844;405.180816650391;0
2128.524;410.452423095703;0
2130.207;444.636932373047;0
2131.888;533.067687988281;0
2133.567;496.078094482422;0
2135.247;456.103210449219;0
2136.927;443.817260742188;0
2138.603;444.807830810547;0
2140.281;431.6455078125;0
2141.957;388.950408935547;0
2143.633;336.611755371094;0
2145.308;349.963531494141;0
2146.981;403.669891357422;0
2148.654;488.838928222656;0
2150.328;511.135498046875;0
2152;504.572967529297;0
2153.669;513.471801757813;0
2155.34;549.054260253906;0
2157.01;610.4306640625;0
2158.677;526.934692382813;0
2160.347;559.122253417969;0
2162.013;372.771118164063;0
2163.681;441.659027099609;0
2165.347;322.784210205078;0
2167.011;438.831146240234;0
2168.674;421.156066894531;0
2170.337;481.946319580078;0
2172.002;533.321228027344;0
2173.662;531.047424316406;0
2175.324;451.396484375;0
2176.985;428.626892089844;0
2178.645;403.782653808594;0
2180.304;473.77783203125;0
2181.961;447.897918701172;0
2183.618;480.369384765625;0
2185.275;444.597259521484;0
2186.932;441.072082519531;0
2188.586;429.220916748047;0
2190.242;415.771484375;0
2191.896;438.568542480469;0
2193.547;384.823425292969;0
2195.2;395.781463623047;0
2196.851;395.636871337891;0
2198.502;448.390655517578;0
2200.153;473.491363525391;0
2201.799;474.050079345703;0
2203.447;523.955688476563;0
2205.097;521.431457519531;0
2206.742;531.125549316406;0
2208.391;478.46923828125;0
2210.035;488.491271972656;0
2211.679;493.302307128906;0
2213.324;480.74072265625;0
2214.966;486.865509033203;0
2216.608;478.508666992188;0
2218.252;523.773071289063;0
2219.89;487.500274658203;0
2221.531;470.560241699219;0
2223.172;449.614990234375;0
2224.809;520.299194335938;0
2226.449;586.112731933594;0
2228.086;572.283752441406;0
2229.72;563.450073242188;0
2231.358;456.976623535156;0
2232.992;470.870971679688;0
2234.625;411.014465332031;0
2236.26;416.597259521484;0
2237.893;461.716033935547;0
2239.524;476.595672607422;0
2241.156;486.649749755859;0
2242.785;493.099517822266;0
2244.416;510.663635253906;0
2246.044;552.514465332031;0
2247.672;461.811737060547;0
2249.301;505.459381103516;0
2250.926;509.811462402344;0
2252.554;565.975402832031;0
2254.177;551.725158691406;0
2255.803;584.616760253906;0
2257.427;600.984069824219;0
2259.051;632.272033691406;0
2260.671;595.302795410156;0
2262.294;608.812072753906;0
2263.914;526.692138671875;0
2265.533;547.787292480469;0
2267.153;499.816986083984;0
2268.773;517.390930175781;0
2270.392;468.777038574219;0
2272.006;419.192321777344;0
2273.624;403.27587890625;0
2275.239;410.370025634766;0
2276.854;446.579650878906;0
2278.468;436.382965087891;0
2280.084;427.996887207031;0
2281.695;374.794250488281;0
2283.305;367.395233154297;0
2284.919;318.635650634766;0
2286.527;388.548583984375;0
2288.14;469.495910644531;0
2289.748;537.361145019531;0
2291.354;525.699584960938;0
2292.964;512.288513183594;0
2294.569;536.460388183594;0
2296.174;562.992858886719;0
2297.782;520.219360351563;0
2299.386;462.250946044922;0
2300.99;392.675079345703;0
2302.594;344.148498535156;0
2304.195;366.23583984375;0
2305.798;400.014892578125;0
2307.399;425.819549560547;0
2308.998;345.31787109375;0
2310.598;365.084808349609;0
2312.197;402.735076904297;0
2313.795;521.514953613281;0
2315.392;566.979431152344;0
2316.988;558.238586425781;0
2318.585;562.735656738281;0
2320.18;472.026214599609;0
2321.774;500.556610107422;0
2323.368;413.768981933594;0
2324.961;498.803100585938;0
2326.553;465.18115234375;0
2328.145;576.014221191406;0
2329.735;525.077575683594;0
2331.324;559.268371582031;0
2332.916;482.656372070313;0
2334.503;426.096435546875;0
2336.092;355.846466064453;0
2337.677;270.684631347656;0
2339.263;325.339172363281;0
2340.85;311.159423828125;0
2342.434;351.525085449219;0
2344.018;307.235412597656;0
2345.602;301.431488037109;0
2347.185;324.411590576172;0
2348.768;341.290466308594;0
2350.347;393.068359375;0
2351.928;409.744812011719;0
2353.51;361.231689453125;0
2355.087;360.890441894531;0
2356.665;372.831787109375;0
2358.243;431.104064941406;0
2359.819;357.493865966797;0
2361.396;274.955902099609;0
2362.972;204.008819580078;0
2364.547;300.281097412109;0
2366.121;305.501373291016;0
2367.694;385.548248291016;0
2369.267;281.514221191406;0
2370.839;245.262435913086;0
2372.411;173.467025756836;0
2373.982;203.550430297852;0
2375.55;277.304656982422;0
2377.118;229.603149414063;0
2378.687;248.001678466797;0
2380.254;245.722930908203;0
2381.821;356.434387207031;0
2383.387;416.586639404297;0
2384.954;442.847778320313;0
2386.516;440.217315673828;0
2388.082;371.361968994141;0
2389.644;382.615539550781;0
2391.209;369.546722412109;0
2392.769;245.727249145508;0
2394.33;223.20622253418;0
2395.892;177.678695678711;0
2397.449;293.033569335938;0
2399.008;311.611724853516;0
2400.568;330.424926757813;0
2402.125;312.452667236328;0
2403.68;315.994445800781;0
2405.238;388.565734863281;0
2406.792;402.917083740234;0
2408.349;433.493408203125;0
2409.902;384.629150390625;0
2411.455;487.327484130859;0
2413.007;491.153869628906;0
2414.558;508.307312011719;0
2416.11;510.690399169922;0
2417.66;517.187866210938;0
2419.21;540.579345703125;0
2420.758;514.642639160156;0
2422.307;471.84521484375;0
2423.855;477.914672851563;0
2425.402;467.256469726563;0
2426.947;543.270751953125;0
2428.492;560.651672363281;0
2430.038;537.705078125;0
2431.58;519.072570800781;0
2433.124;501.2490234375;0
2434.667;533.029296875;0
2436.208;488.362213134766;0
2437.75;541.433349609375;0
2439.291;554.392517089844;0
2440.83;637.684936523438;0
2442.369;614.754516601563;0
2443.906;563.156677246094;0
2445.444;436.534393310547;0
2446.981;418.810577392578;0
2448.517;453.833404541016;0
2450.053;506.632690429688;0
2451.587;439.035614013672;0
2453.12;474.432098388672;0
2454.655;475.501586914063;0
2456.187;536.650695800781;0
2457.718;509.024841308594;0
2459.25;482.960815429688;0
2460.781;468.421234130859;0
2462.31;415.190032958984;0
2463.84;416.384460449219;0
2465.368;429.02685546875;0
2466.896;480.881408691406;0
2468.423;502.954620361328;0
2469.949;498.363220214844;0
2471.474;494.330047607422;0
2472.998;542.302001953125;0
2474.522;490.389892578125;0
2476.045;552.815002441406;0
2477.568;568.244934082031;0
2479.09;592.346374511719;0
2480.612;520.452087402344;0
2482.132;492.215759277344;0
2483.653;519.685852050781;0
2485.171;576.822326660156;0
2486.689;583.624755859375;0
2488.208;588.813415527344;0
2489.725;534.992614746094;0
2491.242;458.378967285156;0
2492.757;383.326141357422;0
2494.271;396.964019775391;0
2495.785;455.597900390625;0
2497.3;529.450012207031;0
2498.812;530.853698730469;0
2500.325;485.919982910156;0
2501.837;367.984100341797;0
2503.345;264.272399902344;0
2504.856;281.677185058594;0
2506.366;370.630462646484;0
2507.875;438.138854980469;0
2509.382;401.647796630859;0
2510.889;347.935028076172;0
2512.397;323.469268798828;0
2513.901;321.733612060547;0
2515.406;347.755981445313;0
2516.911;330.3095703125;0
2518.415;342.499633789063;0
2519.918;288.488311767578;0
2521.421;295.701873779297;0
2522.922;232.516006469727;0
2524.423;267.443054199219;0
2525.924;235.926849365234;0
2527.422;254.187698364258;0
2528.923;252.285873413086;0
2530.419;231.604568481445;0
2531.916;259.810455322266;0
2533.415;257.014526367188;0
2534.909;335.434051513672;0
2536.404;308.627990722656;0
2537.899;337.238189697266;0
2539.394;327.401153564453;0
2540.887;316.845520019531;0
2542.38;314.653228759766;0
2543.871;231.675094604492;0
2545.363;289.064056396484;0
2546.852;246.012939453125;0
2548.345;250.74137878418;0
2549.833;153.917938232422;0
2551.321;140.318405151367;0
2552.811;215.983245849609;0
2554.296;275.667419433594;0
2555.78;276.463989257813;0
2557.267;320.939392089844;0
2558.752;367.285522460938;0
2560.237;393.128112792969;0
2561.721;424.532287597656;0
2563.203;440.942687988281;0
2564.687;464.915130615234;0
2566.168;435.460357666016;0
2567.648;389.538330078125;0
2569.129;393.451263427734;0
2570.607;394.037017822266;0
2572.086;447.957336425781;0
2573.565;482.22265625;0
2575.041;416.527893066406;0
2576.518;366.014801025391;0
2577.994;404.018676757813;0
2579.469;463.520721435547;0
2580.945;526.197082519531;0
2582.418;534.323120117188;0
2583.892;544.566040039063;0
2585.365;536.930541992188;0
2586.835;478.313537597656;0
2588.307;431.595764160156;0
2589.778;418.325622558594;0
2591.248;473.593688964844;0
2592.717;531.528503417969;0
2594.186;581.017761230469;0
2595.652;600.281311035156;0
2597.121;565.763000488281;0
2598.585;462.636779785156;0
2600.052;419.819030761719;0
2601.518;369.573059082031;0
2602.982;373.223297119141;0
2604.446;321.229400634766;0
2605.907;331.916564941406;0
2607.371;308.080230712891;0
2608.83;316.330383300781;0
2610.293;346.643493652344;0
2611.752;349.627044677734;0
2613.213;360.273620605469;0
2614.672;350.808776855469;0
2616.13;479.946105957031;0
2617.587;532.636901855469;0
2619.043;560.881164550781;0
2620.501;537.013916015625;0
2621.957;572.830017089844;0
2623.409;598.144226074219;0
2624.864;562.351257324219;0
2626.318;552.783386230469;0
2627.771;539.773803710938;0
2629.222;578.099670410156;0
2630.673;560.2041015625;0
2632.124;548.195739746094;0
2633.575;615.515991210938;0
2635.023;603.720031738281;0
2636.473;620.489074707031;0
2637.922;493.228057861328;0
2639.368;492.195922851563;0
2640.816;467.030914306641;0
2642.261;502.846588134766;0
2643.705;472.466705322266;0
2645.151;469.205078125;0
2646.596;486.308258056641;0
2648.037;509.623107910156;0
2649.48;522.816162109375;0
2650.923;514.331481933594;0
2652.364;506.380706787109;0
2653.804;462.559326171875;0
2655.243;489.342987060547;0
2656.683;431.115661621094;0
2658.121;460.039764404297;0
2659.559;363.06298828125;0
2660.997;401.120147705078;0
2662.433;342.946563720703;0
2663.868;337.36669921875;0
2665.305;302.506713867188;0
2666.737;382.800170898438;0
2668.173;353.305725097656;0
2669.606;340.134552001953;0
2671.038;248.837966918945;0
2672.47;227.18635559082;0
2673.901;264.630859375;0
2675.331;332.507690429688;0
2676.761;399.685089111328;0
2678.189;373.216247558594;0
2679.619;364.076477050781;0
2681.045;368.486267089844;0
2682.473;362.113830566406;0
2683.9;358.784484863281;0
2685.324;350.868896484375;0
2686.749;399.142242431641;0
2688.176;405.205932617188;0
2689.599;361.311553955078;0
2691.021;367.0546875;0
2692.444;357.948669433594;0
2693.865;413.646850585937;0
2695.287;317.003173828125;0
2696.707;334.008605957031;0
2698.125;314.783233642578;0
2699.545;370.211975097656;0
2700.963;338.8544921875;0
2702.381;382.043579101562;0
2703.798;362.446044921875;0
2705.214;346.615783691406;0
2706.629;339.74072265625;0
2708.046;429.57861328125;0
2709.458;454.860260009766;0
2710.872;479.848205566406;0
2712.285;481.607330322266;0
2713.699;519.252990722656;0
2715.111;489.951873779297;0
2716.52;461.735504150391;0
2717.93;465.585174560547;0
2719.342;453.990570068359;0
2720.749;431.494171142578;0
2722.159;399.745941162109;0
2723.565;424.491577148438;0
2724.971;376.291687011719;0
2726.38;359.802185058594;0
2727.785;282.984252929688;0
2729.19;286.091613769531;0
2730.594;316.247680664063;0
2731.997;336.133209228516;0
2733.401;373.777923583984;0
2734.803;357.852966308594;0
2736.204;368.259063720703;0
2737.606;370.001647949219;0
2739.005;400.858978271484;0
2740.405;420.829223632813;0
2741.806;433.912506103516;0
2743.202;416.105895996094;0
2744.602;403.448303222656;0
2745.998;378.78564453125;0
2747.395;416.683654785156;0
2748.79;428.805084228516;0
2750.185;453.594299316406;0
2751.58;458.718566894531;0
2752.975;503.396118164063;0
2754.366;491.069458007813;0
2755.759;501.293243408203;0
2757.151;502.847106933594;0
2758.542;445.843139648437;0
2759.933;391.476318359375;0
2761.322;378.638275146484;0
2762.71;422.111022949219;0
2764.1;447.805511474609;0
2765.486;432.484649658203;0
2766.875;455.780944824219;0
2768.26;416.529083251953;0
2769.646;414.7978515625;0
2771.031;370.047119140625;0
2772.418;399.025360107422;0
2773.799;437.340728759766;0
2775.184;500.25830078125;0
2776.565;493.992980957031;0
2777.946;489.063079833984;0
2779.328;513.579711914063;0
2780.708;563.523559570312;0
2782.09;573.741882324219;0
2783.469;570.856384277344;0
2784.847;513.815002441406;0
2786.226;541.879699707031;0
2787.603;505.235443115234;0
2788.978;494.841979980469;0
2790.355;482.586273193359;0
2791.731;491.981750488281;0
2793.104;529.664794921875;0
2794.479;468.682189941406;0
2795.853;410.697265625;0
2797.225;400.989196777344;0
2798.596;406.639068603516;0
2799.967;456.444305419922;0
2801.341;441.138427734375;0
2802.71;427.386322021484;0
2804.077;389.46826171875;0
2805.447;369.483703613281;0
2806.815;339.221740722656;0
2808.183;320.596496582031;0
2809.551;316.373352050781;0
2810.915;286.23193359375;0
2812.282;290.383636474609;0
2813.646;290.917541503906;0
2815.011;290.914703369141;0
2816.375;190.148406982422;0
2817.736;126.828987121582;0
2819.099;109.617698669434;0
2820.462;162.069671630859;0
2821.821;206.075866699219;0
2823.182;224.080581665039;0
2824.542;203.642059326172;0
2825.901;158.868865966797;0
2827.261;139.649612426758;0
2828.617;154.76220703125;0
2829.974;185.289840698242;0
2831.33;212.719421386719;0
2832.686;281.93896484375;0
2834.043;297.285186767578;0
2835.395;321.092895507813;0
2836.75;293.918151855469;0
2838.104;300.129241943359;0
2839.456;273.341247558594;0
2840.807;308.272766113281;0
2842.16;283.352294921875;0
2843.509;369.675720214844;0
2844.858;293.537841796875;0
2846.209;283.978454589844;0
2847.556;228.352447509766;0
2848.906;264.951873779297;0
2850.253;319.348510742188;0
2851.6;288.750305175781;0
2852.946;287.935913085938;0
2854.29;250.683090209961;0
2855.635;218.060836791992;0
2856.98;241.631698608399;0
2858.323;242.19677734375;0
2859.665;238.866668701172;0
2861.008;161.399200439453;0
2862.349;164.783676147461;0
2863.691;177.308715820313;0
2865.031;175.20671081543;0
2866.37;163.216506958008;0
2867.709;157.264221191406;0
2869.048;168.428771972656;0
2870.385;153.710464477539;0
2871.722;197.326812744141;0
2873.059;253.712295532226;0
2874.394;254.651641845703;0
2875.73;250.025863647461;0
2877.064;254.505233764648;0
2878.398;270.871032714844;0
2879.731;312.335266113281;0
2881.063;294.560516357422;0
2882.395;288.436248779297;0
2883.727;256.699554443359;0
2885.059;271.973205566406;0
2886.387;337.471008300781;0
2887.717;311.887969970703;0
2889.046;317.178619384766;0
2890.374;303.00830078125;0
2891.699;335.947509765625;0
2893.028;376.253936767578;0
2894.354;383.484649658203;0
2895.679;411.110595703125;0
2897.004;416.927612304688;0
2898.328;423.969451904297;0
2899.653;449.462585449219;0
2900.976;463.377136230469;0
2902.297;471.96630859375;0
2903.619;431.549468994141;0
2904.941;375.572113037109;0
2906.26;312.591247558594;0
2907.58;319.371124267578;0
2908.898;323.700103759766;0
2910.217;348.502410888672;0
2911.536;380.510864257812;0
2912.852;419.079010009766;0
2914.171;438.612457275391;0
2915.485;453.686859130859;0
2916.799;479.600769042969;0
2918.116;501.293426513672;0
2919.428;488.656188964844;0
2920.743;449.093627929688;0
2922.056;418.973785400391;0
2923.367;408.205383300781;0
2924.679;449.094207763672;0
2925.99;447.095611572266;0
2927.299;427.417785644531;0
2928.609;360.496002197266;0
2929.918;340.232788085938;0
2931.226;322.628051757812;0
2932.535;355.014770507813;0
2933.841;393.838104248047;0
2935.149;449.653533935547;0
2936.455;496.47607421875;0
2937.758;452.972503662109;0
2939.064;424.624053955078;0
2940.368;432.817352294922;0
2941.67;512.087341308594;0
2942.973;542.585266113281;0
2944.277;473.309478759766;0
2945.577;444.481750488281;0
2946.878;414.641448974609;0
2948.178;443.884368896484;0
2949.477;454.130676269531;0
2950.776;439.491455078125;0
2952.073;425.7236328125;0
2953.372;353.305786132812;0
2954.669;384.743194580078;0
2955.965;395.747955322266;0
2957.261;440.973968505859;0
2958.556;432.567230224609;0
2959.849;425.825988769531;0
2961.145;405.410919189453;0
2962.436;402.998687744141;0
2963.732;356.790893554688;0
2965.022;410.464324951172;0
2966.313;426.694091796875;0
2967.603;444.728607177734;0
2968.893;404.656005859375;0
2970.182;385.311248779297;0
2971.471;364.581726074219;0
2972.759;376.774200439453;0
2974.047;386.870727539063;0
2975.334;396.3935546875;0
2976.62;396.450592041016;0
2977.907;302.962066650391;0
2979.192;266.230255126953;0
2980.475;227.713958740234;0
2981.76;308.4130859375;0
2983.043;372.5498046875;0
2984.326;359.248413085937;0
2985.607;317.860229492188;0
2986.888;320.751281738281;0
2988.17;355.632751464844;0
2989.449;335.977264404297;0
2990.728;301.107452392578;0
2992.007;229.004180908203;0
2993.284;225.444686889648;0
2994.562;188.429565429688;0
2995.84;197.373916625977;0
2997.115;189.860961914063;0
2998.393;190.778411865234;0
2999.666;232.568603515625;0
3000.94;219.676620483398;0
3002.215;186.771011352539;0
3003.486;152.517364501953;0
3004.76;185.674118041992;0
3006.033;197.52978515625;0
3007.303;136.035659790039;0
3008.573;92.4143142700195;0
3009.844;132.99836730957;0
3011.114;178.565582275391;0
3012.383;212.669998168945;0
3013.649;132.533355712891;0
3014.917;72.2677001953125;0
3016.185;25.0383186340332;0
3017.451;59.0014762878418;0
3018.716;86.3559341430664;0
3019.983;81.7088623046875;0
3021.246;97.5611267089844;0
3022.509;98.503532409668;0
3023.774;164.872314453125;0
3025.035;198.335693359375;0
3026.299;230.894622802734;0
3027.56;202.60107421875;0
3028.819;202.720596313477;0
3030.081;194.965972900391;0
3031.339;202.842254638672;0
3032.598;181.149826049805;0
3033.856;193.022521972656;0
3035.114;177.684295654297;0
3036.372;152.625625610352;0
3037.628;165.846878051758;0
3038.883;151.965530395508;0
3040.138;121.387420654297;0
3041.394;61.4862442016602;0
3042.646;78.0146102905273;0
3043.9;100.792198181152;0
3045.152;174.332397460938;0
3046.405;183.523986816406;0
3047.657;221.978149414063;0
3048.906;233.194808959961;0
3050.158;231.897430419922;0
3051.407;231.84733581543;0
3052.656;208.302124023438;0
3053.904;212.203018188477;0
3055.153;183.216491699219;0
3056.398;170.625717163086;0
3057.647;201.419952392578;0
3058.892;239.548477172852;0
3060.137;224.899993896484;0
3061.382;231.030944824219;0
3062.625;203.942901611328;0
3063.869;268.3642578125;0
3065.112;271.566223144531;0
3066.353;276.991546630859;0
3067.595;246.286071777344;0
3068.838;217.56037902832;0
3070.075;270.238677978516;0
3071.317;290.028228759766;0
3072.557;329.492431640625;0
3073.795;306.604461669922;0
3075.032;327.1416015625;0
3076.27;279.881591796875;0
3077.507;276.9365234375;0
3078.742;281.272918701172;0
3079.978;307.002380371094;0
3081.212;311.016479492187;0
3082.446;321.902038574219;0
3083.681;346.128875732422;0
3084.913;378.355102539062;0
3086.147;359.048553466797;0
3087.38;362.007476806641;0
3088.61;362.466400146484;0
3089.84;349.051605224609;0
3091.071;325.075653076172;0
3092.3;307.895355224609;0
3093.529;309.904205322266;0
3094.755;331.823974609375;0
3095.984;388.619384765625;0
3097.211;360.066192626953;0
3098.438;360.940521240234;0
3099.663;345.464080810547;0
3100.888;411.597717285156;0
3102.112;381.160217285156;0
3103.335;335.4853515625;0
3104.56;312.074005126953;0
3105.782;344.981109619141;0
3107.005;324.819732666016;0
3108.226;335.290222167969;0
3109.447;330.059722900391;0
3110.667;362.907012939453;0
3111.887;339.975280761719;0
3113.104;332.042236328125;0
3114.324;311.518341064453;0
3115.541;364.626220703125;0
3116.758;348.235931396484;0
3117.976;391.167907714844;0
3119.192;362.199981689453;0
3120.408;375.517547607422;0
3121.622;336.5078125;0
3122.835;341.872436523438;0
3124.05;296.852905273438;0
3125.262;286.302185058594;0
3126.476;267.058166503906;0
3127.687;305.232177734375;0
3128.897;270.207702636719;0
3130.108;258.995483398438;0
3131.319;228.535919189453;0
3132.528;263.274261474609;0
3133.737;215.433303833008;0
3134.945;217.567413330078;0
3136.152;194.209396362305;0
3137.358;241.940460205078;0
3138.565;279.095581054688;0
3139.772;304.252227783203;0
3140.976;266.743011474609;0
3142.18;214.61799621582;0
3143.385;225.698226928711;0
3144.588;272.532348632813;0
3145.79;312.814331054688;0
3146.993;317.655822753906;0
3148.194;302.168548583984;0
3149.395;259.686157226563;0
3150.596;239.95051574707;0
3151.794;186.157012939453;0
3152.994;194.963668823242;0
3154.193;159.222961425781;0
3155.39;151.465103149414;0
3156.587;153.920837402344;0
3157.784;140.789031982422;0
3158.982;113.049499511719;0
3160.177;109.69123840332;0
3161.37;120.143684387207;0
3162.565;165.157989501953;0
3163.759;169.844329833984;0
3164.952;181.091354370117;0
3166.146;188.033767700195;0
3167.337;172.335525512695;0
3168.527;196.437362670898;0
3169.719;177.544631958008;0
3170.91;220.878463745117;0
3172.098;197.328353881836;0
3173.288;202.894241333008;0
3174.475;113.242935180664;0
3175.663;145.318588256836;0
3176.849;178.289123535156;0
3178.037;239.598373413086;0
3179.223;215.357162475586;0
3180.408;206.676818847656;0
3181.592;152.778533935547;0
3182.777;129.965270996094;0
3183.96;144.570556640625;0
3185.143;193.516754150391;0
3186.325;219.248794555664;0
3187.507;194.786010742188;0
3188.688;210.305892944336;0
3189.869;157.091644287109;0
3191.049;136.206405639648;0
3192.228;104.437431335449;0
3193.406;133.50569152832;0
3194.585;137.2421875;0
3195.763;159.507095336914;0
3196.939;184.008483886719;0
3198.116;211.287033081055;0
3199.292;192.67529296875;0
3200.466;185.728240966797;0
3201.643;203.65299987793;0
3202.816;203.621459960938;0
3203.991;190.474792480469;0
3205.161;149.101501464844;0
3206.334;178.080276489258;0
3207.504;213.052062988281;0
3208.677;274.690643310547;0
3209.846;256.210540771484;0
3211.017;246.612823486328;0
3212.187;228.45051574707;0
3213.356;249.612686157227;0
3214.524;253.210418701172;0
3215.69;252.799438476563;0
3216.859;254.363586425781;0
3218.024;263.247192382813;0
3219.189;235.672058105469;0
3220.354;222.953170776367;0
3221.519;216.705581665039;0
3222.682;238.988693237305;0
3223.845;297.028228759766;0
3225.01;307.472259521484;0
3226.171;328.566070556641;0
3227.332;289.309783935547;0
3228.494;290.484497070313;0
3229.655;299.415557861328;0
3230.814;310.214965820313;0
3231.973;328.661834716797;0
3233.13;312.535888671875;0
3234.29;249.837799072266;0
3235.447;216.211227416992;0
3236.605;182.770919799805;0
3237.76;237.409530639648;0
3238.916;235.588455200195;0
3240.071;316.975006103516;0
3241.224;330.124725341797;0
3242.381;355.704315185547;0
3243.532;295.488403320313;0
3244.685;299.035034179688;0
3245.839;287.678009033203;0
3246.99;309.417510986328;0
3248.141;286.58740234375;0
3249.292;286.855072021484;0
3250.439;281.998657226563;0
3251.589;291.794372558594;0
3252.739;317.686462402344;0
3253.886;316.119995117188;0
3255.034;300.982849121094;0
3256.18;299.595825195313;0
3257.326;304.203704833984;0
3258.472;312.474273681641;0
3259.617;293.395141601563;0
3260.761;269.978881835938;0
3261.905;279.149444580078;0
3263.048;278.285766601563;0
3264.19;272.450500488281;0
3265.333;321.815643310547;0
3266.475;370.507232666016;0
3267.617;384.179534912109;0
3268.757;284.204986572266;0
3269.896;261.572875976563;0
3271.036;284.668640136719;0
3272.175;357.508911132813;0
3273.313;323.494995117188;0
3274.449;300.84228515625;0
3275.586;307.105346679688;0
3276.722;337.469055175781;0
3277.859;372.509094238281;0
3278.993;366.768127441406;0
3280.13;372.584167480469;0
3281.263;353.623779296875;0
3282.395;334.331451416016;0
3283.529;318.386352539063;0
3284.66;346.601318359375;0
3285.794;336.712921142578;0
3286.924;376.249542236328;0
3288.054;327.962524414063;0
3289.185;328.840454101563;0
3290.313;298.951446533203;0
3291.443;349.074798583984;0
3292.571;382.896118164063;0
3293.698;377.059051513672;0
3294.824;321.452362060547;0
3295.952;272.628295898438;0
3297.077;235.595062255859;0
3298.203;257.908203125;0
3299.328;269.901062011719;0
3300.45;266.683776855469;0
3301.574;233.587371826172;0
3302.698;210.943084716797;0
3303.819;220.526412963867;0
3304.942;238.559539794922;0
3306.064;254.931762695313;0
3307.182;276.533599853516;0
3308.303;244.921508789063;0
3309.423;268.344116210938;0
3310.542;216.422241210938;0
3311.66;196.821716308594;0
3312.778;137.343246459961;0
3313.895;153.654266357422;0
3315.012;168.423477172852;0
3316.128;209.344985961914;0
3317.243;225.343185424805;0
3318.357;240.915115356445;0
3319.471;251.212310791016;0
3320.586;252.752334594727;0
3321.698;263.534606933594;0
3322.813;245.774307250977;0
3323.923;222.939376831055;0
3325.034;246.858215332031;0
3326.146;236.412490844727;0
3327.255;220.497848510742;0
3328.366;192.265975952148;0
3329.474;198.947784423828;0
3330.582;238.520416259766;0
3331.691;229.977233886719;0
3332.797;211.095809936523;0
3333.905;216.112014770508;0
3335.011;197.931945800781;0
3336.116;218.948196411133;0
3337.22;190.845642089844;0
3338.327;180.766677856445;0
3339.429;158.312210083008;0
3340.534;136.193984985352;0
3341.635;170.487258911133;0
3342.737;136.110336303711;0
3343.84;183.050888061523;0
3344.94;193.725570678711;0
3346.041;232.953536987305;0
3347.142;193.992004394531;0
3348.24;170.809036254883;0
3349.337;161.281066894531;0
3350.437;174.056991577148;0
3351.534;139.389556884766;0
3352.633;139.028076171875;0
3353.727;101.940071105957;0
3354.823;173.815643310547;0
3355.919;175.472076416016;0
3357.013;201.171371459961;0
3358.108;183.829208374023;0
3359.201;188.023162841797;0
3360.293;204.657531738281;0
3361.385;185.955032348633;0
3362.478;180.249588012695;0
3363.569;181.541961669922;0
3364.661;188.020858764648;0
3365.75;251.509811401367;0
3366.838;228.737075805664;0
3367.929;270.510650634766;0
3369.017;245.045303344727;0
3370.105;302.9990234375;0
3371.193;271.473327636719;0
3372.279;268.902496337891;0
3373.364;230.498458862305;0
3374.45;215.077362060547;0
3375.534;212.727096557617;0
3376.62;255.522918701172;0
3377.704;286.566986083984;0
3378.786;249.325332641602;0
3379.871;216.120162963867;0
3380.951;203.815155029297;0
3382.034;220.823867797852;0
3383.114;188.778076171875;0
3384.195;213.184600830078;0
3385.276;222.900344848633;0
3386.354;272.766571044922;0
3387.433;235.537475585937;0
3388.511;233.935409545898;0
3389.588;213.385604858398;0
3390.664;252.241134643555;0
3391.742;241.859222412109;0
3392.816;253.79638671875;0
3393.893;205.60693359375;0
3394.968;263.964935302734;0
3396.042;248.0849609375;0
3397.115;275.383697509766;0
3398.189;231.430633544922;0
3399.262;215.834350585938;0
3400.333;248.336883544922;0
3401.404;232.805053710937;0
3402.474;241.041854858398;0
3403.545;203.871719360352;0
3404.615;229.844665527344;0
3405.685;242.982604980469;0
3406.752;233.636734008789;0
3407.82;226.668090820313;0
3408.888;244.490524291992;0
3409.955;238.8720703125;0
3411.021;262.725921630859;0
3412.085;271.795013427734;0
3413.151;277.741241455078;0
3414.215;274.560821533203;0
3415.279;260.366424560547;0
3416.343;313.773864746094;0
3417.406;300.209838867188;0
3418.468;345.853118896484;0
3419.53;289.245483398438;0
3420.592;275.258331298828;0
3421.652;232.964553833008;0
3422.712;272.908081054687;0
3423.773;261.962432861328;0
3424.83;256.459442138672;0
3425.889;238.067031860352;0
3426.946;236.564315795898;0
3428.005;228.99089050293;0
3429.061;214.188552856445;0
3430.117;283.989868164063;0
3431.172;304.694152832031;0
3432.227;306.168579101563;0
3433.281;292.816040039062;0
3434.335;290.9287109375;0
3435.389;278.297058105469;0
3436.44;197.811874389648;0
3437.492;174.837921142578;0
3438.546;189.061508178711;0
3439.598;191.26155090332;0
3440.646;197.5009765625;0
3441.697;209.773178100586;0
3442.745;231.622634887695;0
3443.793;271.623077392578;0
3444.842;241.155548095703;0
3445.891;268.038848876953;0
3446.937;196.243469238281;0
3447.984;221.401458740234;0
3449.031;204.13786315918;0
3450.075;298.252014160156;0
3451.12;300.830139160156;0
3452.164;331.595733642578;0
3453.207;270.710754394531;0
3454.251;237.520706176758;0
3455.293;254.619079589844;0
3456.336;246.368392944336;0
3457.378;284.623962402344;0
3458.417;207.325912475586;0
3459.458;228.745391845703;0
3460.498;233.542953491211;0
3461.539;255.168716430664;0
3462.577;254.943542480469;0
3463.614;231.844665527344;0
3464.651;228.685836791992;0
3465.689;251.810836791992;0
3466.726;229.160583496094;0
3467.763;237.332092285156;0
3468.798;166.911773681641;0
3469.831;178.013336181641;0
3470.866;175.794738769531;0
3471.9;172.58837890625;0
3472.933;177.859512329102;0
3473.966;158.226135253906;0
3474.999;215.201766967773;0
3476.029;198.167709350586;0
3477.061;212.650299072266;0
3478.09;142.536834716797;0
3479.121;156.679443359375;0
3480.15;145.771255493164;0
3481.178;194.661285400391;0
3482.205;176.70686340332;0
3483.234;179.774795532227;0
3484.26;168.898345947266;0
3485.288;193.79508972168;0
3486.313;227.399108886719;0
3487.337;237.427337646484;0
3488.364;229.790893554688;0
3489.387;206.526092529297;0
3490.411;206.227188110352;0
3491.434;227.449798583984;0
3492.456;195.45198059082;0
3493.479;149.757843017578;0
3494.5;120.287780761719;0
3495.521;132.441116333008;0
3496.543;126.387969970703;0
3497.561;101.738265991211;0
3498.579;47.7404670715332;0
3499.6;39.8529930114746;0
3500.618;-1.68394088745117;0
3501.636;-16.6925487518311;0
3502.653;-13.1568803787231;0
3503.669;-33.5419235229492;0
3504.685;-27.8181934356689;0
3505.699;-40.9274749755859;0
3506.716;-4.22246217727661;0
3507.729;3.11327171325684;0
3508.743;-25.8101844787598;0
3509.755;-32.7430572509766;0
