98.64605;0;0
101.2353;0;0
103.8217;0;0
106.4096;-7.77777767181396;0
108.9945;15.6666669845581;0
111.5767;50.8571434020996;0
114.1602;43.4444427490234;0
116.7409;-7.34343433380127;0
119.3209;-28.8974361419678;0
121.9002;-30.5481472015381;0
124.4788;-14.0784311294556;0
127.0566;-25.5263156890869;0
129.6317;-10.5978832244873;0
132.2038;10.7632846832275;0
134.7796;42.3822212219238;0
137.3503;-15.880241394043;0
139.9204;-16.4976959228516;0
142.4919;-31.7809982299805;0
145.0584;32.4481544494629;0
147.6242;42.7368278503418;0
150.1914;108.162467956543;0
152.7579;111.749572753906;0
155.3216;128.615447998047;0
157.8846;133.300003051758;0
160.4448;173.740997314453;0
163.0085;168.605438232422;0
165.5672;174.628341674805;0
168.1232;168.745315551758;0
170.6826;231.557144165039;0
173.2372;260.761871337891;0
175.7931;283.007537841797;0
178.3463;270.239624023438;0
180.8966;290.003295898438;0
183.4504;286.571014404297;0
185.9993;298.718200683594;0
188.5476;270.935729980469;0
191.0972;319.973052978516;0
193.644;310.784729003906;0
196.1859;330.781341552734;0
198.7335;321.437591552734;0
201.2761;319.4169921875;0
203.8201;338.265838623047;0
206.3593;350.510833740234;0
208.8998;381.347076416016;0
211.4397;386.372802734375;0
213.9746;393.646301269531;0
216.5109;426.267150878906;0
219.0487;376.582672119141;0
221.5816;388.507080078125;0
224.1158;308.379547119141;0
226.6473;386.820068359375;0
229.176;374.528015136719;0
231.7082;473.833618164062;0
234.2355;464.355194091797;0
236.7643;473.284423828125;0
239.2902;423.471221923828;0
241.8133;448.614990234375;0
244.3379;453.411926269531;0
246.8618;486.46875;0
249.3828;436.376098632813;0
251.9053;423.519561767578;0
254.423;388.436828613281;0
256.942;390.015045166016;0
259.4603;390.1083984375;0
261.9759;398.650451660156;0
264.4887;441.800598144531;0
267.005;467.038970947266;0
269.5164;477.93505859375;0
272.0292;476.037445068359;0
274.5393;479.657806396484;0
277.0466;485.043670654297;0
279.5574;463.894744873047;0
282.0654;472.565765380859;0
284.5686;485.965362548828;0
287.0752;500.081298828125;0
289.5791;558.650817871094;0
292.0803;579.075073242187;0
294.5828;556.734985351563;0
297.0826;507.525634765625;0
299.5838;452.036163330078;0
302.0801;457.549865722656;0
304.5758;395.646057128906;0
307.0749;406.184173583984;0
309.5672;383.489593505859;0
312.0608;402.984161376953;0
314.5558;383.351654052734;0
317.044;409.952758789063;0
319.5377;378.157409667969;0
322.0266;385.273773193359;0
324.5127;356.744018554688;0
327.0023;370.765533447266;0
329.4871;392.407958984375;0
331.9691;451.705932617188;0
334.4547;496.520416259766;0
336.9353;500.63916015625;0
339.4174;482.822540283203;0
341.901;472.980895996094;0
344.3776;496.084045410156;0
346.8577;488.059906005859;0
349.333;473.688720703125;0
351.8076;454.380218505859;0
354.2857;465.078491210937;0
356.7569;489.298980712891;0
359.2296;450.214660644531;0
361.7015;438.024261474609;0
364.1729;422.641540527344;0
366.6414;454.378662109375;0
369.1093;421.258087158203;0
371.5745;437.114562988281;0
374.0432;446.803283691406;0
376.507;481.059326171875;0
378.9702;444.589538574219;0
381.4348;414.353576660156;0
383.8947;383.341674804687;0
386.3538;408.106292724609;0
388.8144;417.324188232422;0
391.2722;428.327209472656;0
393.7314;441.313537597656;0
396.1859;466.184143066406;0
398.6418;528.228332519531;0
401.0949;560.489868164062;0
403.5475;558.057678222656;0
405.9972;553.958679199219;0
408.4505;552.718383789063;0
410.899;555.30810546875;0
413.3468;535.263793945313;0
415.796;466.563812255859;0
418.2405;444.541473388672;0
420.6884;441.713409423828;0
423.1295;479.131195068359;0
425.572;510.778533935547;0
428.0159;496.975219726563;0
430.455;492.878356933594;0
432.8956;431.171356201172;0
435.3335;405.818237304687;0
437.7707;387.754913330078;0
440.2093;437.885559082031;0
442.6432;473.222808837891;0
445.0764;479.06396484375;0
447.511;446.317504882813;0
449.9429;474.179290771484;0
452.3721;460.608703613281;0
454.8048;467.291809082031;0
457.2328;450.888061523438;0
459.66;486.042205810547;0
462.0847;490.854797363281;0
464.5127;468.099365234375;0
466.9381;467.396057128906;0
469.3587;497.194946289063;0
471.7807;529.165222167969;0
474.2042;533.163757324219;0
476.6229;519.335998535156;0
479.041;535.421630859375;0
481.4604;545.011840820313;0
483.8752;559.819946289062;0
486.2934;502.119354248047;0
488.7068;493.80810546875;0
491.1197;496.931121826172;0
493.5339;508.500701904297;0
495.9435;495.627655029297;0
498.3544;453.532257080078;0
500.7667;429.566833496094;0
503.1723;417.365631103516;0
505.5793;441.707122802734;0
507.9856;448.824401855469;0
510.3913;418.5185546875;0
512.7944;391.545715332031;0
515.1968;444.934265136719;0
517.5986;476.669555664062;0
519.9997;478.519775390625;0
522.3982;406.371032714844;0
524.798;394.993347167969;0
527.1973;378.949951171875;0
529.5919;399.612823486328;0
531.9899;391.53662109375;0
534.3832;379.438079833984;0
536.7758;370.972259521484;0
539.1699;398.271697998047;0
541.5593;449.802551269531;0
543.9481;503.220367431641;0
546.3382;541.205444335938;0
548.7257;508.536376953125;0
551.1146;470.548706054687;0
553.4968;407.020629882813;0
555.8824;453.171356201172;0
558.2675;459.557647705078;0
560.6478;458.734741210938;0
563.0295;392.797119140625;0
565.4106;394.121490478516;0
567.7911;378.460510253906;0
570.169;420.395446777344;0
572.5462;408.458648681641;0
574.9229;416.094909667969;0
577.2968;379.193115234375;0
579.6721;360.417907714844;0
582.0449;342.200408935547;0
584.417;299.19482421875;0
586.7885;286.220092773438;0
589.1553;296.955871582031;0
591.5255;309.417694091797;0
593.8931;314.094818115234;0
596.2601;327.516632080078;0
598.6265;357.006195068359;0
600.9902;340.38330078125;0
603.3554;324.321441650391;0
605.7179;344.994720458984;0
608.0778;373.361663818359;0
610.4391;346.570617675781;0
612.7977;354.365692138672;0
615.1558;358.76318359375;0
617.5132;409.879699707031;0
619.8701;371.720153808594;0
622.2263;387.212677001953;0
624.5779;430.476104736328;0
626.9308;503.558471679687;0
629.2852;515.153686523437;0
631.6349;532.375244140625;0
633.9841;552.280578613281;0
636.3326;587.314147949219;0
638.6805;544.697509765625;0
641.0279;449.541778564453;0
643.3746;392.973297119141;0
645.7187;403.484680175781;0
648.0621;472.653839111328;0
650.405;485.511901855469;0
652.7453;493.176696777344;0
655.087;471.767181396484;0
657.426;467.887908935547;0
659.7645;462.959411621094;0
662.1024;505.150299072266;0
664.4376;529.812744140625;0
666.7742;534.164855957031;0
669.1063;512.944213867188;0
671.4398;549.463928222656;0
673.7726;538.35595703125;0
676.1048;513.206237792969;0
678.4324;436.320861816406;0
680.7635;405.572479248047;0
683.0919;390.385864257813;0
685.4158;401.997589111328;0
687.743;389.636810302734;0
690.0696;379.856964111328;0
692.3937;354.87890625;0
694.7151;334.594512939453;0
697.038;343.057739257813;0
699.3583;355.455657958984;0
701.6779;383.983123779297;0
703.995;378.915679931641;0
706.3155;403.497253417969;0
708.6294;422.967926025391;0
710.9467;436.572967529297;0
713.2594;396.756256103516;0
715.5735;337.184234619141;0
717.887;314.970062255859;0
720.1979;348.508880615234;0
722.5083;406.557586669922;0
724.818;434.40966796875;0
727.1252;394.705841064453;0
729.4357;361.013885498047;0
731.7418;363.041473388672;0
734.0452;418.515777587891;0
736.35;436.074432373047;0
738.6522;413.431030273437;0
740.9539;320.029205322266;0
743.2569;323.954467773437;0
745.5554;308.007873535156;0
747.8553;318.237182617187;0
750.1545;308.863067626953;0
752.4513;312.080780029297;0
754.7474;337.315338134766;0
757.043;315.901458740234;0
759.336;323.292053222656;0
761.6304;349.170288085938;0
763.9222;347.59814453125;0
766.2114;328.375396728516;0
768.5041;281.946441650391;0
770.7922;265.089111328125;0
773.0777;248.358001708984;0
775.3647;266.51904296875;0
777.651;294.706909179687;0
779.9368;333.777648925781;0
782.22;334.058197021484;0
784.5026;327.161499023437;0
786.7847;298.722778320313;0
789.0662;291.6123046875;0
791.3451;317.11279296875;0
793.6254;386.698822021484;0
795.9012;416.247985839844;0
798.1784;433.602081298828;0
800.455;385.415557861328;0
802.7291;414.031005859375;0
805.0026;413.091857910156;0
807.2755;450.610412597656;0
809.5478;386.808074951172;0
811.8176;390.129608154297;0
814.0869;383.223785400391;0
816.3535;415.660339355469;0
818.6235;387.772888183594;0
820.8911;353.237701416016;0
823.156;374.229675292969;0
825.4204;395.081115722656;0
827.6823;434.973419189453;0
829.9474;433.545928955078;0
832.2082;412.854187011719;0
834.4683;424.464630126953;0
836.7279;408.539154052734;0
838.9869;411.105010986328;0
841.2453;417.171051025391;0
843.5012;441.249542236328;0
845.7565;462.674072265625;0
848.0133;458.777587890625;0
850.2655;488.003662109375;0
852.5153;519.571655273438;0
854.7703;491.086486816406;0
857.0189;469.346740722656;0
859.2668;429.393096923828;0
861.5182;419.336242675781;0
863.7651;377.732604980469;0
866.0114;295.588256835937;0
868.2592;254.805969238281;0
870.5024;265.143920898438;0
872.7451;350.827270507812;0
874.9872;350.524688720703;0
877.2307;308.652282714844;0
879.4717;237.237594604492;0
881.7101;233.750411987305;0
883.95;239.829956054688;0
886.1854;255.943634033203;0
888.4202;251.04606628418;0
890.6604;239.161590576172;0
892.8941;238.008544921875;0
895.1253;295.249328613281;0
897.3599;331.284576416016;0
899.59;335.114929199219;0
901.8195;296.629028320313;0
904.0504;219.048843383789;0
906.2789;215.262985229492;0
908.5087;187.615615844727;0
910.7341;224.356170654297;0
912.9589;238.578247070313;0
915.1851;250.151870727539;0
917.4088;284.298797607422;0
919.63;270.239593505859;0
921.8526;283.541595458984;0
924.0727;246.70491027832;0
926.2922;244.21940612793;0
928.5112;249.089706420898;0
930.7277;254.641571044922;0
932.9476;225.097213745117;0
935.163;149.557083129883;0
937.3739;106.59912109375;0
939.5901;109.159233093262;0
941.8019;127.95475769043;0
944.0151;95.4286041259766;0
946.2258;97.9705581665039;0
948.4341;83.6967163085938;0
950.6456;166.733993530273;0
952.8527;129.227035522461;0
955.0593;160.431747436523;0
957.2653;161.466049194336;0
959.4689;206.371826171875;0
961.6738;209.288208007813;0
963.8782;193.882476806641;0
966.0782;171.733840942383;0
968.2815;130.482818603516;0
970.4803;75.2610549926758;0
972.6787;66.9879608154297;0
974.8784;80.1079940795898;0
977.0757;74.7322540283203;0
979.2704;26.861364364624;0
981.4667;11.496452331543;0
983.6603;55.7510643005371;0
985.8535;110.07186126709;0
988.0461;77.9032897949219;0
990.2363;50.6875801086426;0
992.4297;31.2014999389648;0
994.6169;135.626037597656;0
996.8035;202.441375732422;0
998.9933;290.019195556641;0
1001.179;303.543823242188;0
1003.364;409.309967041016;0
1005.55;409.198150634766;0
1007.732;419.540740966797;0
1009.916;296.782989501953;0
1012.096;292.854522705078;0
1014.275;272.058563232422;0
1016.459;295.440124511719;0
1018.636;262.718658447266;0
1020.813;263.163360595703;0
1022.991;260.857269287109;0
1025.165;318.180511474609;0
1027.34;315.618438720703;0
1029.515;319.504425048828;0
1031.687;265.50537109375;0
1033.859;255.62158203125;0
1036.03;272.076507568359;0
1038.199;294.093109130859;0
1040.369;280.288726806641;0
1042.536;222.935943603516;0
1044.704;224.403869628906;0
1046.87;222.499008178711;0
1049.034;229.778961181641;0
1051.198;228.622589111328;0
1053.363;216.033752441406;0
1055.526;269.346496582031;0
1057.686;292.559020996094;0
1059.845;322.893585205078;0
1062.005;243.796020507813;0
1064.165;202.266372680664;0
1066.323;163.637969970703;0
1068.477;180.865631103516;0
1070.634;211.229461669922;0
1072.788;266.705505371094;0
1074.942;280.486328125;0
1077.096;300.662719726562;0
1079.247;353.996612548828;0
1081.397;325.566741943359;0
1083.547;297.713409423828;0
1085.695;280.432525634766;0
1087.844;317.835235595703;0
1089.992;272.254119873047;0
1092.138;226.689147949219;0
1094.284;236.806884765625;0
1096.425;227.054046630859;0
1098.571;169.986343383789;0
1100.711;119.774398803711;0
1102.851;138.162612915039;0
1104.994;162.254989624023;0
1107.132;223.908401489258;0
1109.271;184.528686523438;0
1111.408;243.780853271484;0
1113.543;183.773788452148;0
1115.682;241.285308837891;0
1117.816;142.983413696289;0
1119.947;152.197402954102;0
1122.08;118.194274902344;0
1124.213;196.891662597656;0
1126.343;194.406845092773;0
1128.474;214.335861206055;0
1130.602;214.383987426758;0
1132.728;218.00048828125;0
1134.856;207.407592773438;0
1136.982;189.049133300781;0
1139.109;193.25895690918;0
1141.234;188.704971313477;0
1143.356;147.314437866211;0
1145.479;143.217742919922;0
1147.599;140.249740600586;0
1149.719;157.121551513672;0
1151.839;137.65544128418;0
1153.957;123.033149719238;0
1156.076;138.365783691406;0
1158.191;150.986663818359;0
1160.305;199.169647216797;0
1162.423;155.254928588867;0
1164.536;166.613586425781;0
1166.647;156.049682617188;0
1168.761;199.725036621094;0
1170.871;260.582061767578;0
1172.983;255.154586791992;0
1175.092;288.589782714844;0
1177.2;278.032318115234;0
1179.306;326.987457275391;0
1181.413;315.278442382813;0
1183.518;309.126312255859;0
1185.623;278.419952392578;0
1187.725;298.712829589844;0
1189.826;265.448791503906;0
1191.929;285.626983642578;0
1194.032;301.454559326172;0
1196.13;323.933837890625;0
1198.23;317.533569335938;0
1200.327;291.575500488281;0
1202.423;301.283416748047;0
1204.52;313.546203613281;0
1206.613;283.474822998047;0
1208.71;201.512619018555;0
1210.801;138.657760620117;0
1212.892;160.850784301758;0
1214.987;218.506652832031;0
1217.075;278.592315673828;0
1219.166;300.812042236328;0
1221.256;340.471801757813;0
1223.342;317.127410888672;0
1225.43;293.001373291016;0
1227.515;275.016143798828;0
1229.597;316.845794677734;0
1231.685;280.744812011719;0
1233.767;268.974273681641;0
1235.85;229.645568847656;0
1237.931;260.883239746094;0
1240.009;262.757476806641;0
1242.09;290.518798828125;0
1244.168;317.83837890625;0
1246.245;335.492553710938;0
1248.321;309.308441162109;0
1250.397;296.685455322266;0
1252.472;291.957458496094;0
1254.547;257.013275146484;0
1256.618;243.299728393555;0
1258.69;199.483489990234;0
1260.761;220.468994140625;0
1262.83;240.545074462891;0
1264.901;273.072570800781;0
1266.969;283.495971679688;0
1269.035;211.979827880859;0
1271.102;205.741455078125;0
1273.167;208.147537231445;0
1275.233;253.355285644531;0
1277.295;240.408126831055;0
1279.359;218.083847045898;0
1281.42;180.049102783203;0
1283.482;228.873748779297;0
1285.542;231.37287902832;0
1287.6;312.730773925781;0
1289.659;236.586242675781;0
1291.714;270.444488525391;0
1293.774;259.435760498047;0
1295.828;307.553741455078;0
1297.881;299.762329101562;0
1299.936;273.537963867188;0
1301.987;233.928100585937;0
1304.041;256.552917480469;0
1306.09;235.302536010742;0
1308.139;256.732482910156;0
1310.19;260.287872314453;0
1312.238;315.191497802734;0
1314.286;298.889556884766;0
1316.331;316.272338867187;0
1318.376;273.451446533203;0
1320.422;316.315490722656;0
1322.466;225.975402832031;0
1324.508;253.873992919922;0
1326.549;222.122406005859;0
1328.59;290.941864013672;0
1330.632;302.665740966797;0
1332.67;369.405120849609;0
1334.707;339.219482421875;0
1336.746;292.249420166016;0
1338.78;244.749649047852;0
1340.816;258.904754638672;0
1342.852;253.408676147461;0
1344.885;259.816741943359;0
1346.916;266.129333496094;0
1348.948;312.458404541016;0
1350.979;311.804473876953;0
1353.011;242.611755371094;0
1355.04;264.880004882813;0
1357.066;282.164489746094;0
1359.094;343.674011230469;0
1361.121;262.560546875;0
1363.145;177.684829711914;0
1365.171;149.268615722656;0
1367.192;89.3118515014648;0
1369.216;78.0317840576172;0
1371.239;35.6467819213867;0
1373.258;114.937118530273;0
1375.28;139.564743041992;0
1377.298;175.97412109375;0
1379.316;125.720695495605;0
1381.335;198.121948242188;0
1383.35;160.777374267578;0
1385.366;210.214050292969;0
1387.38;154.654342651367;0
1389.394;157.653686523438;0
1391.409;128.334533691406;0
1393.42;125.595504760742;0
1395.43;163.303833007813;0
1397.44;183.015258789063;0
1399.451;179.285507202148;0
1401.458;155.559448242188;0
1403.466;106.325866699219;0
1405.472;95.8732223510742;0
1407.478;50.201717376709;0
1409.483;91.3843154907227;0
1411.486;91.6568450927734;0
1413.49;142.909805297852;0
1415.492;127.500961303711;0
1417.492;152.091323852539;0
1419.495;147.575653076172;0
1421.494;187.010437011719;0
1423.492;172.894714355469;0
1425.49;187.73698425293;0
1427.487;199.231201171875;0
1429.482;239.921646118164;0
1431.477;253.839370727539;0
1433.471;271.5390625;0
1435.466;242.130416870117;0
1437.456;232.501815795898;0
1439.447;214.097732543945;0
1441.441;238.251449584961;0
1443.427;256.629669189453;0
1445.417;277.232391357422;0
1447.406;288.281829833984;0
1449.392;281.111297607422;0
1451.381;249.165512084961;0
1453.365;236.001373291016;0
1455.348;272.954620361328;0
1457.333;287.581207275391;0
1459.314;315.436645507812;0
1461.296;317.298736572266;0
1463.276;250.723052978516;0
1465.256;215.93115234375;0
1467.237;199.588607788086;0
1469.215;236.361282348633;0
1471.19;258.804748535156;0
1473.167;239.363433837891;0
1475.145;198.260925292969;0
1477.118;195.497375488281;0
1479.092;178.40608215332;0
1481.065;195.431503295898;0
1483.038;185.5048828125;0
1485.008;222.35905456543;0
1486.979;259.662017822266;0
1488.949;268.416839599609;0
1490.917;213.176177978516;0
1492.883;203.944747924805;0
1494.852;137.94465637207;0
1496.817;133.843536376953;0
1498.782;129.419906616211;0
1500.748;164.340438842773;0
1502.708;212.160781860352;0
1504.673;191.214126586914;0
1506.634;227.722549438477;0
1508.594;189.019119262695;0
1510.554;257.881652832031;0
1512.512;243.865524291992;0
1514.471;242.859436035156;0
1516.428;134.196548461914;0
1518.384;50.0998191833496;0
1520.34;89.5700836181641;0
1522.294;118.384727478027;0
1524.249;169.432220458984;0
1526.202;147.306259155273;0
1528.153;192.326248168945;0
1530.103;195.379302978516;0
1532.054;165.551895141602;0
1534.004;161.071899414063;0
1535.951;217.044555664063;0
1537.899;243.968963623047;0
1539.847;282.901580810547;0
1541.793;253.445083618164;0
1543.738;244.238800048828;0
1545.681;175.182922363281;0
1547.625;157.024169921875;0
1549.566;148.540313720703;0
1551.509;146.620223999023;0
1553.45;86.1528167724609;0
1555.389;137.360092163086;0
1557.33;155.686492919922;0
1559.266;210.798706054687;0
1561.204;201.585586547852;0
1563.141;188.047149658203;0
1565.074;183.072296142578;0
1567.009;131.105194091797;0
1568.943;105.811187744141;0
1570.877;118.965621948242;0
1572.808;190.012588500977;0
1574.741;263.063201904297;0
1576.67;224.117431640625;0
1578.6;131.730865478516;0
1580.528;85.5701522827148;0
1582.455;66.0797500610352;0
1584.382;110.259651184082;0
1586.307;59.2209663391113;0
1588.234;109.185920715332;0
1590.157;76.3753662109375;0
1592.081;71.5669479370117;0
1594.002;13.871787071228;0
1595.927;-22.599006652832;0
1597.845;12.3579549789429;0
1599.767;95.3716735839844;0
1601.685;155.529724121094;0
1603.602;161.692276000977;0
1605.523;135.970458984375;0
1607.438;124.011627197266;0
1609.354;147.796585083008;0
1611.269;104.807510375977;0
1613.181;96.8022766113281;0
1615.096;52.7808990478516;0
1617.008;67.4100341796875;0
1618.92;41.8008041381836;0
1620.83;98.3975982666016;0
1622.74;111.422538757324;0
1624.649;101.320083618164;0
1626.557;83.2013320922852;0
1628.464;78.9551849365234;0
1630.37;175.959518432617;0
1632.275;185.632369995117;0
1634.18;200.084838867187;0
1636.085;140.205032348633;0
1637.988;183.706802368164;0
1639.888;182.965042114258;0
1641.791;247.847412109375;0
1643.691;218.400207519531;0
1645.588;223.624404907227;0
1647.489;250.18669128418;0
1649.387;273.865997314453;0
1651.284;320.884582519531;0
1653.18;321.020874023438;0
1655.075;280.164337158203;0
1656.972;260.871612548828;0
1658.864;238.142715454102;0
1660.754;255.533172607422;0
1662.65;285.820770263672;0
1664.539;249.005523681641;0
1666.428;238.865188598633;0
1668.32;183.844436645508;0
1670.207;181.832153320313;0
1672.096;189.717224121094;0
1673.982;238.944091796875;0
1675.867;263.512756347656;0
1677.754;298.756561279297;0
1679.638;272.675506591797;0
1681.52;270.047332763672;0
1683.403;275.649871826172;0
1685.285;278.483093261719;0
1687.166;318.880340576172;0
1689.048;319.619384765625;0
1690.924;354.033569335937;0
1692.804;395.78955078125;0
1694.682;413.109558105469;0
1696.558;416.326904296875;0
1698.435;302.219390869141;0
1700.308;228.898132324219;0
1702.184;154.02978515625;0
1704.057;189.392120361328;0
1705.929;169.318481445313;0
1707.801;187.808670043945;0
1709.674;172.394714355469;0
1711.542;178.490005493164;0
1713.412;95.1180419921875;0
1715.28;18.4186744689941;0
1717.145;-82.8496170043945;0
1719.015;-21.3227787017822;0
1720.88;38.0263366699219;0
1722.746;145.492492675781;0
1724.61;166.760955810547;0
1726.471;152.608734130859;0
1728.334;138.591384887695;0
1730.197;162.708892822266;0
1732.057;195.29460144043;0
1733.919;185.237411499023;0
1735.777;129.092849731445;0
1737.634;77.6362075805664;0
1739.493;83.3119201660156;0
1741.349;50.1862297058105;0
1743.205;50.9313011169434;0
1745.061;62.2925224304199;0
1746.915;81.432746887207;0
1748.77;117.082763671875;0
1750.621;121.867683410645;0
1752.473;118.697631835938;0
1754.323;95.5262985229492;0
1756.173;86.3527145385742;0
1758.022;122.065765380859;0
1759.87;97.7753677368164;0
1761.718;84.148193359375;0
1763.566;101.627174377441;0
1765.411;173.656188964844;0
1767.256;194.900802612305;0
1769.101;116.583251953125;0
1770.945;57.481315612793;0
1772.787;39.5949859619141;0
1774.629;91.9864196777344;0
1776.469;119.704566955566;0
1778.309;191.638336181641;0
1780.15;225.34326171875;0
1781.987;268.819366455078;0
1783.826;192.844390869141;0
1785.662;203.085052490234;0
1787.498;175.652420043945;0
1789.334;197.324295043945;0
1791.169;164.989547729492;0
1793.002;178.203750610352;0
1794.834;203.300231933594;0
1796.667;223.056777954101;0
1798.498;207.25114440918;0
1800.328;230.772232055664;0
1802.157;179.842269897461;0
1803.986;172.461242675781;0
1805.813;114.962509155273;0
1807.639;150.67936706543;0
1809.467;143.500732421875;0
1811.292;196.75993347168;0
1813.117;201.568084716797;0
1814.94;251.147399902344;0
1816.763;208.388275146484;0
1818.585;209.071594238281;0
1820.407;187.643585205078;0
1822.227;245.770904541016;0
1824.048;250.898010253906;0
1825.865;240.488708496094;0
1827.683;170.198394775391;0
1829.501;176.908111572266;0
1831.317;124.284606933594;0
1833.135;175.328628540039;0
1834.948;131.818817138672;0
1836.761;150.310821533203;0
1838.577;62.5824928283691;0
1840.388;62.3005905151367;0
1842.198;21.7985248565674;0
1844.009;52.6319389343262;0
1845.819;27.3589782714844;0
1847.629;33.7582702636719;0
1849.436;-2.94765472412109;0
1851.244;20.2750988006592;0
1853.052;48.159481048584;0
1854.858;79.0522079467773;0
1856.661;97.8422622680664;0
1858.466;114.308586120605;0
1860.269;138.117828369141;0
1862.073;136.047775268555;0
1863.875;224.653991699219;0
1865.673;244.49201965332;0
1867.476;273.339660644531;0
1869.275;236.196868896484;0
1871.072;247.508972167969;0
1872.872;247.275955200195;0
1874.667;231.942245483398;0
1876.464;211.951965332031;0
1878.26;218.082885742187;0
1880.053;189.557220458984;0
1881.849;215.757263183594;0
1883.64;175.52294921875;0
1885.431;129.7431640625;0
1887.226;73.195686340332;0
1889.014;86.6582870483398;0
1890.803;108.353210449219;0
1892.594;113.615730285645;0
1894.38;87.6680908203125;0
1896.167;71.5102691650391;0
1897.955;90.0311737060547;0
1899.74;71.3419036865234;0
1901.526;95.7758026123047;0
1903.309;97.4445953369141;0
1905.091;104.126800537109;0
1906.876;72.1557540893555;0
1908.658;35.3104591369629;0
1910.438;15.4799957275391;0
1912.217;37.1088104248047;0
1913.996;15.8635683059692;0
1915.775;4.85538053512573;0
1917.553;5.97313642501831;0
1919.33;37.9946136474609;0
1921.106;114.253143310547;0
1922.881;122.191848754883;0
1924.655;133.474273681641;0
1926.431;78.6542282104492;0
1928.202;54.9539070129395;0
1929.974;15.9289636611938;0
1931.746;-6.30954313278198;0
1933.516;-13.3173351287842;0
1935.286;3.97244358062744;0
1937.055;91.9759063720703;0
1938.823;144.876586914063;0
1940.592;170.007720947266;0
1942.356;97.9248123168945;0
1944.122;56.2944183349609;0
1945.888;18.449800491333;0
1947.651;90.1385192871094;0
1949.416;84.0572891235352;0
1951.178;115.801139831543;0
1952.939;88.8852157592773;0
1954.699;183.114700317383;0
1956.459;221.115051269531;0
1958.219;240.186126708984;0
1959.979;184.819885253906;0
1961.735;186.127304077148;0
1963.491;190.329467773438;0
1965.249;224.426376342773;0
1967.003;186.640258789063;0
1968.761;132.415542602539;0
1970.512;107.53002166748;0
1972.265;218.343383789063;0
1974.018;277.16259765625;0
1975.769;330.321014404297;0
1977.522;243.151947021484;0
1979.271;265.544281005859;0
1981.018;227.165054321289;0
1982.766;267.458679199219;0
1984.516;274.869873046875;0
1986.261;313.176330566406;0
1988.009;267.933685302734;0
1989.754;258.808532714844;0
1991.498;187.134262084961;0
1993.241;237.799819946289;0
1994.984;204.805465698242;0
1996.727;236.260604858398;0
1998.468;214.054397583008;0
2000.206;274.520416259766;0
2001.946;243.214447021484;0
2003.686;275.136810302734;0
2005.424;270.509948730469;0
2007.161;367.666809082031;0
2008.898;347.60693359375;0
2010.634;347.775054931641;0
2012.369;296.392364501953;0
2014.103;303.792297363281;0
2015.836;286.086242675781;0
2017.57;318.385498046875;0
2019.299;298.023712158203;0
2021.032;320.890014648438;0
2022.762;380.429107666016;0
2024.491;390.085693359375;0
2026.221;347.304229736328;0
2027.947;292.862457275391;0
2029.676;278.982635498047;0
2031.403;226.109191894531;0
2033.128;201.019821166992;0
2034.852;218.048004150391;0
2036.577;231.750701904297;0
2038.299;256.616790771484;0
2040.022;187.674468994141;0
2041.744;205.851272583008;0
2043.465;148.369415283203;0
2045.184;200.008010864258;0
2046.903;167.656219482422;0
2048.621;139.425384521484;0
2050.339;125.568145751953;0
2052.057;94.3879470825195;0
2053.774;82.178840637207;0
2055.488;69.7583923339844;0
2057.203;52.8781509399414;0
2058.917;87.5436096191406;0
2060.631;75.3327331542969;0
2062.344;105.467399597168;0
2064.053;79.5034332275391;0
2065.765;99.2186126708984;0
2067.476;118.279594421387;0
2069.185;142.130828857422;0
2070.892;154.995559692383;0
2072.6;199.651840209961;0
2074.308;157.962432861328;0
2076.014;110.62036895752;0
2077.72;66.0706176757813;0
2079.425;109.231513977051;0
2081.13;107.740783691406;0
2082.833;152.709533691406;0
2084.532;147.693862915039;0
2086.236;191.138229370117;0
2087.936;175.931777954101;0
2089.635;173.40788269043;0
2091.335;108.344268798828;0
2093.034;75.7428588867188;0
2094.731;96.8363265991211;0
2096.427;151.6123046875;0
2098.124;221.959625244141;0
2099.82;253.43440246582;0
2101.515;278.481536865234;0
2103.207;232.323257446289;0
2104.902;214.21662902832;0
2106.594;224.075012207031;0
2108.286;293.061309814453;0
2109.976;340.574768066406;0
2111.667;369.481658935547;0
2113.355;367.9609375;0
2115.044;393.234771728516;0
2116.732;401.525451660156;0
2118.42;422.610412597656;0
2120.105;421.822784423828;0
2121.79;370.606750488281;0
2123.476;336.073394775391;0
2125.16;282.445709228516;0
2126.844;305.723999023438;0
2128.524;315.575134277344;0
2130.207;342.332733154297;0
2131.888;304.330413818359;0
2133.567;245.901718139649;0
2135.247;209.268966674805;0
2136.927;309.431671142578;0
2138.603;337.279632568359;0
2140.281;354.812805175781;0
2141.957;268.03125;0
2143.633;246.157165527344;0
2145.308;215.301315307617;0
2146.981;235.685958862305;0
2148.654;301.646942138672;0
2150.328;314.961761474609;0
2152;298.852691650391;0
2153.669;314.430603027344;0
2155.34;290.363220214844;0
2157.01;342.419647216797;0
2158.677;293.322937011719;0
2160.347;381.022979736328;0
2162.013;377.519470214844;0
2163.681;373.589965820312;0
2165.347;328.901123046875;0
2167.011;298.452972412109;0
2168.674;318.356567382813;0
2170.337;255.944229125977;0
2172.002;272.216796875;0
2173.662;215.175079345703;0
2175.324;312.708618164062;0
2176.985;243.261734008789;0
2178.645;273.916046142578;0
2180.304;204.256103515625;0
2181.961;226.616897583008;0
2183.618;186.997940063477;0
2185.275;169.400573730469;0
2186.932;196.824523925781;0
2188.586;188.936492919922;0
2190.242;176.534301757812;0
2191.896;125.433670043945;0
2193.547;162.068481445312;0
2195.2;186.339828491211;0
2196.851;204.025741577149;0
2198.502;176.571365356445;0
2200.153;145.087127685547;0
2201.799;123.906097412109;0
2203.447;106.548736572266;0
2205.097;110.991310119629;0
2206.742;77.9598007202148;0
2208.391;75.388298034668;0
2210.035;102.743774414063;0
2211.679;134.847396850586;0
2213.324;202.476669311524;0
2214.966;196.409133911133;0
2216.608;253.755889892578;0
2218.252;203.739151000977;0
2219.89;238.025985717773;0
2221.531;262.223602294922;0
2223.172;324.775360107422;0
2224.809;301.34765625;0
2226.449;243.162521362305;0
2228.086;245.665618896484;0
2229.72;286.789215087891;0
2231.358;321.260192871094;0
2232.992;302.121612548828;0
2234.625;243.892349243164;0
2236.26;233.34912109375;0
2237.893;180.159622192383;0
2239.524;193.526657104492;0
2241.156;154.752258300781;0
2242.785;184.28010559082;0
2244.416;187.11018371582;0
2246.044;262.462219238281;0
2247.672;314.336456298828;0
2249.301;301.955078125;0
2250.926;239.540557861328;0
2252.554;159.202941894531;0
2254.177;147.506164550781;0
2255.803;200.415634155273;0
2257.427;210.403366088867;0
2259.051;214.631942749024;0
2260.671;206.657196044922;0
2262.294;267.368255615234;0
2263.914;280.227142333984;0
2265.533;211.054458618164;0
2267.153;162.628234863281;0
2268.773;125.665565490723;0
2270.392;145.618713378906;0
2272.006;156.760726928711;0
2273.624;171.425186157227;0
2275.239;211.219543457031;0
2276.854;185.929397583008;0
2278.468;235.384384155273;0
2280.084;185.697036743164;0
2281.695;177.583724975586;0
2283.305;126.155586242676;0
2284.919;148.301498413086;0
2286.527;162.826278686523;0
2288.14;194.446136474609;0
2289.748;184.403045654297;0
2291.354;180.842864990234;0
2292.964;187.514389038086;0
2294.569;183.089263916016;0
2296.174;222.456573486328;0
2297.782;234.837875366211;0
2299.386;189.121353149414;0
2300.99;138.194900512695;0
2302.594;109.945892333984;0
2304.195;157.929489135742;0
2305.798;177.702133178711;0
2307.399;203.930847167969;0
2308.998;228.334823608398;0
2310.598;196.136276245117;0
2312.197;178.446350097656;0
2313.795;180.872314453125;0
2315.392;260.943054199219;0
2316.988;272.752227783203;0
2318.585;338.188720703125;0
2320.18;344.474792480469;0
2321.774;345.165985107422;0
2323.368;261.038513183594;0
2324.961;229.271011352539;0
2326.553;231.469665527344;0
2328.145;313.813354492187;0
2329.735;309.389129638672;0
2331.324;307.087707519531;0
2332.916;177.685852050781;0
2334.503;164.775848388672;0
2336.092;145.542678833008;0
2337.677;214.208312988281;0
2339.263;195.379272460938;0
2340.85;174.166412353516;0
2342.434;130.013931274414;0
2344.018;130.032684326172;0
2345.602;121.222587585449;0
2347.185;100.027397155762;0
2348.768;115.779022216797;0
2350.347;155.921981811523;0
2351.928;254.456787109375;0
2353.51;300.221099853516;0
2355.087;295.992431640625;0
2356.665;206.881622314453;0
2358.243;199.982269287109;0
2359.819;188.860458374024;0
2361.396;220.494552612305;0
2362.972;164.396102905274;0
2364.547;173.160736083984;0
2366.121;143.760498046875;0
2367.694;206.639221191406;0
2369.267;143.919204711914;0
2370.839;159.530487060547;0
2372.411;134.682571411133;0
2373.982;215.777145385742;0
2375.55;236.208587646484;0
2377.118;220.533584594727;0
2378.687;218.308227539063;0
2380.254;221.596527099609;0
2381.821;222.55241394043;0
2383.387;206.351135253906;0
2384.954;154.648849487305;0
2386.516;129.129760742188;0
2388.082;136.002502441406;0
2389.644;126.155769348145;0
2391.209;101.822303771973;0
2392.769;28.9417362213135;0
2394.33;97.4029846191406;0
2395.892;125.303085327148;0
2397.449;174.672836303711;0
2399.008;156.435729980469;0
2400.568;196.5908203125;0
2402.125;236.085296630859;0
2403.68;253.585662841797;0
2405.238;210.181427001953;0
2406.792;130.216354370117;0
2408.349;123.121955871582;0
2409.902;155.975158691406;0
2411.455;178.10954284668;0
2413.007;166.440475463867;0
2414.558;145.001907348633;0
2416.11;130.460601806641;0
2417.66;153.867370605469;0
2419.21;161.554412841797;0
2420.758;215.189208984375;0
2422.307;206.514938354492;0
2423.855;205.12907409668;0
2425.402;172.141387939453;0
2426.947;131.312118530273;0
2428.492;143.376342773438;0
2430.038;206.445861816406;0
2431.58;266.913879394531;0
2433.124;293.669342041016;0
2434.667;277.712219238281;0
2436.208;295.486999511719;0
2437.75;301.326812744141;0
2439.291;303.34326171875;0
2440.83;291.870300292969;0
2442.369;310.907562255859;0
2443.906;320.343475341797;0
2445.444;379.178009033203;0
2446.981;337.967071533203;0
2448.517;346.376220703125;0
2450.053;278.850250244141;0
2451.587;256.557678222656;0
2453.12;246.408813476563;0
2454.655;243.506744384766;0
2456.187;255.580413818359;0
2457.718;289.051452636719;0
2459.25;219.082489013672;0
2460.781;226.496215820312;0
2462.31;188.139205932617;0
2463.84;270.987579345703;0
2465.368;262.173278808594;0
2466.896;255.806503295898;0
2468.423;236.553024291992;0
2469.949;248.523483276367;0
2471.474;232.718017578125;0
2472.998;227.782333374023;0
2474.522;177.520843505859;0
2476.045;199.797424316406;0
2477.568;210.780975341797;0
2479.09;244.432098388672;0
2480.612;182.195220947266;0
2482.132;172.949111938477;0
2483.653;154.310134887695;0
2485.171;194.731872558594;0
2486.689;192.354629516602;0
2488.208;218.287780761719;0
2489.725;271.632904052734;0
2491.242;289.312042236328;0
2492.757;271.104217529297;0
2494.271;218.787384033203;0
2495.785;208.27180480957;0
2497.3;267.27197265625;0
2498.812;266.604736328125;0
2500.325;245.380661010742;0
2501.837;158.154769897461;0
2503.345;135.900344848633;0
2504.856;107.805404663086;0
2506.366;200.09211730957;0
2507.875;214.600036621094;0
2509.382;223.774475097656;0
2510.889;92.4965667724609;0
2512.397;59.5359649658203;0
2513.901;25.0710697174072;0
2515.406;94.4355392456055;0
2516.911;108.851585388184;0
2518.415;190.207962036133;0
2519.918;153.726181030273;0
2521.421;159.406265258789;0
2522.922;81.248176574707;0
2524.423;100.408012390137;0
2525.924;102.285217285156;0
2527.422;144.657531738281;0
2528.923;168.159729003906;0
2530.419;182.888793945313;0
2531.916;115.844886779785;0
2533.415;80.7420806884766;0
2534.909;57.2467727661133;0
2536.404;133.580917358398;0
2537.899;121.745536804199;0
2539.394;107.851234436035;0
2540.887;104.771377563477;0
2542.38;138.297790527344;0
2543.871;171.541717529297;0
2545.363;176.392501831055;0
2546.852;188.405853271484;0
2548.345;136.306732177734;0
2549.833;102.099243164063;0
2551.321;104.995513916016;0
2552.811;123.160987854004;0
2554.296;142.480163574219;0
2555.78;127.390235900879;0
2557.267;176.809341430664;0
2558.752;230.785354614258;0
2560.237;247.984970092773;0
2561.721;220.074615478516;0
2563.203;189.125457763672;0
2564.687;153.978515625;0
2566.168;181.294296264648;0
2567.648;174.786239624023;0
2569.129;200.009170532227;0
2570.607;185.852264404297;0
2572.086;185.649108886719;0
2573.565;163.390625;0
2575.041;150.555038452148;0
2576.518;121.335906982422;0
2577.994;136.151840209961;0
2579.469;139.987487792969;0
2580.945;171.532974243164;0
2582.418;216.290771484375;0
2583.892;273.891235351563;0
2585.365;271.780151367188;0
2586.835;258.069122314453;0
2588.307;277.203186035156;0
2589.778;237.181274414063;0
2591.248;244.670349121094;0
2592.717;207.051712036133;0
2594.186;219.436660766602;0
2595.652;214.236511230469;0
2597.121;162.436080932617;0
2598.585;202.485961914063;0
2600.052;206.536514282227;0
2601.518;228.143005371094;0
2602.982;221.45393371582;0
2604.446;220.53987121582;0
2605.907;230.358154296875;0
2607.371;239.79753112793;0
2608.83;200.524826049805;0
2610.293;218.206588745117;0
2611.752;241.019760131836;0
2613.213;265.120452880859;0
2614.672;232.286895751953;0
2616.13;204.106582641602;0
2617.587;205.926971435547;0
2619.043;258.303466796875;0
2620.501;264.299468994141;0
2621.957;309.073822021484;0
2623.409;282.419799804688;0
2624.864;283.654693603516;0
2626.318;238.557891845703;0
2627.771;256.033752441406;0
2629.222;267.378051757812;0
2630.673;327.399383544922;0
2632.124;325.265777587891;0
2633.575;356.309692382812;0
2635.023;297.086120605469;0
2636.473;278.815582275391;0
2637.922;252.502792358398;0
2639.368;228.965377807617;0
2640.816;186.228164672852;0
2642.261;156.520355224609;0
2643.705;240.812438964844;0
2645.151;289.389770507813;0
2646.596;273.029998779297;0
2648.037;226.892044067383;0
2649.48;212.571975708008;0
2650.923;215.419570922852;0
2652.364;200.045074462891;0
2653.804;189.718139648438;0
2655.243;176.106155395508;0
2656.683;187.209106445313;0
2658.121;169.582473754883;0
2659.559;251.33625793457;0
2660.997;265.199890136719;0
2662.433;315.15771484375;0
2663.868;243.006042480469;0
2665.305;219.278121948242;0
2666.737;191.171798706055;0
2668.173;200.962341308594;0
2669.606;152.464065551758;0
2671.038;107.898941040039;0
2672.47;86.2666778564453;0
2673.901;124.344787597656;0
2675.331;163.357009887695;0
2676.761;236.93359375;0
2678.189;237.461273193359;0
2679.619;204.653839111328;0
2681.045;143.571670532227;0
2682.473;177.866989135742;0
2683.9;222.540878295898;0
2685.324;242.101287841797;0
2686.749;225.771194458008;0
2688.176;205.736862182617;0
2689.599;127.261665344238;0
2691.021;102.944389343262;0
2692.444;93.6744079589844;0
2693.865;183.118530273438;0
2695.287;152.498931884766;0
2696.707;109.704765319824;0
2698.125;68.8282623291016;0
2699.545;67.7776947021484;0
2700.963;50.0055541992188;0
2702.381;76.2808532714844;0
2703.798;152.159271240234;0
2705.214;213.752593994141;0
2706.629;195.902481079102;0
2708.046;206.149368286133;0
2709.458;217.620651245117;0
2710.872;233.203369140625;0
2712.285;212.231094360352;0
2713.699;185.086151123047;0
2715.111;143.248397827148;0
2716.52;115.438529968262;0
2717.93;114.921447753906;0
2719.342;122.010734558105;0
2720.749;97.8595199584961;0
2722.159;114.115913391113;0
2723.565;150.706634521484;0
2724.971;160.520278930664;0
2726.38;157.668014526367;0
2727.785;129.594619750977;0
2729.19;180.744873046875;0
2730.594;205.34130859375;0
2731.997;232.113586425781;0
2733.401;167.061447143555;0
2734.803;173.883758544922;0
2736.204;193.151733398438;0
2737.606;244.706787109375;0
2739.005;280.437835693359;0
2740.405;282.344818115234;0
2741.806;289.427520751953;0
2743.202;253.798034667969;0
2744.602;213.457138061523;0
2745.998;194.198776245117;0
2747.395;228.449005126953;0
2748.79;298.544921875;0
2750.185;312.597869873047;0
2751.58;331.608123779297;0
2752.975;338.353637695313;0
2754.366;362.278900146484;0
2755.759;341.050628662109;0
2757.151;262.224395751953;0
2758.542;254.133407592773;0
2759.933;215.147689819336;0
2761.322;238.166488647461;0
2762.71;175.475234985352;0
2764.1;227.378646850586;0
2765.486;267.684448242188;0
2766.875;344.329223632813;0
2768.26;349.884490966797;0
2769.646;303.354583740234;0
2771.031;278.602355957031;0
2772.418;249.876953125;0
2773.799;262.148742675781;0
2775.184;315.782287597656;0
2776.565;311.308197021484;0
2777.946;335.113677978516;0
2779.328;256.098266601563;0
2780.708;284.280151367188;0
2782.09;244.861663818359;0
2783.469;299.168182373047;0
2784.847;269.430725097656;0
2786.226;288.093658447266;0
2787.603;306.759857177734;0
2788.978;362.539733886719;0
2790.355;403.247772216797;0
2791.731;351.291717529297;0
2793.104;324.904083251953;0
2794.479;302.131927490234;0
2795.853;286.902038574219;0
2797.225;284.694732666016;0
2798.596;264.287506103516;0
2799.967;296.927673339844;0
2801.341;210.777252197266;0
2802.71;166.142440795898;0
2804.077;64.1531753540039;0
2805.447;63.7713394165039;0
2806.815;53.8863258361816;0
2808.183;108.16446685791;0
2809.551;112.938491821289;0
2810.915;137.096694946289;0
2812.282;48.1943054199219;0
2813.646;38.7873268127441;0
2815.011;21.20876121521;0
2816.375;48.4586029052734;0
2817.736;40.6480484008789;0
2819.099;15.7768983840942;0
2820.462;-4.71046018600464;0
2821.821;36.9638442993164;0
2823.182;47.0223045349121;0
2824.542;123.576034545898;0
2825.901;147.401916503906;0
2827.261;170.38703918457;0
2828.617;179.419891357422;0
2829.974;103.945869445801;0
2831.33;112.964744567871;0
2832.686;61.0317573547363;0
2834.043;101.591529846191;0
2835.395;39.3120803833008;0
2836.75;60.8077125549316;0
2838.104;43.0983123779297;0
2839.456;89.6292114257813;0
2840.807;105.731704711914;0
2842.16;112.183242797852;0
2843.509;177.427215576172;0
2844.858;174.463531494141;0
2846.209;202.013137817383;0
2847.556;146.907897949219;0
2848.906;191.990112304688;0
2850.253;178.686141967773;0
2851.6;190.132781982422;0
2852.946;170.191635131836;0
2854.29;188.336456298828;0
2855.635;196.903350830078;0
2856.98;195.361404418945;0
2858.323;165.998321533203;0
2859.665;153.426849365234;0
2861.008;108.86994934082;0
2862.349;111.249809265137;0
2863.691;116.824043273926;0
2865.031;177.82177734375;0
2866.37;191.764465332031;0
2867.709;196.451614379883;0
2869.048;154.883438110352;0
2870.385;189.911758422852;0
2871.722;167.162887573242;0
2873.059;167.182632446289;0
2874.394;133.368072509766;0
2875.73;165.962036132813;0
2877.064;153.965469360352;0
2878.398;132.189422607422;0
2879.731;101.10230255127;0
2881.063;122.233253479004;0
2882.395;136.480712890625;0
2883.727;153.132598876953;0
2885.059;133.300079345703;0
2886.387;181.98274230957;0
2887.717;175.069458007813;0
2889.046;225.337997436523;0
2890.374;201.566162109375;0
2891.699;216.420318603516;0
2893.028;206.344665527344;0
2894.354;219.418792724609;0
2895.679;196.70751953125;0
2897.004;234.622436523438;0
2898.328;237.795043945313;0
2899.653;297.185119628906;0
2900.976;313.460601806641;0
2902.297;334.843811035156;0
2903.619;287.084045410156;0
2904.941;230.986068725586;0
2906.26;155.480880737305;0
2907.58;178.350692749023;0
2908.898;199.912399291992;0
2910.217;255.338897705078;0
2911.536;254.728424072266;0
2912.852;215.080383300781;0
2914.171;212.726455688477;0
2915.485;190.719116210938;0
2916.799;253.593872070313;0
2918.116;222.349700927734;0
2919.428;247.210235595703;0
2920.743;201.841903686523;0
2922.056;235.023727416992;0
2923.367;283.422119140625;0
2924.679;277.428100585938;0
2925.99;265.606018066406;0
2927.299;189.209457397461;0
2928.609;185.362274169922;0
2929.918;200.510330200195;0
2931.226;259.986450195313;0
2932.535;286.791046142578;0
2933.841;288.556365966797;0
2935.149;253.616302490234;0
2936.455;248.073165893555;0
2937.758;252.636611938477;0
2939.064;279.084167480469;0
2940.368;279.048858642578;0
2941.67;269.162139892578;0
2942.973;261.305694580078;0
2944.277;253.180206298828;0
2945.577;230.382614135742;0
2946.878;232.244644165039;0
2948.178;269.655212402344;0
2949.477;310.246551513672;0
2950.776;292.462951660156;0
2952.073;253.858734130859;0
2953.372;230.127746582031;0
2954.669;270.056182861328;0
2955.965;261.387725830078;0
2957.261;258.140930175781;0
2958.556;213.105880737305;0
2959.849;224.834167480469;0
2961.145;208.036331176758;0
2962.436;239.0458984375;0
2963.732;187.086929321289;0
2965.022;189.937454223633;0
2966.313;153.488494873047;0
2967.603;233.184799194336;0
2968.893;217.193283081055;0
2970.182;247.422882080078;0
2971.471;185.38591003418;0
2972.759;236.906402587891;0
2974.047;243.796035766602;0
2975.334;312.090759277344;0
2976.62;283.053253173828;0
2977.907;281.793395996094;0
2979.192;251.422180175781;0
2980.475;245.968109130859;0
2981.76;248.627304077148;0
2983.043;237.580841064453;0
2984.326;228.379837036133;0
2985.607;160.485198974609;0
2986.888;149.904800415039;0
2988.17;131.576187133789;0
2989.449;153.306701660156;0
2990.728;126.399543762207;0
2992.007;125.93238067627;0
2993.284;93.5000762939453;0
2994.562;102.546836853027;0
2995.84;119.072608947754;0
2997.115;131.632888793945;0
2998.393;112.937606811523;0
2999.666;118.037788391113;0
3000.94;131.282333374023;0
3002.215;159.005462646484;0
3003.486;141.206756591797;0
3004.76;109.219665527344;0
3006.033;130.820266723633;0
3007.303;88.2309188842773;0
3008.573;74.0068206787109;0
3009.844;12.3702163696289;0
3011.114;54.9862289428711;0
3012.383;72.4108352661133;0
3013.649;132.310653686523;0
3014.917;99.5748291015625;0
3016.185;96.7665863037109;0
3017.451;14.0714912414551;0
3018.716;59.296272277832;0
3019.983;52.6628227233887;0
3021.246;104.281929016113;0
3022.509;56.7103996276855;0
3023.774;87.0593490600586;0
3025.035;72.5001907348633;0
3026.299;109.529075622559;0
3027.56;78.4959335327148;0
3028.819;107.49592590332;0
3030.081;104.918594360352;0
3031.339;151.488128662109;0
3032.598;107.649398803711;0
3033.856;129.164489746094;0
3035.114;106.251556396484;0
3036.372;177.570327758789;0
3037.628;171.666610717773;0
3038.883;214.205169677734;0
3040.138;175.185653686523;0
3041.394;156.717010498047;0
3042.646;134.24333190918;0
3043.9;131.218154907227;0
3045.152;154.778778076172;0
3046.405;143.333557128906;0
3047.657;175.234344482422;0
3048.906;224.892318725586;0
3050.158;228.450805664063;0
3051.407;258.762634277344;0
3052.656;231.177108764648;0
3053.904;265.026763916016;0
3055.153;230.866668701172;0
3056.398;223.029998779297;0
3057.647;241.469955444336;0
3058.892;234.009826660156;0
3060.137;206.53857421875;0
3061.382;174.543365478516;0
3062.625;138.766357421875;0
3063.869;132.506225585937;0
3065.112;103.841163635254;0
3066.353;130.026351928711;0
3067.595;130.536911010742;0
3068.838;146.817276000977;0
3070.075;131.75634765625;0
3071.317;127.354118347168;0
3072.557;95.8828582763672;0
3073.795;120.944808959961;0
3075.032;174.211654663086;0
3076.27;195.025421142578;0
3077.507;224.949356079102;0
3078.742;198.864837646484;0
3079.978;181.429077148438;0
3081.212;156.31819152832;0
3082.446;160.045959472656;0
3083.681;201.320785522461;0
3084.913;199.476623535156;0
3086.147;202.624618530273;0
3087.38;196.320327758789;0
3088.61;175.348709106445;0
3089.84;145.916748046875;0
3091.071;186.8388671875;0
3092.3;206.753890991211;0
3093.529;239.439605712891;0
3094.755;189.34114074707;0
3095.984;197.125381469727;0
3097.211;175.569976806641;0
3098.438;202.725448608398;0
3099.663;185.762237548828;0
3100.888;199.336273193359;0
3102.112;165.125106811523;0
3103.335;185.106094360352;0
3104.56;186.100677490234;0
3105.782;211.306045532227;0
3107.005;187.056060791016;0
3108.226;191.890289306641;0
3109.447;203.297271728516;0
3110.667;207.917617797852;0
3111.887;229.742279052734;0
3113.104;236.558731079102;0
3114.324;227.922897338867;0
3115.541;210.501510620117;0
3116.758;218.118515014648;0
3117.976;248.727935791016;0
3119.192;228.025939941406;0
3120.408;184.0263671875;0
3121.622;148.882476806641;0
3122.835;143.825927734375;0
3124.05;160.781387329102;0
3125.262;186.399505615234;0
3126.476;205.126419067383;0
3127.687;170.851715087891;0
3128.897;153.353561401367;0
3130.108;169.678955078125;0
3131.319;214.560165405273;0
3132.528;255.441711425781;0
3133.737;214.560668945313;0
3134.945;170.342819213867;0
3136.152;130.459823608398;0
3137.358;134.529220581055;0
3138.565;196.442367553711;0
3139.772;238.462921142578;0
3140.976;256.257873535156;0
3142.18;213.605346679688;0
3143.385;176.505477905273;0
3144.588;172.530548095703;0
3145.79;153.060485839844;0
3146.993;165.539978027344;0
3148.194;124.016174316406;0
3149.395;164.814331054688;0
3150.596;122.499526977539;0
3151.794;147.081497192383;0
3152.994;111.440063476563;0
3154.193;160.950302124023;0
3155.39;176.570495605469;0
3156.587;180.856536865234;0
3157.784;139.810317993164;0
3158.982;122.210014343262;0
3160.177;128.273941040039;0
3161.37;147.116973876953;0
3162.565;166.183303833008;0
3163.759;175.916549682617;0
3164.952;164.650344848633;0
3166.146;153.939926147461;0
3167.337;180.563537597656;0
3168.527;177.220672607422;0
3169.719;185.422943115234;0
3170.91;173.051040649414;0
3172.098;180.052551269531;0
3173.288;167.651672363281;0
3174.475;157.566253662109;0
3175.663;194.791885375977;0
3176.849;168.909530639648;0
3178.037;180.919082641602;0
3179.223;136.709716796875;0
3180.408;143.466491699219;0
3181.592;96.0031738281251;0
3182.777;111.66251373291;0
3183.96;113.546211242676;0
3185.143;155.876480102539;0
3186.325;149.319488525391;0
3187.507;150.030914306641;0
3188.688;95.7455596923829;0
3189.869;80.3233108520507;0
3191.049;76.7313690185547;0
3192.228;134.513809204102;0
3193.406;144.738983154297;0
3194.585;187.406860351563;0
3195.763;181.850799560547;0
3196.939;179.403259277344;0
3198.116;139.619583129883;0
3199.292;144.832122802734;0
3200.466;142.805267333984;0
3201.643;136.48908996582;0
3202.816;120.28271484375;0
3203.991;148.969436645508;0
3205.161;175.250885009766;0
3206.334;153.974807739258;0
3207.504;159.697814941406;0
3208.677;192.529769897461;0
3209.846;190.471206665039;0
3211.017;197.299942016602;0
3212.187;173.682632446289;0
3213.356;181.729690551758;0
3214.524;144.799957275391;0
3215.69;130.578002929688;0
3216.859;159.168502807617;0
3218.024;197.088623046875;0
3219.189;192.783538818359;0
3220.354;175.585006713867;0
3221.519;159.15983581543;0
3222.682;167.540084838867;0
3223.845;196.582214355469;0
3225.01;221.064041137695;0
3226.171;234.652206420898;0
3227.332;195.789596557617;0
3228.494;163.698547363281;0
3229.655;178.281188964844;0
3230.814;199.468215942383;0
3231.973;206.205947875977;0
3233.13;213.76481628418;0
3234.29;209.925308227539;0
3235.447;203.688446044922;0
3236.605;186.670104980469;0
3237.76;180.615325927734;0
3238.916;175.457275390625;0
3240.071;136.537948608398;0
3241.224;123.68367767334;0
3242.381;126.898498535156;0
3243.532;167.097076416016;0
3244.685;179.516708374023;0
3245.839;202.308670043945;0
3246.99;188.865997314453;0
3248.141;243.865112304688;0
3249.292;243.528259277344;0
3250.439;273.408905029297;0
3251.589;228.618911743164;0
3252.739;224.047210693359;0
3253.886;185.027374267578;0
3255.034;179.226837158203;0
3256.18;189.045776367188;0
3257.326;210.60237121582;0
3258.472;231.279998779297;0
3259.617;295.509307861328;0
3260.761;307.514068603516;0
3261.905;342.96142578125;0
3263.048;280.49755859375;0
3264.19;280.194030761719;0
3265.333;257.939697265625;0
3266.475;271.290100097656;0
3267.617;233.196670532227;0
3268.757;194.438888549805;0
3269.896;186.998764038086;0
3271.036;176.89030456543;0
3272.175;138.425216674805;0
3273.313;161.586990356445;0
3274.449;238.687484741211;0
3275.586;317.730621337891;0
3276.722;284.997161865234;0
3277.859;240.264022827148;0
3278.993;201.975692749023;0
3280.13;216.243270874023;0
3281.263;182.402191162109;0
3282.395;179.316299438477;0
3283.529;141.728744506836;0
3284.66;194.940704345703;0
3285.794;221.320083618164;0
3286.924;231.480041503906;0
3288.054;195.087203979492;0
3289.185;174.141387939453;0
3290.313;181.610702514648;0
3291.443;196.971954345703;0
3292.571;211.145126342773;0
3293.698;231.559585571289;0
3294.824;216.986526489258;0
3295.952;196.415374755859;0
3297.077;170.16291809082;0
3298.203;183.413955688477;0
3299.328;143.557464599609;0
3300.45;143.211898803711;0
3301.574;152.685836791992;0
3302.698;202.667495727539;0
3303.819;198.762680053711;0
3304.942;230.748764038086;0
3306.064;225.514282226563;0
3307.182;257.724395751953;0
3308.303;238.045104980469;0
3309.423;291.698181152344;0
3310.542;256.463745117188;0
3311.66;211.453155517578;0
3312.778;179.293869018555;0
3313.895;196.1484375;0
3315.012;222.948394775391;0
3316.128;207.533813476563;0
3317.243;225.573791503906;0
3318.357;229.512741088867;0
3319.471;263.573211669922;0
3320.586;266.97802734375;0
3321.698;232.917068481445;0
3322.813;168.927734375;0
3323.923;129.874130249023;0
3325.034;174.374572753906;0
3326.146;197.982360839844;0
3327.255;200.808639526367;0
3328.366;153.408264160156;0
3329.474;144.802505493164;0
3330.582;137.920791625977;0
3331.691;153.876190185547;0
3332.797;162.667938232422;0
3333.905;156.23518371582;0
3335.011;144.697967529297;0
3336.116;160.013946533203;0
3337.22;155.546890258789;0
3338.327;166.850936889648;0
3339.429;106.926284790039;0
3340.534;105.584213256836;0
3341.635;116.039024353027;0
3342.737;142.045776367187;0
3343.84;137.938064575195;0
3344.94;137.716827392578;0
3346.041;135.159362792969;0
3347.142;155.821899414062;0
3348.24;137.818099975586;0
3349.337;150.35368347168;0
3350.437;102.177963256836;0
3351.534;110.06999206543;0
3352.633;119.00048828125;0
3353.727;151.156723022461;0
3354.823;135.524612426758;0
3355.919;136.340911865234;0
3357.013;88.383186340332;0
3358.108;91.0559234619141;0
3359.201;81.5414199829102;0
3360.293;136.370819091797;0
3361.385;126.646438598633;0
3362.478;127.25407409668;0
3363.569;114.526779174805;0
3364.661;127.238182067871;0
3365.75;99.8575668334961;0
3366.838;145.604095458984;0
3367.929;139.451110839844;0
3369.017;173.284622192383;0
3370.105;141.239028930664;0
3371.193;193.068237304688;0
3372.279;188.230773925781;0
3373.364;238.685028076172;0
3374.45;202.126907348633;0
3375.534;205.483322143555;0
3376.62;159.088684082031;0
3377.704;172.381683349609;0
3378.786;156.365798950195;0
3379.871;179.99284362793;0
3380.951;179.615356445313;0
3382.034;219.500534057617;0
3383.114;203.817565917969;0
3384.195;217.069030761719;0
3385.276;155.020645141602;0
3386.354;153.585464477539;0
3387.433;120.28931427002;0
3388.511;164.335433959961;0
3389.588;135.292037963867;0
3390.664;149.790115356445;0
3391.742;150.612380981445;0
3392.816;189.903961181641;0
3393.893;174.293548583984;0
3394.968;179.006759643555;0
3396.042;184.938369750977;0
3397.115;223.417587280273;0
3398.189;235.962905883789;0
3399.262;203.833023071289;0
3400.333;211.472290039063;0
3401.404;226.882614135742;0
3402.474;200.616973876953;0
3403.545;184.006591796875;0
3404.615;167.750015258789;0
3405.685;221.9580078125;0
3406.752;217.035888671875;0
3407.82;201.207977294922;0
3408.888;209.873046875;0
3409.955;262.245697021484;0
3411.021;263.608673095703;0
3412.085;250.183883666992;0
3413.151;193.415481567383;0
3414.215;185.127029418945;0
3415.279;186.489151000977;0
3416.343;196.366882324219;0
3417.406;186.154357910156;0
3418.468;210.951217651367;0
3419.53;205.071060180664;0
3420.592;236.403656005859;0
3421.652;189.063079833984;0
3422.712;179.223541259766;0
3423.773;184.477233886719;0
3424.83;211.900634765625;0
3425.889;211.454452514648;0
3426.946;188.238098144531;0
3428.005;165.159606933594;0
3429.061;171.517196655273;0
3430.117;184.099594116211;0
3431.172;207.695419311523;0
3432.227;183.543548583984;0
3433.281;174.420013427734;0
3434.335;136.757247924805;0
3435.389;175.432281494141;0
3436.44;185.089813232422;0
3437.492;213.385864257812;0
3438.546;194.924774169922;0
3439.598;202.820739746094;0
3440.646;175.863372802734;0
3441.697;191.170379638672;0
3442.745;165.85578918457;0
3443.793;188.538757324219;0
3444.842;173.079254150391;0
3445.891;212.984069824219;0
3446.937;225.307540893555;0
3447.984;236.121978759766;0
3449.031;170.388671875;0
3450.075;151.927856445313;0
3451.12;152.95719909668;0
3452.164;172.667465209961;0
3453.207;184.44255065918;0
3454.251;146.183486938477;0
3455.293;175.44287109375;0
3456.336;174.925659179688;0
3457.378;169.095397949219;0
3458.417;136.335296630859;0
3459.458;118.256439208984;0
3460.498;141.399780273438;0
3461.539;165.393203735352;0
3462.577;177.631408691406;0
3463.614;179.010559082031;0
3464.651;177.060363769531;0
3465.689;190.570220947266;0
3466.726;209.039901733398;0
3467.763;206.454971313477;0
3468.798;164.985153198242;0
3469.831;127.617881774902;0
3470.866;126.525009155273;0
3471.9;160.616653442383;0
3472.933;199.722152709961;0
3473.966;201.544326782227;0
3474.999;195.864730834961;0
3476.029;169.898574829102;0
3477.061;185.607223510742;0
3478.09;163.247711181641;0
3479.121;207.073654174805;0
3480.15;182.240936279297;0
3481.178;204.923706054688;0
3482.205;206.400177001953;0
3483.234;230.876571655273;0
3484.26;213.829788208008;0
3485.288;192.188400268555;0
3486.313;142.799591064453;0
3487.337;169.697479248047;0
3488.364;138.181732177734;0
3489.387;165.990692138672;0
3490.411;133.930526733398;0
3491.434;139.566909790039;0
3492.456;134.990188598633;0
3493.479;128.360992431641;0
3494.5;110.986488342285;0
3495.521;90.449089050293;0
3496.543;44.2060317993164;0
3497.561;48.0140991210938;0
3498.579;33.1532440185547;0
3499.6;56.0454063415528;0
3500.618;12.5661678314209;0
3501.636;-30.775899887085;0
3502.653;-32.0894622802734;0
3503.669;-33.4549560546875;0
3504.685;-21.836030960083;0
3505.699;-22.2544803619385;0
3506.716;-23.6765880584717;0
3507.729;-22.9050922393799;0
3508.743;-18.3958339691162;0
3509.755;0.402777791023254;0
