98.64605;0;0
101.2353;0;0
103.8217;0;0
106.4096;4.62962961196899;0
108.9945;-10.6222219467163;0
111.5767;-45.3333320617676;0
114.1602;-34.8518524169922;0
116.7409;-2.08080816268921;0
119.3209;48.9487190246582;0
121.9002;86.6888885498047;0
124.4788;91.5359497070313;0
127.0566;78.2865524291992;0
129.6317;13.2116403579712;0
132.2038;-21.2463760375977;0
134.7796;-40.9911117553711;0
137.3503;-22.0987663269043;0
139.9204;15.6613569259644;0
142.4919;125.055961608887;0
145.0584;91.1468505859375;0
147.6242;116.906715393066;0
150.1914;102.551391601563;0
152.7579;196.386367797852;0
155.3216;272.595153808594;0
157.8846;330.14111328125;0
160.4448;417.349670410156;0
163.0085;366.270294189453;0
165.5672;406.107452392578;0
168.1232;373.474731445313;0
170.6826;382.824890136719;0
173.2372;359.034820556641;0
175.7931;400.828033447266;0
178.3463;432.32666015625;0
180.8966;442.304107666016;0
183.4504;481.750183105469;0
185.9993;494.129333496094;0
188.5476;564.269714355469;0
191.0972;597.251342773438;0
193.644;665.919982910156;0
196.1859;671.733703613281;0
198.7335;676.485717773438;0
201.2761;623.168579101563;0
203.8201;604.651733398438;0
206.3593;584.738708496094;0
208.8998;601.359924316406;0
211.4397;642.521362304688;0
213.9746;659.388854980469;0
216.5109;708.601684570313;0
219.0487;709.360717773438;0
221.5816;725.275573730469;0
224.1158;765.069213867188;0
226.6473;821.882751464844;0
229.176;878.99560546875;0
231.7082;925.939331054688;0
234.2355;905.178649902344;0
236.7643;881.364562988281;0
239.2902;861.577087402344;0
241.8133;862.398620605469;0
244.3379;809.948364257813;0
246.8618;834.839782714844;0
249.3828;824.410217285156;0
251.9053;862.35400390625;0
254.423;784.004089355469;0
256.942;748.343627929688;0
259.4603;732.5849609375;0
261.9759;749.407409667969;0
264.4887;817.926147460937;0
267.005;840.696044921875;0
269.5164;864.313293457031;0
272.0292;895.543518066406;0
274.5393;945.207214355469;0
277.0466;948.478332519531;0
279.5574;917.653137207031;0
282.0654;909.012634277344;0
284.5686;952.463745117187;0
287.0752;979.328796386719;0
289.5791;930.405639648437;0
292.0803;896.793701171875;0
294.5828;811.618286132812;0
297.0826;889.022338867187;0
299.5838;826.019348144531;0
302.0801;886.203247070312;0
304.5758;788.173095703125;0
307.0749;826.889038085938;0
309.5672;782.1630859375;0
312.0608;823.239074707031;0
314.5558;789.740966796875;0
317.044;787.402404785156;0
319.5377;782.707336425781;0
322.0266;804.63330078125;0
324.5127;831.039306640625;0
327.0023;851.457336425781;0
329.4871;853.886108398438;0
331.9691;862.202026367188;0
334.4547;843.296508789063;0
336.9353;877.335266113281;0
339.4174;912.771911621094;0
341.901;986.811340332031;0
344.3776;1007.61578369141;0
346.8577;1025.70227050781;0
349.333;989.957702636719;0
351.8076;956.497314453125;0
354.2857;934.969421386719;0
356.7569;912.365783691406;0
359.2296;861.799621582031;0
361.7015;792.073547363281;0
364.1729;770.210815429687;0
366.6414;827.133544921875;0
369.1093;855.098388671875;0
371.5745;896.215759277344;0
374.0432;888.269348144531;0
376.507;877.805480957031;0
378.9702;812.364440917969;0
381.4348;785.937194824219;0
383.8947;846.233215332031;0
386.3538;866.469787597656;0
388.8144;863.728271484375;0
391.2722;842.058654785156;0
393.7314;871.656860351562;0
396.1859;888.235900878906;0
398.6418;939.670471191406;0
401.0949;971.931213378906;0
403.5475;994.994262695312;0
405.9972;978.813110351563;0
408.4505;991.874328613281;0
410.899;994.672119140625;0
413.3468;1017.62103271484;0
415.796;1024.65173339844;0
418.2405;1000.87866210938;0
420.6884;976.671936035156;0
423.1295;957.391845703125;0
425.572;958.47802734375;0
428.0159;944.685180664062;0
430.455;934.291198730469;0
432.8956;1007.25311279297;0
435.3335;1015.55603027344;0
437.7707;941.1025390625;0
440.2093;849.801147460937;0
442.6432;802.435241699219;0
445.0764;815.748291015625;0
447.511;757.539001464844;0
449.9429;734.155883789063;0
452.3721;734.747741699219;0
454.8048;770.782348632813;0
457.2328;815.202819824219;0
459.66;809.433044433594;0
462.0847;867.608642578125;0
464.5127;876.682006835938;0
466.9381;945.042297363281;0
469.3587;951.041198730469;0
471.7807;999.050048828125;0
474.2042;996.748840332031;0
476.6229;984.436828613281;0
479.041;934.328308105469;0
481.4604;896.203735351563;0
483.8752;896.961364746094;0
486.2934;880.708435058594;0
488.7068;873.889282226563;0
491.1197;872.964965820312;0
493.5339;851.713256835938;0
495.9435;814.357482910156;0
498.3544;764.233825683594;0
500.7667;725.235534667969;0
503.1723;760.627624511719;0
505.5793;768.968811035156;0
507.9856;803.326721191406;0
510.3913;817.304443359375;0
512.7944;825.546875;0
515.1968;779.235534667969;0
517.5986;711.053955078125;0
519.9997;647.445373535156;0
522.3982;618.62744140625;0
524.798;628.330871582031;0
527.1973;603.000183105469;0
529.5919;648.823852539063;0
531.9899;648.776123046875;0
534.3832;723.722351074219;0
536.7758;770.113830566406;0
539.1699;787.006042480469;0
541.5593;760.494262695313;0
543.9481;739.405151367188;0
546.3382;731.114135742188;0
548.7257;750.938049316406;0
551.1146;774.537170410156;0
553.4968;796.388305664062;0
555.8824;829.074462890625;0
558.2675;799.647094726562;0
560.6478;845.061767578125;0
563.0295;813.42626953125;0
565.4106;810.226379394531;0
567.7911;748.082397460938;0
570.169;729.758422851563;0
572.5462;668.594421386719;0
574.9229;718.421264648438;0
577.2968;716.95703125;0
579.6721;756.757263183594;0
582.0449;686.269165039063;0
584.417;592.714904785156;0
586.7885;572.580993652344;0
589.1553;605.141967773438;0
591.5255;630.732666015625;0
593.8931;597.809326171875;0
596.2601;580.346130371094;0
598.6265;549.746948242188;0
600.9902;562.638000488281;0
603.3554;548.027038574219;0
605.7179;592.45751953125;0
608.0778;611.523559570313;0
610.4391;564.917419433594;0
612.7977;554.108276367188;0
615.1558;516.152770996094;0
617.5132;532.064392089844;0
619.8701;541.34130859375;0
622.2263;606.724975585938;0
624.5779;731.596984863281;0
626.9308;791.612609863281;0
629.2852;794.487609863281;0
631.6349;772.302856445313;0
633.9841;811.875305175781;0
636.3326;872.135314941406;0
638.6805;879.760131835938;0
641.0279;848.656616210937;0
643.3746;821.780578613281;0
645.7187;834.613586425781;0
648.0621;824.441223144531;0
650.405;859.72607421875;0
652.7453;853.531799316406;0
655.087;987.61181640625;0
657.426;996.296630859375;0
659.7645;947.25146484375;0
662.1024;868.700988769531;0
664.4376;829.692016601562;0
666.7742;861.073791503906;0
669.1063;836.543029785156;0
671.4398;766.48876953125;0
673.7726;695.998107910156;0
676.1048;639.389770507813;0
678.4324;639.914367675781;0
680.7635;642.953002929688;0
683.0919;651.633178710938;0
685.4158;591.616394042969;0
687.743;575.031127929688;0
690.0696;547.240112304688;0
692.3937;581.569030761719;0
694.7151;571.098205566406;0
697.038;581.791564941406;0
699.3583;615.342163085938;0
701.6779;620.539916992188;0
703.995;659.215454101563;0
706.3155;657.509521484375;0
708.6294;668.08544921875;0
710.9467;609.275390625;0
713.2594;577.90869140625;0
715.5735;563.932678222656;0
717.887;515.6806640625;0
720.1979;554.891845703125;0
722.5083;627.499633789063;0
724.818;684.33935546875;0
727.1252;684.136474609375;0
729.4357;614.46142578125;0
731.7418;682.388244628906;0
734.0452;662.912414550781;0
736.35;704.365600585937;0
738.6522;676.922546386719;0
740.9539;696.344604492188;0
743.2569;609.5654296875;0
745.5554;562.384582519531;0
747.8553;525.803039550781;0
750.1545;507.708587646484;0
752.4513;505.099822998047;0
754.7474;410.600646972656;0
757.043;489.905578613281;0
759.336;473.520751953125;0
761.6304;535.372680664063;0
763.9222;448.608856201172;0
766.2114;448.620941162109;0
768.5041;436.872192382813;0
770.7922;442.513305664063;0
773.0777;440.682678222656;0
775.3647;469.111022949219;0
777.651;517.72900390625;0
779.9368;490.271270751953;0
782.22;491.796722412109;0
784.5026;515.913330078125;0
786.7847;549.799926757813;0
789.0662;525.914672851563;0
791.3451;542.254638671875;0
793.6254;594.841552734375;0
795.9012;699.252563476563;0
798.1784;732.1376953125;0
800.455;686.271423339844;0
802.7291;620.321350097656;0
805.0026;588.954040527344;0
807.2755;662.537231445313;0
809.5478;681.529968261719;0
811.8176;674.155151367188;0
814.0869;674.927368164063;0
816.3535;670.5234375;0
818.6235;703.420227050781;0
820.8911;651.820068359375;0
823.156;677.018981933594;0
825.4204;672.016906738281;0
827.6823;724.584167480469;0
829.9474;769.667236328125;0
832.2082;771.780151367188;0
834.4683;750.11962890625;0
836.7279;708.56298828125;0
838.9869;685.430297851562;0
841.2453;707.756896972656;0
843.5012;725.766235351562;0
845.7565;823.349060058594;0
848.0133;858.727966308594;0
850.2655;903.237121582031;0
852.5153;825.098754882812;0
854.7703;797.12646484375;0
857.0189;716.386840820313;0
859.2668;656.945922851563;0
861.5182;643.307250976563;0
863.7651;652.80517578125;0
866.0114;733.775268554688;0
868.2592;611.441833496094;0
870.5024;519.363464355469;0
872.7451;455.870971679688;0
874.9872;498.743225097656;0
877.2307;531.087768554688;0
879.4717;493.347930908203;0
881.7101;493.076477050781;0
883.95;452.384399414063;0
886.1854;452.939636230469;0
888.4202;363.409851074219;0
890.6604;339.71337890625;0
892.8941;304.494842529297;0
895.1253;394.450225830078;0
897.3599;455.44287109375;0
899.59;476.032104492188;0
901.8195;457.342529296875;0
904.0504;384.076812744141;0
906.2789;342.722290039063;0
908.5087;297.757629394531;0
910.7341;353.340667724609;0
912.9589;343.179321289063;0
915.1851;361.505981445313;0
917.4088;373.293487548828;0
919.63;468.083679199219;0
921.8526;393.576171875;0
924.0727;362.574157714844;0
926.2922;264.278228759766;0
928.5112;307.666717529297;0
930.7277;263.534149169922;0
932.9476;197.102737426758;0
935.163;167.589553833008;0
937.3739;125.437805175781;0
939.5901;180.834915161133;0
941.8019;145.319869995117;0
944.0151;160.224304199219;0
946.2258;87.2840194702148;0
948.4341;52.7889595031738;0
950.6456;43.5936126708984;0
952.8527;84.1619720458984;0
955.0593;97.9741821289063;0
957.2653;81.1422805786133;0
959.4689;86.7765197753906;0
961.6738;108.658073425293;0
963.8782;44.8998947143555;0
966.0782;9.28059101104736;0
968.2815;-0.760436475276947;0
970.4803;40.6760597229004;0
972.6787;63.3480796813965;0
974.8784;67.4128799438477;0
977.0757;127.084266662598;0
979.2704;114.449813842773;0
981.4667;94.5095138549805;0
983.6603;72.3765563964844;0
985.8535;63.3875579833984;0
988.0461;124.970695495605;0
990.2363;174.00439453125;0
992.4297;290.5732421875;0
994.6169;409.977600097656;0
996.8035;468.616729736328;0
998.9933;554.391784667969;0
1001.179;624.862670898438;0
1003.364;639.807067871094;0
1005.55;592.555969238281;0
1007.732;590.664978027344;0
1009.916;646.2451171875;0
1012.096;761.740905761719;0
1014.275;775.596801757813;0
1016.459;713.922546386719;0
1018.636;674.276245117188;0
1020.813;669.099304199219;0
1022.991;681.386413574219;0
1025.165;593.579162597656;0
1027.34;481.565795898438;0
1029.515;480.124237060547;0
1031.687;474.919647216797;0
1033.859;476.282745361328;0
1036.03;465.436676025391;0
1038.199;496.940277099609;0
1040.369;486.574249267578;0
1042.536;495.674163818359;0
1044.704;484.018737792969;0
1046.87;554.162780761719;0
1049.034;518.216979980469;0
1051.198;448.071258544922;0
1053.363;332.950317382813;0
1055.526;315.411987304688;0
1057.686;334.678497314453;0
1059.845;296.972045898438;0
1062.005;256.959320068359;0
1064.165;210.642974853516;0
1066.323;274.225280761719;0
1068.477;248.17561340332;0
1070.634;256.626647949219;0
1072.788;200.557022094727;0
1074.942;258.079498291016;0
1077.096;225.549606323242;0
1079.247;252.789306640625;0
1081.397;233.576370239258;0
1083.547;285.910827636719;0
1085.695;360.720794677734;0
1087.844;401.341339111328;0
1089.992;422.771392822266;0
1092.138;425.342437744141;0
1094.284;364.27587890625;0
1096.425;326.348663330078;0
1098.571;282.955322265625;0
1100.711;319.424530029297;0
1102.851;274.113098144531;0
1104.994;283.806365966797;0
1107.132;325.3056640625;0
1109.271;406.722106933594;0
1111.408;331.498046875;0
1113.543;271.852416992188;0
1115.682;270.134796142578;0
1117.816;284.686981201172;0
1119.947;346.312164306641;0
1122.08;343.821105957031;0
1124.213;434.925628662109;0
1126.343;354.169097900391;0
1128.474;301.101409912109;0
1130.602;224.611419677734;0
1132.728;290.588043212891;0
1134.856;352.03125;0
1136.982;349.941101074219;0
1139.109;357.761993408203;0
1141.234;299.493927001953;0
1143.356;277.803588867188;0
1145.479;214.909729003906;0
1147.599;196.479019165039;0
1149.719;162.400253295898;0
1151.839;199.673416137695;0
1153.957;207.298324584961;0
1156.076;211.606155395508;0
1158.191;122.48509979248;0
1160.305;160.350952148438;0
1162.423;235.216369628906;0
1164.536;330.509948730469;0
1166.647;343.593231201172;0
1168.761;333.68798828125;0
1170.871;322.348358154297;0
1172.983;299.239776611328;0
1175.092;297.251068115234;0
1177.2;328.603454589844;0
1179.306;274.850067138672;0
1181.413;272.655242919922;0
1183.518;256.130126953125;0
1185.623;322.871917724609;0
1187.725;326.415466308594;0
1189.826;401.594116210938;0
1191.929;442.571319580078;0
1194.032;458.766754150391;0
1196.13;398.825500488281;0
1198.23;355.87939453125;0
1200.327;377.260131835938;0
1202.423;369.723327636719;0
1204.52;378.891418457031;0
1206.613;314.986663818359;0
1208.71;296.89794921875;0
1210.801;301.917419433594;0
1212.892;317.820983886719;0
1214.987;317.053070068359;0
1217.075;310.169219970703;0
1219.166;290.836181640625;0
1221.256;272.279144287109;0
1223.342;294.723724365234;0
1225.43;306.797515869141;0
1227.515;285.320617675781;0
1229.597;312.404693603516;0
1231.685;313.160858154297;0
1233.767;273.033538818359;0
1235.85;247.133880615234;0
1237.931;244.242080688477;0
1240.009;344.583374023438;0
1242.09;265.717803955078;0
1244.168;256.316741943359;0
1246.245;208.715942382813;0
1248.321;280.582580566406;0
1250.397;276.472198486328;0
1252.472;314.162628173828;0
1254.547;306.987121582031;0
1256.618;340.279083251953;0
1258.69;265.48291015625;0
1260.761;206.154190063477;0
1262.83;193.515121459961;0
1264.901;202.232376098633;0
1266.969;215.528198242188;0
1269.035;145.513671875;0
1271.102;124.188812255859;0
1273.167;128.257934570313;0
1275.233;187.265319824219;0
1277.295;212.406799316406;0
1279.359;197.351058959961;0
1281.42;179.098098754883;0
1283.482;289.231689453125;0
1285.542;315.515533447266;0
1287.6;291.741516113281;0
1289.659;189.770263671875;0
1291.714;187.935119628906;0
1293.774;256.124969482422;0
1295.828;256.006469726563;0
1297.881;267.912963867188;0
1299.936;281.733367919922;0
1301.987;323.134307861328;0
1304.041;375.115783691406;0
1306.09;315.2333984375;0
1308.139;288.889862060547;0
1310.19;215.883728027344;0
1312.238;259.828063964844;0
1314.286;236.024230957031;0
1316.331;289.139251708984;0
1318.376;333.395355224609;0
1320.422;411.015747070313;0
1322.466;401.000732421875;0
1324.508;402.462127685547;0
1326.549;385.400604248047;0
1328.59;362.927917480469;0
1330.632;370.824249267578;0
1332.67;388.756256103516;0
1334.707;389.612823486328;0
1336.746;337.171722412109;0
1338.78;285.766296386719;0
1340.816;300.507659912109;0
1342.852;212.726318359375;0
1344.885;249.530334472656;0
1346.916;185.361709594727;0
1348.948;256.441864013672;0
1350.979;248.659072875977;0
1353.011;290.680053710938;0
1355.04;356.060333251953;0
1357.066;354.466583251953;0
1359.094;370.674133300781;0
1361.121;215.679641723633;0
1363.145;118.478309631348;0
1365.171;70.4009475708008;0
1367.192;121.780181884766;0
1369.216;151.282196044922;0
1371.239;135.351425170898;0
1373.258;177.876754760742;0
1375.28;193.302627563477;0
1377.298;159.517929077148;0
1379.316;136.30046081543;0
1381.335;182.983535766602;0
1383.35;217.567169189453;0
1385.366;226.49577331543;0
1387.38;161.991607666016;0
1389.394;55.2768783569336;0
1391.409;61.2404708862305;0
1393.42;27.5113906860352;0
1395.43;152.301498413086;0
1397.44;90.7699432373047;0
1399.451;164.250045776367;0
1401.458;204.965576171875;0
1403.466;224.141677856445;0
1405.472;175.448806762695;0
1407.478;84.2202987670898;0
1409.483;134.567245483398;0
1411.486;152.045227050781;0
1413.49;158.543121337891;0
1415.492;172.949798583984;0
1417.492;106.376403808594;0
1419.495;142.15625;0
1421.494;68.6226654052734;0
1423.492;155.506362915039;0
1425.49;226.968200683594;0
1427.487;298.230773925781;0
1429.482;291.294219970703;0
1431.477;259.934295654297;0
1433.471;276.039916992188;0
1435.466;330.055145263672;0
1437.456;367.535491943359;0
1439.447;319.368927001953;0
1441.441;272.444000244141;0
1443.427;157.871078491211;0
1445.417;215.982894897461;0
1447.406;340.667663574219;0
1449.392;460.478546142578;0
1451.381;462.748870849609;0
1453.365;424.589752197266;0
1455.348;380.1123046875;0
1457.333;377.472839355469;0
1459.314;348.388854980469;0
1461.296;345.690856933594;0
1463.276;310.118713378906;0
1465.256;332.135620117188;0
1467.237;367.278350830078;0
1469.215;395.102447509766;0
1471.19;305.830139160156;0
1473.167;340.46142578125;0
1475.145;379.891784667969;0
1477.118;416.114624023438;0
1479.092;417.796966552734;0
1481.065;396.272369384766;0
1483.038;427.427673339844;0
1485.008;327.038848876953;0
1486.979;311.772583007813;0
1488.949;286.85107421875;0
1490.917;375.496551513672;0
1492.883;372.709045410156;0
1494.852;334.155181884766;0
1496.817;300.612762451172;0
1498.782;298.303985595703;0
1500.748;362.451110839844;0
1502.708;426.276306152344;0
1504.673;408.779632568359;0
1506.634;324.183288574219;0
1508.594;211.820907592773;0
1510.554;248.250701904297;0
1512.512;325.383758544922;0
1514.471;290.645538330078;0
1516.428;316.036071777344;0
1518.384;279.331573486328;0
1520.34;377.640228271484;0
1522.294;270.180480957031;0
1524.249;263.618988037109;0
1526.202;252.733551025391;0
1528.153;273.746368408203;0
1530.103;275.990814208984;0
1532.054;169.244598388672;0
1534.004;150.729995727539;0
1535.951;177.224761962891;0
1537.899;217.173355102539;0
1539.847;298.956176757813;0
1541.793;291.190155029297;0
1543.738;322.541564941406;0
1545.681;250.788055419922;0
1547.625;221.596298217773;0
1549.566;224.410736083984;0
1551.509;226.010498046875;0
1553.45;228.619979858398;0
1555.389;242.572540283203;0
1557.33;351.757049560547;0
1559.266;385.840209960938;0
1561.204;347.155578613281;0
1563.141;284.038146972656;0
1565.074;303.044647216797;0
1567.009;305.2861328125;0
1568.943;263.318237304688;0
1570.877;159.251998901367;0
1572.808;97.4867095947266;0
1574.741;42.0826263427734;0
1576.67;69.653678894043;0
1578.6;28.7930946350098;0
1580.528;82.4820327758789;0
1582.455;48.739330291748;0
1584.382;96.2316513061523;0
1586.307;43.1812210083008;0
1588.234;6.47692441940308;0
1590.157;16.6978607177734;0
1592.081;27.0940933227539;0
1594.002;73.4396667480469;0
1595.927;53.5453071594238;0
1597.845;28.7763710021973;0
1599.767;61.7995223999023;0
1601.685;76.9480972290039;0
1603.602;104.444313049316;0
1605.523;49.8437309265137;0
1607.438;63.1463470458984;0
1609.354;73.5743865966797;0
1611.269;101.350067138672;0
1613.181;88.2511672973633;0
1615.096;99.8332443237305;0
1617.008;103.429634094238;0
1618.92;115.707000732422;0
1620.83;52.7764511108398;0
1622.74;62.7487907409668;0
1624.649;104.2900390625;0
1626.557;171.288543701172;0
1628.464;178.408264160156;0
1630.37;107.315902709961;0
1632.275;113.752479553223;0
1634.18;123.865844726563;0
1636.085;151.767105102539;0
1637.988;246.011825561523;0
1639.888;240.266662597656;0
1641.791;307.531616210938;0
1643.691;301.140014648438;0
1645.588;352.869659423828;0
1647.489;381.609405517578;0
1649.387;334.359283447266;0
1651.284;282.344085693359;0
1653.18;261.119384765625;0
1655.075;289.574035644531;0
1656.972;369.819183349609;0
1658.864;357.188140869141;0
1660.754;310.347595214844;0
1662.65;244.519744873047;0
1664.539;265.369934082031;0
1666.428;174.007034301758;0
1668.32;217.542190551758;0
1670.207;203.864288330078;0
1672.096;315.528869628906;0
1673.982;364.424560546875;0
1675.867;474.216400146484;0
1677.754;512.903259277344;0
1679.638;523.485046386719;0
1681.52;483.961883544922;0
1683.403;430.554748535156;0
1685.285;311.372436523438;0
1687.166;200.74626159668;0
1689.048;267.453979492188;0
1690.924;301.161682128906;0
1692.804;356.869415283203;0
1694.682;272.577117919922;0
1696.558;295.729278564453;0
1698.435;311.436981201172;0
1700.308;296.143737792969;0
1702.184;180.374908447266;0
1704.057;84.5537109375;0
1705.929;37.7930068969727;0
1707.801;86.6153793334961;0
1709.674;97.322151184082;0
1711.542;138.357772827148;0
1713.412;125.833335876465;0
1715.28;148.304412841797;0
1717.145;151.771011352539;0
1719.015;197.010894775391;0
1720.88;136.468490600586;0
1722.746;140.254959106445;0
1724.61;168.59114074707;0
1726.471;199.697540283203;0
1728.334;211.685241699219;0
1730.197;227.779479980469;0
1732.057;291.513671875;0
1733.919;319.043914794922;0
1735.777;241.866302490234;0
1737.634;219.132446289063;0
1739.493;120.064575195313;0
1741.349;50.4404602050781;0
1743.205;53.5190467834473;0
1745.061;85.041389465332;0
1746.915;166.229721069336;0
1748.77;193.084014892578;0
1750.621;193.937637329102;0
1752.473;166.235015869141;0
1754.323;120.087249755859;0
1756.173;175.716674804688;0
1758.022;217.789947509766;0
1759.87;239.862640380859;0
1761.718;190.709915161133;0
1763.566;255.554016113281;0
1765.411;246.061599731445;0
1767.256;248.454895019531;0
1769.101;134.289459228516;0
1770.945;133.102935791016;0
1772.787;223.756942749023;0
1774.629;278.296630859375;0
1776.469;337.833160400391;0
1778.309;296.588745117188;0
1780.15;326.520965576172;0
1781.987;316.485809326172;0
1783.826;346.057647705078;0
1785.662;328.181823730469;0
1787.498;280.080627441406;0
1789.334;192.531799316406;0
1791.169;232.535354614258;0
1793.002;243.425750732422;0
1794.834;387.538665771484;0
1796.667;381.876159667969;0
1798.498;463.660461425781;0
1800.328;345.669891357422;0
1802.157;366.682220458984;0
1803.986;270.586364746094;0
1805.813;308.160095214844;0
1807.639;255.070068359375;0
1809.467;318.661315917969;0
1811.292;303.709045410156;0
1813.117;304.425811767578;0
1814.94;308.700805664063;0
1816.763;334.200622558594;0
1818.585;409.591979980469;0
1820.407;455.985961914063;0
1822.227;504.382568359375;0
1824.048;486.004028320313;0
1825.865;464.850341796875;0
1827.683;420.032623291016;0
1829.501;383.1064453125;0
1831.317;341.627319335938;0
1833.135;346.596618652344;0
1834.948;331.793823242188;0
1836.761;283.663421630859;0
1838.577;172.535736083984;0
1840.388;161.321807861328;0
1842.198;91.198860168457;0
1844.009;174.557678222656;0
1845.819;146.246658325195;0
1847.629;196.043579101563;0
1849.436;181.72541809082;0
1851.244;272.292175292969;0
1853.052;338.521636962891;0
1854.858;359.080444335938;0
1856.661;358.301971435547;0
1858.466;348.852844238281;0
1860.269;346.399780273438;0
1862.073;338.720489501953;0
1863.875;245.703689575195;0
1865.673;188.46044921875;0
1867.476;139.990798950195;0
1869.275;213.961395263672;0
1871.072;310.594451904297;0
1872.872;338.445556640625;0
1874.667;242.401992797852;0
1876.464;112.908210754395;0
1878.26;55.426570892334;0
1880.053;113.762138366699;0
1881.849;181.091949462891;0
1883.64;152.638214111328;0
1885.431;56.1787109375;0
1887.226;14.7558212280273;0
1889.014;-16.15305519104;0
1890.803;47.8780250549316;0
1892.594;46.1263580322266;0
1894.38;99.4813003540039;0
1896.167;70.8322067260742;0
1897.955;110.957313537598;0
1899.74;86.1904144287109;0
1901.526;163.531982421875;0
1903.309;167.538024902344;0
1905.091;191.209014892578;0
1906.876;149.54541015625;0
1908.658;125.214347839355;0
1910.438;51.771842956543;0
1912.217;23.218355178833;0
1913.996;-36.3345375061035;0
1915.775;-36.1193008422852;0
1917.553;41.8454360961914;0
1919.33;102.924766540527;0
1921.106;149.120910644531;0
1922.881;113.212135314941;0
1924.655;143.421112060547;0
1926.431;177.303848266602;0
1928.202;186.083038330078;0
1929.974;79.2036056518555;0
1931.746;26.5548820495605;0
1933.516;25.4706745147705;0
1935.286;62.639762878418;0
1937.055;109.973167419434;0
1938.823;113.970397949219;0
1940.592;213.24397277832;0
1942.356;218.066497802734;0
1944.122;238.728515625;0
1945.888;218.843414306641;0
1947.651;256.964050292969;0
1949.416;264.757110595703;0
1951.178;273.889251708984;0
1952.939;254.249374389648;0
1954.699;248.949371337891;0
1956.459;212.545196533203;0
1958.219;234.70475769043;0
1959.979;269.650268554688;0
1961.735;294.273223876953;0
1963.491;327.907806396484;0
1965.249;334.131256103516;0
1967.003;374.477813720703;0
1968.761;321.280975341797;0
1970.512;310.875549316406;0
1972.265;385.150451660156;0
1974.018;405.884368896484;0
1975.769;405.41064453125;0
1977.522;315.841278076172;0
1979.271;337.622497558594;0
1981.018;304.975891113281;0
1982.766;312.899688720703;0
1984.516;339.949951171875;0
1986.261;381.127166748047;0
1988.009;374.320648193359;0
1989.754;317.419036865234;0
1991.498;332.866058349609;0
1993.241;352.772155761719;0
1994.984;419.804107666016;0
1996.727;415.295257568359;0
1998.468;412.800994873047;0
2000.206;358.432037353516;0
2001.946;325.854522705078;0
2003.686;309.512481689453;0
2005.424;284.294525146484;0
2007.161;332.089050292969;0
2008.898;353.675048828125;0
2010.634;479.164703369141;0
2012.369;452.002410888672;0
2014.103;463.29931640625;0
2015.836;391.499847412109;0
2017.57;422.6025390625;0
2019.299;451.162445068359;0
2021.032;489.200744628906;0
2022.762;491.473114013672;0
2024.491;445.423553466797;0
2026.221;382.607116699219;0
2027.947;415.912231445313;0
2029.676;464.116241455078;0
2031.403;501.218658447266;0
2033.128;393.774993896484;0
2034.852;341.120635986328;0
2036.577;271.811279296875;0
2038.299;304.493072509766;0
2040.022;257.366149902344;0
2041.744;177.5986328125;0
2043.465;91.2447052001953;0
2045.184;22.0317764282227;0
2046.903;66.2260513305664;0
2048.621;120.326217651367;0
2050.339;163.446533203125;0
2052.057;181.698577880859;0
2053.774;141.637893676758;0
2055.488;132.264495849609;0
2057.203;93.4672546386719;0
2058.917;149.469848632813;0
2060.631;182.604873657227;0
2062.344;161.539443969727;0
2064.053;111.382522583008;0
2065.765;44.4670524597168;0
2067.476;93.1842575073242;0
2069.185;117.365226745605;0
2070.892;149.788665771484;0
2072.6;133.009094238281;0
2074.308;84.9158554077148;0
2076.014;61.5084953308105;0
2077.72;140.089752197266;0
2079.425;175.579116821289;0
2081.13;245.087951660156;0
2082.833;193.617370605469;0
2084.532;220.169616699219;0
2086.236;196.07795715332;0
2087.936;152.453521728516;0
2089.635;155.296295166016;0
2091.335;132.384353637695;0
2093.034;158.574661254883;0
2094.731;127.009887695313;0
2096.427;168.912261962891;0
2098.124;248.503540039063;0
2099.82;271.6728515625;0
2101.515;318.421020507813;0
2103.207;281.415161132813;0
2104.902;343.100189208984;0
2106.594;347.920776367188;0
2108.286;348.766296386719;0
2109.976;377.746704101563;0
2111.667;358.083099365234;0
2113.355;400.331115722656;0
2115.044;443.156921386719;0
2116.732;473.893615722656;0
2118.42;520.542175292969;0
2120.105;519.104675292969;0
2121.79;554.914855957031;0
2123.476;547.752624511719;0
2125.16;482.396240234375;0
2126.844;465.179473876953;0
2128.524;443.658355712891;0
2130.207;498.388916015625;0
2131.888;485.371612548828;0
2133.567;474.273162841797;0
2135.247;484.757934570313;0
2136.927;489.16064453125;0
2138.603;541.148620605469;0
2140.281;488.944152832031;0
2141.957;521.320861816406;0
2143.633;488.497802734375;0
2145.308;452.587768554688;0
2146.981;427.479583740234;0
2148.654;461.283325195313;0
2150.328;523.665222167969;0
2152;512.291564941406;0
2153.669;537.495544433594;0
2155.34;503.928344726563;0
2157.01;550.665771484375;0
2158.677;462.534606933594;0
2160.347;461.699737548828;0
2162.013;418.087493896484;0
2163.681;448.051544189453;0
2165.347;447.899261474609;0
2167.011;445.576446533203;0
2168.674;422.845642089844;0
2170.337;373.036010742188;0
2172.002;286.568054199219;0
2173.662;274.234649658203;0
2175.324;273.585052490234;0
2176.985;330.928527832031;0
2178.645;322.683868408203;0
2180.304;358.666381835938;0
2181.961;386.240081787109;0
2183.618;421.611907958984;0
2185.275;422.670715332031;0
2186.932;401.197387695313;0
2188.586;374.963470458984;0
2190.242;345.638763427734;0
2191.896;316.255798339844;0
2193.547;293.117553710938;0
2195.2;272.086242675781;0
2196.851;275.193054199219;0
2198.502;284.104553222656;0
2200.153;261.598205566406;0
2201.799;277.497436523438;0
2203.447;273.867706298828;0
2205.097;334.651550292969;0
2206.742;371.923400878906;0
2208.391;350.774261474609;0
2210.035;375.203643798828;0
2211.679;356.433349609375;0
2213.324;367.018890380859;0
2214.966;346.518737792969;0
2216.608;277.932922363281;0
2218.252;280.703857421875;0
2219.89;254.612182617188;0
2221.531;298.545104980469;0
2223.172;303.947052001953;0
2224.809;298.595794677734;0
2226.449;314.158020019531;0
2228.086;318.621246337891;0
2229.72;371.905181884766;0
2231.358;363.260772705078;0
2232.992;360.338989257813;0
2234.625;375.218200683594;0
2236.26;347.249816894531;0
2237.893;371.63671875;0
2239.524;383.049041748047;0
2241.156;460.551727294922;0
2242.785;510.970977783203;0
2244.416;520.969848632813;0
2246.044;548.993347167969;0
2247.672;527.156127929688;0
2249.301;487.125305175781;0
2250.926;471.456939697266;0
2252.554;450.043395996094;0
2254.177;465.040924072266;0
2255.803;401.954681396484;0
2257.427;388.286468505859;0
2259.051;410.887725830078;0
2260.671;402.404815673828;0
2262.294;415.866912841797;0
2263.914;348.909545898438;0
2265.533;395.186187744141;0
2267.153;365.033935546875;0
2268.773;425.143341064453;0
2270.392;368.054870605469;0
2272.006;385.887451171875;0
2273.624;374.140777587891;0
2275.239;378.6982421875;0
2276.854;348.633453369141;0
2278.468;335.693481445313;0
2280.084;369.115875244141;0
2281.695;398.122833251953;0
2283.305;356.381103515625;0
2284.919;321.446166992188;0
2286.527;348.762634277344;0
2288.14;351.441619873047;0
2289.748;371.708038330078;0
2291.354;405.285308837891;0
2292.964;438.627258300781;0
2294.569;462.325775146484;0
2296.174;414.936004638672;0
2297.782;455.96728515625;0
2299.386;394.353790283203;0
2300.99;341.596923828125;0
2302.594;301.621795654297;0
2304.195;330.448028564453;0
2305.798;350.414703369141;0
2307.399;308.790374755859;0
2308.998;383.748382568359;0
2310.598;438.396667480469;0
2312.197;532.159912109375;0
2313.795;555.00732421875;0
2315.392;570.205261230469;0
2316.988;542.419555664063;0
2318.585;515.76123046875;0
2320.18;500.341033935547;0
2321.774;464.825042724609;0
2323.368;410.335998535156;0
2324.961;404.443786621094;0
2326.553;374.248748779297;0
2328.145;388.923217773438;0
2329.735;370.833770751953;0
2331.324;440.740295410156;0
2332.916;444.995391845703;0
2334.503;374.781005859375;0
2336.092;330.211090087891;0
2337.677;290.322814941406;0
2339.263;326.563629150391;0
2340.85;390.3779296875;0
2342.434;430.540344238281;0
2344.018;407.495361328125;0
2345.602;302.464721679688;0
2347.185;241.126281738281;0
2348.768;293.716857910156;0
2350.347;285.274047851563;0
2351.928;315.510284423828;0
2353.51;312.313995361328;0
2355.087;377.684356689453;0
2356.665;318.419891357422;0
2358.243;290.899780273438;0
2359.819;292.940093994141;0
2361.396;339.761749267578;0
2362.972;307.586517333984;0
2364.547;295.079620361328;0
2366.121;281.540649414063;0
2367.694;319.475952148438;0
2369.267;298.964752197266;0
2370.839;217.673049926758;0
2372.411;228.934509277344;0
2373.982;235.860809326172;0
2375.55;387.452270507813;0
2377.118;297.375823974609;0
2378.687;294.305328369141;0
2380.254;312.221557617188;0
2381.821;368.587036132813;0
2383.387;361.947631835938;0
2384.954;266.717346191406;0
2386.516;260.299926757813;0
2388.082;193.883972167969;0
2389.644;228.131484985352;0
2391.209;233.158279418945;0
2392.769;201.074798583984;0
2394.33;210.324020385742;0
2395.892;242.01969909668;0
2397.449;364.828094482422;0
2399.008;371.522857666016;0
2400.568;407.501617431641;0
2402.125;399.035522460938;0
2403.68;398.013488769531;0
2405.238;335.211975097656;0
2406.792;326.237518310547;0
2408.349;329.820953369141;0
2409.902;347.518707275391;0
2411.455;335.886413574219;0
2413.007;330.372039794922;0
2414.558;323.632995605469;0
2416.11;358.677001953125;0
2417.66;339.455139160156;0
2419.21;345.725646972656;0
2420.758;373.776672363281;0
2422.307;412.716094970703;0
2423.855;397.764251708984;0
2425.402;367.921630859375;0
2426.947;326.005157470703;0
2428.492;365.616424560547;0
2430.038;380.2236328125;0
2431.58;430.159637451172;0
2433.124;481.868896484375;0
2434.667;506.240325927734;0
2436.208;488.829406738281;0
2437.75;497.968170166016;0
2439.291;414.324127197266;0
2440.83;419.983917236328;0
2442.369;449.687255859375;0
2443.906;494.943450927734;0
2445.444;491.419219970703;0
2446.981;365.893157958984;0
2448.517;339.118072509766;0
2450.053;324.609039306641;0
2451.587;289.5458984375;0
2453.12;318.817932128906;0
2454.655;316.202484130859;0
2456.187;361.367706298828;0
2457.718;326.345764160156;0
2459.25;335.186248779297;0
2460.781;356.697784423828;0
2462.31;342.324645996094;0
2463.84;349.398864746094;0
2465.368;354.69677734375;0
2466.896;425.106994628906;0
2468.423;391.071502685547;0
2469.949;384.921722412109;0
2471.474;322.006500244141;0
2472.998;357.196716308594;0
2474.522;306.498199462891;0
2476.045;348.234924316406;0
2477.568;372.3125;0
2479.09;352.496490478516;0
2480.612;296.457733154297;0
2482.132;247.195297241211;0
2483.653;344.487091064453;0
2485.171;371.334136962891;0
2486.689;434.622253417969;0
2488.208;427.573974609375;0
2489.725;513.632080078125;0
2491.242;490.57470703125;0
2492.757;481.401885986328;0
2494.271;358.5576171875;0
2495.785;273.394195556641;0
2497.3;205.671844482422;0
2498.812;245.827987670898;0
2500.325;309.865966796875;0
2501.837;390.564880371094;0
2503.345;373.701599121094;0
2504.856;318.618316650391;0
2506.366;300.196716308594;0
2507.875;331.772888183594;0
2509.382;340.458587646484;0
2510.889;264.345672607422;0
2512.397;235.450347900391;0
2513.901;184.883285522461;0
2515.406;225.864990234375;0
2516.911;198.507659912109;0
2518.415;298.145111083984;0
2519.918;259.778747558594;0
2521.421;309.964691162109;0
2522.922;259.150390625;0
2524.423;237.654037475586;0
2525.924;205.0146484375;0
2527.422;195.198684692383;0
2528.923;189.1591796875;0
2530.419;191.454559326172;0
2531.916;198.084808349609;0
2533.415;261.938873291016;0
2534.909;231.019149780273;0
2536.404;198.432388305664;0
2537.899;123.289367675781;0
2539.394;119.145660400391;0
2540.887;102.113121032715;0
2542.38;128.528717041016;0
2543.871;108.171340942383;0
2545.363;161.040054321289;0
2546.852;197.262313842773;0
2548.345;219.668243408203;0
2549.833;144.92903137207;0
2551.321;119.092254638672;0
2552.811;180.89094543457;0
2554.296;234.078872680664;0
2555.78;210.930847167969;0
2557.267;166.564666748047;0
2558.752;149.091949462891;0
2560.237;243.289962768555;0
2561.721;294.714263916016;0
2563.203;340.698760986328;0
2564.687;305.141754150391;0
2566.168;262.565612792969;0
2567.648;279.134246826172;0
2569.129;284.283172607422;0
2570.607;285.101898193359;0
2572.086;280.479797363281;0
2573.565;253.21061706543;0
2575.041;261.851196289063;0
2576.518;194.626327514648;0
2577.994;223.852523803711;0
2579.469;193.863555908203;0
2580.945;289.975341796875;0
2582.418;311.410247802734;0
2583.892;360.404907226563;0
2585.365;309.734405517578;0
2586.835;255.627517700195;0
2588.307;311.302703857422;0
2589.778;348.758605957031;0
2591.248;424.214782714844;0
2592.717;452.893005371094;0
2594.186;444.34912109375;0
2595.652;401.583648681641;0
2597.121;258.819305419922;0
2598.585;243.297164916992;0
2600.052;234.001541137695;0
2601.518;273.487976074219;0
2602.982;282.535522460938;0
2604.446;310.699401855469;0
2605.907;270.312957763672;0
2607.371;257.041412353516;0
2608.83;263.995361328125;0
2610.293;338.060180664063;0
2611.752;341.694763183594;0
2613.213;306.470977783203;0
2614.672;329.979339599609;0
2616.13;430.822357177734;0
2617.587;433.774475097656;0
2619.043;437.725067138672;0
2620.501;430.007354736328;0
2621.957;500.396331787109;0
2623.409;544.455200195313;0
2624.864;479.849792480469;0
2626.318;499.246856689453;0
2627.771;511.534484863281;0
2629.222;544.845581054688;0
2630.673;512.130065917969;0
2632.124;479.596313476563;0
2633.575;485.157440185547;0
2635.023;463.982086181641;0
2636.473;436.954803466797;0
2637.922;428.028015136719;0
2639.368;395.716339111328;0
2640.816;357.321197509766;0
2642.261;377.708312988281;0
2643.705;393.4248046875;0
2645.151;439.136810302734;0
2646.596;446.956115722656;0
2648.037;470.328308105469;0
2649.48;456.58642578125;0
2650.923;395.841094970703;0
2652.364;365.552825927734;0
2653.804;350.095031738281;0
2655.243;408.504943847656;0
2656.683;401.133331298828;0
2658.121;386.201995849609;0
2659.559;304.250427246094;0
2660.997;354.611785888672;0
2662.433;386.505249023438;0
2663.868;454.058868408203;0
2665.305;366.827667236328;0
2666.737;320.719146728516;0
2668.173;255.067398071289;0
2669.606;280.898742675781;0
2671.038;274.431274414063;0
2672.47;274.162689208984;0
2673.901;273.670623779297;0
2675.331;222.176864624023;0
2676.761;211.084396362305;0
2678.189;233.258590698242;0
2679.619;277.543273925781;0
2681.045;277.717803955078;0
2682.473;272.668121337891;0
2683.9;286.172515869141;0
2685.324;233.11848449707;0
2686.749;250.940551757813;0
2688.176;255.092147827148;0
2689.599;277.900482177734;0
2691.021;257.835296630859;0
2692.444;258.575042724609;0
2693.865;307.199249267578;0
2695.287;298.596466064453;0
2696.707;284.322143554688;0
2698.125;291.930908203125;0
2699.545;290.311706542969;0
2700.963;266.687927246094;0
2702.381;245.406234741211;0
2703.798;276.903076171875;0
2705.214;278.175720214844;0
2706.629;323.115692138672;0
2708.046;338.052856445313;0
2709.458;386.829986572266;0
2710.872;372.455963134766;0
2712.285;342.784423828125;0
2713.699;331.977722167969;0
2715.111;309.640899658203;0
2716.52;340.631256103516;0
2717.93;339.139923095703;0
2719.342;379.532135009766;0
2720.749;366.029144287109;0
2722.159;357.077056884766;0
2723.565;302.427062988281;0
2724.971;334.690734863281;0
2726.38;354.171295166016;0
2727.785;384.759155273437;0
2729.19;431.232574462891;0
2730.594;437.591857910156;0
2731.997;522.391479492188;0
2733.401;441.076080322266;0
2734.803;417.533203125;0
2736.204;308.096099853516;0
2737.606;386.013305664063;0
2739.005;469.703643798828;0
2740.405;536.389831542969;0
2741.806;491.183410644531;0
2743.202;466.971710205078;0
2744.602;447.865203857422;0
2745.998;438.866546630859;0
2747.395;436.420379638672;0
2748.79;426.08154296875;0
2750.185;471.403839111328;0
2751.58;448.165710449219;0
2752.975;431.439849853516;0
2754.366;382.008544921875;0
2755.759;404.818145751953;0
2757.151;429.737579345703;0
2758.542;413.103424072266;0
2759.933;421.063110351562;0
2761.322;445.509490966797;0
2762.71;454.532989501953;0
2764.1;491.219696044922;0
2765.486;475.018310546875;0
2766.875;510.150573730469;0
2768.26;464.5068359375;0
2769.646;516.652526855469;0
2771.031;453.356079101562;0
2772.418;451.623229980469;0
2773.799;369.761749267578;0
2775.184;440.8720703125;0
2776.565;439.370971679687;0
2777.946;441.377410888672;0
2779.328;467.610260009766;0
2780.708;474.625732421875;0
2782.09;508.760314941406;0
2783.469;460.894927978516;0
2784.847;408.575988769531;0
2786.226;430.591888427734;0
2787.603;453.278747558594;0
2788.978;522.96826171875;0
2790.355;440.660491943359;0
2791.731;353.514801025391;0
2793.104;335.300994873047;0
2794.479;375.720947265625;0
2795.853;403.675842285156;0
2797.225;338.177612304688;0
2798.596;287.947143554688;0
2799.967;274.805145263672;0
2801.341;238.558715820312;0
2802.71;186.431747436524;0
2804.077;148.089111328125;0
2805.447;141.085784912109;0
2806.815;199.533279418945;0
2808.183;187.098266601563;0
2809.551;213.259582519531;0
2810.915;153.683883666992;0
2812.282;151.606140136719;0
2813.646;113.982048034668;0
2815.011;157.700500488281;0
2816.375;156.324813842774;0
2817.736;137.53352355957;0
2819.099;138.861679077148;0
2820.462;108.529266357422;0
2821.821;124.536293029785;0
2823.182;81.0165252685546;0
2824.542;98.9493484497069;0
2825.901;91.864906311035;0
2827.261;103.759201049805;0
2828.617;150.605880737305;0
2829.974;228.909820556641;0
2831.33;281.227935791016;0
2832.686;229.887573242188;0
2834.043;186.665252685547;0
2835.395;230.669403076172;0
2836.75;281.900512695313;0
2838.104;320.80078125;0
2839.456;270.923217773437;0
2840.807;302.533538818359;0
2842.16;284.944122314453;0
2843.509;268.890686035156;0
2844.858;261.507934570312;0
2846.209;253.12776184082;0
2847.556;246.527862548828;0
2848.906;165.706878662109;0
2850.253;174.998092651367;0
2851.6;170.919342041016;0
2852.946;259.062713623047;0
2854.29;278.647521972656;0
2855.635;289.5625;0
2856.98;211.978668212891;0
2858.323;247.332946777344;0
2859.665;273.467102050781;0
2861.008;301.430053710938;0
2862.349;241.748825073242;0
2863.691;270.735137939453;0
2865.031;335.182434082031;0
2866.37;385.676940917969;0
2867.709;362.908905029297;0
2869.048;336.533203125;0
2870.385;331.036346435547;0
2871.722;360.525299072266;0
2873.059;353.776306152344;0
2874.394;327.123626708984;0
2875.73;260.923553466797;0
2877.064;275.830047607422;0
2878.398;276.684600830078;0
2879.731;339.987091064453;0
2881.063;371.183410644531;0
2882.395;403.919006347656;0
2883.727;392.531524658203;0
2885.059;341.908386230469;0
2886.387;377.407348632813;0
2887.717;353.781707763672;0
2889.046;322.328918457031;0
2890.374;328.38232421875;0
2891.699;346.596252441406;0
2893.028;369.792785644531;0
2894.354;282.641326904297;0
2895.679;331.612976074219;0
2897.004;393.513977050781;0
2898.328;405.512847900391;0
2899.653;371.498443603516;0
2900.976;349.804107666016;0
2902.297;374.864868164063;0
2903.619;363.183532714844;0
2904.941;365.217712402344;0
2906.26;330.932556152344;0
2907.58;315.672546386719;0
2908.898;313.766967773437;0
2910.217;352.424011230469;0
2911.536;391.262451171875;0
2912.852;414.311614990234;0
2914.171;445.746124267578;0
2915.485;457.186981201172;0
2916.799;455.435791015625;0
2918.116;383.116363525391;0
2919.428;357.079284667969;0
2920.743;382.032531738281;0
2922.056;449.980255126953;0
2923.367;475.583160400391;0
2924.679;479.285736083984;0
2925.99;459.421264648437;0
2927.299;458.445861816406;0
2928.609;413.484741210938;0
2929.918;443.470581054687;0
2931.226;440.494293212891;0
2932.535;458.624572753906;0
2933.841;499.637969970703;0
2935.149;519.311462402344;0
2936.455;480.645050048828;0
2937.758;461.856201171875;0
2939.064;432.672119140625;0
2940.368;461.232788085938;0
2941.67;430.67724609375;0
2942.973;384.988067626953;0
2944.277;388.575805664062;0
2945.577;367.305816650391;0
2946.878;407.967193603516;0
2948.178;434.406188964844;0
2949.477;451.182067871094;0
2950.776;511.960601806641;0
2952.073;480.073394775391;0
2953.372;491.961639404297;0
2954.669;436.7451171875;0
2955.965;441.901947021484;0
2957.261;400.436767578125;0
2958.556;428.954772949219;0
2959.849;386.587799072266;0
2961.145;409.554351806641;0
2962.436;382.747039794922;0
2963.732;470.387878417969;0
2965.022;528.588073730469;0
2966.313;566.467041015625;0
2967.603;487.886169433594;0
2968.893;486.974029541016;0
2970.182;434.508361816406;0
2971.471;443.373901367187;0
2972.759;395.093566894531;0
2974.047;445.071960449219;0
2975.334;505.273132324219;0
2976.62;489.919281005859;0
2977.907;443.676086425781;0
2979.192;397.974731445313;0
2980.475;405.668029785156;0
2981.76;423.807403564453;0
2983.043;405.334686279297;0
2984.326;373.519134521484;0
2985.607;369.103210449219;0
2986.888;357.655639648438;0
2988.17;368.895874023438;0
2989.449;307.351196289063;0
2990.728;302.960418701172;0
2992.007;246.319244384766;0
2993.284;317.071014404297;0
2994.562;335.375549316406;0
2995.84;326.455047607422;0
2997.115;247.532562255859;0
2998.393;204.155746459961;0
2999.666;231.33056640625;0
3000.94;217.168121337891;0
3002.215;259.223968505859;0
3003.486;266.154510498047;0
3004.76;272.388824462891;0
3006.033;237.422180175781;0
3007.303;171.31298828125;0
3008.573;88.005256652832;0
3009.844;36.5810165405273;0
3011.114;127.596076965332;0
3012.383;209.050048828125;0
3013.649;274.164123535156;0
3014.917;147.494750976563;0
3016.185;139.927444458008;0
3017.451;94.7947692871094;0
3018.716;162.203903198242;0
3019.983;99.1544952392578;0
3021.246;125.201721191406;0
3022.509;129.124450683594;0
3023.774;169.590270996094;0
3025.035;208.908432006836;0
3026.299;204.988998413086;0
3027.56;228.166641235352;0
3028.819;157.778060913086;0
3030.081;126.704917907715;0
3031.339;106.9521484375;0
3032.598;160.182861328125;0
3033.856;240.8408203125;0
3035.114;227.259048461914;0
3036.372;215.215316772461;0
3037.628;151.597763061523;0
3038.883;181.609237670898;0
3040.138;154.159790039063;0
3041.394;112.344627380371;0
3042.646;164.977157592773;0
3043.9;179.579544067383;0
3045.152;218.51399230957;0
3046.405;169.385345458984;0
3047.657;171.4013671875;0
3048.906;212.178726196289;0
3050.158;226.384094238281;0
3051.407;249.461929321289;0
3052.656;211.857650756836;0
3053.904;247.903884887695;0
3055.153;202.825103759766;0
3056.398;205.249374389648;0
3057.647;164.492935180664;0
3058.892;174.855804443359;0
3060.137;187.094924926758;0
3061.382;222.210052490234;0
3062.625;238.201202392578;0
3063.869;237.070587158203;0
3065.112;193.807861328125;0
3066.353;177.644027709961;0
3067.595;187.911956787109;0
3068.838;238.827346801758;0
3070.075;233.501235961914;0
3071.317;228.597686767578;0
3072.557;235.450012207031;0
3073.795;246.280395507813;0
3075.032;295.644317626953;0
3076.27;285.208831787109;0
3077.507;290.196472167969;0
3078.742;266.608337402344;0
3079.978;248.053833007813;0
3081.212;241.347396850586;0
3082.446;294.812866210937;0
3083.681;351.034973144531;0
3084.913;419.235809326172;0
3086.147;386.616485595703;0
3087.38;380.183197021484;0
3088.61;361.118316650391;0
3089.84;369.127593994141;0
3091.071;351.789672851563;0
3092.3;394.440368652344;0
3093.529;373.079925537109;0
3094.755;408.708618164062;0
3095.984;354.769287109375;0
3097.211;333.038269042969;0
3098.438;238.540115356445;0
3099.663;221.255584716797;0
3100.888;217.629135131836;0
3102.112;223.975799560547;0
3103.335;217.281555175781;0
3104.56;231.642013549805;0
3105.782;277.439392089844;0
3107.005;277.340393066406;0
3108.226;294.900848388672;0
3109.447;335.009674072266;0
3110.667;374.888305664063;0
3111.887;361.976318359375;0
3113.104;318.499298095703;0
3114.324;333.575988769531;0
3115.541;345.532012939453;0
3116.758;354.717926025391;0
3117.976;345.107208251953;0
3119.192;328.430358886719;0
3120.408;296.035278320313;0
3121.622;270.083129882812;0
3122.835;265.796051025391;0
3124.05;237.618560791016;0
3125.262;253.217330932617;0
3126.476;284.037719726563;0
3127.687;299.855529785156;0
3128.897;282.559143066406;0
3130.108;269.147613525391;0
3131.319;253.957046508789;0
3132.528;281.656219482422;0
3133.737;277.469146728516;0
3134.945;332.618072509766;0
3136.152;260.917114257813;0
3137.358;238.550842285156;0
3138.565;195.660202026367;0
3139.772;211.893020629883;0
3140.976;201.739898681641;0
3142.18;198.3759765625;0
3143.385;185.797515869141;0
3144.588;178.22673034668;0
3145.79;187.996994018555;0
3146.993;200.553359985352;0
3148.194;210.784515380859;0
3149.395;199.802368164063;0
3150.596;181.38459777832;0
3151.794;178.197601318359;0
3152.994;203.574188232422;0
3154.193;219.292205810547;0
3155.39;226.264129638672;0
3156.587;224.056045532227;0
3157.784;221.407943725586;0
3158.982;170.895660400391;0
3160.177;128.337524414063;0
3161.37;161.805557250977;0
3162.565;177.168029785156;0
3163.759;185.516357421875;0
3164.952;194.787490844727;0
3166.146;204.950531005859;0
3167.337;221.453216552734;0
3168.527;227.406784057617;0
3169.719;257.588165283203;0
3170.91;269.681427001953;0
3172.098;178.668243408203;0
3173.288;137.677032470703;0
3174.475;72.104133605957;0
3175.663;82.470573425293;0
3176.849;96.661003112793;0
3178.037;113.5205078125;0
3179.223;126.228988647461;0
3180.408;132.939483642578;0
3181.592;159.876846313477;0
3182.777;168.845733642578;0
3183.96;185.192520141602;0
3185.143;190.432418823242;0
3186.325;191.233184814453;0
3187.507;206.593078613281;0
3188.688;202.509078979492;0
3189.869;219.868774414063;0
3191.049;235.227264404297;0
3192.228;261.584075927734;0
3193.406;263.494354248047;0
3194.585;266.2880859375;0
3195.763;293.545837402344;0
3196.939;278.167144775391;0
3198.116;286.562225341797;0
3199.292;292.787963867188;0
3200.466;320.788208007813;0
3201.643;288.036163330078;0
3202.816;262.834503173828;0
3203.991;273.626098632813;0
3205.161;273.411560058594;0
3206.334;243.81803894043;0
3207.504;236.115280151367;0
3208.677;204.269729614258;0
3209.846;192.855316162109;0
3211.017;199.937103271484;0
3212.187;300.018493652344;0
3213.356;363.968566894531;0
3214.524;390.564697265625;0
3215.69;347.139770507813;0
3216.859;327.026062011719;0
3218.024;277.791198730469;0
3219.189;306.409301757812;0
3220.354;282.337646484375;0
3221.519;316.023010253906;0
3222.682;288.354339599609;0
3223.845;288.442352294922;0
3225.01;293.263549804688;0
3226.171;278.919219970703;0
3227.332;312.592407226562;0
3228.494;332.255523681641;0
3229.655;352.77587890625;0
3230.814;346.921051025391;0
3231.973;299.374938964844;0
3233.13;278.800476074219;0
3234.29;261.629852294922;0
3235.447;281.673492431641;0
3236.605;306.246307373047;0
3237.76;292.143707275391;0
3238.916;280.58837890625;0
3240.071;249.719223022461;0
3241.224;264.467041015625;0
3242.381;261.029357910156;0
3243.532;274.531219482422;0
3244.685;247.143646240234;0
3245.839;257.259033203125;0
3246.99;255.921096801758;0
3248.141;274.061096191406;0
3249.292;274.192626953125;0
3250.439;277.910095214844;0
3251.589;242.586273193359;0
3252.739;290.424530029297;0
3253.886;306.874328613281;0
3255.034;337.076293945313;0
3256.18;327.969299316406;0
3257.326;337.07568359375;0
3258.472;390.173889160156;0
3259.617;391.931091308594;0
3260.761;350.014434814453;0
3261.905;287.646789550781;0
3263.048;241.770858764648;0
3264.19;233.424194335938;0
3265.333;273.356811523438;0
3266.475;244.064468383789;0
3267.617;276.581481933594;0
3268.757;245.686019897461;0
3269.896;297.561309814453;0
3271.036;331.547515869141;0
3272.175;344.422393798828;0
3273.313;347.519500732422;0
3274.449;303.76025390625;0
3275.586;335.555938720703;0
3276.722;323.127838134766;0
3277.859;330.364562988281;0
3278.993;305.043762207031;0
3280.13;279.042510986328;0
3281.263;236.941787719727;0
3282.395;258.4228515625;0
3283.529;265.068084716797;0
3284.66;324.205017089844;0
3285.794;303.457366943359;0
3286.924;290.961120605469;0
3288.054;240.481536865234;0
3289.185;268.684204101563;0
3290.313;276.237091064453;0
3291.443;284.386260986328;0
3292.571;278.66357421875;0
3293.698;310.511962890625;0
3294.824;350.36328125;0
3295.952;290.775451660156;0
3297.077;255.102584838867;0
3298.203;218.335113525391;0
3299.328;274.029815673828;0
3300.45;287.875396728516;0
3301.574;314.168518066406;0
3302.698;288.796447753906;0
3303.819;308.552612304688;0
3304.942;308.197448730469;0
3306.064;309.063812255859;0
3307.182;283.106994628906;0
3308.303;235.801162719727;0
3309.423;280.897064208984;0
3310.542;261.220886230469;0
3311.66;302.54150390625;0
3312.778;277.545928955078;0
3313.895;333.670227050781;0
3315.012;312.175598144531;0
3316.128;283.913543701172;0
3317.243;253.617141723633;0
3318.357;249.930816650391;0
3319.471;211.484573364258;0
3320.586;155.877410888672;0
3321.698;146.296722412109;0
3322.813;155.584365844727;0
3323.923;168.664291381836;0
3325.034;200.870483398438;0
3326.146;207.405548095703;0
3327.255;236.82585144043;0
3328.366;185.019348144531;0
3329.474;203.266937255859;0
3330.582;188.616027832031;0
3331.691;204.75080871582;0
3332.797;166.098480224609;0
3333.905;129.879104614258;0
3335.011;94.7401580810547;0
3336.116;123.673675537109;0
3337.22;139.280242919922;0
3338.327;158.096572875977;0
3339.429;118.012702941895;0
3340.534;126.886512756348;0
3341.635;156.974563598633;0
3342.737;179.74055480957;0
3343.84;183.725646972656;0
3344.94;168.820831298828;0
3346.041;177.359436035156;0
3347.142;151.120056152344;0
3348.24;153.088409423828;0
3349.337;129.572082519531;0
3350.437;165.353668212891;0
3351.534;174.577087402344;0
3352.633;217.404815673828;0
3353.727;198.673461914063;0
3354.823;199.274215698242;0
3355.919;168.996047973633;0
3357.013;199.589813232422;0
3358.108;205.140914916992;0
3359.201;242.686141967773;0
3360.293;202.448043823242;0
3361.385;167.601715087891;0
3362.478;164.432693481445;0
3363.569;220.83544921875;0
3364.661;215.457855224609;0
3365.75;197.560211181641;0
3366.838;204.742233276367;0
3367.929;226.650314331055;0
3369.017;276.644409179688;0
3370.105;235.274658203125;0
3371.193;276.092132568359;0
3372.279;229.203735351563;0
3373.364;275.425689697266;0
3374.45;252.479858398438;0
3375.534;276.765441894531;0
3376.62;248.176483154297;0
3377.704;263.042236328125;0
3378.786;233.93864440918;0
3379.871;254.933746337891;0
3380.951;224.726348876953;0
3382.034;228.123580932617;0
3383.114;184.081253051758;0
3384.195;191.1767578125;0
3385.276;210.842864990234;0
3386.354;240.8623046875;0
3387.433;264.157623291016;0
3388.511;268.737823486328;0
3389.588;282.881622314453;0
3390.664;301.318939208984;0
3391.742;308.328918457031;0
3392.816;310.867370605469;0
3393.893;293.056335449219;0
3394.968;328.775207519531;0
3396.042;292.466766357422;0
3397.115;274.103424072266;0
3398.189;241.405548095703;0
3399.262;236.844619750977;0
3400.333;229.481201171875;0
3401.404;255.851379394531;0
3402.474;299.635986328125;0
3403.545;305.172210693359;0
3404.615;265.57421875;0
3405.685;254.844833374023;0
3406.752;265.857360839844;0
3407.82;305.071136474609;0
3408.888;350.612640380859;0
3409.955;377.025299072266;0
3411.021;340.198913574219;0
3412.085;341.439727783203;0
3413.151;284.723663330078;0
3414.215;279.925018310547;0
3415.279;242.702941894531;0
3416.343;277.115386962891;0
3417.406;288.707183837891;0
3418.468;252.509948730469;0
3419.53;233.415679931641;0
3420.592;231.544952392578;0
3421.652;259.045928955078;0
3422.712;270.38525390625;0
3423.773;234.213577270508;0
3424.83;226.992874145508;0
3425.889;255.120452880859;0
3426.946;255.050430297852;0
3428.005;205.560913085938;0
3429.061;176.277877807617;0
3430.117;174.153732299805;0
3431.172;235.31086730957;0
3432.227;245.280334472656;0
3433.281;261.402008056641;0
3434.335;231.345260620117;0
3435.389;171.604751586914;0
3436.44;169.522323608398;0
3437.492;214.239456176758;0
3438.546;251.688430786133;0
3439.598;261.249603271484;0
3440.646;215.784805297852;0
3441.697;202.263961791992;0
3442.745;201.22395324707;0
3443.793;259.52294921875;0
3444.842;330.151153564453;0
3445.891;333.789703369141;0
3446.937;281.526733398438;0
3447.984;263.591247558594;0
3449.031;268.028778076172;0
3450.075;305.524993896484;0
3451.12;273.225463867187;0
3452.164;276.024353027344;0
3453.207;238.815292358398;0
3454.251;233.595062255859;0
3455.293;248.363265991211;0
3456.336;262.584289550781;0
3457.378;278.448974609375;0
3458.417;233.78059387207;0
3459.458;225.276763916016;0
3460.498;196.095687866211;0
3461.539;206.644104003906;0
3462.577;179.612075805664;0
3463.614;208.987518310547;0
3464.651;222.898864746094;0
3465.689;280.180419921875;0
3466.726;256.516082763672;0
3467.763;244.142318725586;0
3468.798;223.464141845703;0
3469.831;220.087127685547;0
3470.866;272.096252441406;0
3471.9;237.290588378906;0
3472.933;231.969818115234;0
3473.966;154.434951782227;0
3474.999;157.617797851563;0
3476.029;161.069213867188;0
3477.061;164.17610168457;0
3478.09;148.914428710938;0
3479.121;156.367126464844;0
3480.15;186.250686645508;0
3481.178;203.700500488281;0
3482.205;183.013641357422;0
3483.234;172.869537353516;0
3484.26;174.968475341797;0
3485.288;196.376724243164;0
3486.313;186.951309204102;0
3487.337;195.09602355957;0
3488.364;209.78547668457;0
3489.387;236.342498779297;0
3490.411;238.52619934082;0
3491.434;236.00993347168;0
3492.456;211.189392089844;0
3493.479;156.964080810547;0
3494.5;139.706741333008;0
3495.521;111.874794006348;0
3496.543;89.3176116943359;0
3497.561;48.8137855529785;0
3498.579;-12.5542774200439;0
3499.6;-12.3622074127197;0
3500.618;-33.622428894043;0
3501.636;-22.9497489929199;0
3502.653;-32.5434799194336;0
3503.669;-21.6180458068848;0
3504.685;2.9739511013031;0
3505.699;22.8798313140869;0
3506.716;19.9761772155762;0
3507.729;-36.2381935119629;0
3508.743;-37.2054405212402;0
3509.755;-19.5486106872559;0
