98.64605;0;0
101.2353;0;0
103.8217;0;0
106.4096;-4.37037038803101;0
108.9945;-29.4222221374512;0
111.5767;-17.4444446563721;0
114.1602;29.2962970733643;0
116.7409;41.4141426086426;0
119.3209;25.085470199585;0
121.9002;-9.60740756988525;0
124.4788;-25.7777786254883;0
127.0566;-27.3450298309326;0
129.6317;-25.0687828063965;0
132.2038;6.97584533691406;0
134.7796;47.844409942627;0
137.3503;69.5102233886719;0
139.9204;68.578483581543;0
142.4919;100.766975402832;0
145.0584;110.935974121094;0
147.6242;174.212646484375;0
150.1914;246.366317749023;0
152.7579;267.749237060547;0
155.3216;260.940338134766;0
157.8846;252.997375488281;0
160.4448;330.083923339844;0
163.0085;334.829742431641;0
165.5672;315.090667724609;0
168.1232;320.596252441406;0
170.6826;367.663726806641;0
173.2372;405.683532714844;0
175.7931;360.388946533203;0
178.3463;348.932830810547;0
180.8966;353.529083251953;0
183.4504;373.889831542969;0
185.9993;421.147766113281;0
188.5476;441.684509277344;0
191.0972;487.040740966797;0
193.644;469.437469482422;0
196.1859;504.638702392578;0
198.7335;499.882232666016;0
201.2761;492.067504882813;0
203.8201;489.318328857422;0
206.3593;475.76025390625;0
208.8998;495.593048095703;0
211.4397;483.388488769531;0
213.9746;567.154174804688;0
216.5109;593.408020019531;0
219.0487;636.252380371094;0
221.5816;662.690673828125;0
224.1158;688.369506835938;0
226.6473;722.801696777344;0
229.176;702.256286621094;0
231.7082;757.234680175781;0
234.2355;772.456970214844;0
236.7643;761.423217773438;0
239.2902;733.1533203125;0
241.8133;716.762512207031;0
244.3379;706.446838378906;0
246.8618;719.641662597656;0
249.3828;719.745361328125;0
251.9053;746.572021484375;0
254.423;757.540771484375;0
256.942;706.148010253906;0
259.4603;740.756713867188;0
261.9759;687.209350585938;0
264.4887;730.067749023438;0
267.005;680.337829589844;0
269.5164;670.291015625;0
272.0292;656.074951171875;0
274.5393;678.800537109375;0
277.0466;719.344116210938;0
279.5574;739.64453125;0
282.0654;731.387512207031;0
284.5686;780.942749023438;0
287.0752;761.6328125;0
289.5791;784.75390625;0
292.0803;740.394287109375;0
294.5828;731.735595703125;0
297.0826;748.684387207031;0
299.5838;746.717407226563;0
302.0801;768.435180664063;0
304.5758;695.253662109375;0
307.0749;657.515075683594;0
309.5672;649.115661621094;0
312.0608;675.655334472656;0
314.5558;701.139343261719;0
317.044;717.640747070313;0
319.5377;730.498046875;0
322.0266;752.040710449219;0
324.5127;732.74560546875;0
327.0023;729.255798339844;0
329.4871;671.414855957031;0
331.9691;713.089904785156;0
334.4547;729.671813964844;0
336.9353;804.991088867188;0
339.4174;824.272338867188;0
341.901;809.070495605469;0
344.3776;809.98291015625;0
346.8577;762.607727050781;0
349.333;770.836853027344;0
351.8076;720.692993164063;0
354.2857;736.841979980469;0
356.7569;734.946716308594;0
359.2296;733.837280273438;0
361.7015;724.290588378906;0
364.1729;742.153076171875;0
366.6414;827.933898925781;0
369.1093;840.151306152344;0
371.5745;821.900024414063;0
374.0432;765.224243164063;0
376.507;700.458862304688;0
378.9702;658.903198242188;0
381.4348;617.437438964844;0
383.8947;670.561828613281;0
386.3538;674.798461914063;0
388.8144;707.810729980469;0
391.2722;728.740295410156;0
393.7314;818.531188964844;0
396.1859;844.71484375;0
398.6418;844.178771972656;0
401.0949;878.122619628906;0
403.5475;910.298034667969;0
405.9972;932.8603515625;0
408.4505;948.540161132813;0
410.899;934.5341796875;0
413.3468;922.565551757813;0
415.796;933.800964355469;0
418.2405;950.510864257813;0
420.6884;1011.33666992188;0
423.1295;923.31689453125;0
425.572;904.16552734375;0
428.0159;851.527221679688;0
430.455;857.000244140625;0
432.8956;813.107421875;0
435.3335;799.821655273438;0
437.7707;747.777282714844;0
440.2093;731.258178710938;0
442.6432;694.267028808594;0
445.0764;739.748657226563;0
447.511;777.546020507813;0
449.9429;797.265869140625;0
452.3721;777.136962890625;0
454.8048;775.374267578125;0
457.2328;810.194580078125;0
459.66;824.039916992188;0
462.0847;805.451965332031;0
464.5127;744.513366699219;0
466.9381;793.228393554688;0
469.3587;835.034729003906;0
471.7807;878.694763183594;0
474.2042;895.985717773438;0
476.6229;891.123962402344;0
479.041;903.507873535156;0
481.4604;842.308959960938;0
483.8752;865.540832519531;0
486.2934;870.07177734375;0
488.7068;848.298828125;0
491.1197;876.447998046875;0
493.5339;869.796447753906;0
495.9435;882.818969726563;0
498.3544;800.31591796875;0
500.7667;793.100402832031;0
503.1723;782.874755859375;0
505.5793;816.555358886719;0
507.9856;763.714904785156;0
510.3913;771.333984375;0
512.7944;703.402893066406;0
515.1968;730.992797851563;0
517.5986;681.698791503906;0
519.9997;676.301696777344;0
522.3982;628.467468261719;0
524.798;628.275329589844;0
527.1973;618.621337890625;0
529.5919;632.092468261719;0
531.9899;569.824890136719;0
534.3832;533.047546386719;0
536.7758;519.069213867188;0
539.1699;598.560241699219;0
541.5593;639.666259765625;0
543.9481;616.301147460938;0
546.3382;616.059936523438;0
548.7257;655.742797851563;0
551.1146;684.563171386719;0
553.4968;660.28466796875;0
555.8824;610.480651855469;0
558.2675;611.285827636719;0
560.6478;629.230834960938;0
563.0295;635.532043457031;0
565.4106;617.947875976563;0
567.7911;618.602172851563;0
570.169;645.8369140625;0
572.5462;669.430114746094;0
574.9229;655.383605957031;0
577.2968;596.031372070313;0
579.6721;659.374694824219;0
582.0449;622.747619628906;0
584.417;577.926208496094;0
586.7885;451.383819580078;0
589.1553;465.666625976563;0
591.5255;554.46533203125;0
593.8931;525.441162109375;0
596.2601;518.862670898438;0
598.6265;442.375335693359;0
600.9902;476.583587646484;0
603.3554;451.156921386719;0
605.7179;473.633972167969;0
608.0778;516.349060058594;0
610.4391;509.120056152344;0
612.7977;517.820190429688;0
615.1558;476.249359130859;0
617.5132;585.907775878906;0
619.8701;631.0595703125;0
622.2263;685.179870605469;0
624.5779;677.857238769531;0
626.9308;741.660339355469;0
629.2852;804.038818359375;0
631.6349;841.378784179688;0
633.9841;855.514953613281;0
636.3326;818.351623535156;0
638.6805;783.55517578125;0
641.0279;763.045166015625;0
643.3746;811.9833984375;0
645.7187;834.958862304688;0
648.0621;823.415771484375;0
650.405;764.909423828125;0
652.7453;759.86474609375;0
655.087;740.002136230469;0
657.426;725.899719238281;0
659.7645;779.641418457031;0
662.1024;803.240356445313;0
664.4376;824.127563476563;0
666.7742;755.609008789063;0
669.1063;704.797790527344;0
671.4398;768.655822753906;0
673.7726;732.563232421875;0
676.1048;748.912963867188;0
678.4324;738.166625976563;0
680.7635;723.203369140625;0
683.0919;725.740051269531;0
685.4158;597.282592773438;0
687.743;621.150756835938;0
690.0696;602.093811035156;0
692.3937;608.43896484375;0
694.7151;619.986450195313;0
697.038;580.765075683594;0
699.3583;615.231872558594;0
701.6779;547.53369140625;0
703.995;558.114318847656;0
706.3155;588.676330566406;0
708.6294;605.986328125;0
710.9467;608.281372070313;0
713.2594;604.059326171875;0
715.5735;617.421875;0
717.887;624.499328613281;0
720.1979;576.51220703125;0
722.5083;581.7001953125;0
724.818;576.926208496094;0
727.1252;614.107360839844;0
729.4357;601.557250976563;0
731.7418;590.053527832031;0
734.0452;594.3740234375;0
736.35;630.845092773438;0
738.6522;657.297485351563;0
740.9539;600.339111328125;0
743.2569;571.877685546875;0
745.5554;547.974914550781;0
747.8553;486.761322021484;0
750.1545;439.163238525391;0
752.4513;408.604431152344;0
754.7474;423.242523193359;0
757.043;419.469299316406;0
759.336;464.295135498047;0
761.6304;475.700775146484;0
763.9222;487.848114013672;0
766.2114;392.843444824219;0
768.5041;428.9189453125;0
770.7922;362.601989746094;0
773.0777;368.543518066406;0
775.3647;332.07666015625;0
777.651;436.864837646484;0
779.9368;488.831695556641;0
782.22;522.392822265625;0
784.5026;514.430908203125;0
786.7847;525.501525878906;0
789.0662;484.401000976563;0
791.3451;460.335540771484;0
793.6254;508.0546875;0
795.9012;599.416198730469;0
798.1784;577.319030761719;0
800.455;560.697326660156;0
802.7291;549.307189941406;0
805.0026;654.042846679688;0
807.2755;727.7294921875;0
809.5478;735.435729980469;0
811.8176;689.93994140625;0
814.0869;647.132446289063;0
816.3535;693.278381347656;0
818.6235;716.440185546875;0
820.8911;721.616271972656;0
823.156;677.048278808594;0
825.4204;593.492736816406;0
827.6823;579.049011230469;0
829.9474;591.576232910156;0
832.2082;731.087768554688;0
834.4683;725.747497558594;0
836.7279;727.423706054688;0
838.9869;679.468994140625;0
841.2453;678.721435546875;0
843.5012;705.737548828125;0
845.7565;717.057861328125;0
848.0133;702.405395507813;0
850.2655;661.898742675781;0
852.5153;635.295471191406;0
854.7703;665.595581054688;0
857.0189;620.892333984375;0
859.2668;602.6572265625;0
861.5182;550.258666992188;0
863.7651;590.987243652344;0
866.0114;572.399108886719;0
868.2592;520.269836425781;0
870.5024;530.828674316406;0
872.7451;510.411682128906;0
874.9872;470.909271240234;0
877.2307;428.765472412109;0
879.4717;405.644897460938;0
881.7101;436.211883544922;0
883.95;395.464782714844;0
886.1854;361.740661621094;0
888.4202;334.187866210938;0
890.6604;405.339874267578;0
892.8941;437.129547119141;0
895.1253;506.501434326172;0
897.3599;491.013977050781;0
899.59;490.221588134766;0
901.8195;483.679931640625;0
904.0504;511.27783203125;0
906.2789;546.682006835938;0
908.5087;584.78076171875;0
910.7341;582.911315917969;0
912.9589;586.847778320313;0
915.1851;577.034545898438;0
917.4088;536.250061035156;0
919.63;496.827880859375;0
921.8526;421.100463867188;0
924.0727;403.623291015625;0
926.2922;458.031280517578;0
928.5112;548.380249023438;0
930.7277;544.869018554688;0
932.9476;510.274444580078;0
935.163;435.0595703125;0
937.3739;406.883178710938;0
939.5901;342.624053955078;0
941.8019;325.614288330078;0
944.0151;251.406890869141;0
946.2258;220.444152832031;0
948.4341;228.791976928711;0
950.6456;262.718994140625;0
952.8527;199.668487548828;0
955.0593;108.86247253418;0
957.2653;81.4130172729492;0
959.4689;146.042678833008;0
961.6738;173.271408081055;0
963.8782;208.328811645508;0
966.0782;212.739318847656;0
968.2815;260.169555664063;0
970.4803;208.954116821289;0
972.6787;196.538757324219;0
974.8784;225.924224853516;0
977.0757;191.888809204102;0
979.2704;177.100219726563;0
981.4667;104.560546875;0
983.6603;193.675918579102;0
985.8535;209.180740356445;0
988.0461;267.089660644531;0
990.2363;215.360656738281;0
992.4297;247.432556152344;0
994.6169;239.531509399414;0
996.8035;382.48046875;0
998.9933;448.261596679688;0
1001.179;624.068054199219;0
1003.364;633.233276367188;0
1005.55;731.311218261719;0
1007.732;681.299682617188;0
1009.916;713.642639160156;0
1012.096;675.0068359375;0
1014.275;627.5029296875;0
1016.459;640.683349609375;0
1018.636;648.434326171875;0
1020.813;757.840698242188;0
1022.991;741.816345214844;0
1025.165;727.02490234375;0
1027.34;702.685668945313;0
1029.515;650.353515625;0
1031.687;565.472778320313;0
1033.859;488.599029541016;0
1036.03;489.621215820313;0
1038.199;500.765777587891;0
1040.369;487.477966308594;0
1042.536;475.647552490234;0
1044.704;516.050109863281;0
1046.87;494.907318115234;0
1049.034;476.666381835938;0
1051.198;427.216461181641;0
1053.363;367.448822021484;0
1055.526;333.364624023438;0
1057.686;318.741516113281;0
1059.845;317.358276367188;0
1062.005;240.549392700195;0
1064.165;174.765701293945;0
1066.323;242.136566162109;0
1068.477;274.049743652344;0
1070.634;292.546661376953;0
1072.788;244.405120849609;0
1074.942;294.7802734375;0
1077.096;338.833190917969;0
1079.247;338.825805664063;0
1081.397;375.060485839844;0
1083.547;372.547607421875;0
1085.695;393.619537353516;0
1087.844;359.776977539063;0
1089.992;389.065734863281;0
1092.138;417.833038330078;0
1094.284;447.301086425781;0
1096.425;400.914306640625;0
1098.571;341.782043457031;0
1100.711;245.236297607422;0
1102.851;232.165222167969;0
1104.994;279.307464599609;0
1107.132;355.942596435547;0
1109.271;397.717498779297;0
1111.408;340.115295410156;0
1113.543;259.068298339844;0
1115.682;243.784042358398;0
1117.816;304.039672851563;0
1119.947;377.547027587891;0
1122.08;409.302337646484;0
1124.213;393.704895019531;0
1126.343;360.328094482422;0
1128.474;376.643707275391;0
1130.602;302.540618896484;0
1132.728;303.352142333984;0
1134.856;232.856109619141;0
1136.982;179.385818481445;0
1139.109;180.435623168945;0
1141.234;197.534973144531;0
1143.356;340.723846435547;0
1145.479;301.718292236328;0
1147.599;231.962097167969;0
1149.719;183.121948242188;0
1151.839;255.417449951172;0
1153.957;346.295654296875;0
1156.076;282.645446777344;0
1158.191;239.022399902344;0
1160.305;185.315383911133;0
1162.423;226.989501953125;0
1164.536;223.353134155273;0
1166.647;147.626113891602;0
1168.761;136.739837646484;0
1170.871;95.1409378051758;0
1172.983;170.385879516602;0
1175.092;176.801788330078;0
1177.2;223.111022949219;0
1179.306;217.416809082031;0
1181.413;239.589614868164;0
1183.518;260.745056152344;0
1185.623;307.989624023438;0
1187.725;340.225280761719;0
1189.826;420.729949951172;0
1191.929;445.324890136719;0
1194.032;450.511993408203;0
1196.13;366.027618408203;0
1198.23;320.982849121094;0
1200.327;320.608551025391;0
1202.423;381.776702880859;0
1204.52;494.913848876953;0
1206.613;437.166870117188;0
1208.71;444.414276123047;0
1210.801;352.992065429688;0
1212.892;407.608245849609;0
1214.987;359.329010009766;0
1217.075;391.256988525391;0
1219.166;422.622894287109;0
1221.256;432.537841796875;0
1223.342;460.001800537109;0
1225.43;381.681488037109;0
1227.515;355.576843261719;0
1229.597;332.726837158203;0
1231.685;335.165679931641;0
1233.767;331.046264648438;0
1235.85;359.480529785156;0
1237.931;417.249603271484;0
1240.009;440.242340087891;0
1242.09;374.502899169922;0
1244.168;368.769378662109;0
1246.245;318.271301269531;0
1248.321;393.3447265625;0
1250.397;361.767486572266;0
1252.472;434.872833251953;0
1254.547;312.216400146484;0
1256.618;265.68701171875;0
1258.69;205.39582824707;0
1260.761;235.390518188477;0
1262.83;227.906829833984;0
1264.901;262.616119384766;0
1266.969;257.043243408203;0
1269.035;298.593780517578;0
1271.102;344.936248779297;0
1273.167;360.959564208984;0
1275.233;344.55517578125;0
1277.295;262.276092529297;0
1279.359;283.011138916016;0
1281.42;286.649261474609;0
1283.482;259.079315185547;0
1285.542;212.391754150391;0
1287.6;191.718368530273;0
1289.659;245.435791015625;0
1291.714;278.580139160156;0
1293.774;433.081726074219;0
1295.828;453.664672851563;0
1297.881;452.887634277344;0
1299.936;401.139343261719;0
1301.987;427.314361572266;0
1304.041;444.205474853516;0
1306.09;366.5859375;0
1308.139;366.90478515625;0
1310.19;381.260009765625;0
1312.238;440.038757324219;0
1314.286;407.958557128906;0
1316.331;428.130523681641;0
1318.376;442.77685546875;0
1320.422;481.121978759766;0
1322.466;496.448486328125;0
1324.508;496.834899902344;0
1326.549;534.481872558594;0
1328.59;532.385620117188;0
1330.632;580.434936523438;0
1332.67;558.960693359375;0
1334.707;532.031555175781;0
1336.746;441.800140380859;0
1338.78;402.608215332031;0
1340.816;339.669525146484;0
1342.852;272.206298828125;0
1344.885;226.44075012207;0
1346.916;203.484008789063;0
1348.948;302.004791259766;0
1350.979;292.669891357422;0
1353.011;281.164398193359;0
1355.04;264.910827636719;0
1357.066;314.797180175781;0
1359.094;349.042388916016;0
1361.121;254.313278198242;0
1363.145;252.940475463867;0
1365.171;267.033325195313;0
1367.192;300.473236083984;0
1369.216;224.590759277344;0
1371.239;216.719253540039;0
1373.258;221.747604370117;0
1375.28;238.009140014648;0
1377.298;205.72607421875;0
1379.316;164.67350769043;0
1381.335;174.026428222656;0
1383.35;191.500015258789;0
1385.366;234.783767700195;0
1387.38;202.200668334961;0
1389.394;212.741287231445;0
1391.409;230.292633056641;0
1393.42;255.633911132813;0
1395.43;288.765167236328;0
1397.44;254.908554077148;0
1399.451;249.286361694336;0
1401.458;211.898544311523;0
1403.466;219.745986938477;0
1405.472;224.939804077148;0
1407.478;153.591094970703;0
1409.483;94.1012725830078;0
1411.486;8.27949714660645;0
1413.49;91.4716186523438;0
1415.492;135.725006103516;0
1417.492;187.087265014648;0
1419.495;222.909683227539;0
1421.494;243.322311401367;0
1423.492;293.004180908203;0
1425.49;284.260498046875;0
1427.487;287.255615234375;0
1429.482;374.771881103516;0
1431.477;349.417572021484;0
1433.471;391.080444335938;0
1435.466;367.427185058594;0
1437.456;428.124450683594;0
1439.447;448.392517089844;0
1441.441;432.009674072266;0
1443.427;394.308898925781;0
1445.417;365.512329101563;0
1447.406;339.619995117188;0
1449.392;373.742980957031;0
1451.381;405.548767089844;0
1453.365;414.370666503906;0
1455.348;344.431915283203;0
1457.333;302.843566894531;0
1459.314;244.050140380859;0
1461.296;290.496032714844;0
1463.276;246.403457641602;0
1465.256;269.957000732422;0
1467.237;346.747802734375;0
1469.215;400.775543212891;0
1471.19;387.151336669922;0
1473.167;240.471252441406;0
1475.145;274.250305175781;0
1477.118;304.669342041016;0
1479.092;354.626434326172;0
1481.065;337.787109375;0
1483.038;327.962982177734;0
1485.008;345.932098388672;0
1486.979;286.472229003906;0
1488.949;316.361145019531;0
1490.917;230.709945678711;0
1492.883;258.851989746094;0
1494.852;193.120590209961;0
1496.817;231.740951538086;0
1498.782;239.379272460938;0
1500.748;272.369567871094;0
1502.708;381.821838378906;0
1504.673;361.958312988281;0
1506.634;380.112335205078;0
1508.594;277.728332519531;0
1510.554;362.249328613281;0
1512.512;374.119750976563;0
1514.471;372.561828613281;0
1516.428;323.242248535156;0
1518.384;332.938751220703;0
1520.34;326.872711181641;0
1522.294;287.599670410156;0
1524.249;264.677429199219;0
1526.202;273.773223876953;0
1528.153;279.772552490234;0
1530.103;280.065948486328;0
1532.054;256.215209960938;0
1534.004;263.728332519531;0
1535.951;231.698501586914;0
1537.899;252.217803955078;0
1539.847;244.162826538086;0
1541.793;289.783905029297;0
1543.738;293.805541992188;0
1545.681;293.445434570313;0
1547.625;252.759170532227;0
1549.566;279.635620117188;0
1551.509;252.852569580078;0
1553.45;285.187774658203;0
1555.389;325.307708740234;0
1557.33;304.543121337891;0
1559.266;305.782958984375;0
1561.204;255.360534667969;0
1563.141;252.831390380859;0
1565.074;242.639984130859;0
1567.009;231.341094970703;0
1568.943;346.268035888672;0
1570.877;366.197631835938;0
1572.808;386.907623291016;0
1574.741;334.175811767578;0
1576.67;222.557769775391;0
1578.6;183.275665283203;0
1580.528;226.144989013672;0
1582.455;259.128051757813;0
1584.382;221.002563476563;0
1586.307;118.212959289551;0
1588.234;129.05207824707;0
1590.157;85.2271041870117;0
1592.081;37.0016632080078;0
1594.002;-11.4114274978638;0
1595.927;21.605785369873;0
1597.845;30.1804237365723;0
1599.767;83.5345001220703;0
1601.685;65.1124649047852;0
1603.602;81.2476425170898;0
1605.523;-8.05995464324951;0
1607.438;70.7847671508789;0
1609.354;67.7881088256836;0
1611.269;150.906478881836;0
1613.181;76.6954498291016;0
1615.096;71.931266784668;0
1617.008;124.613876342773;0
1618.92;134.298828125;0
1620.83;179.986129760742;0
1622.74;95.7868804931641;0
1624.649;78.3677520751953;0
1626.557;55.0620803833008;0
1628.464;126.425422668457;0
1630.37;190.791107177734;0
1632.275;230.936904907227;0
1634.18;256.751739501953;0
1636.085;263.902221679688;0
1637.988;266.052856445313;0
1639.888;234.980514526367;0
1641.791;220.469177246094;0
1643.691;264.964996337891;0
1645.588;248.025482177734;0
1647.489;334.652099609375;0
1649.387;398.734558105469;0
1651.284;533.941345214844;0
1653.18;547.161376953125;0
1655.075;506.283721923828;0
1656.972;449.864685058594;0
1658.864;521.237609863281;0
1660.754;585.624755859375;0
1662.65;597.914916992188;0
1664.539;471.108154296875;0
1666.428;445.426666259766;0
1668.32;410.31494140625;0
1670.207;454.217376708984;0
1672.096;375.467315673828;0
1673.982;434.398101806641;0
1675.867;502.120849609375;0
1677.754;570.857788085938;0
1679.638;558.60888671875;0
1681.52;533.707458496094;0
1683.403;503.598022460938;0
1685.285;435.502777099609;0
1687.166;345.866119384766;0
1689.048;321.910339355469;0
1690.924;309.079498291016;0
1692.804;312.818115234375;0
1694.682;313.459442138672;0
1696.558;379.892425537109;0
1698.435;299.670043945313;0
1700.308;232.125640869141;0
1702.184;168.369064331055;0
1704.057;225.780838012695;0
1705.929;237.199127197266;0
1707.801;207.675720214844;0
1709.674;171.269958496094;0
1711.542;160.093124389648;0
1713.412;143.58967590332;0
1715.28;123.092948913574;0
1717.145;72.1584930419922;0
1719.015;16.413423538208;0
1720.88;51.5174713134766;0
1722.746;113.40283203125;0
1724.61;172.403625488281;0
1726.471;159.964279174805;0
1728.334;124.640357971191;0
1730.197;119.987419128418;0
1732.057;187.783233642578;0
1733.919;259.027801513672;0
1735.777;296.832244873047;0
1737.634;301.307647705078;0
1739.493;270.565155029297;0
1741.349;270.49365234375;0
1743.205;244.870895385742;0
1745.061;265.585784912109;0
1746.915;291.416076660156;0
1748.77;331.139587402344;0
1750.621;332.311859130859;0
1752.473;316.929779052734;0
1754.323;289.4365234375;0
1756.173;307.274505615234;0
1758.022;345.886810302734;0
1759.87;316.605865478516;0
1761.718;322.874359130859;0
1763.566;249.692245483398;0
1765.411;225.503753662109;0
1767.256;126.308151245117;0
1769.101;138.549896240234;0
1770.945;159.451187133789;0
1772.787;156.234283447266;0
1774.629;136.899154663086;0
1776.469;146.779144287109;0
1778.309;254.874252319336;0
1780.15;296.073364257813;0
1781.987;310.043151855469;0
1783.826;296.450286865234;0
1785.662;317.516967773438;0
1787.498;342.576568603516;0
1789.334;332.406799316406;0
1791.169;357.341064453125;0
1793.002;372.379333496094;0
1794.834;342.299407958984;0
1796.667;205.656799316406;0
1798.498;107.673751831055;0
1800.328;118.795036315918;0
1802.157;141.020629882813;0
1803.986;129.906112670898;0
1805.813;143.007019042969;0
1807.639;140.881484985352;0
1809.467;123.196151733398;0
1811.292;13.6189556121826;0
1813.117;16.3249187469482;0
1814.94;13.4760961532593;0
1816.763;61.1355743408203;0
1818.585;54.9069290161133;0
1820.407;141.234603881836;0
1822.227;160.674163818359;0
1824.048;179.225601196289;0
1825.865;184.148681640625;0
1827.683;203.408355712891;0
1829.501;200.116394042969;0
1831.317;162.383895874023;0
1833.135;178.765655517578;0
1834.948;165.261688232422;0
1836.761;127.427513122559;0
1838.577;23.7075977325439;0
1840.388;81.5463790893555;0
1842.198;85.7216415405273;0
1844.009;130.566711425781;0
1845.819;122.081604003906;0
1847.629;181.266296386719;0
1849.436;145.787475585938;0
1851.244;99.756233215332;0
1853.052;53.3948020935059;0
1854.858;150.592071533203;0
1856.661;140.681381225586;0
1858.466;222.88493347168;0
1860.269;154.313858032227;0
1862.073;185.189895629883;0
1863.875;119.735244750977;0
1865.673;138.394378662109;0
1867.476;175.611709594727;0
1869.275;183.1650390625;0
1871.072;181.165481567383;0
1872.872;208.279693603516;0
1874.667;161.841003417969;0
1876.464;196.626876831055;0
1878.26;127.85954284668;0
1880.053;154.761215209961;0
1881.849;142.331985473633;0
1883.64;126.683395385742;0
1885.431;138.148773193359;0
1887.226;146.506805419922;0
1889.014;190.868591308594;0
1890.803;154.456344604492;0
1892.594;125.158973693848;0
1894.38;133.643127441406;0
1896.167;187.355102539063;0
1897.955;180.628402709961;0
1899.74;202.463302612305;0
1901.526;141.526504516602;0
1903.309;175.707641601563;0
1905.091;127.674751281738;0
1906.876;167.206039428711;0
1908.658;105.190849304199;0
1910.438;78.4073944091797;0
1912.217;111.522789001465;0
1913.996;111.870811462402;0
1915.775;109.896347045898;0
1917.553;113.48802947998;0
1919.33;171.64631652832;0
1921.106;229.259887695313;0
1922.881;170.152618408203;0
1924.655;230.500640869141;0
1926.431;145.970581054688;0
1928.202;85.5631332397461;0
1929.974;-9.38836669921875;0
1931.746;19.8177108764648;0
1933.516;117.255004882813;0
1935.286;119.770027160645;0
1937.055;100.294036865234;0
1938.823;73.3825988769531;0
1940.592;38.9245986938477;0
1942.356;24.2558822631836;0
1944.122;11.2654695510864;0
1945.888;107.508911132813;0
1947.651;136.208435058594;0
1949.416;169.91960144043;0
1951.178;176.864608764648;0
1952.939;252.154586791992;0
1954.699;227.456207275391;0
1956.459;218.880569458008;0
1958.219;180.984390258789;0
1959.979;279.102783203125;0
1961.735;253.124633789063;0
1963.491;327.259948730469;0
1965.249;271.965362548828;0
1967.003;304.685455322266;0
1968.761;306.531280517578;0
1970.512;308.613952636719;0
1972.265;351.933502197266;0
1974.018;368.267669677734;0
1975.769;400.617645263672;0
1977.522;331.539001464844;0
1979.271;305.590270996094;0
1981.018;281.882934570313;0
1982.766;307.308807373047;0
1984.516;301.979034423828;0
1986.261;305.560180664063;0
1988.009;386.718475341797;0
1989.754;413.010803222656;0
1991.498;424.102996826172;0
1993.241;324.663024902344;0
1994.984;325.024230957031;0
1996.727;341.52001953125;0
1998.468;404.262390136719;0
2000.206;347.696899414063;0
2001.946;348.046203613281;0
2003.686;313.865509033203;0
2005.424;313.377075195313;0
2007.161;261.802337646484;0
2008.898;230.584396362305;0
2010.634;193.278366088867;0
2012.369;227.21711730957;0
2014.103;270.512969970703;0
2015.836;274.944091796875;0
2017.57;245.954772949219;0
2019.299;229.211242675781;0
2021.032;244.158767700195;0
2022.762;249.463562011719;0
2024.491;200.348175048828;0
2026.221;200.812774658203;0
2027.947;170.969940185547;0
2029.676;186.375335693359;0
2031.403;182.361618041992;0
2033.128;145.927963256836;0
2034.852;86.1147308349609;0
2036.577;43.5504035949707;0
2038.299;113.72225189209;0
2040.022;192.032348632813;0
2041.744;219.814010620117;0
2043.465;230.400604248047;0
2045.184;217.678466796875;0
2046.903;219.205261230469;0
2048.621;114.759208679199;0
2050.339;116.451866149902;0
2052.057;147.839218139648;0
2053.774;249.810180664063;0
2055.488;189.143112182617;0
2057.203;124.28247833252;0
2058.917;130.896102905273;0
2060.631;146.872100830078;0
2062.344;106.653625488281;0
2064.053;61.0184669494629;0
2065.765;74.8536224365234;0
2067.476;139.716537475586;0
2069.185;171.82942199707;0
2070.892;154.303833007813;0
2072.6;201.140197753906;0
2074.308;128.671981811523;0
2076.014;126.45475769043;0
2077.72;79.0431976318359;0
2079.425;165.587356567383;0
2081.13;188.047805786133;0
2082.833;225.980667114258;0
2084.532;207.625015258789;0
2086.236;231.955017089844;0
2087.936;271.312255859375;0
2089.635;253.236633300781;0
2091.335;239.964691162109;0
2093.034;148.163101196289;0
2094.731;133.610046386719;0
2096.427;114.194717407227;0
2098.124;164.792251586914;0
2099.82;247.897644042969;0
2101.515;299.317718505859;0
2103.207;276.315612792969;0
2104.902;314.960113525391;0
2106.594;351.9423828125;0
2108.286;438.495025634766;0
2109.976;403.175537109375;0
2111.667;446.984405517578;0
2113.355;376.144958496094;0
2115.044;383.877777099609;0
2116.732;343.515411376953;0
2118.42;380.279754638672;0
2120.105;360.726379394531;0
2121.79;389.529144287109;0
2123.476;457.021453857422;0
2125.16;469.869659423828;0
2126.844;439.851287841797;0
2128.524;470.455383300781;0
2130.207;516.635803222656;0
2131.888;586.614807128906;0
2133.567;545.393798828125;0
2135.247;502.971832275391;0
2136.927;481.572326660156;0
2138.603;515.975646972656;0
2140.281;540.848449707031;0
2141.957;539.332946777344;0
2143.633;466.316131591797;0
2145.308;490.324371337891;0
2146.981;491.57763671875;0
2148.654;581.410034179688;0
2150.328;597.7099609375;0
2152;575.143615722656;0
2153.669;540.488891601563;0
2155.34;478.96728515625;0
2157.01;527.735168457031;0
2158.677;455.497528076172;0
2160.347;468.947296142578;0
2162.013;396.195037841797;0
2163.681;452.240325927734;0
2165.347;434.319519042969;0
2167.011;460.641265869141;0
2168.674;483.429504394531;0
2170.337;475.240081787109;0
2172.002;444.961578369141;0
2173.662;381.754943847656;0
2175.324;364.681365966797;0
2176.985;343.112457275391;0
2178.645;286.304992675781;0
2180.304;255.321990966797;0
2181.961;321.582122802734;0
2183.618;343.846282958984;0
2185.275;415.918365478516;0
2186.932;390.435180664063;0
2188.586;434.656219482422;0
2190.242;428.554595947266;0
2191.896;448.701721191406;0
2193.547;449.0966796875;0
2195.2;388.409057617188;0
2196.851;393.893188476563;0
2198.502;395.716949462891;0
2200.153;459.719360351563;0
2201.799;394.525604248047;0
2203.447;365.844696044922;0
2205.097;343.874298095703;0
2206.742;359.492950439453;0
2208.391;301.365417480469;0
2210.035;302.988647460938;0
2211.679;246.273910522461;0
2213.324;268.888641357422;0
2214.966;259.537719726563;0
2216.608;306.577087402344;0
2218.252;386.207244873047;0
2219.89;383.888397216797;0
2221.531;405.312652587891;0
2223.172;389.097686767578;0
2224.809;378.604125976563;0
2226.449;470.314270019531;0
2228.086;525.452026367188;0
2229.72;596.691345214844;0
2231.358;553.398132324219;0
2232.992;524.349792480469;0
2234.625;495.330749511719;0
2236.26;463.671752929688;0
2237.893;397.595428466797;0
2239.524;404.960113525391;0
2241.156;440.506744384766;0
2242.785;497.962921142578;0
2244.416;539.440185546875;0
2246.044;532.38232421875;0
2247.672;540.575317382813;0
2249.301;499.718444824219;0
2250.926;521.112915039063;0
2252.554;467.361877441406;0
2254.177;430.126739501953;0
2255.803;476.512878417969;0
2257.427;529.152404785156;0
2259.051;610.045532226563;0
2260.671;508.860107421875;0
2262.294;548.596435546875;0
2263.914;537.2451171875;0
2265.533;560.466735839844;0
2267.153;570.978576660156;0
2268.773;506.410827636719;0
2270.392;531.781860351563;0
2272.006;447.926361083984;0
2273.624;476.470977783203;0
2275.239;390.509857177734;0
2276.854;414.317687988281;0
2278.468;423.370452880859;0
2280.084;455.5556640625;0
2281.695;402.103424072266;0
2283.305;418.035003662109;0
2284.919;388.218048095703;0
2286.527;445.410736083984;0
2288.14;414.705047607422;0
2289.748;398.153961181641;0
2291.354;329.06689453125;0
2292.964;325.203125;0
2294.569;363.454071044922;0
2296.174;405.523620605469;0
2297.782;429.029663085938;0
2299.386;459.111145019531;0
2300.99;450.202697753906;0
2302.594;396.881225585938;0
2304.195;361.286499023438;0
2305.798;351.21435546875;0
2307.399;354.197052001953;0
2308.998;385.900299072266;0
2310.598;361.952117919922;0
2312.197;402.218383789063;0
2313.795;382.387390136719;0
2315.392;388.213439941406;0
2316.988;360.448822021484;0
2318.585;368.477172851563;0
2320.18;403.494812011719;0
2321.774;343.751831054688;0
2323.368;262.626953125;0
2324.961;252.94108581543;0
2326.553;277.193023681641;0
2328.145;408.832489013672;0
2329.735;475.263580322266;0
2331.324;497.819213867188;0
2332.916;363.607543945313;0
2334.503;222.183547973633;0
2336.092;185.254043579102;0
2337.677;216.390914916992;0
2339.263;291.880035400391;0
2340.85;332.165771484375;0
2342.434;305.575012207031;0
2344.018;323.519622802734;0
2345.602;285.698394775391;0
2347.185;296.729187011719;0
2348.768;273.50537109375;0
2350.347;319.724761962891;0
2351.928;360.950927734375;0
2353.51;376.183532714844;0
2355.087;366.000152587891;0
2356.665;336.109375;0
2358.243;336.066345214844;0
2359.819;343.088073730469;0
2361.396;371.190155029297;0
2362.972;357.741027832031;0
2364.547;334.227996826172;0
2366.121;310.641021728516;0
2367.694;306.382659912109;0
2369.267;277.806823730469;0
2370.839;274.928497314453;0
2372.411;272.021545410156;0
2373.982;315.119201660156;0
2375.55;340.767852783203;0
2377.118;336.753082275391;0
2378.687;276.02734375;0
2380.254;279.528045654297;0
2381.821;289.501708984375;0
2383.387;370.449066162109;0
2384.954;378.951202392578;0
2386.516;404.896606445313;0
2388.082;336.396728515625;0
2389.644;338.987731933594;0
2391.209;358.386138916016;0
2392.769;312.008483886719;0
2394.33;309.198028564453;0
2395.892;290.218963623047;0
2397.449;415.203948974609;0
2399.008;365.697387695313;0
2400.568;400.990173339844;0
2402.125;401.165069580078;0
2403.68;469.56591796875;0
2405.238;419.748657226563;0
2406.792;404.158660888672;0
2408.349;465.79638671875;0
2409.902;470.661407470703;0
2411.455;490.086059570313;0
2413.007;450.736083984375;0
2414.558;454.991394042969;0
2416.11;435.459503173828;0
2417.66;380.312591552734;0
2419.21;310.907653808594;0
2420.758;336.572845458984;0
2422.307;343.673919677734;0
2423.855;475.322479248047;0
2425.402;423.632110595703;0
2426.947;415.156921386719;0
2428.492;355.228790283203;0
2430.038;431.688781738281;0
2431.58;534.917236328125;0
2433.124;524.914245605469;0
2434.667;499.463409423828;0
2436.208;436.009185791016;0
2437.75;459.790832519531;0
2439.291;440.963623046875;0
2440.83;455.970092773438;0
2442.369;475.392333984375;0
2443.906;487.271911621094;0
2445.444;479.810913085938;0
2446.981;446.764984130859;0
2448.517;440.758392333984;0
2450.053;448.911743164063;0
2451.587;465.900909423828;0
2453.12;494.436828613281;0
2454.655;463.298187255859;0
2456.187;497.30322265625;0
2457.718;482.1982421875;0
2459.25;465.026031494141;0
2460.781;397.175170898438;0
2462.31;401.099884033203;0
2463.84;445.495971679688;0
2465.368;459.99560546875;0
2466.896;387.046081542969;0
2468.423;326.196929931641;0
2469.949;276.604705810547;0
2471.474;265.92578125;0
2472.998;309.696319580078;0
2474.522;330.029052734375;0
2476.045;398.697784423828;0
2477.568;398.938171386719;0
2479.09;407.515380859375;0
2480.612;430.651306152344;0
2482.132;408.790313720703;0
2483.653;441.312866210938;0
2485.171;378.129058837891;0
2486.689;427.214874267578;0
2488.208;356.221588134766;0
2489.725;326.787017822266;0
2491.242;299.333526611328;0
2492.757;360.334442138672;0
2494.271;426.001922607422;0
2495.785;441.447143554688;0
2497.3;433.337310791016;0
2498.812;473.314636230469;0
2500.325;456.656311035156;0
2501.837;406.141662597656;0
2503.345;309.666625976563;0
2504.856;283.807373046875;0
2506.366;225.293792724609;0
2507.875;255.79167175293;0
2509.382;196.520141601563;0
2510.889;278.700958251953;0
2512.397;262.667053222656;0
2513.901;232.973968505859;0
2515.406;187.305114746094;0
2516.911;173.758666992188;0
2518.415;219.245803833008;0
2519.918;262.041320800781;0
2521.421;273.274169921875;0
2522.922;337.071960449219;0
2524.423;356.871551513672;0
2525.924;324.006408691406;0
2527.422;287.793792724609;0
2528.923;258.523834228516;0
2530.419;302.931854248047;0
2531.916;257.92822265625;0
2533.415;261.686614990234;0
2534.909;241.790908813477;0
2536.404;245.795501708984;0
2537.899;233.921859741211;0
2539.394;256.280883789063;0
2540.887;265.872772216797;0
2542.38;286.808563232422;0
2543.871;299.754302978516;0
2545.363;332.780639648438;0
2546.852;344.366180419922;0
2548.345;329.510803222656;0
2549.833;286.177886962891;0
2551.321;229.944305419922;0
2552.811;230.13850402832;0
2554.296;231.880477905273;0
2555.78;256.924041748047;0
2557.267;239.8125;0
2558.752;299.731842041016;0
2560.237;387.986236572266;0
2561.721;425.463043212891;0
2563.203;387.828674316406;0
2564.687;326.527191162109;0
2566.168;344.768280029297;0
2567.648;401.915313720703;0
2569.129;398.841064453125;0
2570.607;369.544952392578;0
2572.086;334.704437255859;0
2573.565;350.703460693359;0
2575.041;343.143005371094;0
2576.518;348.209228515625;0
2577.994;378.877838134766;0
2579.469;401.546020507813;0
2580.945;456.547180175781;0
2582.418;473.550750732422;0
2583.892;453.729064941406;0
2585.365;389.683410644531;0
2586.835;346.987121582031;0
2588.307;343.030639648438;0
2589.778;325.026580810547;0
2591.248;324.980316162109;0
2592.717;344.012359619141;0
2594.186;392.170104980469;0
2595.652;453.872100830078;0
2597.121;476.787933349609;0
2598.585;464.917602539063;0
2600.052;409.4912109375;0
2601.518;374.094970703125;0
2602.982;417.913604736328;0
2604.446;371.100616455078;0
2605.907;375.032043457031;0
2607.371;337.544006347656;0
2608.83;368.063049316406;0
2610.293;389.580505371094;0
2611.752;433.874572753906;0
2613.213;478.944976806641;0
2614.672;503.303436279297;0
2616.13;476.884124755859;0
2617.587;427.120727539063;0
2619.043;388.789093017578;0
2620.501;463.785186767578;0
2621.957;505.767303466797;0
2623.409;544.291809082031;0
2624.864;486.033966064453;0
2626.318;579.660522460938;0
2627.771;599.616027832031;0
2629.222;629.982604980469;0
2630.673;614.320617675781;0
2632.124;584.9892578125;0
2633.575;551.322509765625;0
2635.023;496.43212890625;0
2636.473;515.332336425781;0
2637.922;513.101440429688;0
2639.368;502.983245849609;0
2640.816;429.896453857422;0
2642.261;396.408050537109;0
2643.705;340.75048828125;0
2645.151;423.1181640625;0
2646.596;458.972442626953;0
2648.037;524.368408203125;0
2649.48;464.654663085937;0
2650.923;433.362579345703;0
2652.364;387.849945068359;0
2653.804;404.887542724609;0
2655.243;418.593597412109;0
2656.683;353.652893066406;0
2658.121;307.987060546875;0
2659.559;218.968658447266;0
2660.997;265.178955078125;0
2662.433;355.202880859375;0
2663.868;441.766296386719;0
2665.305;425.444091796875;0
2666.737;344.680297851563;0
2668.173;336.247039794922;0
2669.606;306.894836425781;0
2671.038;318.721435546875;0
2672.47;272.778076171875;0
2673.901;322.508575439453;0
2675.331;339.920074462891;0
2676.761;324.040618896484;0
2678.189;271.43798828125;0
2679.619;259.373229980469;0
2681.045;264.31787109375;0
2682.473;314.383087158203;0
2683.9;335.129150390625;0
2685.324;328.147125244141;0
2686.749;326.150360107422;0
2688.176;262.479675292969;0
2689.599;287.772979736328;0
2691.021;259.076019287109;0
2692.444;303.609191894531;0
2693.865;355.483612060547;0
2695.287;411.510070800781;0
2696.707;376.208618164062;0
2698.125;333.351501464844;0
2699.545;266.426025390625;0
2700.963;268.609283447266;0
2702.381;273.353912353516;0
2703.798;289.524353027344;0
2705.214;280.472991943359;0
2706.629;310.318267822266;0
2708.046;368.838500976563;0
2709.458;414.137542724609;0
2710.872;380.549072265625;0
2712.285;356.073059082031;0
2713.699;357.960632324219;0
2715.111;395.763549804687;0
2716.52;431.329071044922;0
2717.93;440.417999267578;0
2719.342;450.002990722656;0
2720.749;408.644317626953;0
2722.159;372.716949462891;0
2723.565;344.922576904297;0
2724.971;383.663330078125;0
2726.38;392.281707763672;0
2727.785;338.108978271484;0
2729.19;332.656097412109;0
2730.594;284.816650390625;0
2731.997;361.980438232422;0
2733.401;335.133666992187;0
2734.803;396.634826660156;0
2736.204;332.681518554687;0
2737.606;360.374481201172;0
2739.005;355.278686523438;0
2740.405;438.373107910156;0
2741.806;423.011108398437;0
2743.202;403.194488525391;0
2744.602;363.368621826172;0
2745.998;364.839904785156;0
2747.395;413.098022460937;0
2748.79;418.123992919922;0
2750.185;363.916931152344;0
2751.58;359.702117919922;0
2752.975;351.445953369141;0
2754.366;382.003570556641;0
2755.759;416.440887451172;0
2757.151;420.980407714844;0
2758.542;370.734283447266;0
2759.933;323.216796875;0
2761.322;404.33837890625;0
2762.71;481.341033935547;0
2764.1;484.890777587891;0
2765.486;364.543182373047;0
2766.875;332.182800292969;0
2768.26;325.432830810547;0
2769.646;427.215393066406;0
2771.031;418.321380615234;0
2772.418;432.307220458984;0
2773.799;432.284362792969;0
2775.184;421.032470703125;0
2776.565;399.774139404297;0
2777.946;385.690856933594;0
2779.328;470.040313720703;0
2780.708;492.494049072266;0
2782.09;463.829345703125;0
2783.469;398.157348632813;0
2784.847;348.480590820313;0
2786.226;323.934753417969;0
2787.603;392.389709472656;0
2788.978;463.615875244141;0
2790.355;526.279846191406;0
2791.731;477.603759765625;0
2793.104;475.03173828125;0
2794.479;453.452728271484;0
2795.853;459.422760009766;0
2797.225;425.053497314453;0
2798.596;415.591247558594;0
2799.967;396.259552001953;0
2801.341;350.427459716797;0
2802.71;277.795837402344;0
2804.077;259.199127197266;0
2805.447;272.164581298828;0
2806.815;235.03125;0
2808.183;201.023529052734;0
2809.551;161.697830200195;0
2810.915;200.386260986328;0
2812.282;206.675506591797;0
2813.646;217.820816040039;0
2815.011;201.088287353516;0
2816.375;138.371002197266;0
2817.736;109.550933837891;0
2819.099;58.4058570861816;0
2820.462;83.8245697021484;0
2821.821;80.1428070068359;0
2823.182;66.361083984375;0
2824.542;108.745956420898;0
2825.901;111.694061279297;0
2827.261;177.214202880859;0
2828.617;180.518127441406;0
2829.974;180.383590698242;0
2831.33;195.143508911133;0
2832.686;183.310974121094;0
2834.043;205.277923583984;0
2835.395;200.13264465332;0
2836.75;202.099060058594;0
2838.104;229.627243041992;0
2839.456;222.6044921875;0
2840.807;221.806945800781;0
2842.16;198.613922119141;0
2843.509;231.090637207031;0
2844.858;245.583587646484;0
2846.209;219.967956542969;0
2847.556;200.58952331543;0
2848.906;208.433395385742;0
2850.253;232.3291015625;0
2851.6;225.783737182617;0
2852.946;240.463943481445;0
2854.29;271.258605957031;0
2855.635;330.723266601563;0
2856.98;303.764038085938;0
2858.323;310.139434814453;0
2859.665;254.84895324707;0
2861.008;215.782302856445;0
2862.349;216.659362792969;0
2863.691;209.092666625977;0
2865.031;223.968795776367;0
2866.37;172.620162963867;0
2867.709;170.835845947266;0
2869.048;193.06965637207;0
2870.385;239.376724243164;0
2871.722;245.680297851563;0
2873.059;265.426025390625;0
2874.394;302.392059326172;0
2875.73;311.774383544922;0
2877.064;374.552734375;0
2878.398;289.938842773438;0
2879.731;326.064025878906;0
2881.063;242.101974487305;0
2882.395;292.218048095703;0
2883.727;273.099212646484;0
2885.059;291.967926025391;0
2886.387;344.376770019531;0
2887.717;360.571502685547;0
2889.046;349.752899169922;0
2890.374;312.458587646484;0
2891.699;276.567077636719;0
2893.028;324.269104003906;0
2894.354;272.041564941406;0
2895.679;311.908081054687;0
2897.004;298.541717529297;0
2898.328;380.889129638672;0
2899.653;349.898712158203;0
2900.976;391.758850097656;0
2902.297;335.101867675781;0
2903.619;356.572509765625;0
2904.941;296.810974121094;0
2906.26;334.253143310547;0
2907.58;357.576232910156;0
2908.898;375.015502929687;0
2910.217;319.30029296875;0
2911.536;273.059661865234;0
2912.852;255.123123168945;0
2914.171;292.513031005859;0
2915.485;331.671661376953;0
2916.799;365.148498535156;0
2918.116;363.500854492188;0
2919.428;331.619140625;0
2920.743;343.901794433594;0
2922.056;328.283111572266;0
2923.367;355.750671386719;0
2924.679;292.873931884766;0
2925.99;328.973785400391;0
2927.299;316.3984375;0
2928.609;343.986175537109;0
2929.918;361.231475830078;0
2931.226;370.245941162109;0
2932.535;401.917999267578;0
2933.841;362.358367919922;0
2935.149;400.437744140625;0
2936.455;393.730499267578;0
2937.758;412.6806640625;0
2939.064;380.176666259766;0
2940.368;410.165313720703;0
2941.67;409.922576904297;0
2942.973;437.227996826172;0
2944.277;416.526550292969;0
2945.577;413.806457519531;0
2946.878;417.614471435547;0
2948.178;485.010314941406;0
2949.477;483.62548828125;0
2950.776;500.971771240234;0
2952.073;459.339050292969;0
2953.372;464.833831787109;0
2954.669;444.365234375;0
2955.965;383.712768554688;0
2957.261;392.589569091797;0
2958.556;403.738525390625;0
2959.849;482.833160400391;0
2961.145;482.066467285156;0
2962.436;474.747741699219;0
2963.732;440.3134765625;0
2965.022;454.518249511719;0
2966.313;455.829650878906;0
2967.603;416.381011962891;0
2968.893;389.370239257813;0
2970.182;365.906494140625;0
2971.471;383.577209472656;0
2972.759;411.797607421875;0
2974.047;395.456726074219;0
2975.334;380.608062744141;0
2976.62;330.192077636719;0
2977.907;322.575988769531;0
2979.192;297.046264648438;0
2980.475;319.327270507812;0
2981.76;340.269378662109;0
2983.043;358.648742675781;0
2984.326;314.354400634766;0
2985.607;223.040985107422;0
2986.888;217.868270874023;0
2988.17;243.026123046875;0
2989.449;257.691558837891;0
2990.728;218.026519775391;0
2992.007;229.581695556641;0
2993.284;224.246917724609;0
2994.562;212.577041625977;0
2995.84;155.349670410156;0
2997.115;216.787155151367;0
2998.393;237.111145019531;0
2999.666;257.543182373047;0
3000.94;185.969863891602;0
3002.215;210.345596313477;0
3003.486;173.803482055664;0
3004.76;222.366882324219;0
3006.033;169.14616394043;0
3007.303;188.029724121094;0
3008.573;111.795753479004;0
3009.844;142.555267333984;0
3011.114;120.864265441895;0
3012.383;184.278350830078;0
3013.649;170.797958374023;0
3014.917;215.977935791016;0
3016.185;163.4853515625;0
3017.451;135.987350463867;0
3018.716;119.929428100586;0
3019.983;144.867462158203;0
3021.246;200.580932617188;0
3022.509;239.291152954102;0
3023.774;213.493560791016;0
3025.035;201.030838012695;0
3026.299;131.946411132813;0
3027.56;168.505477905273;0
3028.819;138.18424987793;0
3030.081;153.314315795898;0
3031.339;184.560073852539;0
3032.598;182.981109619141;0
3033.856;169.763580322266;0
3035.114;108.690071105957;0
3036.372;102.356628417969;0
3037.628;121.567024230957;0
3038.883;159.094497680664;0
3040.138;148.329666137695;0
3041.394;121.788230895996;0
3042.646;142.797897338867;0
3043.9;225.583038330078;0
3045.152;221.697906494141;0
3046.405;247.524658203125;0
3047.657;165.951522827148;0
3048.906;257.836578369141;0
3050.158;194.273910522461;0
3051.407;251.920501708984;0
3052.656;197.776092529297;0
3053.904;263.921752929688;0
3055.153;284.527465820313;0
3056.398;284.107147216797;0
3057.647;295.583862304688;0
3058.892;313.491363525391;0
3060.137;364.271697998047;0
3061.382;308.592315673828;0
3062.625;227.120483398438;0
3063.869;209.456985473633;0
3065.112;246.884704589844;0
3066.353;307.663116455078;0
3067.595;302.648620605469;0
3068.838;321.017211914062;0
3070.075;314.371215820313;0
3071.317;357.871612548828;0
3072.557;333.300872802734;0
3073.795;314.587432861328;0
3075.032;260.248229980469;0
3076.27;220.537460327148;0
3077.507;242.915420532227;0
3078.742;255.172973632813;0
3079.978;309.861267089844;0
3081.212;304.646911621094;0
3082.446;317.529846191406;0
3083.681;295.824127197266;0
3084.913;349.105072021484;0
3086.147;309.928161621094;0
3087.38;357.626281738281;0
3088.61;336.200103759766;0
3089.84;369.205322265625;0
3091.071;360.420318603516;0
3092.3;363.177734375;0
3093.529;393.043579101563;0
3094.755;373.117340087891;0
3095.984;303.590850830078;0
3097.211;257.759124755859;0
3098.438;219.015853881836;0
3099.663;263.471099853516;0
3100.888;256.798980712891;0
3102.112;261.662902832031;0
3103.335;224.725067138672;0
3104.56;241.877212524414;0
3105.782;276.008422851563;0
3107.005;349.45166015625;0
3108.226;364.212249755859;0
3109.447;346.526428222656;0
3110.667;305.253692626953;0
3111.887;295.7548828125;0
3113.104;282.873352050781;0
3114.324;250.080871582031;0
3115.541;235.935501098633;0
3116.758;272.99462890625;0
3117.976;280.593353271484;0
3119.192;270.128326416016;0
3120.408;224.602828979492;0
3121.622;230.270935058594;0
3122.835;269.817260742188;0
3124.05;285.25146484375;0
3125.262;289.014343261719;0
3126.476;230.215240478516;0
3127.687;234.163482666016;0
3128.897;227.033081054688;0
3130.108;254.810577392578;0
3131.319;247.699401855469;0
3132.528;274.812164306641;0
3133.737;296.818176269531;0
3134.945;293.049652099609;0
3136.152;280.921936035156;0
3137.358;257.241149902344;0
3138.565;269.310546875;0
3139.772;266.606872558594;0
3140.976;279.842956542969;0
3142.18;251.419387817383;0
3143.385;240.175170898438;0
3144.588;224.10661315918;0
3145.79;225.729751586914;0
3146.993;189.606491088867;0
3148.194;148.898941040039;0
3149.395;129.701293945313;0
3150.596;170.837524414063;0
3151.794;160.755889892578;0
3152.994;158.012008666992;0
3154.193;147.939254760742;0
3155.39;183.113021850586;0
3156.587;219.069122314453;0
3157.784;217.14094543457;0
3158.982;202.440078735352;0
3160.177;215.189178466797;0
3161.37;200.979568481445;0
3162.565;220.425765991211;0
3163.759;179.076736450195;0
3164.952;194.168884277344;0
3166.146;172.10432434082;0
3167.337;168.409713745117;0
3168.527;176.493270874023;0
3169.719;189.11946105957;0
3170.91;178.569702148438;0
3172.098;173.01774597168;0
3173.288;191.46501159668;0
3174.475;221.694473266602;0
3175.663;261.816528320313;0
3176.849;238.943328857422;0
3178.037;235.742263793945;0
3179.223;193.882095336914;0
3180.408;177.341293334961;0
3181.592;199.15348815918;0
3182.777;139.081237792969;0
3183.96;190.222503662109;0
3185.143;162.144882202148;0
3186.325;224.069442749023;0
3187.507;187.662536621094;0
3188.688;231.590118408203;0
3189.869;234.98420715332;0
3191.049;260.375457763672;0
3192.228;247.873458862305;0
3193.406;212.578063964844;0
3194.585;188.106033325195;0
3195.763;183.299468994141;0
3196.939;192.936889648438;0
3198.116;196.012176513672;0
3199.292;172.505035400391;0
3200.466;186.505844116211;0
3201.643;195.723022460938;0
3202.816;225.157043457031;0
3203.991;210.038497924805;0
3205.161;199.120269775391;0
3206.334;193.542938232422;0
3207.504;232.832702636719;0
3208.677;272.321014404297;0
3209.846;276.340728759766;0
3211.017;273.338317871094;0
3212.187;288.977081298828;0
3213.356;276.700775146484;0
3214.524;293.619659423828;0
3215.69;245.066772460938;0
3216.859;225.963638305664;0
3218.024;217.381866455078;0
3219.189;234.077545166016;0
3220.354;273.411315917969;0
3221.519;300.605804443359;0
3222.682;308.884460449219;0
3223.845;313.913818359375;0
3225.01;280.360504150391;0
3226.171;306.90869140625;0
3227.332;318.780548095703;0
3228.494;330.426940917969;0
3229.655;280.435363769531;0
3230.814;277.716827392578;0
3231.973;236.545028686523;0
3233.13;272.481170654297;0
3234.29;219.611846923828;0
3235.447;248.989288330078;0
3236.605;211.5615234375;0
3237.76;208.459381103516;0
3238.916;172.239349365234;0
3240.071;219.953353881836;0
3241.224;251.865173339844;0
3242.381;287.753082275391;0
3243.532;263.284240722656;0
3244.685;267.126129150391;0
3245.839;225.501281738281;0
3246.99;239.743209838867;0
3248.141;223.295669555664;0
3249.292;286.054168701172;0
3250.439;322.679138183594;0
3251.589;339.56396484375;0
3252.739;357.699005126953;0
3253.886;337.800872802734;0
3255.034;335.114196777344;0
3256.18;295.328216552734;0
3257.326;276.038269042969;0
3258.472;309.519683837891;0
3259.617;304.095947265625;0
3260.761;292.669830322266;0
3261.905;269.918334960938;0
3263.048;303.780151367188;0
3264.19;327.418334960938;0
3265.333;361.501129150391;0
3266.475;350.140350341797;0
3267.617;340.224395751953;0
3268.757;291.690399169922;0
3269.896;271.781158447266;0
3271.036;234.899291992188;0
3272.175;217.947662353516;0
3273.313;239.679321289063;0
3274.449;282.982666015625;0
3275.586;283.136566162109;0
3276.722;275.529937744141;0
3277.859;265.341003417969;0
3278.993;272.056427001953;0
3280.13;248.010681152344;0
3281.263;248.98225402832;0
3282.395;228.749801635742;0
3283.529;227.313217163086;0
3284.66;199.118270874023;0
3285.794;234.500564575195;0
3286.924;257.683288574219;0
3288.054;289.888641357422;0
3289.185;254.671798706055;0
3290.313;236.587432861328;0
3291.443;253.192581176758;0
3292.571;335.598358154297;0
3293.698;359.120666503906;0
3294.824;332.203918457031;0
3295.952;253.402435302734;0
3297.077;210.190200805664;0
3298.203;182.652053833008;0
3299.328;206.131759643555;0
3300.45;207.074768066406;0
3301.574;244.368759155273;0
3302.698;235.125366210938;0
3303.819;249.010818481445;0
3304.942;224.516815185547;0
3306.064;230.036758422852;0
3307.182;255.793762207031;0
3308.303;277.232299804688;0
3309.423;279.91015625;0
3310.542;226.08659362793;0
3311.66;178.57585144043;0
3312.778;166.303497314453;0
3313.895;197.158828735352;0
3315.012;246.837448120117;0
3316.128;266.981597900391;0
3317.243;270.036193847656;0
3318.357;252.720855712891;0
3319.471;259.380126953125;0
3320.586;255.091979980469;0
3321.698;261.15576171875;0
3322.813;196.995101928711;0
3323.923;176.014984130859;0
3325.034;158.586502075195;0
3326.146;187.167053222656;0
3327.255;220.853225708008;0
3328.366;227.130493164063;0
3329.474;238.158432006836;0
3330.582;220.40055847168;0
3331.691;226.85514831543;0
3332.797;209.633071899414;0
3333.905;210.589645385742;0
3335.011;157.647552490234;0
3336.116;161.786499023438;0
3337.22;123.668113708496;0
3338.327;156.267166137695;0
3339.429;138.080276489258;0
3340.534;137.552551269531;0
3341.635;148.963592529297;0
3342.737;91.1833648681641;0
3343.84;123.552223205566;0
3344.94;123.470504760742;0
3346.041;181.716461181641;0
3347.142;177.403137207031;0
3348.24;182.30891418457;0
3349.337;188.544464111328;0
3350.437;183.000122070313;0
3351.534;146.564956665039;0
3352.633;164.783157348633;0
3353.727;162.509414672852;0
3354.823;207.295028686523;0
3355.919;213.083389282227;0
3357.013;237.740646362305;0
3358.108;225.275192260742;0
3359.201;226.80403137207;0
3360.293;175.215408325195;0
3361.385;174.795349121094;0
3362.478;157.414108276367;0
3363.569;198.707443237305;0
3364.661;197.665679931641;0
3365.75;238.243865966797;0
3366.838;221.035430908203;0
3367.929;197.124359130859;0
3369.017;169.299560546875;0
3370.105;199.925872802734;0
3371.193;228.881912231445;0
3372.279;239.014526367188;0
3373.364;208.975540161133;0
3374.45;163.298889160156;0
3375.534;162.152862548828;0
3376.62;201.390716552734;0
3377.704;209.955047607422;0
3378.786;181.988265991211;0
3379.871;210.47216796875;0
3380.951;279.998199462891;0
3382.034;277.452117919922;0
3383.114;234.39453125;0
3384.195;206.283752441406;0
3385.276;248.207489013672;0
3386.354;248.650527954102;0
3387.433;267.5146484375;0
3388.511;272.411193847656;0
3389.588;304.321380615234;0
3390.664;261.210540771484;0
3391.742;255.83056640625;0
3392.816;240.802658081055;0
3393.893;319.182586669922;0
3394.968;315.641082763672;0
3396.042;299.290496826172;0
3397.115;240.18083190918;0
3398.189;230.334060668945;0
3399.262;220.360382080078;0
3400.333;254.190658569336;0
3401.404;273.317932128906;0
3402.474;325.300354003906;0
3403.545;302.029541015625;0
3404.615;296.286010742188;0
3405.685;213.405548095703;0
3406.752;222.128372192383;0
3407.82;234.491088867188;0
3408.888;314.605133056641;0
3409.955;315.473571777344;0
3411.021;336.987121582031;0
3412.085;322.754974365234;0
3413.151;359.201354980469;0
3414.215;303.625549316406;0
3415.279;272.027770996094;0
3416.343;246.314041137695;0
3417.406;247.27278137207;0
3418.468;269.140502929688;0
3419.53;239.330230712891;0
3420.592;282.987213134766;0
3421.652;264.656799316406;0
3422.712;268.103363037109;0
3423.773;222.781127929688;0
3424.83;251.286590576172;0
3425.889;263.572387695313;0
3426.946;278.203002929688;0
3428.005;244.408386230469;0
3429.061;252.563980102539;0
3430.117;249.183624267578;0
3431.172;218.297790527344;0
3432.227;216.223785400391;0
3433.281;194.256378173828;0
3434.335;254.54150390625;0
3435.389;211.026275634766;0
3436.44;209.484588623047;0
3437.492;177.449432373047;0
3438.546;171.970748901367;0
3439.598;170.822952270508;0
3440.646;179.937942504883;0
3441.697;210.413238525391;0
3442.745;229.671325683594;0
3443.793;279.321166992187;0
3444.842;290.781677246094;0
3445.891;295.415222167969;0
3446.937;251.182159423828;0
3447.984;244.03125;0
3449.031;236.698684692383;0
3450.075;251.385238647461;0
3451.12;249.629959106445;0
3452.164;270.548522949219;0
3453.207;238.409729003906;0
3454.251;195.578231811523;0
3455.293;192.006851196289;0
3456.336;184.005599975586;0
3457.378;187.892974853516;0
3458.417;160.113128662109;0
3459.458;160.163208007813;0
3460.498;130.406188964844;0
3461.539;153.451248168945;0
3462.577;164.736175537109;0
3463.614;183.637741088867;0
3464.651;171.643402099609;0
3465.689;193.575988769531;0
3466.726;238.095550537109;0
3467.763;224.110977172852;0
3468.798;202.103851318359;0
3469.831;222.384796142578;0
3470.866;254.070266723633;0
3471.9;241.856704711914;0
3472.933;172.870391845703;0
3473.966;149.184707641602;0
3474.999;160.682067871094;0
3476.029;197.874847412109;0
3477.061;209.58528137207;0
3478.09;166.732681274414;0
3479.121;137.256378173828;0
3480.15;148.408187866211;0
3481.178;161.870132446289;0
3482.205;188.303451538086;0
3483.234;145.948715209961;0
3484.26;167.753982543945;0
3485.288;208.562927246094;0
3486.313;252.727005004883;0
3487.337;255.87712097168;0
3488.364;205.331359863281;0
3489.387;180.459014892578;0
3490.411;194.620315551758;0
3491.434;198.080291748047;0
3492.456;208.602722167969;0
3493.479;171.359588623047;0
3494.5;150.751327514648;0
3495.521;82.5246124267578;0
3496.543;73.5842819213867;0
3497.561;85.345329284668;0
3498.579;80.9574432373047;0
3499.6;71.402458190918;0
3500.618;20.4060001373291;0
3501.636;7.74216890335083;0
3502.653;37.7969398498535;0
3503.669;15.7760486602783;0
3504.685;12.6107597351074;0
3505.699;-41.5893936157227;0
3506.716;-39.6067657470703;0
3507.729;-50.0359573364258;0
3508.743;-29.474536895752;0
3509.755;-15.4861106872559;0
