98.64605;0;0
101.2353;0;0
103.8217;0;0
106.4096;32.8148155212402;0
108.9945;-30.2000007629395;0
111.5767;-42.6190490722656;0
114.1602;-5.419753074646;0
116.7409;34.5454559326172;0
119.3209;21.5128211975098;0
121.9002;-15.7851848602295;0
124.4788;-8.35947704315186;0
127.0566;-18.4853801727295;0
129.6317;18.9470901489258;0
132.2038;19.3478260040283;0
134.7796;26.3774394989014;0
137.3503;-11.4866409301758;0
139.9204;-11.2959909439087;0
142.4919;71.9453277587891;0
145.0584;114.871200561523;0
147.6242;158.116653442383;0
150.1914;163.924163818359;0
152.7579;190.438018798828;0
155.3216;213.40852355957;0
157.8846;212.753860473633;0
160.4448;265.505554199219;0
163.0085;238.885925292969;0
165.5672;246.688766479492;0
168.1232;229.014694213867;0
170.6826;266.609466552734;0
173.2372;298.637847900391;0
175.7931;302.911193847656;0
178.3463;309.277191162109;0
180.8966;282.273468017578;0
183.4504;313.4453125;0
185.9993;351.7314453125;0
188.5476;406.409576416016;0
191.0972;433.581970214844;0
193.644;438.965057373047;0
196.1859;448.555480957031;0
198.7335;461.5;0
201.2761;438.212829589844;0
203.8201;433.149078369141;0
206.3593;416.98388671875;0
208.8998;453.543487548828;0
211.4397;475.465545654297;0
213.9746;513.014221191406;0
216.5109;555.044860839844;0
219.0487;592.382568359375;0
221.5816;626.224670410156;0
224.1158;584.556518554687;0
226.6473;550.97607421875;0
229.176;522.684265136719;0
231.7082;568.723266601563;0
234.2355;598.95263671875;0
236.7643;610.450622558594;0
239.2902;627.814697265625;0
241.8133;648.131958007813;0
244.3379;660.7939453125;0
246.8618;631.51611328125;0
249.3828;635.373657226562;0
251.9053;627.988708496094;0
254.423;643.26416015625;0
256.942;611.833679199219;0
259.4603;653.78271484375;0
261.9759;675.041015625;0
264.4887;675.878601074219;0
267.005;638.676452636719;0
269.5164;664.818664550781;0
272.0292;687.658813476563;0
274.5393;699.669311523438;0
277.0466;665.021911621094;0
279.5574;701.380676269531;0
282.0654;714.718688964844;0
284.5686;712.742309570313;0
287.0752;707.533569335937;0
289.5791;705.812866210938;0
292.0803;689.34130859375;0
294.5828;636.394409179688;0
297.0826;603.598999023438;0
299.5838;610.322448730469;0
302.0801;612.907958984375;0
304.5758;657.479553222656;0
307.0749;641.958251953125;0
309.5672;642.375793457031;0
312.0608;583.847412109375;0
314.5558;606.748352050781;0
317.044;601.635681152344;0
319.5377;569.025390625;0
322.0266;572.839050292969;0
324.5127;520.825317382813;0
327.0023;561.638244628906;0
329.4871;573.196350097656;0
331.9691;686.895141601563;0
334.4547;700.632080078125;0
336.9353;696.162292480469;0
339.4174;705.804321289062;0
341.901;712.837585449219;0
344.3776;768.382080078125;0
346.8577;712.577575683594;0
349.333;759.796997070313;0
351.8076;733.017639160156;0
354.2857;742.836486816406;0
356.7569;678.140686035156;0
359.2296;636.699829101563;0
361.7015;646.482055664062;0
364.1729;724.836303710937;0
366.6414;795.087158203125;0
369.1093;809.160522460938;0
371.5745;753.050659179687;0
374.0432;687.52734375;0
376.507;680.330688476562;0
378.9702;692.162902832031;0
381.4348;734.509826660156;0
383.8947;737.322814941406;0
386.3538;734.367492675781;0
388.8144;723.189697265625;0
391.2722;764.619873046875;0
393.7314;746.340759277344;0
396.1859;744.510803222656;0
398.6418;721.885009765625;0
401.0949;789.421264648438;0
403.5475;806.278991699219;0
405.9972;811.867736816406;0
408.4505;784.631042480469;0
410.899;825.328735351563;0
413.3468;799.276794433594;0
415.796;830.318359375;0
418.2405;840.522766113281;0
420.6884;819.966064453125;0
423.1295;817.31494140625;0
425.572;775.4111328125;0
428.0159;810.283630371094;0
430.455;753.1337890625;0
432.8956;707.526794433594;0
435.3335;698.066284179688;0
437.7707;721.45849609375;0
440.2093;697.6787109375;0
442.6432;680.287658691406;0
445.0764;633.879211425781;0
447.511;610.9833984375;0
449.9429;648.548461914063;0
452.3721;685.027954101562;0
454.8048;736.077758789063;0
457.2328;735.247680664063;0
459.66;740.216857910156;0
462.0847;751.469421386719;0
464.5127;704.478698730469;0
466.9381;711.215942382813;0
469.3587;718.014892578125;0
471.7807;813.002807617187;0
474.2042;832.494506835938;0
476.6229;788.588684082031;0
479.041;719.550415039063;0
481.4604;723.886291503906;0
483.8752;742.262756347656;0
486.2934;754.732055664063;0
488.7068;738.594482421875;0
491.1197;741.78369140625;0
493.5339;720.987487792969;0
495.9435;684.74072265625;0
498.3544;645.046997070313;0
500.7667;628.202087402344;0
503.1723;617.266723632813;0
505.5793;632.626403808594;0
507.9856;598.95703125;0
510.3913;592.631469726563;0
512.7944;582.221923828125;0
515.1968;606.762451171875;0
517.5986;623.854248046875;0
519.9997;641.636108398438;0
522.3982;638.157165527344;0
524.798;618.34130859375;0
527.1973;562.963317871094;0
529.5919;512.863037109375;0
531.9899;504.431274414063;0
534.3832;562.661865234375;0
536.7758;630.627014160156;0
539.1699;651.497741699219;0
541.5593;641.498291015625;0
543.9481;589.0615234375;0
546.3382;609.977661132812;0
548.7257;617.552490234375;0
551.1146;682.755981445313;0
553.4968;674.721252441406;0
555.8824;658.342712402344;0
558.2675;647.149475097656;0
560.6478;657.290893554687;0
563.0295;690.897094726562;0
565.4106;716.303039550781;0
567.7911;684.95556640625;0
570.169;652.743835449219;0
572.5462;583.779296875;0
574.9229;561.283447265625;0
577.2968;562.800048828125;0
579.6721;555.074096679688;0
582.0449;533.146545410156;0
584.417;469.130981445313;0
586.7885;439.474700927734;0
589.1553;437.922485351562;0
591.5255;453.608001708984;0
593.8931;464.56689453125;0
596.2601;513.312683105469;0
598.6265;490.939422607422;0
600.9902;534.87890625;0
603.3554;476.043090820313;0
605.7179;515.526000976563;0
608.0778;508.859710693359;0
610.4391;526.667663574219;0
612.7977;503.732696533203;0
615.1558;507.989013671875;0
617.5132;489.945526123047;0
619.8701;541.346130371094;0
622.2263;536.558044433594;0
624.5779;589.653259277344;0
626.9308;592.762084960938;0
629.2852;623.158752441406;0
631.6349;637.313781738281;0
633.9841;700.001708984375;0
636.3326;672.945739746094;0
638.6805;681.255126953125;0
641.0279;633.855102539062;0
643.3746;758.989013671875;0
645.7187;776.802368164063;0
648.0621;779.430053710937;0
650.405;690.099914550781;0
652.7453;730.710327148438;0
655.087;723.083251953125;0
657.426;720.356811523438;0
659.7645;712.128356933594;0
662.1024;728.14453125;0
664.4376;714.535400390625;0
666.7742;675.969055175781;0
669.1063;689.333374023438;0
671.4398;707.5009765625;0
673.7726;651.593627929688;0
676.1048;634.477478027344;0
678.4324;563.896240234375;0
680.7635;625.407043457031;0
683.0919;610.413696289063;0
685.4158;637.924011230469;0
687.743;612.492126464844;0
690.0696;592.058227539062;0
692.3937;581.331237792969;0
694.7151;492.685211181641;0
697.038;525.960205078125;0
699.3583;551.431213378906;0
701.6779;625.259155273438;0
703.995;585.468322753906;0
706.3155;582.612060546875;0
708.6294;569.354309082031;0
710.9467;549.249877929688;0
713.2594;505.965972900391;0
715.5735;508.779754638672;0
717.887;527.553344726563;0
720.1979;587.156799316406;0
722.5083;644.413818359375;0
724.818;647.040832519531;0
727.1252;593.516906738281;0
729.4357;523.099243164063;0
731.7418;547.612426757812;0
734.0452;630.394287109375;0
736.35;696.948425292969;0
738.6522;689.597961425781;0
740.9539;654.612243652344;0
743.2569;594.2587890625;0
745.5554;624.591796875;0
747.8553;537.437866210937;0
750.1545;536.652648925781;0
752.4513;500.184997558594;0
754.7474;544.901611328125;0
757.043;502.123992919922;0
759.336;528.8212890625;0
761.6304;551.817443847656;0
763.9222;572.019409179688;0
766.2114;514.883911132812;0
768.5041;478.496032714844;0
770.7922;450.969665527344;0
773.0777;413.581726074219;0
775.3647;459.491455078125;0
777.651;518.362121582031;0
779.9368;610.39404296875;0
782.22;577.005310058594;0
784.5026;510.083343505859;0
786.7847;493.072967529297;0
789.0662;453.043579101562;0
791.3451;479.913330078125;0
793.6254;499.450012207031;0
795.9012;542.404663085938;0
798.1784;593.501953125;0
800.455;591.73046875;0
802.7291;583.978393554688;0
805.0026;545.690246582031;0
807.2755;526.310913085938;0
809.5478;592.713500976563;0
811.8176;614.825744628906;0
814.0869;605.799865722656;0
816.3535;617.747497558594;0
818.6235;687.345581054688;0
820.8911;698.183410644531;0
823.156;657.149719238281;0
825.4204;622.129943847656;0
827.6823;626.901672363281;0
829.9474;669.130065917969;0
832.2082;664.792175292969;0
834.4683;673.489807128906;0
836.7279;669.226623535156;0
838.9869;709.087463378906;0
841.2453;732.73974609375;0
843.5012;755.740905761719;0
845.7565;790.980224609375;0
848.0133;796.346069335938;0
850.2655;803.781677246094;0
852.5153;730.645568847656;0
854.7703;717.956359863281;0
857.0189;691.999938964844;0
859.2668;718.948486328125;0
861.5182;662.023376464844;0
863.7651;620.223449707031;0
866.0114;556.684143066406;0
868.2592;479.460327148438;0
870.5024;407.07373046875;0
872.7451;339.598419189453;0
874.9872;364.176177978516;0
877.2307;378.494689941406;0
879.4717;402.614196777344;0
881.7101;364.864685058594;0
883.95;338.691375732422;0
886.1854;373.417205810547;0
888.4202;431.121948242187;0
890.6604;455.071563720703;0
892.8941;439.043060302734;0
895.1253;429.815704345703;0
897.3599;420.724639892578;0
899.59;381.77099609375;0
901.8195;416.179656982422;0
904.0504;458.506164550781;0
906.2789;464.5283203125;0
908.5087;456.640991210938;0
910.7341;447.071655273438;0
912.9589;467.538177490234;0
915.1851;500.809814453125;0
917.4088;516.997253417969;0
919.63;527.102233886719;0
921.8526;491.343444824219;0
924.0727;477.725219726563;0
926.2922;464.408996582031;0
928.5112;450.040740966797;0
930.7277;429.037658691406;0
932.9476;401.504211425781;0
935.163;363.551574707031;0
937.3739;295.957061767578;0
939.5901;270.828979492188;0
941.8019;202.738510131836;0
944.0151;249.979370117187;0
946.2258;168.512130737305;0
948.4341;173.95735168457;0
950.6456;85.7900466918945;0
952.8527;97.0963516235352;0
955.0593;95.9765396118164;0
957.2653;79.3197250366211;0
959.4689;113.9697265625;0
961.6738;118.970764160156;0
963.8782;111.212524414063;0
966.0782;85.3637008666992;0
968.2815;100.574005126953;0
970.4803;145.587326049805;0
972.6787;162.092926025391;0
974.8784;141.619049072266;0
977.0757;170.085662841797;0
979.2704;174.033966064453;0
981.4667;194.326782226563;0
983.6603;210.88752746582;0
985.8535;248.204406738281;0
988.0461;263.217529296875;0
990.2363;219.481826782227;0
992.4297;317.755920410156;0
994.6169;417.464965820312;0
996.8035;510.362701416016;0
998.9933;479.734558105469;0
1001.179;498.802001953125;0
1003.364;533.676208496094;0
1005.55;562.326354980469;0
1007.732;605.397155761719;0
1009.916;558.382690429688;0
1012.096;562.616394042969;0
1014.275;491.875213623047;0
1016.459;503.170776367188;0
1018.636;537.045776367188;0
1020.813;565.944641113281;0
1022.991;634.198120117188;0
1025.165;540.138793945312;0
1027.34;522.763549804687;0
1029.515;506.959930419922;0
1031.687;579.725280761719;0
1033.859;520.615112304687;0
1036.03;444.853851318359;0
1038.199;406.334381103516;0
1040.369;415.721618652344;0
1042.536;417.794006347656;0
1044.704;320.329315185547;0
1046.87;343.327545166016;0
1049.034;331.450378417969;0
1051.198;313.255645751953;0
1053.363;256.299530029297;0
1055.526;233.47248840332;0
1057.686;270.998657226563;0
1059.845;279.878021240234;0
1062.005;239.777252197266;0
1064.165;212.029678344727;0
1066.323;175.190841674805;0
1068.477;182.460510253906;0
1070.634;189.016098022461;0
1072.788;173.151596069336;0
1074.942;165.412384033203;0
1077.096;192.282623291016;0
1079.247;268.670043945313;0
1081.397;320.106567382813;0
1083.547;382.640686035156;0
1085.695;324.314483642578;0
1087.844;360.728668212891;0
1089.992;318.949829101563;0
1092.138;399.309753417969;0
1094.284;390.250915527344;0
1096.425;418.956848144531;0
1098.571;302.683746337891;0
1100.711;266.186767578125;0
1102.851;228.048751831055;0
1104.994;268.926025390625;0
1107.132;302.999633789063;0
1109.271;299.947113037109;0
1111.408;333.478515625;0
1113.543;351.525787353516;0
1115.682;373.704742431641;0
1117.816;352.459869384766;0
1119.947;350.364593505859;0
1122.08;307.770477294922;0
1124.213;307.2548828125;0
1126.343;247.865676879883;0
1128.474;268.583984375;0
1130.602;285.096649169922;0
1132.728;280.293304443359;0
1134.856;322.285034179688;0
1136.982;301.182952880859;0
1139.109;381.764831542969;0
1141.234;308.476135253906;0
1143.356;303.426727294922;0
1145.479;211.060028076172;0
1147.599;228.041946411133;0
1149.719;216.039154052734;0
1151.839;252.162780761719;0
1153.957;244.525207519531;0
1156.076;223.904495239258;0
1158.191;169.078399658203;0
1160.305;198.961227416992;0
1162.423;277.354888916016;0
1164.536;338.603759765625;0
1166.647;313.196441650391;0
1168.761;276.910736083984;0
1170.871;266.5234375;0
1172.983;324.920593261719;0
1175.092;332.552215576172;0
1177.2;385.306945800781;0
1179.306;345.40576171875;0
1181.413;345.178619384766;0
1183.518;311.401184082031;0
1185.623;303.071441650391;0
1187.725;316.744689941406;0
1189.826;290.198852539063;0
1191.929;314.211730957031;0
1194.032;302.028015136719;0
1196.13;318.470275878906;0
1198.23;290.800079345703;0
1200.327;224.248123168945;0
1202.423;239.581604003906;0
1204.52;246.525085449219;0
1206.613;283.946746826172;0
1208.71;326.539611816406;0
1210.801;350.655120849609;0
1212.892;411.545593261719;0
1214.987;325.877716064453;0
1217.075;332.651458740234;0
1219.166;319.201019287109;0
1221.256;364.083770751953;0
1223.342;403.077850341797;0
1225.43;388.29443359375;0
1227.515;362.626373291016;0
1229.597;321.609649658203;0
1231.685;343.523376464844;0
1233.767;333.385375976563;0
1235.85;322.009460449219;0
1237.931;339.308990478516;0
1240.009;369.172882080078;0
1242.09;348.049407958984;0
1244.168;363.387023925781;0
1246.245;358.632354736328;0
1248.321;398.452087402344;0
1250.397;366.068420410156;0
1252.472;358.83349609375;0
1254.547;304.505004882812;0
1256.618;269.082153320313;0
1258.69;233.898330688476;0
1260.761;279.509063720703;0
1262.83;296.136596679688;0
1264.901;325.779876708984;0
1266.969;236.327865600586;0
1269.035;159.892654418945;0
1271.102;149.474517822266;0
1273.167;179.103607177734;0
1275.233;281.469177246094;0
1277.295;271.518493652344;0
1279.359;289.696014404297;0
1281.42;217.223968505859;0
1283.482;194.299118041992;0
1285.542;210.561859130859;0
1287.6;199.998519897461;0
1289.659;164.787033081055;0
1291.714;135.816329956055;0
1293.774;206.883026123047;0
1295.828;302.928802490234;0
1297.881;362.994110107422;0
1299.936;399.412322998047;0
1301.987;432.961212158203;0
1304.041;471.753234863281;0
1306.09;498.899658203125;0
1308.139;478.402496337891;0
1310.19;432.9287109375;0
1312.238;379.367004394531;0
1314.286;386.717956542969;0
1316.331;392.2041015625;0
1318.376;432.047668457031;0
1320.422;464.804260253906;0
1322.466;494.364044189453;0
1324.508;493.256561279297;0
1326.549;419.740661621094;0
1328.59;317.073608398438;0
1330.632;263.635772705078;0
1332.67;322.035247802734;0
1334.707;403.464141845703;0
1336.746;384.255798339844;0
1338.78;300.965759277344;0
1340.816;172.148803710938;0
1342.852;143.358581542969;0
1344.885;168.039184570312;0
1346.916;260.746154785156;0
1348.948;332.032867431641;0
1350.979;332.899749755859;0
1353.011;334.123077392578;0
1355.04;270.924530029297;0
1357.066;263.747406005859;0
1359.094;253.813919067383;0
1361.121;232.346282958984;0
1363.145;195.118377685547;0
1365.171;175.681793212891;0
1367.192;163.589920043945;0
1369.216;153.176055908203;0
1371.239;171.329681396484;0
1373.258;235.384124755859;0
1375.28;286.006042480469;0
1377.298;279.7509765625;0
1379.316;206.507858276367;0
1381.335;112.943305969238;0
1383.35;67.612907409668;0
1385.366;92.3904800415039;0
1387.38;142.002944946289;0
1389.394;127.849548339844;0
1391.409;96.8191909790039;0
1393.42;92.8817367553711;0
1395.43;102.903282165527;0
1397.44;82.1583480834961;0
1399.451;78.8686676025391;0
1401.458;103.357032775879;0
1403.466;151.087860107422;0
1405.472;131.278396606445;0
1407.478;106.373092651367;0
1409.483;130.032012939453;0
1411.486;146.143112182617;0
1413.49;141.69841003418;0
1415.492;136.314697265625;0
1417.492;120.170867919922;0
1419.495;155.500442504883;0
1421.494;155.601898193359;0
1423.492;209.239868164063;0
1425.49;218.170440673828;0
1427.487;212.045227050781;0
1429.482;220.826568603516;0
1431.477;265.958892822266;0
1433.471;317.108306884766;0
1435.466;354.385589599609;0
1437.456;313.124084472656;0
1439.447;315.545989990234;0
1441.441;304.09521484375;0
1443.427;320.658081054688;0
1445.417;283.122802734375;0
1447.406;270.379913330078;0
1449.392;266.652221679688;0
1451.381;264.939758300781;0
1453.365;298.464691162109;0
1455.348;269.782653808594;0
1457.333;268.560241699219;0
1459.314;176.686401367187;0
1461.296;259.605529785156;0
1463.276;243.510696411133;0
1465.256;294.039367675781;0
1467.237;238.769729614258;0
1469.215;265.956359863281;0
1471.19;288.599456787109;0
1473.167;253.031967163086;0
1475.145;284.031677246094;0
1477.118;320.376342773437;0
1479.092;320.62158203125;0
1481.065;271.100646972656;0
1483.038;169.258041381836;0
1485.008;185.871795654297;0
1486.979;212.830780029297;0
1488.949;232.690017700195;0
1490.917;217.227264404297;0
1492.883;186.554733276367;0
1494.852;186.005783081055;0
1496.817;227.913711547852;0
1498.782;263.722991943359;0
1500.748;253.433609008789;0
1502.708;276.616180419922;0
1504.673;221.766006469727;0
1506.634;269.154663085938;0
1508.594;152.116744995117;0
1510.554;221.764587402344;0
1512.512;167.320602416992;0
1514.471;196.562973022461;0
1516.428;153.714447021484;0
1518.384;191.454406738281;0
1520.34;166.318664550781;0
1522.294;160.645553588867;0
1524.249;141.768402099609;0
1526.202;150.138229370117;0
1528.153;105.981010437012;0
1530.103;169.732376098633;0
1532.054;215.836791992188;0
1534.004;280.405334472656;0
1535.951;219.093414306641;0
1537.899;188.380294799805;0
1539.847;105.279144287109;0
1541.793;100.25609588623;0
1543.738;115.881744384766;0
1545.681;152.304885864258;0
1547.625;127.192161560059;0
1549.566;143.765823364258;0
1551.509;190.248077392578;0
1553.45;261.750030517578;0
1555.389;234.938354492187;0
1557.33;211.589996337891;0
1559.266;165.260025024414;0
1561.204;247.835708618164;0
1563.141;225.315246582031;0
1565.074;242.586929321289;0
1567.009;185.206298828125;0
1568.943;223.840026855469;0
1570.877;232.265884399414;0
1572.808;164.928329467773;0
1574.741;130.049575805664;0
1576.67;35.0740699768066;0
1578.6;15.8087787628174;0
1580.528;6.61622714996338;0
1582.455;85.0397262573242;0
1584.382;126.58869934082;0
1586.307;128.707595825195;0
1588.234;94.9519424438477;0
1590.157;106.988441467285;0
1592.081;114.483734130859;0
1594.002;136.215606689453;0
1595.927;120.295181274414;0
1597.845;121.722442626953;0
1599.767;136.27490234375;0
1601.685;149.285903930664;0
1603.602;171.311004638672;0
1605.523;135.905731201172;0
1607.438;173.291244506836;0
1609.354;147.578643798828;0
1611.269;80.1012496948242;0
1613.181;31.970178604126;0
1615.096;32.7420120239259;0
1617.008;46.1948051452637;0
1618.92;40.2174491882324;0
1620.83;16.1391372680664;0
1622.74;21.358757019043;0
1624.649;33.0417785644531;0
1626.557;46.5055274963379;0
1628.464;61.7339973449707;0
1630.37;77.5087966918945;0
1632.275;107.068290710449;0
1634.18;215.300704956055;0
1636.085;265.650482177734;0
1637.988;312.340850830078;0
1639.888;317.149566650391;0
1641.791;371.740539550781;0
1643.691;356.668212890625;0
1645.588;324.15478515625;0
1647.489;283.090515136719;0
1649.387;319.031066894531;0
1651.284;344.645172119141;0
1653.18;334.155303955078;0
1655.075;327.116851806641;0
1656.972;322.085418701172;0
1658.864;375.727600097656;0
1660.754;413.043426513672;0
1662.65;427.588470458984;0
1664.539;382.584930419922;0
1666.428;336.920989990234;0
1668.32;327.929992675781;0
1670.207;300.611938476563;0
1672.096;299.522369384766;0
1673.982;290.105743408203;0
1675.867;296.584289550781;0
1677.754;314.180206298828;0
1679.638;318.11572265625;0
1681.52;333.946411132813;0
1683.403;341.005615234375;0
1685.285;373.626617431641;0
1687.166;421.809448242188;0
1689.048;391.884704589844;0
1690.924;369.740020751953;0
1692.804;290.930633544922;0
1694.682;274.666473388672;0
1696.558;264.626525878906;0
1698.435;289.588500976563;0
1700.308;262.663543701172;0
1702.184;263.962738037109;0
1704.057;331.597229003906;0
1705.929;342.567016601563;0
1707.801;363.48974609375;0
1709.674;300.303344726562;0
1711.542;335.896667480469;0
1713.412;272.825256347656;0
1715.28;192.567489624023;0
1717.145;138.756774902344;0
1719.015;84.2828979492188;0
1720.88;77.5903167724609;0
1722.746;97.1234664916992;0
1724.61;136.104568481445;0
1726.471;167.64372253418;0
1728.334;76.9270935058594;0
1730.197;60.434886932373;0
1732.057;97.4985656738281;0
1733.919;154.386489868164;0
1735.777;172.154205322266;0
1737.634;136.928848266602;0
1739.493;177.791397094726;0
1741.349;191.286026000976;0
1743.205;217.44807434082;0
1745.061;228.501708984375;0
1746.915;243.670303344727;0
1748.77;298.064697265625;0
1750.621;214.462600708008;0
1752.473;195.864028930664;0
1754.323;133.380096435547;0
1756.173;162.010803222656;0
1758.022;203.865875244141;0
1759.87;184.834091186524;0
1761.718;204.802291870117;0
1763.566;220.103546142578;0
1765.411;221.51579284668;0
1767.256;213.039047241211;0
1769.101;161.788116455078;0
1770.945;169.540802001953;0
1772.787;248.074859619141;0
1774.629;222.945861816406;0
1776.469;263.487854003906;0
1778.309;192.700805664062;0
1780.15;228.4736328125;0
1781.987;207.806335449219;0
1783.826;242.69889831543;0
1785.662;285.040222167969;0
1787.498;304.274719238281;0
1789.334;277.847473144531;0
1791.169;285.869537353516;0
1793.002;347.674285888672;0
1794.834;373.928344726563;0
1796.667;323.520629882813;0
1798.498;283.787200927734;0
1800.328;260.840423583984;0
1802.157;279.12548828125;0
1803.986;205.309112548828;0
1805.813;229.169021606445;0
1807.639;195.705230712891;0
1809.467;259.251068115234;0
1811.292;179.917663574219;0
1813.117;196.371658325195;0
1814.94;167.057525634766;0
1816.763;214.135314941406;0
1818.585;185.556076049805;0
1820.407;175.208694458008;0
1822.227;147.426498413086;0
1824.048;180.508926391602;0
1825.865;179.37809753418;0
1827.683;239.366455078125;0
1829.501;262.585113525391;0
1831.317;239.034042358399;0
1833.135;208.602172851563;0
1834.948;50.7339210510254;0
1836.761;89.6873016357422;0
1838.577;27.7598628997803;0
1840.388;140.620346069336;0
1842.198;87.8228530883789;0
1844.009;87.5900955200195;0
1845.819;-27.0773506164551;0
1847.629;-33.0221633911133;0
1849.436;-5.78106355667114;0
1851.244;128.025421142578;0
1853.052;199.618011474609;0
1854.858;182.439971923828;0
1856.661;147.935073852539;0
1858.466;146.436645507813;0
1860.269;173.389129638672;0
1862.073;137.570327758789;0
1863.875;183.424652099609;0
1865.673;206.618789672852;0
1867.476;223.930511474609;0
1869.275;115.58203125;0
1871.072;121.351150512695;0
1872.872;130.68229675293;0
1874.667;40.0199089050293;0
1876.464;14.1380586624146;0
1878.26;-8.62992286682129;0
1880.053;68.6622924804688;0
1881.849;56.5128135681152;0
1883.64;113.812194824219;0
1885.431;179.227096557617;0
1887.226;193.090850830078;0
1889.014;155.070114135742;0
1890.803;76.7204666137695;0
1892.594;127.819664001465;0
1894.38;139.034606933594;0
1896.167;165.475814819336;0
1897.955;88.9210662841797;0
1899.74;79.1494598388672;0
1901.526;19.2721118927002;0
1903.309;61.048900604248;0
1905.091;89.4980850219727;0
1906.876;162.398529052734;0
1908.658;142.417907714844;0
1910.438;118.111770629883;0
1912.217;146.591232299805;0
1913.996;165.189605712891;0
1915.775;134.906921386719;0
1917.553;105.743148803711;0
1919.33;103.698310852051;0
1921.106;175.43879699707;0
1922.881;151.743148803711;0
1924.655;122.391876220703;0
1926.431;78.7183074951172;0
1928.202;105.876708984375;0
1929.974;113.031875610352;0
1931.746;108.752540588379;0
1933.516;83.3720321655273;0
1935.286;89.5570220947266;0
1937.055;110.418617248535;0
1938.823;133.956832885742;0
1940.592;132.611953735352;0
1942.356;140.050643920899;0
1944.122;150.941284179687;0
1945.888;165.729125976562;0
1947.651;172.969573974609;0
1949.416;186.995468139649;0
1951.178;168.026275634766;0
1952.939;144.950561523437;0
1954.699;177.326705932617;0
1956.459;189.431549072266;0
1958.219;173.806518554688;0
1959.979;137.074966430664;0
1961.735;116.681343078613;0
1963.491;134.847869873047;0
1965.249;110.463424682617;0
1967.003;169.305786132812;0
1968.761;149.820281982422;0
1970.512;146.787628173828;0
1972.265;141.543182373047;0
1974.018;190.532623291016;0
1975.769;193.644821166992;0
1977.522;156.079391479492;0
1979.271;118.747848510742;0
1981.018;111.761283874512;0
1982.766;109.56453704834;0
1984.516;144.767196655273;0
1986.261;147.648941040039;0
1988.009;231.208114624023;0
1989.754;201.22248840332;0
1991.498;240.47004699707;0
1993.241;248.396575927734;0
1994.984;270.113189697266;0
1996.727;219.087020874023;0
1998.468;137.517456054688;0
2000.206;130.404510498047;0
2001.946;153.748504638672;0
2003.686;183.882995605469;0
2005.424;184.474655151367;0
2007.161;188.097396850586;0
2008.898;150.067596435547;0
2010.634;203.052551269531;0
2012.369;265.050811767578;0
2014.103;320.284637451172;0
2015.836;275.531768798828;0
2017.57;287.904571533203;0
2019.299;313.405426025391;0
2021.032;316.368041992188;0
2022.762;292.792877197266;0
2024.491;249.680130004883;0
2026.221;231.806838989258;0
2027.947;201.836959838867;0
2029.676;174.548248291016;0
2031.403;153.565780639648;0
2033.128;177.281127929688;0
2034.852;203.792205810547;0
2036.577;258.432373046875;0
2038.299;286.423828125;0
2040.022;307.322113037109;0
2041.744;250.905120849609;0
2043.465;211.621383666992;0
2045.184;216.582046508789;0
2046.903;285.118743896484;0
2048.621;277.563812255859;0
2050.339;268.141296386719;0
2052.057;259.852325439453;0
2053.774;247.699081420898;0
2055.488;163.237808227539;0
2057.203;133.676574707031;0
2058.917;118.63875579834;0
2060.631;164.916244506836;0
2062.344;196.774566650391;0
2064.053;199.547088623047;0
2065.765;248.123825073242;0
2067.476;210.728927612305;0
2069.185;227.696334838867;0
2070.892;177.915710449219;0
2072.6;191.606735229492;0
2074.308;153.656646728516;0
2076.014;152.175750732422;0
2077.72;51.4977569580078;0
2079.425;73.6452713012695;0
2081.13;58.9290351867676;0
2082.833;114.904594421387;0
2084.532;188.906936645508;0
2086.236;200.543655395508;0
2087.936;226.540832519531;0
2089.635;188.788055419922;0
2091.335;206.841278076172;0
2093.034;164.478469848633;0
2094.731;95.3653259277345;0
2096.427;67.2188339233398;0
2098.124;112.521957397461;0
2099.82;215.741744995117;0
2101.515;277.628662109375;0
2103.207;346.765228271484;0
2104.902;369.705688476563;0
2106.594;373.537139892578;0
2108.286;337.094970703125;0
2109.976;292.677825927734;0
2111.667;322.287170410156;0
2113.355;314.256774902344;0
2115.044;355.586608886719;0
2116.732;290.721130371094;0
2118.42;340.770233154297;0
2120.105;320.510162353516;0
2121.79;383.718322753906;0
2123.476;377.014801025391;0
2125.16;375.972137451172;0
2126.844;349.841735839844;0
2128.524;326.068054199219;0
2130.207;371.317077636719;0
2131.888;380.475250244141;0
2133.567;401.875091552734;0
2135.247;422.183288574219;0
2136.927;433.844268798828;0
2138.603;470.969146728516;0
2140.281;428.669036865234;0
2141.957;427.610534667969;0
2143.633;364.517761230469;0
2145.308;342.570556640625;0
2146.981;312.81787109375;0
2148.654;378.973480224609;0
2150.328;409.590789794922;0
2152;481.668670654297;0
2153.669;386.873809814453;0
2155.34;344.870971679688;0
2157.01;287.436706542969;0
2158.677;299.459259033203;0
2160.347;341.606109619141;0
2162.013;346.654998779297;0
2163.681;393.164764404297;0
2165.347;386.134216308594;0
2167.011;324.208312988281;0
2168.674;360.203125;0
2170.337;346.353607177734;0
2172.002;379.133911132813;0
2173.662;336.705627441406;0
2175.324;367.957244873047;0
2176.985;432.884643554688;0
2178.645;461.266906738281;0
2180.304;435.194915771484;0
2181.961;375.11181640625;0
2183.618;325.707305908203;0
2185.275;343.595611572266;0
2186.932;359.939575195312;0
2188.586;416.343933105469;0
2190.242;373.401519775391;0
2191.896;370.35791015625;0
2193.547;370.455322265625;0
2195.2;387.289794921875;0
2196.851;397.244537353516;0
2198.502;360.284759521484;0
2200.153;380.718322753906;0
2201.799;397.272186279297;0
2203.447;376.610961914063;0
2205.097;355.735992431641;0
2206.742;326.007232666016;0
2208.391;411.398834228516;0
2210.035;417.020324707031;0
2211.679;487.094543457031;0
2213.324;429.464996337891;0
2214.966;415.291076660156;0
2216.608;410.106536865234;0
2218.252;404.356536865234;0
2219.89;381.174072265625;0
2221.531;315.829681396484;0
2223.172;369.973114013672;0
2224.809;421.686248779297;0
2226.449;467.999694824219;0
2228.086;457.068572998047;0
2229.72;427.486511230469;0
2231.358;422.586883544922;0
2232.992;389.37158203125;0
2234.625;436.508819580078;0
2236.26;435.570129394531;0
2237.893;418.763214111328;0
2239.524;350.977478027344;0
2241.156;332.378265380859;0
2242.785;334.00830078125;0
2244.416;367.095886230469;0
2246.044;385.573577880859;0
2247.672;401.296752929688;0
2249.301;424.488067626953;0
2250.926;446.592346191406;0
2252.554;516.944763183594;0
2254.177;565.991455078125;0
2255.803;535.177429199219;0
2257.427;522.391662597656;0
2259.051;504.460205078125;0
2260.671;511.332305908203;0
2262.294;432.151336669922;0
2263.914;362.511505126953;0
2265.533;317.193206787109;0
2267.153;294.182281494141;0
2268.773;360.560272216797;0
2270.392;387.387603759766;0
2272.006;412.128387451172;0
2273.624;351.786376953125;0
2275.239;335.026947021484;0
2276.854;335.292327880859;0
2278.468;355.534027099609;0
2280.084;379.150848388672;0
2281.695;378.957946777344;0
2283.305;372.770568847656;0
2284.919;347.316955566406;0
2286.527;365.003997802734;0
2288.14;366.919006347656;0
2289.748;415.394348144531;0
2291.354;403.339263916016;0
2292.964;391.087097167969;0
2294.569;360.004699707031;0
2296.174;373.966430664063;0
2297.782;368.823638916016;0
2299.386;343.418670654297;0
2300.99;308.171997070313;0
2302.594;364.869873046875;0
2304.195;386.127166748047;0
2305.798;432.628540039062;0
2307.399;317.928436279297;0
2308.998;252.961242675781;0
2310.598;222.438537597656;0
2312.197;252.733306884766;0
2313.795;328.399505615234;0
2315.392;338.747924804688;0
2316.988;381.217987060547;0
2318.585;326.14306640625;0
2320.18;270.191162109375;0
2321.774;257.888610839844;0
2323.368;307.415771484375;0
2324.961;393.291046142578;0
2326.553;344.847778320312;0
2328.145;338.306274414062;0
2329.735;305.331604003906;0
2331.324;410.907867431641;0
2332.916;486.050445556641;0
2334.503;473.200592041016;0
2336.092;387.578979492188;0
2337.677;295.518341064453;0
2339.263;274.631683349609;0
2340.85;310.605987548828;0
2342.434;299.587982177734;0
2344.018;371.245452880859;0
2345.602;375.801116943359;0
2347.185;421.810211181641;0
2348.768;376.572723388672;0
2350.347;356.566040039063;0
2351.928;316.985260009766;0
2353.51;274.363891601562;0
2355.087;266.860687255859;0
2356.665;214.057342529297;0
2358.243;217.368927001953;0
2359.819;185.589050292969;0
2361.396;187.382949829102;0
2362.972;196.305618286133;0
2364.547;247.912414550781;0
2366.121;311.153594970703;0
2367.694;270.61474609375;0
2369.267;227.984817504883;0
2370.839;220.061737060547;0
2372.411;228.430114746094;0
2373.982;210.666473388672;0
2375.55;148.178817749024;0
2377.118;94.8190231323242;0
2378.687;110.637474060059;0
2380.254;167.843963623047;0
2381.821;287.850463867188;0
2383.387;313.526458740234;0
2384.954;304.871948242188;0
2386.516;274.664398193359;0
2388.082;256.903533935547;0
2389.644;242.323333740234;0
2391.209;233.54052734375;0
2392.769;171.592910766602;0
2394.33;182.092620849609;0
2395.892;185.111831665039;0
2397.449;273.952239990234;0
2399.008;265.627563476563;0
2400.568;270.526794433594;0
2402.125;215.203506469727;0
2403.68;257.489135742188;0
2405.238;281.179382324219;0
2406.792;352.388519287109;0
2408.349;366.376281738281;0
2409.902;380.923187255859;0
2411.455;369.140319824219;0
2413.007;414.248565673828;0
2414.558;424.801818847656;0
2416.11;426.576629638672;0
2417.66;386.131774902344;0
2419.21;365.721527099609;0
2420.758;398.961364746094;0
2422.307;403.21337890625;0
2423.855;502.934600830078;0
2425.402;501.65869140625;0
2426.947;564.589172363281;0
2428.492;494.727447509766;0
2430.038;542.072021484375;0
2431.58;491.954162597656;0
2433.124;486.263122558594;0
2434.667;478.997222900391;0
2436.208;482.599761962891;0
2437.75;569.736938476562;0
2439.291;475.219146728516;0
2440.83;495.681732177734;0
2442.369;412.680053710938;0
2443.906;494.461883544922;0
2445.444;461.864410400391;0
2446.981;443.158355712891;0
2448.517;371.034698486328;0
2450.053;389.793487548828;0
2451.587;417.802703857422;0
2453.12;477.635192871094;0
2454.655;434.470336914062;0
2456.187;395.8759765625;0
2457.718;368.425903320312;0
2459.25;364.605102539063;0
2460.781;334.653991699219;0
2462.31;350.979339599609;0
2463.84;391.843688964844;0
2465.368;472.023712158203;0
2466.896;438.851440429688;0
2468.423;388.028747558594;0
2469.949;382.822814941406;0
2471.474;396.356719970703;0
2472.998;440.998291015625;0
2474.522;433.192321777344;0
2476.045;462.605895996094;0
2477.568;525.128234863281;0
2479.09;491.46875;0
2480.612;500.128448486328;0
2482.132;453.5634765625;0
2483.653;471.005157470703;0
2485.171;432.555603027344;0
2486.689;415.715728759766;0
2488.208;407.850494384766;0
2489.725;426.371002197266;0
2491.242;438.110473632813;0
2492.757;398.847839355469;0
2494.271;349.103393554687;0
2495.785;298.508117675781;0
2497.3;315.392913818359;0
2498.812;356.609924316406;0
2500.325;377.815460205078;0
2501.837;445.640380859375;0
2503.345;403.61767578125;0
2504.856;373.705352783203;0
2506.366;320.35009765625;0
2507.875;287.549652099609;0
2509.382;286.718597412109;0
2510.889;269.352478027344;0
2512.397;263.629638671875;0
2513.901;231.998291015625;0
2515.406;221.702026367188;0
2516.911;250.762237548828;0
2518.415;254.276443481445;0
2519.918;235.370697021484;0
2521.421;221.655868530273;0
2522.922;199.304824829102;0
2524.423;226.964080810547;0
2525.924;254.118148803711;0
2527.422;265.406982421875;0
2528.923;222.019226074219;0
2530.419;207.685821533203;0
2531.916;245.48193359375;0
2533.415;257.408599853516;0
2534.909;266.935943603516;0
2536.404;224.794189453125;0
2537.899;258.008666992187;0
2539.394;234.067565917969;0
2540.887;256.5458984375;0
2542.38;279.430084228516;0
2543.871;274.653015136719;0
2545.363;287.201477050781;0
2546.852;240.53092956543;0
2548.345;258.015167236328;0
2549.833;211.945663452148;0
2551.321;191.78450012207;0
2552.811;170.636947631836;0
2554.296;148.892700195313;0
2555.78;247.796417236328;0
2557.267;279.768371582031;0
2558.752;358.431274414062;0
2560.237;313.989990234375;0
2561.721;318.776245117188;0
2563.203;373.678985595703;0
2564.687;350.364807128906;0
2566.168;307.278564453125;0
2567.648;207.734161376953;0
2569.129;252.79621887207;0
2570.607;304.835693359375;0
2572.086;377.130035400391;0
2573.565;343.300811767578;0
2575.041;308.9033203125;0
2576.518;327.381622314453;0
2577.994;355.402862548828;0
2579.469;421.189575195313;0
2580.945;396.852600097656;0
2582.418;391.278442382813;0
2583.892;373.595916748047;0
2585.365;379.360229492187;0
2586.835;352.682861328125;0
2588.307;330.71826171875;0
2589.778;298.117095947266;0
2591.248;333.568969726563;0
2592.717;358.672241210937;0
2594.186;404.997924804688;0
2595.652;398.809448242188;0
2597.121;363.181274414063;0
2598.585;343.7509765625;0
2600.052;372.311340332031;0
2601.518;376.845886230469;0
2602.982;401.46533203125;0
2604.446;353.614135742188;0
2605.907;366.972137451172;0
2607.371;318.4150390625;0
2608.83;289.888214111328;0
2610.293;276.551788330078;0
2611.752;284.536590576172;0
2613.213;357.135498046875;0
2614.672;385.708526611328;0
2616.13;389.256164550781;0
2617.587;374.778411865234;0
2619.043;380.389587402344;0
2620.501;401.886932373047;0
2621.957;412.826110839844;0
2623.409;462.813415527344;0
2624.864;481.335815429688;0
2626.318;484.281921386719;0
2627.771;463.560272216797;0
2629.222;431.724304199219;0
2630.673;465.082397460938;0
2632.124;457.716705322266;0
2633.575;522.698852539062;0
2635.023;491.344818115234;0
2636.473;474.43310546875;0
2637.922;461.652252197266;0
2639.368;455.321441650391;0
2640.816;380.718078613281;0
2642.261;317.494842529297;0
2643.705;257.521606445313;0
2645.151;317.100311279297;0
2646.596;339.430877685547;0
2648.037;379.068511962891;0
2649.48;370.032409667969;0
2650.923;343.991027832031;0
2652.364;337.387786865234;0
2653.804;318.456176757812;0
2655.243;293.373016357422;0
2656.683;271.950500488281;0
2658.121;273.725250244141;0
2659.559;243.179275512695;0
2660.997;196.313659667969;0
2662.433;183.907150268555;0
2663.868;247.626022338867;0
2665.305;241.933990478516;0
2666.737;270.944305419922;0
2668.173;315.038146972656;0
2669.606;365.244232177734;0
2671.038;353.562652587891;0
2672.47;256.658660888672;0
2673.901;205.165100097656;0
2675.331;187.021514892578;0
2676.761;234.952545166016;0
2678.189;291.233703613281;0
2679.619;282.901947021484;0
2681.045;259.1923828125;0
2682.473;226.32258605957;0
2683.9;226.340347290039;0
2685.324;195.690872192383;0
2686.749;227.172393798828;0
2688.176;217.453216552734;0
2689.599;228.976379394531;0
2691.021;238.964126586914;0
2692.444;230.303192138672;0
2693.865;210.769897460938;0
2695.287;221.80778503418;0
2696.707;229.97331237793;0
2698.125;254.044494628906;0
2699.545;224.35432434082;0
2700.963;223.903167724609;0
2702.381;249.197494506836;0
2703.798;298.023651123047;0
2705.214;292.575073242188;0
2706.629;258.474975585938;0
2708.046;207.098617553711;0
2709.458;241.691818237305;0
2710.872;283.981994628906;0
2712.285;291.347015380859;0
2713.699;288.437622070313;0
2715.111;264.262481689453;0
2716.52;274.481811523438;0
2717.93;297.705505371094;0
2719.342;320.122772216797;0
2720.749;354.221771240234;0
2722.159;322.894866943359;0
2723.565;380.883666992187;0
2724.971;299.742095947266;0
2726.38;321.348693847656;0
2727.785;232.82063293457;0
2729.19;256.693054199219;0
2730.594;239.117080688477;0
2731.997;313.205108642578;0
2733.401;334.717620849609;0
2734.803;334.209075927734;0
2736.204;306.346160888672;0
2737.606;320.539733886719;0
2739.005;292.490447998047;0
2740.405;302.558471679688;0
2741.806;325.0419921875;0
2743.202;389.171112060547;0
2744.602;395.502288818359;0
2745.998;369.14599609375;0
2747.395;343.324432373047;0
2748.79;352.351348876953;0
2750.185;343.003540039063;0
2751.58;370.124359130859;0
2752.975;383.334259033203;0
2754.366;405.633270263672;0
2755.759;403.910125732422;0
2757.151;403.831878662109;0
2758.542;339.955718994141;0
2759.933;324.889984130859;0
2761.322;265.692535400391;0
2762.71;329.974700927734;0
2764.1;244.681243896484;0
2765.486;226.407043457031;0
2766.875;224.577789306641;0
2768.26;352.304046630859;0
2769.646;368.787536621094;0
2771.031;350.470947265625;0
2772.418;330.800140380859;0
2773.799;345.108734130859;0
2775.184;377.510040283203;0
2776.565;356.672180175781;0
2777.946;427.262786865234;0
2779.328;448.503143310547;0
2780.708;439.726409912109;0
2782.09;418.710388183594;0
2783.469;404.232818603516;0
2784.847;407.676147460938;0
2786.226;386.032196044922;0
2787.603;395.53271484375;0
2788.978;430.220001220703;0
2790.355;411.555938720703;0
2791.731;356.477447509766;0
2793.104;332.702270507813;0
2794.479;336.8330078125;0
2795.853;329.6630859375;0
2797.225;326.762298583984;0
2798.596;335.500762939453;0
2799.967;337.106658935547;0
2801.341;307.297454833984;0
2802.71;238.363952636719;0
2804.077;185.985198974609;0
2805.447;127.219802856445;0
2806.815;128.698654174805;0
2808.183;187.979949951172;0
2809.551;191.730255126953;0
2810.915;213.950378417969;0
2812.282;189.753875732422;0
2813.646;238.092132568359;0
2815.011;199.678451538086;0
2816.375;159.317825317383;0
2817.736;107.411781311035;0
2819.099;105.753723144531;0
2820.462;112.575218200684;0
2821.821;167.753509521484;0
2823.182;112.054306030273;0
2824.542;115.535865783691;0
2825.901;121.374664306641;0
2827.261;166.096160888672;0
2828.617;181.396514892578;0
2829.974;131.912216186523;0
2831.33;168.101974487305;0
2832.686;163.632034301758;0
2834.043;162.835327148438;0
2835.395;190.933670043945;0
2836.75;176.81575012207;0
2838.104;241.498352050781;0
2839.456;217.75617980957;0
2840.807;237.921585083008;0
2842.16;191.103149414063;0
2843.509;193.967758178711;0
2844.858;236.403625488281;0
2846.209;245.320892333984;0
2847.556;222.651351928711;0
2848.906;164.813980102539;0
2850.253;141.769943237305;0
2851.6;142.853393554688;0
2852.946;185.953872680664;0
2854.29;230.848831176758;0
2855.635;228.760452270508;0
2856.98;184.917541503906;0
2858.323;149.486724853516;0
2859.665;113.516967773438;0
2861.008;125.230461120605;0
2862.349;82.627197265625;0
2863.691;93.3735427856445;0
2865.031;75.9917831420898;0
2866.37;128.572570800781;0
2867.709;138.379058837891;0
2869.048;181.978897094727;0
2870.385;146.429260253906;0
2871.722;176.646499633789;0
2873.059;180.311630249023;0
2874.394;231.987991333008;0
2875.73;243.201248168945;0
2877.064;248.611740112305;0
2878.398;267.595733642578;0
2879.731;285.014556884766;0
2881.063;279.42236328125;0
2882.395;285.817932128906;0
2883.727;278.339538574219;0
2885.059;329.48486328125;0
2886.387;331.507385253906;0
2887.717;390.073425292969;0
2889.046;321.073425292969;0
2890.374;333.360748291016;0
2891.699;279.060974121094;0
2893.028;297.489868164063;0
2894.354;259.792510986328;0
2895.679;262.173217773438;0
2897.004;312.665130615234;0
2898.328;315.364349365234;0
2899.653;299.868347167969;0
2900.976;299.077301025391;0
2902.297;287.462768554688;0
2903.619;306.99755859375;0
2904.941;268.837066650391;0
2906.26;303.011108398438;0
2907.58;260.712921142578;0
2908.898;250.528244018555;0
2910.217;246.331726074219;0
2911.536;273.456726074219;0
2912.852;268.236663818359;0
2914.171;286.130981445313;0
2915.485;333.666595458984;0
2916.799;370.397735595703;0
2918.116;385.882598876953;0
2919.428;378.010681152344;0
2920.743;371.672607421875;0
2922.056;382.868469238281;0
2923.367;346.822113037109;0
2924.679;337.178985595703;0
2925.99;304.191436767578;0
2927.299;337.44873046875;0
2928.609;375.449890136719;0
2929.918;398.842926025391;0
2931.226;395.657562255859;0
2932.535;373.116638183594;0
2933.841;342.998596191406;0
2935.149;346.740844726563;0
2936.455;370.28857421875;0
2937.758;400.815002441406;0
2939.064;416.098480224609;0
2940.368;411.583129882813;0
2941.67;393.936309814453;0
2942.973;398.413116455078;0
2944.277;398.033752441406;0
2945.577;416.645385742188;0
2946.878;388.125183105469;0
2948.178;389.304412841797;0
2949.477;388.599670410156;0
2950.776;435.329162597656;0
2952.073;401.818298339844;0
2953.372;365.096496582031;0
2954.669;362.281646728516;0
2955.965;392.441589355469;0
2957.261;445.583831787109;0
2958.556;418.376831054688;0
2959.849;376.268005371094;0
2961.145;373.658538818359;0
2962.436;417.6953125;0
2963.732;476.718170166016;0
2965.022;463.903198242187;0
2966.313;384.981048583984;0
2967.603;333.915008544922;0
2968.893;316.200988769531;0
2970.182;340.348388671875;0
2971.471;325.051940917969;0
2972.759;347.745330810547;0
2974.047;351.772155761719;0
2975.334;353.576812744141;0
2976.62;319.886199951172;0
2977.907;284.034149169922;0
2979.192;232.671798706055;0
2980.475;190.98957824707;0
2981.76;245.431304931641;0
2983.043;276.330535888672;0
2984.326;268.241516113281;0
2985.607;199.719314575195;0
2986.888;237.319046020508;0
2988.17;275.707733154297;0
2989.449;300.330078125;0
2990.728;247.393051147461;0
2992.007;261.260009765625;0
2993.284;213.028030395508;0
2994.562;210.586273193359;0
2995.84;184.935134887695;0
2997.115;191.186126708984;0
2998.393;242.450241088867;0
2999.666;217.726089477539;0
3000.94;260.901763916016;0
3002.215;262.027862548828;0
3003.486;261.360687255859;0
3004.76;213.423248291016;0
3006.033;182.193984985352;0
3007.303;158.42024230957;0
3008.573;95.3236465454102;0
3009.844;47.4581604003906;0
3011.114;63.3799591064453;0
3012.383;114.532745361328;0
3013.649;142.584457397461;0
3014.917;154.201110839844;0
3016.185;159.938705444336;0
3017.451;99.5742263793945;0
3018.716;74.8855819702148;0
3019.983;59.0991172790527;0
3021.246;121.099395751953;0
3022.509;96.1728057861328;0
3023.774;103.698852539063;0
3025.035;103.566360473633;0
3026.299;149.444808959961;0
3027.56;181.555770874023;0
3028.819;180.897888183594;0
3030.081;171.676315307617;0
3031.339;151.127395629883;0
3032.598;122.08065032959;0
3033.856;80.9703598022461;0
3035.114;85.2979354858399;0
3036.372;125.286087036133;0
3037.628;164.157180786133;0
3038.883;139.579986572266;0
3040.138;68.0451354980468;0
3041.394;30.7101287841797;0
3042.646;42.8666954040527;0
3043.9;94.000862121582;0
3045.152;141.779296875;0
3046.405;145.09049987793;0
3047.657;138.824142456055;0
3048.906;140.758117675781;0
3050.158;151.781112670898;0
3051.407;137.559097290039;0
3052.656;113.090805053711;0
3053.904;144.88493347168;0
3055.153;189.586669921875;0
3056.398;224.938400268555;0
3057.647;207.269027709961;0
3058.892;189.801193237305;0
3060.137;179.757110595703;0
3061.382;166.692321777344;0
3062.625;184.939376831055;0
3063.869;224.275756835938;0
3065.112;246.034164428711;0
3066.353;253.658630371094;0
3067.595;225.714538574219;0
3068.838;210.090087890625;0
3070.075;217.345123291016;0
3071.317;251.424606323242;0
3072.557;264.033416748047;0
3073.795;263.678283691406;0
3075.032;221.419967651367;0
3076.27;210.13493347168;0
3077.507;200.669586181641;0
3078.742;216.262313842773;0
3079.978;262.519744873047;0
3081.212;256.443511962891;0
3082.446;277.020416259766;0
3083.681;275.294097900391;0
3084.913;296.291595458984;0
3086.147;297.18701171875;0
3087.38;280.735229492188;0
3088.61;307.358062744141;0
3089.84;313.522064208984;0
3091.071;326.800598144531;0
3092.3;280.842315673828;0
3093.529;296.310577392578;0
3094.755;278.321166992188;0
3095.984;338.365783691406;0
3097.211;331.176391601563;0
3098.438;364.469940185547;0
3099.663;349.638519287109;0
3100.888;347.237945556641;0
3102.112;321.269927978516;0
3103.335;316.983520507813;0
3104.56;320.644165039062;0
3105.782;307.648834228516;0
3107.005;275.602142333984;0
3108.226;234.449798583984;0
3109.447;216.631637573242;0
3110.667;181.036331176758;0
3111.887;176.994873046875;0
3113.104;172.071243286133;0
3114.324;217.586090087891;0
3115.541;233.652755737305;0
3116.758;242.3837890625;0
3117.976;228.891326904297;0
3119.192;192.287353515625;0
3120.408;214.794036865234;0
3121.622;204.300369262695;0
3122.835;226.918182373047;0
3124.05;254.09358215332;0
3125.262;269.956329345703;0
3126.476;274.536956787109;0
3127.687;211.190048217773;0
3128.897;196.396636962891;0
3130.108;178.939804077148;0
3131.319;218.376480102539;0
3132.528;212.338287353516;0
3133.737;228.581192016602;0
3134.945;191.881484985352;0
3136.152;190.966110229492;0
3137.358;213.633422851563;0
3138.565;250.491195678711;0
3139.772;257.347839355469;0
3140.976;234.426467895508;0
3142.18;174.6123046875;0
3143.385;194.293701171875;0
3144.588;205.432479858398;0
3145.79;249.744674682617;0
3146.993;253.614181518555;0
3148.194;237.8193359375;0
3149.395;244.915222167969;0
3150.596;213.905120849609;0
3151.794;193.111297607422;0
3152.994;202.754974365234;0
3154.193;175.522583007813;0
3155.39;173.920440673828;0
3156.587;132.750885009766;0
3157.784;171.121322631836;0
3158.982;141.622192382813;0
3160.177;185.151870727539;0
3161.37;139.243713378906;0
3162.565;176.213592529297;0
3163.759;166.412155151367;0
3164.952;220.838409423828;0
3166.146;217.158325195312;0
3167.337;187.81640625;0
3168.527;158.70817565918;0
3169.719;179.221664428711;0
3170.91;187.740142822266;0
3172.098;204.263702392578;0
3173.288;184.569747924805;0
3174.475;170.315139770508;0
3175.663;115.997848510742;0
3176.849;135.501800537109;0
3178.037;127.648529052734;0
3179.223;182.051391601562;0
3180.408;160.72981262207;0
3181.592;120.857566833496;0
3182.777;99.8016891479492;0
3183.96;112.92431640625;0
3185.143;157.389007568359;0
3186.325;144.195129394531;0
3187.507;126.230766296387;0
3188.688;142.808975219727;0
3189.869;159.633285522461;0
3191.049;186.350769042969;0
3192.228;170.183044433594;0
3193.406;184.906951904297;0
3194.585;150.188720703125;0
3195.763;201.712661743164;0
3196.939;168.01692199707;0
3198.116;223.921340942383;0
3199.292;204.04850769043;0
3200.466;225.397094726563;0
3201.643;171.521697998047;0
3202.816;159.346893310547;0
3203.991;160.341156005859;0
3205.161;183.839370727539;0
3206.334;145.669708251953;0
3207.504;143.923095703125;0
3208.677;158.103302001953;0
3209.846;221.946716308594;0
3211.017;243.674591064453;0
3212.187;287.062835693359;0
3213.356;301.111022949219;0
3214.524;318.041168212891;0
3215.69;287.382476806641;0
3216.859;291.439605712891;0
3218.024;290.600830078125;0
3219.189;308.123779296875;0
3220.354;272.112243652344;0
3221.519;270.306701660156;0
3222.682;217.645889282227;0
3223.845;228.937377929688;0
3225.01;199.520858764648;0
3226.171;241.900955200195;0
3227.332;211.909072875977;0
3228.494;243.33772277832;0
3229.655;258.200134277344;0
3230.814;293.495971679687;0
3231.973;286.665679931641;0
3233.13;317.90771484375;0
3234.29;301.999847412109;0
3235.447;264.831726074219;0
3236.605;203.625549316406;0
3237.76;233.596267700195;0
3238.916;256.639373779297;0
3240.071;283.422180175781;0
3241.224;261.61328125;0
3242.381;270.990814208984;0
3243.532;249.917236328125;0
3244.685;279.951965332031;0
3245.839;252.330932617188;0
3246.99;255.701019287109;0
3248.141;204.999862670898;0
3249.292;228.2421875;0
3250.439;202.142562866211;0
3251.589;200.787124633789;0
3252.739;257.624420166016;0
3253.886;248.761322021484;0
3255.034;268.464202880859;0
3256.18;218.909515380859;0
3257.326;224.116546630859;0
3258.472;245.226272583008;0
3259.617;249.897598266602;0
3260.761;253.676040649414;0
3261.905;255.562484741211;0
3263.048;205.223495483398;0
3264.19;222.140441894531;0
3265.333;175.138687133789;0
3266.475;243.855545043945;0
3267.617;252.455780029297;0
3268.757;259.6943359375;0
3269.896;245.348251342773;0
3271.036;248.778823852539;0
3272.175;280.540069580078;0
3273.313;271.854583740234;0
3274.449;254.721694946289;0
3275.586;268.153106689453;0
3276.722;301.034851074219;0
3277.859;321.168365478516;0
3278.993;315.522094726563;0
3280.13;296.097320556641;0
3281.263;288.449951171875;0
3282.395;280.469940185547;0
3283.529;282.275909423828;0
3284.66;300.822662353516;0
3285.794;282.290008544922;0
3286.924;287.489105224609;0
3288.054;284.030151367188;0
3289.185;270.139343261719;0
3290.313;249.540710449219;0
3291.443;217.197845458984;0
3292.571;240.998687744141;0
3293.698;264.831298828125;0
3294.824;309.249298095703;0
3295.952;297.335906982422;0
3297.077;297.868865966797;0
3298.203;248.738586425781;0
3299.328;243.060256958008;0
3300.45;195.303192138672;0
3301.574;199.467407226563;0
3302.698;161.998046875;0
3303.819;163.226028442383;0
3304.942;175.929840087891;0
3306.064;178.33171081543;0
3307.182;239.432418823242;0
3308.303;216.89729309082;0
3309.423;280.170959472656;0
3310.542;248.558090209961;0
3311.66;220.388381958008;0
3312.778;204.092849731445;0
3313.895;211.057632446289;0
3315.012;256.258209228516;0
3316.128;258.797241210938;0
3317.243;244.342330932617;0
3318.357;245.997161865234;0
3319.471;243.499389648438;0
3320.586;206.148056030273;0
3321.698;214.677886962891;0
3322.813;216.581298828125;0
3323.923;220.081451416016;0
3325.034;212.667495727539;0
3326.146;224.793075561523;0
3327.255;270.023986816406;0
3328.366;246.249160766602;0
3329.474;231.936141967773;0
3330.582;228.879150390625;0
3331.691;211.288955688477;0
3332.797;189.927124023438;0
3333.905;169.433380126953;0
3335.011;186.005950927734;0
3336.116;214.56103515625;0
3337.22;230.570724487305;0
3338.327;234.350708007813;0
3339.429;218.680160522461;0
3340.534;167.227401733398;0
3341.635;159.680023193359;0
3342.737;149.229690551758;0
3343.84;178.964416503906;0
3344.94;193.138320922852;0
3346.041;172.309448242188;0
3347.142;188.59033203125;0
3348.24;143.536529541016;0
3349.337;147.389862060547;0
3350.437;84.1149368286133;0
3351.534;77.9214096069336;0
3352.633;65.9298782348633;0
3353.727;70.8063049316406;0
3354.823;89.4589614868164;0
3355.919;114.466171264648;0
3357.013;137.246368408203;0
3358.108;123.227584838867;0
3359.201;141.984497070313;0
3360.293;158.51806640625;0
3361.385;183.782165527344;0
3362.478;190.266036987305;0
3363.569;188.634124755859;0
3364.661;215.998107910156;0
3365.75;212.798492431641;0
3366.838;187.812240600586;0
3367.929;171.595321655273;0
3369.017;182.365478515625;0
3370.105;235.267333984375;0
3371.193;270.475952148438;0
3372.279;247.868576049805;0
3373.364;208.025039672852;0
3374.45;220.821792602539;0
3375.534;224.408187866211;0
3376.62;232.723876953125;0
3377.704;183.225814819336;0
3378.786;139.992370605469;0
3379.871;178.448104858398;0
3380.951;186.148147583008;0
3382.034;227.542221069336;0
3383.114;188.320693969727;0
3384.195;223.381271362305;0
3385.276;184.157241821289;0
3386.354;206.981002807617;0
3387.433;202.186050415039;0
3388.511;257.335754394531;0
3389.588;257.233245849609;0
3390.664;246.066345214844;0
3391.742;238.894165039063;0
3392.816;213.943832397461;0
3393.893;236.411666870117;0
3394.968;228.386734008789;0
3396.042;256.780914306641;0
3397.115;232.722885131836;0
3398.189;221.776260375977;0
3399.262;168.14045715332;0
3400.333;172.958053588867;0
3401.404;200.955108642578;0
3402.474;244.252105712891;0
3403.545;222.231704711914;0
3404.615;197.064971923828;0
3405.685;230.332641601563;0
3406.752;234.902908325195;0
3407.82;241.553024291992;0
3408.888;237.954177856445;0
3409.955;252.515075683594;0
3411.021;261.611328125;0
3412.085;274.023559570312;0
3413.151;273.088012695313;0
3414.215;271.552429199219;0
3415.279;244.784973144531;0
3416.343;250.040725708008;0
3417.406;287.828277587891;0
3418.468;262.266082763672;0
3419.53;217.896621704102;0
3420.592;173.750305175781;0
3421.652;184.613647460938;0
3422.712;193.695449829102;0
3423.773;184.772720336914;0
3424.83;196.077651977539;0
3425.889;238.606002807617;0
3426.946;239.383804321289;0
3428.005;222.264678955078;0
3429.061;219.089538574219;0
3430.117;234.367095947266;0
3431.172;239.543045043945;0
3432.227;219.848648071289;0
3433.281;173.911712646484;0
3434.335;182.145370483398;0
3435.389;169.559692382813;0
3436.44;203.517669677734;0
3437.492;184.270034790039;0
3438.546;183.371627807617;0
3439.598;183.052398681641;0
3440.646;173.573913574219;0
3441.697;171.018814086914;0
3442.745;152.954513549805;0
3443.793;213.984664916992;0
3444.842;234.298736572266;0
3445.891;248.404235839844;0
3446.937;226.664337158203;0
3447.984;258.216278076172;0
3449.031;249.665588378906;0
3450.075;217.281478881836;0
3451.12;194.181549072266;0
3452.164;186.27961730957;0
3453.207;218.368209838867;0
3454.251;204.029525756836;0
3455.293;211.320022583008;0
3456.336;158.483062744141;0
3457.378;151.926162719727;0
3458.417;169.927719116211;0
3459.458;167.868713378906;0
3460.498;160.612228393555;0
3461.539;152.836502075195;0
3462.577;159.259857177734;0
3463.614;173.545303344727;0
3464.651;160.824417114258;0
3465.689;197.931640625;0
3466.726;163.795028686523;0
3467.763;186.196411132813;0
3468.798;179.007690429688;0
3469.831;189.826751708984;0
3470.866;162.065979003906;0
3471.9;200.585327148438;0
3472.933;188.411697387695;0
3473.966;187.851257324219;0
3474.999;149.997329711914;0
3476.029;169.941818237305;0
3477.061;161.425323486328;0
3478.09;140.550491333008;0
3479.121;149.778244018555;0
3480.15;179.34846496582;0
3481.178;171.995086669922;0
3482.205;182.303894042969;0
3483.234;174.431686401367;0
3484.26;175.614654541016;0
3485.288;142.543655395508;0
3486.313;159.481246948242;0
3487.337;148.623413085938;0
3488.364;153.789535522461;0
3489.387;138.049728393555;0
3490.411;164.8271484375;0
3491.434;183.380859375;0
3492.456;146.991241455078;0
3493.479;107.333137512207;0
3494.5;88.5579147338867;0
3495.521;78.9608612060547;0
3496.543;116.715934753418;0
3497.561;107.525863647461;0
3498.579;120.002799987793;0
3499.6;61.3342971801758;0
3500.618;32.7767639160156;0
3501.636;14.3934783935547;0
3502.653;1.28674781322479;0
3503.669;-18.5444850921631;0
3504.685;-27.0424365997314;0
3505.699;-13.49147605896;0
3506.716;-3.88201475143433;0
3507.729;-34.3424377441406;0
3508.743;-31;0
3509.755;-18.4097213745117;0
