98.64605;0;0
101.2353;0;0
103.8217;0;0
106.4096;-4.48148155212402;0
108.9945;-2.48888897895813;0
111.5767;-10.9682540893555;0
114.1602;-8.93827152252197;0
116.7409;20.929292678833;0
119.3209;19.1282043457031;0
121.9002;8.9037036895752;0
124.4788;-9.21568584442139;0
127.0566;6.0760235786438;0
129.6317;-45.0740737915039;0
132.2038;-41.1932373046875;0
134.7796;-35.5550918579102;0
137.3503;29.0025768280029;0
139.9204;36.9027824401855;0
142.4919;74.6545715332031;0
145.0584;89.6620407104492;0
147.6242;123.595642089844;0
150.1914;158.527404785156;0
152.7579;207.038818359375;0
155.3216;196.836380004883;0
157.8846;222.461563110352;0
160.4448;282.248474121094;0
163.0085;302.140960693359;0
165.5672;301.831359863281;0
168.1232;286.188720703125;0
170.6826;304.919555664063;0
173.2372;375.730346679688;0
175.7931;393.173797607422;0
178.3463;401.584686279297;0
180.8966;360.424591064453;0
183.4504;388.473510742188;0
185.9993;431.660583496094;0
188.5476;477.539520263672;0
191.0972;445.405914306641;0
193.644;484.362854003906;0
196.1859;473.708282470703;0
198.7335;538.713989257813;0
201.2761;490.728454589844;0
203.8201;495.989349365234;0
206.3593;465.352416992188;0
208.8998;537.009948730469;0
211.4397;540.342834472656;0
213.9746;580.855346679688;0
216.5109;597.528625488281;0
219.0487;640.357238769531;0
221.5816;665.548522949219;0
224.1158;656.395202636719;0
226.6473;741.478759765625;0
229.176;767.271301269531;0
231.7082;794.6376953125;0
234.2355;743.065124511719;0
236.7643;694.880310058594;0
239.2902;680.6591796875;0
241.8133;658.025207519531;0
244.3379;678.523132324219;0
246.8618;651.604431152344;0
249.3828;634.136047363281;0
251.9053;640.867492675781;0
254.423;676.768981933594;0
256.942;690.040466308594;0
259.4603;687.114685058594;0
261.9759;643.106567382813;0
264.4887;616.646911621094;0
267.005;650.914306640625;0
269.5164;693.976013183594;0
272.0292;734.638427734375;0
274.5393;752.218322753906;0
277.0466;746.95068359375;0
279.5574;771.609008789063;0
282.0654;714.597412109375;0
284.5686;744.54345703125;0
287.0752;738.64697265625;0
289.5791;762.238098144531;0
292.0803;796.122497558594;0
294.5828;813.54833984375;0
297.0826;812.605285644531;0
299.5838;718.89453125;0
302.0801;650.549987792969;0
304.5758;555.321899414063;0
307.0749;535.994140625;0
309.5672;471.656463623047;0
312.0608;521.143676757813;0
314.5558;499.09765625;0
317.044;531.278198242188;0
319.5377;534.158325195313;0
322.0266;541.511901855469;0
324.5127;586.535827636719;0
327.0023;599.30517578125;0
329.4871;675.705810546875;0
331.9691;733.351318359375;0
334.4547;773.961303710938;0
336.9353;795.949035644531;0
339.4174;740.963439941406;0
341.901;769.797058105469;0
344.3776;800.786193847656;0
346.8577;810.018615722656;0
349.333;752.524230957031;0
351.8076;692.464782714844;0
354.2857;686.844482421875;0
356.7569;662.677490234375;0
359.2296;645.675048828125;0
361.7015;628.487548828125;0
364.1729;709.420349121094;0
366.6414;723.13525390625;0
369.1093;714.812316894531;0
371.5745;668.488342285156;0
374.0432;639.623901367188;0
376.507;616.884033203125;0
378.9702;581.364318847656;0
381.4348;573.396484375;0
383.8947;581.403137207031;0
386.3538;640.941650390625;0
388.8144;675.213745117188;0
391.2722;755.729553222656;0
393.7314;795.364135742188;0
396.1859;870.480895996094;0
398.6418;882.631103515625;0
401.0949;860.491149902344;0
403.5475;851.999267578125;0
405.9972;838.645690917969;0
408.4505;848.973937988281;0
410.899;804.977966308594;0
413.3468;822.25927734375;0
415.796;814.4755859375;0
418.2405;804.824645996094;0
420.6884;725.6630859375;0
423.1295;682.46240234375;0
425.572;651.9853515625;0
428.0159;728.13916015625;0
430.455;765.024963378906;0
432.8956;760.152954101563;0
435.3335;731.19091796875;0
437.7707;692.927795410156;0
440.2093;713.935913085938;0
442.6432;735.552978515625;0
445.0764;781.78369140625;0
447.511;736.961059570313;0
449.9429;653.426452636719;0
452.3721;596.300476074219;0
454.8048;622.059631347656;0
457.2328;661.209594726563;0
459.66;697.827819824219;0
462.0847;712.128479003906;0
464.5127;752.091857910156;0
466.9381;742.070617675781;0
469.3587;783.181030273438;0
471.7807;783.165405273438;0
474.2042;820.402526855469;0
476.6229;793.994445800781;0
479.041;813.825439453125;0
481.4604;772.893737792969;0
483.8752;813.807739257813;0
486.2934;791.7216796875;0
488.7068;831.010681152344;0
491.1197;801.629821777344;0
493.5339;805.024169921875;0
495.9435;775.752563476563;0
498.3544;708.074279785156;0
500.7667;653.955810546875;0
503.1723;643.130187988281;0
505.5793;706.731079101563;0
507.9856;742.385620117188;0
510.3913;716.941955566406;0
512.7944;696.393859863281;0
515.1968;658.963806152344;0
517.5986;645.095581054688;0
519.9997;652.679992675781;0
522.3982;593.60595703125;0
524.798;569.423095703125;0
527.1973;542.710998535156;0
529.5919;588.685729980469;0
531.9899;564.919189453125;0
534.3832;520.919372558594;0
536.7758;554.996765136719;0
539.1699;614.797485351563;0
541.5593;660.488342285156;0
543.9481;693.872497558594;0
546.3382;686.619995117188;0
548.7257;716.742126464844;0
551.1146;699.661743164063;0
553.4968;718.267395019531;0
555.8824;673.561279296875;0
558.2675;658.766540527344;0
560.6478;666.995056152344;0
563.0295;702.803649902344;0
565.4106;645.306030273438;0
567.7911;597.502258300781;0
570.169;520.998229980469;0
572.5462;558.502624511719;0
574.9229;542.251342773438;0
577.2968;571.688293457031;0
579.6721;491.146911621094;0
582.0449;484.843872070313;0
584.417;422.671722412109;0
586.7885;467.862030029297;0
589.1553;483.995666503906;0
591.5255;547.658813476563;0
593.8931;513.678771972656;0
596.2601;486.915863037109;0
598.6265;439.149322509766;0
600.9902;491.098022460938;0
603.3554;524.285888671875;0
605.7179;565.438720703125;0
608.0778;550.6220703125;0
610.4391;551.49267578125;0
612.7977;508.815948486328;0
615.1558;526.793884277344;0
617.5132;539.104858398438;0
619.8701;616.388000488281;0
622.2263;614.449584960938;0
624.5779;644.724304199219;0
626.9308;642.119018554688;0
629.2852;674.773498535156;0
631.6349;720.570251464844;0
633.9841;727.392456054688;0
636.3326;765.526977539063;0
638.6805;757.69287109375;0
641.0279;771.372985839844;0
643.3746;757.008605957031;0
645.7187;822.271057128906;0
648.0621;825.835205078125;0
650.405;789.203430175781;0
652.7453;758.042114257813;0
655.087;774.043029785156;0
657.426;785.023498535156;0
659.7645;782.651123046875;0
662.1024;825.932067871094;0
664.4376;862.907470703125;0
666.7742;815.137939453125;0
669.1063;761.406921386719;0
671.4398;698.602416992188;0
673.7726;677.393249511719;0
676.1048;676.803833007813;0
678.4324;723.264465332031;0
680.7635;710.877624511719;0
683.0919;666.989929199219;0
685.4158;596.147094726563;0
687.743;599.156127929688;0
690.0696;599.004821777344;0
692.3937;577.011413574219;0
694.7151;557.617980957031;0
697.038;569.898315429688;0
699.3583;604.43603515625;0
701.6779;617.521240234375;0
703.995;624.085632324219;0
706.3155;651.467834472656;0
708.6294;636.113159179688;0
710.9467;639.148742675781;0
713.2594;630.114196777344;0
715.5735;593.56494140625;0
717.887;500.391387939453;0
720.1979;472.037963867188;0
722.5083;555.636474609375;0
724.818;692.05224609375;0
727.1252;724.700378417969;0
729.4357;705.109130859375;0
731.7418;683.448181152344;0
734.0452;710.268493652344;0
736.35;718.567443847656;0
738.6522;667.495727539063;0
740.9539;614.893249511719;0
743.2569;568.252014160156;0
745.5554;564.527587890625;0
747.8553;540.052856445313;0
750.1545;494.158325195313;0
752.4513;458.142425537109;0
754.7474;425.290740966797;0
757.043;454.775054931641;0
759.336;471.921142578125;0
761.6304;510.600006103516;0
763.9222;488.323913574219;0
766.2114;443.729553222656;0
768.5041;427.934509277344;0
770.7922;412.166320800781;0
773.0777;432.514862060547;0
775.3647;438.049713134766;0
777.651;522.529174804688;0
779.9368;492.420288085938;0
782.22;490.984191894531;0
784.5026;470.128540039063;0
786.7847;547.5849609375;0
789.0662;523.621887207031;0
791.3451;501.990661621094;0
793.6254;485.761962890625;0
795.9012;540.464904785156;0
798.1784;589.655578613281;0
800.455;605.314025878906;0
802.7291;552.772155761719;0
805.0026;547.027893066406;0
807.2755;524.632995605469;0
809.5478;553.017150878906;0
811.8176;510.960235595703;0
814.0869;603.451110839844;0
816.3535;625.5302734375;0
818.6235;669.499206542969;0
820.8911;622.369079589844;0
823.156;640.692932128906;0
825.4204;626.77783203125;0
827.6823;629.385437011719;0
829.9474;659.120361328125;0
832.2082;721.9013671875;0
834.4683;729.255004882813;0
836.7279;764.890197753906;0
838.9869;666.208190917969;0
841.2453;652.314575195313;0
843.5012;579.319519042969;0
845.7565;647.111450195313;0
848.0133;647.912109375;0
850.2655;683.165893554688;0
852.5153;686.427001953125;0
854.7703;694.584289550781;0
857.0189;669.174926757813;0
859.2668;652.324462890625;0
861.5182;637.264099121094;0
863.7651;648.327087402344;0
866.0114;529.06982421875;0
868.2592;443.826354980469;0
870.5024;373.821899414063;0
872.7451;417.236053466797;0
874.9872;421.561645507813;0
877.2307;448.798126220703;0
879.4717;444.832122802734;0
881.7101;417.996124267578;0
883.95;358.623840332031;0
886.1854;290.716339111328;0
888.4202;323.775390625;0
890.6604;312.342956542969;0
892.8941;320.593902587891;0
895.1253;336.969512939453;0
897.3599;371.854858398438;0
899.59;411.495269775391;0
901.8195;412.831420898438;0
904.0504;428.309906005859;0
906.2789;409.665283203125;0
908.5087;349.660491943359;0
910.7341;344.609710693359;0
912.9589;326.586822509766;0
915.1851;404.518615722656;0
917.4088;378.252410888672;0
919.63;439.722808837891;0
921.8526;382.996032714844;0
924.0727;349.850708007813;0
926.2922;362.176391601563;0
928.5112;379.999114990234;0
930.7277;401.867889404297;0
932.9476;279.652740478516;0
935.163;235.239837646484;0
937.3739;188.62890625;0
939.5901;224.596267700195;0
941.8019;224.154251098633;0
944.0151;190.619903564453;0
946.2258;217.790283203125;0
948.4341;223.291519165039;0
950.6456;252.931564331055;0
952.8527;196.255554199219;0
955.0593;119.441528320313;0
957.2653;110.104362487793;0
959.4689;175.319396972656;0
961.6738;239.647979736328;0
963.8782;221.887710571289;0
966.0782;178.373062133789;0
968.2815;170.986328125;0
970.4803;187.430923461914;0
972.6787;185.898406982422;0
974.8784;196.49934387207;0
977.0757;236.232482910156;0
979.2704;238.431564331055;0
981.4667;175.762222290039;0
983.6603;146.001083374023;0
985.8535;115.373626708984;0
988.0461;127.176475524902;0
990.2363;103.778770446777;0
992.4297;165.581512451172;0
994.6169;270.984893798828;0
996.8035;392.950286865234;0
998.9933;464.345855712891;0
1001.179;555.537780761719;0
1003.364;531.903625488281;0
1005.55;537.599548339844;0
1007.732;509.977600097656;0
1009.916;571.324096679688;0
1012.096;609.352844238281;0
1014.275;605.506896972656;0
1016.459;549.896301269531;0
1018.636;510.909118652344;0
1020.813;508.832092285156;0
1022.991;621.1630859375;0
1025.165;621.860107421875;0
1027.34;606.524597167969;0
1029.515;483.688903808594;0
1031.687;447.301330566406;0
1033.859;465.805389404297;0
1036.03;500.312835693359;0
1038.199;515.160705566406;0
1040.369;520.015319824219;0
1042.536;486.318786621094;0
1044.704;462.628143310547;0
1046.87;424.835876464844;0
1049.034;468.831329345703;0
1051.198;485.168823242188;0
1053.363;446.736328125;0
1055.526;388.424652099609;0
1057.686;366.457336425781;0
1059.845;322.501037597656;0
1062.005;267.555755615234;0
1064.165;251.400588989258;0
1066.323;319.642150878906;0
1068.477;338.453826904297;0
1070.634;328.835754394531;0
1072.788;266.237426757813;0
1074.942;301.045349121094;0
1077.096;380.542022705078;0
1079.247;430.480072021484;0
1081.397;411.552947998047;0
1083.547;451.427001953125;0
1085.695;465.213958740234;0
1087.844;541.869140625;0
1089.992;489.782165527344;0
1092.138;492.050018310547;0
1094.284;449.560455322266;0
1096.425;369.875549316406;0
1098.571;302.847503662109;0
1100.711;302.192504882813;0
1102.851;369.320068359375;0
1104.994;383.803497314453;0
1107.132;374.865112304688;0
1109.271;348.172607421875;0
1111.408;360.393798828125;0
1113.543;390.858795166016;0
1115.682;358.268585205078;0
1117.816;302.252777099609;0
1119.947;213.853637695313;0
1122.08;235.402572631836;0
1124.213;287.242370605469;0
1126.343;375.365753173828;0
1128.474;398.510223388672;0
1130.602;415.897003173828;0
1132.728;410.433807373047;0
1134.856;383.435089111328;0
1136.982;302.05908203125;0
1139.109;313.369812011719;0
1141.234;331.256164550781;0
1143.356;415.830902099609;0
1145.479;341.092468261719;0
1147.599;296.262573242188;0
1149.719;281.008483886719;0
1151.839;274.776306152344;0
1153.957;241.123565673828;0
1156.076;193.828048706055;0
1158.191;195.587463378906;0
1160.305;241.687789916992;0
1162.423;261.791198730469;0
1164.536;289.053833007813;0
1166.647;319.227355957031;0
1168.761;338.403747558594;0
1170.871;352.596160888672;0
1172.983;333.584503173828;0
1175.092;335.512512207031;0
1177.2;354.900848388672;0
1179.306;325.858612060547;0
1181.413;348.605255126953;0
1183.518;296.248779296875;0
1185.623;322.045318603516;0
1187.725;319.677551269531;0
1189.826;349.866729736328;0
1191.929;355.771057128906;0
1194.032;385.190460205078;0
1196.13;383.281188964844;0
1198.23;358.148010253906;0
1200.327;404.026519775391;0
1202.423;417.900604248047;0
1204.52;447.129974365234;0
1206.613;400.798156738281;0
1208.71;448.793975830078;0
1210.801;512.008361816406;0
1212.892;484.997314453125;0
1214.987;387.649841308594;0
1217.075;370.188079833984;0
1219.166;302.501007080078;0
1221.256;332.467620849609;0
1223.342;299.207489013672;0
1225.43;335.980499267578;0
1227.515;330.513580322266;0
1229.597;349.580780029297;0
1231.685;371.929809570313;0
1233.767;381.829833984375;0
1235.85;366.171722412109;0
1237.931;398.156219482422;0
1240.009;418.278656005859;0
1242.09;424.401275634766;0
1244.168;390.639373779297;0
1246.245;387.982940673828;0
1248.321;442.482055664063;0
1250.397;488.5458984375;0
1252.472;506.181488037109;0
1254.547;416.278869628906;0
1256.618;374.837982177734;0
1258.69;328.526733398438;0
1260.761;365.789489746094;0
1262.83;401.738159179688;0
1264.901;483.039428710938;0
1266.969;426.247161865234;0
1269.035;350.139099121094;0
1271.102;319.27001953125;0
1273.167;353.128540039063;0
1275.233;369.001068115234;0
1277.295;338.775787353516;0
1279.359;337.674926757813;0
1281.42;311.445159912109;0
1283.482;296.577087402344;0
1285.542;321.233642578125;0
1287.6;353.358276367188;0
1289.659;364.383209228516;0
1291.714;362.439361572266;0
1293.774;402.513519287109;0
1295.828;402.489837646484;0
1297.881;352.557983398438;0
1299.936;300.752807617188;0
1301.987;302.298583984375;0
1304.041;349.639984130859;0
1306.09;388.111480712891;0
1308.139;383.345825195313;0
1310.19;393.771484375;0
1312.238;405.558197021484;0
1314.286;440.385833740234;0
1316.331;445.393707275391;0
1318.376;415.758850097656;0
1320.422;349.707641601563;0
1322.466;364.399108886719;0
1324.508;390.346130371094;0
1326.549;445.104217529297;0
1328.59;462.895660400391;0
1330.632;440.275939941406;0
1332.67;433.131317138672;0
1334.707;409.905242919922;0
1336.746;479.931030273438;0
1338.78;453.208679199219;0
1340.816;416.960388183594;0
1342.852;335.418243408203;0
1344.885;345.907531738281;0
1346.916;353.594482421875;0
1348.948;332.453704833984;0
1350.979;270.361846923828;0
1353.011;201.015563964844;0
1355.04;269.590209960938;0
1357.066;350.083770751953;0
1359.094;418.739898681641;0
1361.121;356.841125488281;0
1363.145;275.302947998047;0
1365.171;148.233413696289;0
1367.192;85.1354064941406;0
1369.216;98.6207504272461;0
1371.239;170.211532592773;0
1373.258;227.70719909668;0
1375.28;224.218765258789;0
1377.298;227.190673828125;0
1379.316;229.06623840332;0
1381.335;215.067657470703;0
1383.35;173.304321289063;0
1385.366;138.998458862305;0
1387.38;135.594497680664;0
1389.394;101.203575134277;0
1391.409;94.9367828369141;0
1393.42;110.637825012207;0
1395.43;154.679702758789;0
1397.44;181.284210205078;0
1399.451;235.451431274414;0
1401.458;270.516723632813;0
1403.466;239.147735595703;0
1405.472;163.075546264648;0
1407.478;74.9767456054688;0
1409.483;84.0029907226563;0
1411.486;51.4871253967285;0
1413.49;116.458503723145;0
1415.492;106.441093444824;0
1417.492;159.06672668457;0
1419.495;162.088684082031;0
1421.494;252.30549621582;0
1423.492;284.422393798828;0
1425.49;304.996246337891;0
1427.487;205.138397216797;0
1429.482;171.850341796875;0
1431.477;191.592788696289;0
1433.471;239.89892578125;0
1435.466;301.209411621094;0
1437.456;329.447967529297;0
1439.447;369.4775390625;0
1441.441;355.072570800781;0
1443.427;339.00927734375;0
1445.417;312.176574707031;0
1447.406;323.907745361328;0
1449.392;348.647277832031;0
1451.381;325.617401123047;0
1453.365;279.706970214844;0
1455.348;257.471557617188;0
1457.333;304.170074462891;0
1459.314;376.099731445313;0
1461.296;344.482666015625;0
1463.276;336.431274414063;0
1465.256;277.278503417969;0
1467.237;300.273010253906;0
1469.215;315.230407714844;0
1471.19;318.124908447266;0
1473.167;275.698425292969;0
1475.145;286.730285644531;0
1477.118;325.447296142578;0
1479.092;388.290191650391;0
1481.065;360.754180908203;0
1483.038;348.676483154297;0
1485.008;321.9453125;0
1486.979;354.261322021484;0
1488.949;363.166809082031;0
1490.917;304.195739746094;0
1492.883;247.236968994141;0
1494.852;207.512710571289;0
1496.817;311.201873779297;0
1498.782;326.680969238281;0
1500.748;340.617340087891;0
1502.708;314.455474853516;0
1504.673;241.306503295898;0
1506.634;227.059265136719;0
1508.594;170.715026855469;0
1510.554;292.051544189453;0
1512.512;287.852142333984;0
1514.471;297.117248535156;0
1516.428;230.068969726563;0
1518.384;236.92756652832;0
1520.34;218.470977783203;0
1522.294;242.14372253418;0
1524.249;247.499893188477;0
1526.202;322.871826171875;0
1528.153;326.148895263672;0
1530.103;304.190643310547;0
1532.054;227.584197998047;0
1534.004;205.808853149414;0
1535.951;210.555770874023;0
1537.899;184.026428222656;0
1539.847;167.293350219727;0
1541.793;189.910797119141;0
1543.738;257.767395019531;0
1545.681;278.30615234375;0
1547.625;251.841903686523;0
1549.566;184.063735961914;0
1551.509;195.086532592773;0
1553.45;193.09765625;0
1555.389;262.010284423828;0
1557.33;241.824401855469;0
1559.266;269.873352050781;0
1561.204;278.712707519531;0
1563.141;266.342468261719;0
1565.074;282.873687744141;0
1567.009;190.084213256836;0
1568.943;167.08512878418;0
1570.877;131.432357788086;0
1572.808;167.200271606445;0
1574.741;187.202880859375;0
1576.67;170.995727539063;0
1578.6;126.132713317871;0
1580.528;75.9470291137695;0
1582.455;28.5233497619629;0
1584.382;23.1571254730225;0
1586.307;62.7631225585938;0
1588.234;56.1549072265625;0
1590.157;19.2198371887207;0
1592.081;22.842212677002;0
1594.002;10.9146842956543;0
1595.927;107.497520446777;0
1597.845;122.974632263184;0
1599.767;146.456146240234;0
1601.685;127.054222106934;0
1603.602;92.2133026123047;0
1605.523;19.2667121887207;0
1607.438;16.1033515930176;0
1609.354;-19.6093807220459;0
1611.269;69.0597763061523;0
1613.181;66.1797409057617;0
1615.096;118.972946166992;0
1617.008;29.9949531555176;0
1618.92;49.4679756164551;0
1620.83;-2.49686789512634;0
1622.74;146.259262084961;0
1624.649;155.914321899414;0
1626.557;225.74609375;0
1628.464;262.360992431641;0
1630.37;251.092315673828;0
1632.275;244.828994750977;0
1634.18;182.125350952148;0
1636.085;144.313354492188;0
1637.988;168.715057373047;0
1639.888;212.386016845703;0
1641.791;285.867065429688;0
1643.691;343.908721923828;0
1645.588;334.290771484375;0
1647.489;381.013488769531;0
1649.387;338.411346435547;0
1651.284;350.928741455078;0
1653.18;289.454620361328;0
1655.075;306.655609130859;0
1656.972;283.198364257813;0
1658.864;332.75048828125;0
1660.754;313.424957275391;0
1662.65;321.890899658203;0
1664.539;287.037567138672;0
1666.428;306.97607421875;0
1668.32;350.817504882813;0
1670.207;360.117462158203;0
1672.096;332.320343017578;0
1673.982;283.981719970703;0
1675.867;286.212738037109;0
1677.754;323.235565185547;0
1679.638;337.494659423828;0
1681.52;406.101165771484;0
1683.403;422.500885009766;0
1685.285;439.027160644531;0
1687.166;457.791107177734;0
1689.048;394.237152099609;0
1690.924;330.365295410156;0
1692.804;247.5087890625;0
1694.682;244.332580566406;0
1696.558;258.058746337891;0
1698.435;212.020599365234;0
1700.308;201.440383911133;0
1702.184;205.76252746582;0
1704.057;189.875915527344;0
1705.929;177.446990966797;0
1707.801;188.031311035156;0
1709.674;211.406661987305;0
1711.542;195.350189208984;0
1713.412;153.416412353516;0
1715.28;142.827529907227;0
1717.145;129.805770874023;0
1719.015;88.2400436401367;0
1720.88;89.9722213745117;0
1722.746;113.438720703125;0
1724.61;162.352996826172;0
1726.471;156.159484863281;0
1728.334;132.524856567383;0
1730.197;108.782455444336;0
1732.057;176.154495239258;0
1733.919;182.258666992188;0
1735.777;174.028137207031;0
1737.634;85.9628982543945;0
1739.493;109.123207092285;0
1741.349;104.731292724609;0
1743.205;98.473274230957;0
1745.061;65.9975204467773;0
1746.915;82.6373672485352;0
1748.77;114.292999267578;0
1750.621;174.90885925293;0
1752.473;195.055206298828;0
1754.323;258.317138671875;0
1756.173;217.025909423828;0
1758.022;240.292404174805;0
1759.87;121.337707519531;0
1761.718;188.161834716797;0
1763.566;197.431442260742;0
1765.411;302.702087402344;0
1767.256;251.751556396484;0
1769.101;268.023406982422;0
1770.945;238.737930297852;0
1772.787;235.226043701172;0
1774.629;200.820693969727;0
1776.469;254.077453613281;0
1778.309;322.996307373047;0
1780.15;273.466186523438;0
1781.987;255.709243774414;0
1783.826;242.058868408203;0
1785.662;328.95947265625;0
1787.498;342.522186279297;0
1789.334;336.053985595703;0
1791.169;350.358978271484;0
1793.002;344.657684326172;0
1794.834;311.283386230469;0
1796.667;256.347229003906;0
1798.498;234.849212646484;0
1800.328;256.233764648438;0
1802.157;286.834350585938;0
1803.986;295.097076416016;0
1805.813;303.577667236328;0
1807.639;295.1650390625;0
1809.467;271.748046875;0
1811.292;308.1044921875;0
1813.117;282.456604003906;0
1814.94;312.915710449219;0
1816.763;215.259582519531;0
1818.585;226.599349975586;0
1820.407;168.823867797852;0
1822.227;145.377624511719;0
1824.048;174.816131591797;0
1825.865;254.533020019531;0
1827.683;272.245788574219;0
1829.501;198.890548706055;0
1831.317;148.920715332031;0
1833.135;120.510780334473;0
1834.948;157.88298034668;0
1836.761;89.8150863647461;0
1838.577;88.7515335083008;0
1840.388;125.36450958252;0
1842.198;94.9878082275391;0
1844.009;122.3994140625;0
1845.819;71.5993423461914;0
1847.629;87.8097991943359;0
1849.436;16.2530136108398;0
1851.244;23.0206394195557;0
1853.052;58.6865348815918;0
1854.858;189.029479980469;0
1856.661;163.051193237305;0
1858.466;213.863616943359;0
1860.269;216.35563659668;0
1862.073;251.079925537109;0
1863.875;265.480895996094;0
1865.673;291.780822753906;0
1867.476;305.757415771484;0
1869.275;333.299621582031;0
1871.072;249.851852416992;0
1872.872;288.19189453125;0
1874.667;237.208648681641;0
1876.464;285.013214111328;0
1878.26;274.938903808594;0
1880.053;254.985763549805;0
1881.849;189.041748046875;0
1883.64;143.440002441406;0
1885.431;202.180755615234;0
1887.226;274.042175292969;0
1889.014;228.135360717773;0
1890.803;99.571418762207;0
1892.594;12.9062747955322;0
1894.38;-1.96905183792114;0
1896.167;38.9744682312012;0
1897.955;130.266021728516;0
1899.74;244.572280883789;0
1901.526;281.004333496094;0
1903.309;241.67333984375;0
1905.091;185.468154907227;0
1906.876;174.499877929688;0
1908.658;138.546310424805;0
1910.438;76.6074523925781;0
1912.217;92.5721817016602;0
1913.996;49.8849449157715;0
1915.775;85.656852722168;0
1917.553;50.8879127502441;0
1919.33;94.2447814941406;0
1921.106;129.060791015625;0
1922.881;110.335960388184;0
1924.655;168.95915222168;0
1926.431;72.9303894042969;0
1928.202;67.0274429321289;0
1929.974;-24.9719219207764;0
1931.746;60.0330619812012;0
1933.516;124.053871154785;0
1935.286;163.689575195313;0
1937.055;164.894958496094;0
1938.823;191.336700439453;0
1940.592;254.459259033203;0
1942.356;271.707336425781;0
1944.122;215.748046875;0
1945.888;194.020721435547;0
1947.651;152.413787841797;0
1949.416;173.704803466797;0
1951.178;148.560455322266;0
1952.939;144.793334960938;0
1954.699;138.93586730957;0
1956.459;150.198013305664;0
1958.219;170.913116455078;0
1959.979;231.746826171875;0
1961.735;306.255249023438;0
1963.491;356.513916015625;0
1965.249;294.225463867188;0
1967.003;247.391403198242;0
1968.761;259.122833251953;0
1970.512;321.198303222656;0
1972.265;348.062255859375;0
1974.018;374.714721679688;0
1975.769;330.377899169922;0
1977.522;286.1630859375;0
1979.271;279.628448486328;0
1981.018;330.107299804688;0
1982.766;403.710754394531;0
1984.516;378.88330078125;0
1986.261;390.959106445313;0
1988.009;387.605102539063;0
1989.754;422.265441894531;0
1991.498;379.384216308594;0
1993.241;414.961456298828;0
1994.984;400.554656982422;0
1996.727;462.607879638672;0
1998.468;479.229797363281;0
2000.206;480.195465087891;0
2001.946;431.395965576172;0
2003.686;471.9423828125;0
2005.424;528.94580078125;0
2007.161;539.740234375;0
2008.898;462.99365234375;0
2010.634;456.706329345703;0
2012.369;524.546447753906;0
2014.103;532.847839355469;0
2015.836;540.055236816406;0
2017.57;543.391418457031;0
2019.299;553.411804199219;0
2021.032;490.005340576172;0
2022.762;404.283172607422;0
2024.491;408.245269775391;0
2026.221;456.336059570313;0
2027.947;576.666687011719;0
2029.676;533.014892578125;0
2031.403;489.269622802734;0
2033.128;389.096740722656;0
2034.852;405.001922607422;0
2036.577;399.590850830078;0
2038.299;432.822174072266;0
2040.022;415.407745361328;0
2041.744;347.458679199219;0
2043.465;187.863876342773;0
2045.184;141.845260620117;0
2046.903;173.181045532227;0
2048.621;274.760711669922;0
2050.339;252.696640014648;0
2052.057;203.09992980957;0
2053.774;113.970581054688;0
2055.488;100.9404296875;0
2057.203;121.588195800781;0
2058.917;237.481658935547;0
2060.631;207.176376342773;0
2062.344;148.340209960938;0
2064.053;46.8597793579102;0
2065.765;71.2815017700195;0
2067.476;79.6136322021484;0
2069.185;94.6331253051758;0
2070.892;133.895538330078;0
2072.6;196.959732055664;0
2074.308;183.159561157227;0
2076.014;204.384292602539;0
2077.72;221.411849975586;0
2079.425;196.686584472656;0
2081.13;146.873321533203;0
2082.833;75.972038269043;0
2084.532;101.442428588867;0
2086.236;108.550964355469;0
2087.936;112.969436645508;0
2089.635;192.385223388672;0
2091.335;202.049102783203;0
2093.034;214.294815063477;0
2094.731;218.428405761719;0
2096.427;236.305679321289;0
2098.124;355.716705322266;0
2099.82;375.707946777344;0
2101.515;447.390502929688;0
2103.207;398.317840576172;0
2104.902;487.046539306641;0
2106.594;492.689758300781;0
2108.286;530.913879394531;0
2109.976;418.384948730469;0
2111.667;431.658630371094;0
2113.355;422.400115966797;0
2115.044;508.497833251953;0
2116.732;427.0625;0
2118.42;412.871459960938;0
2120.105;390.480285644531;0
2121.79;500.444519042969;0
2123.476;559.430847167969;0
2125.16;558.772583007813;0
2126.844;481.358642578125;0
2128.524;456.077880859375;0
2130.207;483.263641357422;0
2131.888;581.13818359375;0
2133.567;573.152709960938;0
2135.247;569.754150390625;0
2136.927;489.831909179688;0
2138.603;547.271850585938;0
2140.281;543.962768554688;0
2141.957;585.973205566406;0
2143.633;513.333740234375;0
2145.308;414.15625;0
2146.981;369.343231201172;0
2148.654;439.44921875;0
2150.328;510.472991943359;0
2152;510.081268310547;0
2153.669;428.384490966797;0
2155.34;409.159973144531;0
2157.01;519.296569824219;0
2158.677;508.016479492188;0
2160.347;544.845520019531;0
2162.013;432.943115234375;0
2163.681;458.220489501953;0
2165.347;473.872131347656;0
2167.011;549.881408691406;0
2168.674;556.2099609375;0
2170.337;507.235260009766;0
2172.002;489.064300537109;0
2173.662;532.36328125;0
2175.324;568.731506347656;0
2176.985;499.063720703125;0
2178.645;456.976318359375;0
2180.304;356.135192871094;0
2181.961;353.875030517578;0
2183.618;316.071685791016;0
2185.275;301.349273681641;0
2186.932;297.702758789063;0
2188.586;309.556549072266;0
2190.242;343.659149169922;0
2191.896;306.915069580078;0
2193.547;254.893188476563;0
2195.2;187.847030639648;0
2196.851;213.542114257813;0
2198.502;236.98503112793;0
2200.153;353.235626220703;0
2201.799;321.519378662109;0
2203.447;315.309783935547;0
2205.097;260.434387207031;0
2206.742;292.323150634766;0
2208.391;365.926147460938;0
2210.035;351.429351806641;0
2211.679;440.721649169922;0
2213.324;398.691925048828;0
2214.966;455.465728759766;0
2216.608;342.487884521484;0
2218.252;374.314849853516;0
2219.89;347.057861328125;0
2221.531;401.383605957031;0
2223.172;377.850677490234;0
2224.809;389.459899902344;0
2226.449;364.767669677734;0
2228.086;395.218475341797;0
2229.72;443.590972900391;0
2231.358;466.410797119141;0
2232.992;419.761444091797;0
2234.625;378.691253662109;0
2236.26;340.533538818359;0
2237.893;332.622528076172;0
2239.524;329.001220703125;0
2241.156;365.283569335938;0
2242.785;399.500213623047;0
2244.416;430.480804443359;0
2246.044;480.040313720703;0
2247.672;461.290222167969;0
2249.301;485.342010498047;0
2250.926;474.196716308594;0
2252.554;493.633056640625;0
2254.177;462.873657226563;0
2255.803;393.417083740234;0
2257.427;400.573150634766;0
2259.051;378.707061767578;0
2260.671;365.050018310547;0
2262.294;385.785064697266;0
2263.914;362.218414306641;0
2265.533;420.454681396484;0
2267.153;421.720916748047;0
2268.773;427.999786376953;0
2270.392;397.776824951172;0
2272.006;333.673095703125;0
2273.624;369.390380859375;0
2275.239;389.247497558594;0
2276.854;448.723693847656;0
2278.468;496.895721435547;0
2280.084;510.637298583984;0
2281.695;553.1826171875;0
2283.305;408.598754882813;0
2284.919;445.803894042969;0
2286.527;376.147247314453;0
2288.14;498.279296875;0
2289.748;417.656707763672;0
2291.354;415.054779052734;0
2292.964;359.473999023438;0
2294.569;400.973114013672;0
2296.174;379.514343261719;0
2297.782;373.329895019531;0
2299.386;347.877288818359;0
2300.99;350.195922851563;0
2302.594;307.341400146484;0
2304.195;264.266204833984;0
2305.798;274.228454589844;0
2307.399;295.339263916016;0
2308.998;327.709747314453;0
2310.598;386.325897216797;0
2312.197;533.07666015625;0
2313.795;602.072387695313;0
2315.392;601.312805175781;0
2316.988;502.686828613281;0
2318.585;469.302551269531;0
2320.18;457.714721679688;0
2321.774;465.589080810547;0
2323.368;432.287261962891;0
2324.961;393.447692871094;0
2326.553;318.482604980469;0
2328.145;369.807586669922;0
2329.735;383.927825927734;0
2331.324;438.929107666016;0
2332.916;379.081512451172;0
2334.503;347.773010253906;0
2336.092;331.391754150391;0
2337.677;307.019073486328;0
2339.263;357.4775390625;0
2340.85;400.079315185547;0
2342.434;440.474670410156;0
2344.018;470.552093505859;0
2345.602;439.979583740234;0
2347.185;480.090484619141;0
2348.768;347.328826904297;0
2350.347;362.972564697266;0
2351.928;358.185943603516;0
2353.51;467.886474609375;0
2355.087;475.878234863281;0
2356.665;432.164581298828;0
2358.243;288.636962890625;0
2359.819;255.274307250977;0
2361.396;215.695831298828;0
2362.972;292.252227783203;0
2364.547;299.791107177734;0
2366.121;289.422332763672;0
2367.694;318.104949951172;0
2369.267;271.759460449219;0
2370.839;329.344543457031;0
2372.411;290.452880859375;0
2373.982;351.359375;0
2375.55;274.828247070313;0
2377.118;273.349487304688;0
2378.687;289.006805419922;0
2380.254;360.816589355469;0
2381.821;419.344665527344;0
2383.387;400.65966796875;0
2384.954;390.430694580078;0
2386.516;380.996124267578;0
2388.082;328.889068603516;0
2389.644;283.879669189453;0
2391.209;285.954162597656;0
2392.769;254.069198608398;0
2394.33;270.246276855469;0
2395.892;294.887725830078;0
2397.449;353.534332275391;0
2399.008;366.519866943359;0
2400.568;336.399932861328;0
2402.125;333.374877929688;0
2403.68;429.783905029297;0
2405.238;496.232940673828;0
2406.792;545.687133789063;0
2408.349;485.746276855469;0
2409.902;422.224151611328;0
2411.455;401.354919433594;0
2413.007;420.494018554688;0
2414.558;342.742614746094;0
2416.11;357.291137695313;0
2417.66;347.054870605469;0
2419.21;426.420532226563;0
2420.758;410.679382324219;0
2422.307;346.691864013672;0
2423.855;329.609375;0
2425.402;319.050354003906;0
2426.947;358.403747558594;0
2428.492;356.9697265625;0
2430.038;400.634674072266;0
2431.58;364.510162353516;0
2433.124;424.136199951172;0
2434.667;407.973663330078;0
2436.208;447.800842285156;0
2437.75;471.949676513672;0
2439.291;487.309173583984;0
2440.83;536.989624023438;0
2442.369;533.215148925781;0
2443.906;514.874694824219;0
2445.444;469.858795166016;0
2446.981;370.554840087891;0
2448.517;335.515045166016;0
2450.053;358.177185058594;0
2451.587;396.273864746094;0
2453.12;492.580902099609;0
2454.655;497.875946044922;0
2456.187;494.825775146484;0
2457.718;467.989593505859;0
2459.25;384.590087890625;0
2460.781;335.881774902344;0
2462.31;276.982452392578;0
2463.84;340.99951171875;0
2465.368;365.004821777344;0
2466.896;339.219665527344;0
2468.423;319.309143066406;0
2469.949;293.048278808594;0
2471.474;306.516784667969;0
2472.998;319.260101318359;0
2474.522;331.990386962891;0
2476.045;289.262969970703;0
2477.568;294.961303710938;0
2479.09;326.898590087891;0
2480.612;376.036651611328;0
2482.132;363.050445556641;0
2483.653;389.453125;0
2485.171;400.190704345703;0
2486.689;457.931121826172;0
2488.208;431.897399902344;0
2489.725;449.422454833984;0
2491.242;398.387573242188;0
2492.757;386.269409179688;0
2494.271;394.169952392578;0
2495.785;412.593902587891;0
2497.3;334.242767333984;0
2498.812;323.072326660156;0
2500.325;310.492004394531;0
2501.837;361.601287841797;0
2503.345;256.823120117188;0
2504.856;225.165878295898;0
2506.366;227.182800292969;0
2507.875;302.875030517578;0
2509.382;321.027984619141;0
2510.889;273.755249023438;0
2512.397;190.511001586914;0
2513.901;130.817886352539;0
2515.406;143.044662475586;0
2516.911;177.344345092773;0
2518.415;198.211761474609;0
2519.918;183.093399047852;0
2521.421;199.324462890625;0
2522.922;200.904541015625;0
2524.423;242.251235961914;0
2525.924;228.482192993164;0
2527.422;183.729431152344;0
2528.923;113.661041259766;0
2530.419;82.0536499023438;0
2531.916;78.6845703125;0
2533.415;67.6648101806641;0
2534.909;46.9936676025391;0
2536.404;55.1110458374023;0
2537.899;84.5703277587891;0
2539.394;173.618103027344;0
2540.887;237.233779907227;0
2542.38;272.639984130859;0
2543.871;192.170211791992;0
2545.363;190.157852172852;0
2546.852;201.15950012207;0
2548.345;206.174957275391;0
2549.833;198.48860168457;0
2551.321;133.97200012207;0
2552.811;168.406356811523;0
2554.296;147.864151000977;0
2555.78;211.784484863281;0
2557.267;204.05583190918;0
2558.752;180.903503417969;0
2560.237;151.245834350586;0
2561.721;167.09928894043;0
2563.203;218.74739074707;0
2564.687;278.411376953125;0
2566.168;307.424591064453;0
2567.648;250.107482910156;0
2569.129;249.44743347168;0
2570.607;241.006057739258;0
2572.086;330.842193603516;0
2573.565;343.359100341797;0
2575.041;371.194488525391;0
2576.518;322.029449462891;0
2577.994;285.086608886719;0
2579.469;283.045227050781;0
2580.945;323.450012207031;0
2582.418;356.415252685547;0
2583.892;359.94140625;0
2585.365;391.063507080078;0
2586.835;417.787384033203;0
2588.307;462.173980712891;0
2589.778;404.334533691406;0
2591.248;350.601196289063;0
2592.717;343.864624023438;0
2594.186;340.241821289063;0
2595.652;402.399230957031;0
2597.121;372.221221923828;0
2598.585;406.912200927734;0
2600.052;372.824340820313;0
2601.518;382.864593505859;0
2602.982;340.774810791016;0
2604.446;360.958038330078;0
2605.907;397.142242431641;0
2607.371;386.437347412109;0
2608.83;398.507751464844;0
2610.293;361.464508056641;0
2611.752;363.111419677734;0
2613.213;376.219177246094;0
2614.672;361.433624267578;0
2616.13;470.975219726563;0
2617.587;466.290313720703;0
2619.043;509.267425537109;0
2620.501;510.018096923828;0
2621.957;467.653778076172;0
2623.409;451.511932373047;0
2624.864;408.149383544922;0
2626.318;469.438842773438;0
2627.771;512.511596679688;0
2629.222;533.145080566406;0
2630.673;519.653381347656;0
2632.124;542.051025390625;0
2633.575;502.557739257813;0
2635.023;491.635803222656;0
2636.473;394.964691162109;0
2637.922;402.246307373047;0
2639.368;374.809753417969;0
2640.816;432.552947998047;0
2642.261;414.070831298828;0
2643.705;398.479278564453;0
2645.151;367.5478515625;0
2646.596;373.990539550781;0
2648.037;423.824401855469;0
2649.48;414.320495605469;0
2650.923;425.702087402344;0
2652.364;455.636260986328;0
2653.804;400.1005859375;0
2655.243;362.760314941406;0
2656.683;321.922698974609;0
2658.121;360.790740966797;0
2659.559;330.749725341797;0
2660.997;316.944519042969;0
2662.433;342.360260009766;0
2663.868;405.884948730469;0
2665.305;430.958099365234;0
2666.737;449.136627197266;0
2668.173;474.0869140625;0
2669.606;376.69873046875;0
2671.038;340.388214111328;0
2672.47;291.335876464844;0
2673.901;228.421859741211;0
2675.331;226.067977905273;0
2676.761;273.829925537109;0
2678.189;303.605865478516;0
2679.619;300.941925048828;0
2681.045;215.39404296875;0
2682.473;277.628387451172;0
2683.9;264.201934814453;0
2685.324;262.002868652344;0
2686.749;268.253936767578;0
2688.176;284.397857666016;0
2689.599;296.940032958984;0
2691.021;263.933135986328;0
2692.444;227.834777832031;0
2693.865;224.518737792969;0
2695.287;220.401245117188;0
2696.707;196.767654418945;0
2698.125;200.35905456543;0
2699.545;223.507339477539;0
2700.963;225.101257324219;0
2702.381;239.475677490234;0
2703.798;282.742523193359;0
2705.214;273.679077148438;0
2706.629;270.174194335938;0
2708.046;247.672271728516;0
2709.458;326.863739013672;0
2710.872;346.279022216797;0
2712.285;362.029998779297;0
2713.699;285.783782958984;0
2715.111;299.048187255859;0
2716.52;285.342712402344;0
2717.93;307.678009033203;0
2719.342;259.010375976563;0
2720.749;260.815612792969;0
2722.159;268.511047363281;0
2723.565;298.097106933594;0
2724.971;346.381195068359;0
2726.38;321.996795654297;0
2727.785;336.050170898438;0
2729.19;311.544921875;0
2730.594;412.181793212891;0
2731.997;427.038421630859;0
2733.401;417.7822265625;0
2734.803;371.968719482422;0
2736.204;337.267211914063;0
2737.606;330.477722167969;0
2739.005;298.858734130859;0
2740.405;247.644500732422;0
2741.806;289.837768554688;0
2743.202;307.923828125;0
2744.602;366.341217041016;0
2745.998;381.867248535156;0
2747.395;447.9482421875;0
2748.79;501.473022460938;0
2750.185;453.886993408203;0
2751.58;437.856811523437;0
2752.975;366.9365234375;0
2754.366;370.228851318359;0
2755.759;367.325805664063;0
2757.151;367.030731201172;0
2758.542;383.874938964844;0
2759.933;365.493255615234;0
2761.322;443.764862060547;0
2762.71;451.69921875;0
2764.1;483.278045654297;0
2765.486;499.426452636719;0
2766.875;523.680969238281;0
2768.26;520.819946289063;0
2769.646;461.509613037109;0
2771.031;437.751586914063;0
2772.418;385.373809814453;0
2773.799;396.545776367188;0
2775.184;410.254364013672;0
2776.565;386.408447265625;0
2777.946;381.789306640625;0
2779.328;443.235626220703;0
2780.708;471.480163574219;0
2782.09;507.724090576172;0
2783.469;474.083404541016;0
2784.847;548.880065917969;0
2786.226;581.451965332031;0
2787.603;548.021301269531;0
2788.978;541.593017578125;0
2790.355;498.722778320313;0
2791.731;536.165466308594;0
2793.104;526.497680664063;0
2794.479;573.960571289063;0
2795.853;495.756225585937;0
2797.225;467.093719482422;0
2798.596;410.630279541016;0
2799.967;382.912506103516;0
2801.341;308.964721679688;0
2802.71;232.459045410156;0
2804.077;155.737976074219;0
2805.447;150.579391479492;0
2806.815;90.6494369506835;0
2808.183;87.3935089111327;0
2809.551;41.1459007263184;0
2810.915;64.5740432739259;0
2812.282;81.8518829345704;0
2813.646;106.362205505371;0
2815.011;91.5483551025389;0
2816.375;87.855110168457;0
2817.736;55.9450798034668;0
2819.099;52.3741035461426;0
2820.462;51.3645210266113;0
2821.821;91.694465637207;0
2823.182;129.475128173828;0
2824.542;152.70735168457;0
2825.901;141.391586303711;0
2827.261;178.109237670898;0
2828.617;171.051010131836;0
2829.974;198.554946899414;0
2831.33;174.821151733398;0
2832.686;205.315658569336;0
2834.043;243.594665527344;0
2835.395;234.770965576172;0
2836.75;280.510955810547;0
2838.104;248.513122558594;0
2839.456;259.268920898438;0
2840.807;248.920776367187;0
2842.16;241.137588500977;0
2843.509;271.585968017578;0
2844.858;227.728164672852;0
2846.209;262.716186523438;0
2847.556;188.525115966797;0
2848.906;182.343078613281;0
2850.253;164.789428710938;0
2851.6;190.243545532227;0
2852.946;244.036346435547;0
2854.29;249.38996887207;0
2855.635;305.971069335938;0
2856.98;268.662231445313;0
2858.323;254.487518310547;0
2859.665;236.769149780274;0
2861.008;223.255523681641;0
2862.349;260.3349609375;0
2863.691;228.842483520508;0
2865.031;228.803909301758;0
2866.37;239.214309692383;0
2867.709;273.295837402344;0
2869.048;334.238525390625;0
2870.385;287.312408447266;0
2871.722;302.580169677734;0
2873.059;265.180084228516;0
2874.394;310.648834228516;0
2875.73;283.560028076172;0
2877.064;305.769958496094;0
2878.398;292.30712890625;0
2879.731;322.782470703125;0
2881.063;326.354858398438;0
2882.395;349.934844970703;0
2883.727;433.624969482422;0
2885.059;433.750854492188;0
2886.387;434.868011474609;0
2887.717;385.308807373047;0
2889.046;387.07275390625;0
2890.374;376.604736328125;0
2891.699;337.095703125;0
2893.028;362.359619140625;0
2894.354;345.335266113281;0
2895.679;329.641845703125;0
2897.004;284.159820556641;0
2898.328;281.110504150391;0
2899.653;276.827972412109;0
2900.976;369.200714111328;0
2902.297;400.451293945312;0
2903.619;408.024993896484;0
2904.941;390.363403320313;0
2906.26;376.998687744141;0
2907.58;394.18505859375;0
2908.898;354.250518798828;0
2910.217;344.993286132813;0
2911.536;319.169525146484;0
2912.852;266.000915527344;0
2914.171;288.709350585938;0
2915.485;304.294555664063;0
2916.799;349.646118164063;0
2918.116;336.035888671875;0
2919.428;354.53125;0
2920.743;373.068725585938;0
2922.056;350.370910644531;0
2923.367;360.659881591797;0
2924.679;338.303039550781;0
2925.99;389.454376220703;0
2927.299;359.814636230469;0
2928.609;406.542144775391;0
2929.918;422.368621826172;0
2931.226;442.407470703125;0
2932.535;461.547637939453;0
2933.841;458.011749267578;0
2935.149;501.578948974609;0
2936.455;476.582733154297;0
2937.758;473.910064697266;0
2939.064;430.782745361328;0
2940.368;432.390075683594;0
2941.67;450.336334228516;0
2942.973;531.717529296875;0
2944.277;500.757171630859;0
2945.577;448.233062744141;0
2946.878;380.061889648438;0
2948.178;382.529235839844;0
2949.477;399.683868408203;0
2950.776;414.274810791016;0
2952.073;442.190551757812;0
2953.372;462.433074951172;0
2954.669;489.226104736328;0
2955.965;438.572601318359;0
2957.261;412.749542236328;0
2958.556;384.157501220703;0
2959.849;382.552581787109;0
2961.145;410.722137451172;0
2962.436;459.338348388672;0
2963.732;492.735595703125;0
2965.022;474.802856445313;0
2966.313;457.540100097656;0
2967.603;428.615142822266;0
2968.893;440.663452148438;0
2970.182;368.233703613281;0
2971.471;333.734985351563;0
2972.759;320.168731689453;0
2974.047;335.700164794922;0
2975.334;423.363159179687;0
2976.62;449.251861572266;0
2977.907;427.921783447266;0
2979.192;406.261505126953;0
2980.475;359.936859130859;0
2981.76;374.394500732422;0
2983.043;325.964935302734;0
2984.326;348.627349853516;0
2985.607;312.853363037109;0
2986.888;356.420074462891;0
2988.17;273.747924804688;0
2989.449;261.81103515625;0
2990.728;228.53955078125;0
2992.007;264.520629882813;0
2993.284;327.943786621094;0
2994.562;326.328002929688;0
2995.84;287.925537109375;0
2997.115;230.686874389648;0
2998.393;219.777328491211;0
2999.666;240.641143798828;0
3000.94;242.722183227539;0
3002.215;257.909362792969;0
3003.486;220.535446166992;0
3004.76;209.489410400391;0
3006.033;167.549087524414;0
3007.303;193.493209838867;0
3008.573;131.656204223633;0
3009.844;134.482086181641;0
3011.114;167.628067016602;0
3012.383;212.326278686523;0
3013.649;148.021713256836;0
3014.917;84.8242797851563;0
3016.185;85.5113525390625;0
3017.451;99.3053512573242;0
3018.716;105.207489013672;0
3019.983;85.6624603271484;0
3021.246;91.6715621948242;0
3022.509;88.6758499145508;0
3023.774;115.095909118652;0
3025.035;177.715789794922;0
3026.299;152.552810668945;0
3027.56;147.162536621094;0
3028.819;117.43399810791;0
3030.081;176.536590576172;0
3031.339;139.509613037109;0
3032.598;164.90690612793;0
3033.856;176.057693481445;0
3035.114;250.739227294922;0
3036.372;218.283813476563;0
3037.628;185.471298217773;0
3038.883;125.412582397461;0
3040.138;143.715301513672;0
3041.394;152.831726074219;0
3042.646;230.589797973633;0
3043.9;230.100540161133;0
3045.152;228.518280029297;0
3046.405;201.382598876953;0
3047.657;203.960906982422;0
3048.906;176.207992553711;0
3050.158;193.64599609375;0
3051.407;263.032440185547;0
3052.656;281.705841064453;0
3053.904;291.588775634766;0
3055.153;245.902755737305;0
3056.398;257.092834472656;0
3057.647;238.346343994141;0
3058.892;220.985870361328;0
3060.137;190.367126464844;0
3061.382;188.490844726563;0
3062.625;176.442138671875;0
3063.869;239.694625854492;0
3065.112;178.015960693359;0
3066.353;197.945358276367;0
3067.595;142.515121459961;0
3068.838;195.933319091797;0
3070.075;224.881652832031;0
3071.317;294.915588378906;0
3072.557;317.036010742188;0
3073.795;276.465362548828;0
3075.032;234.981948852539;0
3076.27;231.252349853516;0
3077.507;259.72119140625;0
3078.742;295.054534912109;0
3079.978;296.8076171875;0
3081.212;269.868774414062;0
3082.446;267.347808837891;0
3083.681;227.689788818359;0
3084.913;265.584747314453;0
3086.147;273.929534912109;0
3087.38;321.151062011719;0
3088.61;319.084655761719;0
3089.84;326.752075195313;0
3091.071;342.942932128906;0
3092.3;321.6767578125;0
3093.529;278.500823974609;0
3094.755;239.80973815918;0
3095.984;306.708648681641;0
3097.211;318.839294433594;0
3098.438;381.527618408203;0
3099.663;358.312377929687;0
3100.888;356.859771728516;0
3102.112;288.71826171875;0
3103.335;233.466934204102;0
3104.56;219.600234985352;0
3105.782;214.510818481445;0
3107.005;213.755386352539;0
3108.226;220.446243286133;0
3109.447;267.472534179688;0
3110.667;297.723999023438;0
3111.887;314.977355957031;0
3113.104;265.541656494141;0
3114.324;249.069732666016;0
3115.541;289.625732421875;0
3116.758;356.183166503906;0
3117.976;368.841735839844;0
3119.192;399.712921142578;0
3120.408;388.46435546875;0
3121.622;408.208526611328;0
3122.835;345.278259277344;0
3124.05;319.933959960938;0
3125.262;331.170837402344;0
3126.476;363.956085205078;0
3127.687;361.402221679688;0
3128.897;297.7236328125;0
3130.108;262.547088623047;0
3131.319;265.874481201172;0
3132.528;274.655334472656;0
3133.737;288.111938476563;0
3134.945;291.293762207031;0
3136.152;268.645660400391;0
3137.358;225.136383056641;0
3138.565;213.530426025391;0
3139.772;240.603805541992;0
3140.976;208.57926940918;0
3142.18;175.789672851563;0
3143.385;150.901794433594;0
3144.588;193.471267700195;0
3145.79;168.16487121582;0
3146.993;170.565536499023;0
3148.194;132.66487121582;0
3149.395;186.88899230957;0
3150.596;224.895614624023;0
3151.794;208.273620605469;0
3152.994;225.999313354492;0
3154.193;202.517379760742;0
3155.39;249.381408691406;0
3156.587;245.355194091797;0
3157.784;265.532470703125;0
3158.982;241.486373901367;0
3160.177;213.827499389648;0
3161.37;171.900863647461;0
3162.565;206.814178466797;0
3163.759;176.002593994141;0
3164.952;177.75244140625;0
3166.146;167.336349487305;0
3167.337;220.429550170898;0
3168.527;227.969055175781;0
3169.719;212.510864257813;0
3170.91;219.388793945313;0
3172.098;183.167358398438;0
3173.288;182.669281005859;0
3174.475;119.208778381348;0
3175.663;147.808258056641;0
3176.849;193.853866577148;0
3178.037;261.345489501953;0
3179.223;294.170989990234;0
3180.408;246.633773803711;0
3181.592;186.762298583984;0
3182.777;131.311767578125;0
3183.96;123.278205871582;0
3185.143;127.778312683105;0
3186.325;170.808059692383;0
3187.507;211.39404296875;0
3188.688;279.758850097656;0
3189.869;281.236999511719;0
3191.049;298.495208740234;0
3192.228;277.19921875;0
3193.406;279.237640380859;0
3194.585;258.328125;0
3195.763;262.919830322266;0
3196.939;212.624633789063;0
3198.116;187.216934204102;0
3199.292;178.641128540039;0
3200.466;214.748123168945;0
3201.643;229.793167114258;0
3202.816;215.516677856445;0
3203.991;238.549301147461;0
3205.161;241.224761962891;0
3206.334;232.651077270508;0
3207.504;241.182662963867;0
3208.677;261.485198974609;0
3209.846;280.830352783203;0
3211.017;301.704315185547;0
3212.187;353.440002441406;0
3213.356;377.925872802734;0
3214.524;319.383697509766;0
3215.69;290.146484375;0
3216.859;296.651916503906;0
3218.024;311.241455078125;0
3219.189;288.958740234375;0
3220.354;268.661254882813;0
3221.519;288.270294189453;0
3222.682;287.014007568359;0
3223.845;324.738037109375;0
3225.01;355.767761230469;0
3226.171;406.547668457031;0
3227.332;379.100341796875;0
3228.494;396.123718261719;0
3229.655;283.602722167969;0
3230.814;248.245269775391;0
3231.973;184.932678222656;0
3233.13;258.006652832031;0
3234.29;276.187286376953;0
3235.447;279.360900878906;0
3236.605;276.416717529297;0
3237.76;281.799621582031;0
3238.916;268.842956542969;0
3240.071;213.324478149414;0
3241.224;202.311447143555;0
3242.381;261.543182373047;0
3243.532;328.879028320313;0
3244.685;357.685119628906;0
3245.839;290.857330322266;0
3246.99;279.647491455078;0
3248.141;228.954895019531;0
3249.292;248.79638671875;0
3250.439;222.632904052734;0
3251.589;262.179626464844;0
3252.739;300.447998046875;0
3253.886;328.853210449219;0
3255.034;301.806793212891;0
3256.18;292.976348876953;0
3257.326;277.794006347656;0
3258.472;321.721221923828;0
3259.617;352.530487060547;0
3260.761;335.214263916016;0
3261.905;290.780883789063;0
3263.048;280.028259277344;0
3264.19;288.836822509766;0
3265.333;332.008148193359;0
3266.475;301.506317138672;0
3267.617;305.188537597656;0
3268.757;308.153228759766;0
3269.896;293.551574707031;0
3271.036;293.100463867188;0
3272.175;262.864837646484;0
3273.313;290.244171142578;0
3274.449;349.761627197266;0
3275.586;347.946685791016;0
3276.722;292.465209960938;0
3277.859;256.269683837891;0
3278.993;244.763153076172;0
3280.13;238.501602172852;0
3281.263;250.152099609375;0
3282.395;281.715057373047;0
3283.529;345.191009521484;0
3284.66;321.559326171875;0
3285.794;322.488830566406;0
3286.924;307.953796386719;0
3288.054;311.827301025391;0
3289.185;291.432891845703;0
3290.313;271.011871337891;0
3291.443;264.718566894531;0
3292.571;271.784515380859;0
3293.698;297.876922607422;0
3294.824;300.196136474609;0
3295.952;264.599792480469;0
3297.077;228.656478881836;0
3298.203;256.848754882813;0
3299.328;323.61474609375;0
3300.45;358.488403320313;0
3301.574;325.58203125;0
3302.698;315.118865966797;0
3303.819;330.98779296875;0
3304.942;358.522125244141;0
3306.064;355.3896484375;0
3307.182;339.480102539063;0
3308.303;300.164367675781;0
3309.423;311.015380859375;0
3310.542;313.984405517578;0
3311.66;305.038848876953;0
3312.778;279.395355224609;0
3313.895;251.136474609375;0
3315.012;252.811096191406;0
3316.128;269.872985839844;0
3317.243;266.375762939453;0
3318.357;267.528167724609;0
3319.471;272.285552978516;0
3320.586;300.798370361328;0
3321.698;294.324188232422;0
3322.813;273.419891357422;0
3323.923;242.116775512695;0
3325.034;252.936477661133;0
3326.146;246.419143676758;0
3327.255;266.017547607422;0
3328.366;241.167770385742;0
3329.474;228.163970947266;0
3330.582;218.578002929688;0
3331.691;244.392761230469;0
3332.797;219.203460693359;0
3333.905;244.549514770508;0
3335.011;216.113342285156;0
3336.116;217.147583007813;0
3337.22;122.912048339844;0
3338.327;125.254432678223;0
3339.429;79.1082992553711;0
3340.534;136.603393554688;0
3341.635;156.095230102539;0
3342.737;218.138565063477;0
3343.84;179.623107910156;0
3344.94;182.549179077148;0
3346.041;182.917053222656;0
3347.142;251.504501342773;0
3348.24;243.311401367188;0
3349.337;230.339065551758;0
3350.437;188.453506469727;0
3351.534;175.566009521484;0
3352.633;156.854370117188;0
3353.727;207.53190612793;0
3354.823;218.43310546875;0
3355.919;239.11344909668;0
3357.013;216.030624389648;0
3358.108;195.516632080078;0
3359.201;241.375839233398;0
3360.293;221.897445678711;0
3361.385;260.671966552734;0
3362.478;228.103454589844;0
3363.569;238.309646606445;0
3364.661;193.740570068359;0
3365.75;256.277465820313;0
3366.838;270.691314697266;0
3367.929;272.976654052734;0
3369.017;244.018020629883;0
3370.105;249.699783325195;0
3371.193;284.41650390625;0
3372.279;266.384735107422;0
3373.364;220.739135742188;0
3374.45;269.813934326172;0
3375.534;284.458618164063;0
3376.62;315.019012451172;0
3377.704;291.720642089844;0
3378.786;249.596618652344;0
3379.871;270.962799072266;0
3380.951;215.816802978516;0
3382.034;255.598815917969;0
3383.114;220.436416625977;0
3384.195;290.320007324219;0
3385.276;255.442123413086;0
3386.354;296.154907226563;0
3387.433;239.510620117188;0
3388.511;281.026092529297;0
3389.588;283.382171630859;0
3390.664;315.034088134766;0
3391.742;274.008697509766;0
3392.816;262.859130859375;0
3393.893;265.659851074219;0
3394.968;307.730804443359;0
3396.042;350.915710449219;0
3397.115;363.114715576172;0
3398.189;344.544891357422;0
3399.262;285.737945556641;0
3400.333;292.157836914063;0
3401.404;260.889526367187;0
3402.474;280.970520019531;0
3403.545;240.527954101563;0
3404.615;267.769195556641;0
3405.685;280.216094970703;0
3406.752;304.499969482422;0
3407.82;315.550567626953;0
3408.888;300.480316162109;0
3409.955;317.838073730469;0
3411.021;314.897308349609;0
3412.085;345.406127929688;0
3413.151;292.751525878906;0
3414.215;274.881805419922;0
3415.279;262.10986328125;0
3416.343;279.489624023438;0
3417.406;315.367248535156;0
3418.468;294.345489501953;0
3419.53;294.2021484375;0
3420.592;260.484436035156;0
3421.652;250.477828979492;0
3422.712;232.427261352539;0
3423.773;170.714248657227;0
3424.83;152.863952636719;0
3425.889;175.588836669922;0
3426.946;207.885238647461;0
3428.005;183.654388427734;0
3429.061;205.750442504883;0
3430.117;244.435470581055;0
3431.172;287.488555908203;0
3432.227;232.392227172852;0
3433.281;205.533203125;0
3434.335;193.519485473633;0
3435.389;206.64387512207;0
3436.44;187.008209228516;0
3437.492;205.685668945312;0
3438.546;217.81201171875;0
3439.598;223.964660644531;0
3440.646;207.757186889648;0
3441.697;218.570114135742;0
3442.745;257.823638916016;0
3443.793;265.954467773438;0
3444.842;230.186233520508;0
3445.891;238.215438842773;0
3446.937;223.906326293945;0
3447.984;253.790817260742;0
3449.031;251.044143676758;0
3450.075;291.515167236328;0
3451.12;282.297149658203;0
3452.164;289.814025878906;0
3453.207;276.966857910156;0
3454.251;326.82861328125;0
3455.293;326.759216308594;0
3456.336;305.425506591797;0
3457.378;284.0537109375;0
3458.417;271.444000244141;0
3459.458;272.364013671875;0
3460.498;276.365539550781;0
3461.539;297.424468994141;0
3462.577;286.056030273438;0
3463.614;235.06396484375;0
3464.651;209.004058837891;0
3465.689;213.261871337891;0
3466.726;221.347747802734;0
3467.763;218.466323852539;0
3468.798;246.401306152344;0
3469.831;247.401489257813;0
3470.866;269.630462646484;0
3471.9;242.273788452148;0
3472.933;247.544143676758;0
3473.966;207.136093139648;0
3474.999;243.882598876953;0
3476.029;237.838607788086;0
3477.061;244.165557861328;0
3478.09;191.451553344727;0
3479.121;206.02392578125;0
3480.15;217.52751159668;0
3481.178;199.043518066406;0
3482.205;184.00862121582;0
3483.234;193.857315063477;0
3484.26;248.384017944336;0
3485.288;247.39289855957;0
3486.313;258.870147705078;0
3487.337;231.159255981445;0
3488.364;234.06396484375;0
3489.387;221.204254150391;0
3490.411;247.336242675781;0
3491.434;265.327331542969;0
3492.456;196.914962768555;0
3493.479;146.59440612793;0
3494.5;66.660041809082;0
3495.521;38.9929008483887;0
3496.543;27.3419933319092;0
3497.561;3.88055801391602;0
3498.579;-10.4908113479614;0
3499.6;-14.5660104751587;0
3500.618;-10.4089479446411;0
3501.636;2.63050651550293;0
3502.653;-17.1051425933838;0
3503.669;9.55509281158447;0
3504.685;38.1808662414551;0
3505.699;40.175479888916;0
3506.716;-3.59268760681152;0
3507.729;-40.2073287963867;0
3508.743;-57.6440963745117;0
3509.755;-3.23611116409302;0
