98.64605;0;0
101.2353;0;0
103.8217;0;0
106.4096;-15.4493827819824;0
108.9945;24.2014465332031;0
111.5767;18.1952285766602;0
114.1602;34.3000640869141;0
116.7409;-9.90243816375732;0
119.3209;7.79312086105347;0
121.9002;-19.8464736938477;0
124.4788;-5.42124700546265;0
127.0566;12.945104598999;0
129.6317;13.2255945205688;0
132.2038;68.4178924560547;0
134.7796;44.7247009277344;0
137.3503;58.0191650390625;0
139.9204;35.8678932189941;0
142.4919;71.7547378540039;0
145.0584;72.6461029052734;0
147.6242;86.2391815185547;0
150.1914;120.605674743652;0
152.7579;135.325149536133;0
155.3216;147.732238769531;0
157.8846;145.558258056641;0
160.4448;191.380416870117;0
163.0085;266.623931884766;0
165.5672;315.621612548828;0
168.1232;276.868225097656;0
170.6826;289.937438964844;0
173.2372;304.322296142578;0
175.7931;369.992889404297;0
178.3463;333.712524414063;0
180.8966;304.782989501953;0
183.4504;349.996643066406;0
185.9993;376.317810058594;0
188.5476;387.033233642578;0
191.0972;349.317474365234;0
193.644;371.737670898438;0
196.1859;417.912933349609;0
198.7335;406.928436279297;0
201.2761;387.019104003906;0
203.8201;386.891937255859;0
206.3593;400.818328857422;0
208.8998;365.441680908203;0
211.4397;364.397613525391;0
213.9746;416.310760498047;0
216.5109;485.814208984375;0
219.0487;531.171447753906;0
221.5816;533.490661621094;0
224.1158;533.431640625;0
226.6473;530.0234375;0
229.176;505.012237548828;0
231.7082;489.179473876953;0
234.2355;464.978729248047;0
236.7643;478.84130859375;0
239.2902;509.786254882813;0
241.8133;538.841491699219;0
244.3379;553.268859863281;0
246.8618;561.313293457031;0
249.3828;512.875793457031;0
251.9053;514.916076660156;0
254.423;507.021270751953;0
256.942;500.827117919922;0
259.4603;556.665588378906;0
261.9759;565.44970703125;0
264.4887;604.680480957031;0
267.005;516.482299804688;0
269.5164;551.362670898438;0
272.0292;588.217468261719;0
274.5393;630.319213867188;0
277.0466;602.805969238281;0
279.5574;605.984802246094;0
282.0654;636.576477050781;0
284.5686;634.552551269531;0
287.0752;649.328186035156;0
289.5791;612.845031738281;0
292.0803;593.249572753906;0
294.5828;579.3203125;0
297.0826;587.85009765625;0
299.5838;591.032043457031;0
302.0801;535.487426757813;0
304.5758;518.100280761719;0
307.0749;497.644012451172;0
309.5672;452.188720703125;0
312.0608;457.280364990234;0
314.5558;420.927276611328;0
317.044;437.766815185547;0
319.5377;415.023834228516;0
322.0266;471.425506591797;0
324.5127;549.532043457031;0
327.0023;584.867309570313;0
329.4871;579.439208984375;0
331.9691;585.6396484375;0
334.4547;612.550598144531;0
336.9353;643.397399902344;0
339.4174;663.15869140625;0
341.901;648.34814453125;0
344.3776;633.917114257813;0
346.8577;604.634887695313;0
349.333;595.089965820313;0
351.8076;619.906982421875;0
354.2857;584.005126953125;0
356.7569;580.903991699219;0
359.2296;550.272521972656;0
361.7015;501.019897460938;0
364.1729;514.815979003906;0
366.6414;524.43310546875;0
369.1093;565.452453613281;0
371.5745;551.182739257813;0
374.0432;502.584442138672;0
376.507;464.990905761719;0
378.9702;433.507568359375;0
381.4348;443.020477294922;0
383.8947;482.077789306641;0
386.3538;507.155822753906;0
388.8144;558.678771972656;0
391.2722;560.511901855469;0
393.7314;577.063903808594;0
396.1859;614.156494140625;0
398.6418;647.117980957031;0
401.0949;649.008483886719;0
403.5475;584.391479492188;0
405.9972;618.542114257813;0
408.4505;661.041564941406;0
410.899;681.000122070313;0
413.3468;660.649353027344;0
415.796;612.331237792969;0
418.2405;640.0615234375;0
420.6884;596.04248046875;0
423.1295;554.031860351563;0
425.572;499.673004150391;0
428.0159;530.263305664063;0
430.455;546.530090332031;0
432.8956;542.946533203125;0
435.3335;575.977294921875;0
437.7707;615.105102539063;0
440.2093;614.513549804688;0
442.6432;583.543395996094;0
445.0764;555.089904785156;0
447.511;544.493408203125;0
449.9429;495.091522216797;0
452.3721;483.746795654297;0
454.8048;464.155181884766;0
457.2328;509.493865966797;0
459.66;556.371826171875;0
462.0847;597.433410644531;0
464.5127;621.566772460938;0
466.9381;649.267211914063;0
469.3587;648.417663574219;0
471.7807;640.27978515625;0
474.2042;636.320922851563;0
476.6229;681.239379882813;0
479.041;662.877258300781;0
481.4604;639.827331542969;0
483.8752;561.550109863281;0
486.2934;586.106323242188;0
488.7068;561.555908203125;0
491.1197;606.530517578125;0
493.5339;568.920288085938;0
495.9435;595.425415039063;0
498.3544;569.043395996094;0
500.7667;525.553283691406;0
503.1723;479.843963623047;0
505.5793;508.862609863281;0
507.9856;541.734619140625;0
510.3913;571.238464355469;0
512.7944;519.416198730469;0
515.1968;489.823272705078;0
517.5986;461.568237304688;0
519.9997;472.743560791016;0
522.3982;477.980133056641;0
524.798;444.999328613281;0
527.1973;480.608612060547;0
529.5919;494.976104736328;0
531.9899;466.596923828125;0
534.3832;476.151031494141;0
536.7758;449.330535888672;0
539.1699;539.744079589844;0
541.5593;537.609985351563;0
543.9481;577.506042480469;0
546.3382;542.759521484375;0
548.7257;519.47705078125;0
551.1146;513.812255859375;0
553.4968;506.838409423828;0
555.8824;456.665924072266;0
558.2675;450.221160888672;0
560.6478;443.396148681641;0
563.0295;488.246917724609;0
565.4106;534.678649902344;0
567.7911;510.135498046875;0
570.169;494.235778808594;0
572.5462;407.414306640625;0
574.9229;426.49560546875;0
577.2968;392.023010253906;0
579.6721;419.736572265625;0
582.0449;391.252655029297;0
584.417;398.385375976563;0
586.7885;386.628051757813;0
589.1553;418.607147216797;0
591.5255;403.830108642578;0
593.8931;402.698944091797;0
596.2601;382.366638183594;0
598.6265;402.404998779297;0
600.9902;392.906311035156;0
603.3554;374.600433349609;0
605.7179;381.840484619141;0
608.0778;390.645721435547;0
610.4391;410.218658447266;0
612.7977;403.122009277344;0
615.1558;372.878143310547;0
617.5132;408.027984619141;0
619.8701;414.592224121094;0
622.2263;507.169189453125;0
624.5779;577.606018066406;0
626.9308;642.549438476563;0
629.2852;632.188781738281;0
631.6349;595.004577636719;0
633.9841;572.182800292969;0
636.3326;609.654602050781;0
638.6805;612.488647460938;0
641.0279;656.352294921875;0
643.3746;560.133605957031;0
645.7187;571.997192382813;0
648.0621;528.639465332031;0
650.405;593.618957519531;0
652.7453;566.40087890625;0
655.087;597.051391601563;0
657.426;593.61865234375;0
659.7645;577.23193359375;0
662.1024;556.150146484375;0
664.4376;546.101196289063;0
666.7742;500.861938476563;0
669.1063;469.035003662109;0
671.4398;479.366302490234;0
673.7726;565.580017089844;0
676.1048;608.828247070313;0
678.4324;527.013427734375;0
680.7635;491.794006347656;0
683.0919;455.602416992188;0
685.4158;521.232055664063;0
687.743;514.450744628906;0
690.0696;478.925689697266;0
692.3937;482.840393066406;0
694.7151;477.274169921875;0
697.038;530.983642578125;0
699.3583;535.57373046875;0
701.6779;523.543823242188;0
703.995;474.098999023438;0
706.3155;441.683349609375;0
708.6294;465.696319580078;0
710.9467;501.405059814453;0
713.2594;460.596405029297;0
715.5735;417.152221679688;0
717.887;393.311431884766;0
720.1979;394.711242675781;0
722.5083;407.455932617188;0
724.818;392.477447509766;0
727.1252;430.383819580078;0
729.4357;427.677734375;0
731.7418;420.247833251953;0
734.0452;448.32666015625;0
736.35;451.955230712891;0
738.6522;472.728668212891;0
740.9539;458.314788818359;0
743.2569;469.551300048828;0
745.5554;437.113311767578;0
747.8553;414.439788818359;0
750.1545;370.570007324219;0
752.4513;373.835968017578;0
754.7474;322.869537353516;0
757.043;305.649444580078;0
759.336;364.911529541016;0
761.6304;413.141082763672;0
763.9222;464.192138671875;0
766.2114;374.486267089844;0
768.5041;327.3564453125;0
770.7922;297.358215332031;0
773.0777;318.631896972656;0
775.3647;349.138763427734;0
777.651;360.221496582031;0
779.9368;348.104034423828;0
782.22;338.120208740234;0
784.5026;322.269195556641;0
786.7847;349.591522216797;0
789.0662;391.715240478516;0
791.3451;441.836669921875;0
793.6254;507.999145507813;0
795.9012;474.961578369141;0
798.1784;493.834075927734;0
800.455;485.616455078125;0
802.7291;528.641235351563;0
805.0026;491.46142578125;0
807.2755;506.619110107422;0
809.5478;472.844055175781;0
811.8176;445.534118652344;0
814.0869;361.466613769531;0
816.3535;370.921051025391;0
818.6235;380.341125488281;0
820.8911;392.91357421875;0
823.156;386.916687011719;0
825.4204;416.711364746094;0
827.6823;433.556854248047;0
829.9474;445.525268554688;0
832.2082;470.2216796875;0
834.4683;480.385131835938;0
836.7279;502.682556152344;0
838.9869;485.225341796875;0
841.2453;512.789794921875;0
843.5012;530.975769042969;0
845.7565;521.849182128906;0
848.0133;529.964050292969;0
850.2655;481.430023193359;0
852.5153;486.691802978516;0
854.7703;481.318237304688;0
857.0189;499.389709472656;0
859.2668;458.482574462891;0
861.5182;396.918182373047;0
863.7651;364.131072998047;0
866.0114;362.636596679688;0
868.2592;336.797393798828;0
870.5024;317.422332763672;0
872.7451;283.397216796875;0
874.9872;327.610107421875;0
877.2307;319.507629394531;0
879.4717;304.756652832031;0
881.7101;265.578979492188;0
883.95;248.085586547852;0
886.1854;240.833847045898;0
888.4202;219.269058227539;0
890.6604;257.707427978516;0
892.8941;300.728363037109;0
895.1253;337.333648681641;0
897.3599;363.523193359375;0
899.59;339.07421875;0
901.8195;327.986724853516;0
904.0504;222.040176391602;0
906.2789;201.163040161133;0
908.5087;151.214202880859;0
910.7341;186.712493896484;0
912.9589;200.350250244141;0
915.1851;222.015289306641;0
917.4088;266.04345703125;0
919.63;309.526031494141;0
921.8526;286.479827880859;0
924.0727;270.310272216797;0
926.2922;246.483337402344;0
928.5112;247.12907409668;0
930.7277;186.914169311523;0
932.9476;98.5033569335938;0
935.163;116.363975524902;0
937.3739;145.179580688477;0
939.5901;182.681625366211;0
941.8019;144.766906738281;0
944.0151;124.48314666748;0
946.2258;74.1631851196289;0
948.4341;35.4167404174805;0
950.6456;18.8026485443115;0
952.8527;35.6770858764648;0
955.0593;56.6579742431641;0
957.2653;67.8283843994141;0
959.4689;118.190505981445;0
961.6738;92.4824905395508;0
963.8782;58.0834922790527;0
966.0782;-2.57672238349915;0
968.2815;9.05739974975586;0
970.4803;-39.4585838317871;0
972.6787;-57.7906684875488;0
974.8784;-92.7166366577148;0
977.0757;-32.9033889770508;0
979.2704;-3.68449831008911;0
981.4667;92.4951400756836;0
983.6603;109.302719116211;0
985.8535;89.7383270263672;0
988.0461;36.0240669250488;0
990.2363;1.27120935916901;0
992.4297;94.7023391723633;0
994.6169;159.761795043945;0
996.8035;208.411087036133;0
998.9933;206.053771972656;0
1001.179;212.06364440918;0
1003.364;318.054779052734;0
1005.55;311.290405273438;0
1007.732;367.103118896484;0
1009.916;270.381011962891;0
1012.096;275.802001953125;0
1014.275;272.881225585938;0
1016.459;313.716064453125;0
1018.636;360.347259521484;0
1020.813;327.905578613281;0
1022.991;355.255157470703;0
1025.165;332.172729492188;0
1027.34;328.326263427734;0
1029.515;261.826843261719;0
1031.687;239.452255249023;0
1033.859;241.94482421875;0
1036.03;250.007522583008;0
1038.199;224.418640136719;0
1040.369;233.693481445313;0
1042.536;220.31672668457;0
1044.704;239.51057434082;0
1046.87;196.60725402832;0
1049.034;214.824951171875;0
1051.198;201.504287719727;0
1053.363;253.687713623047;0
1055.526;246.668960571289;0
1057.686;241.114669799805;0
1059.845;169.247085571289;0
1062.005;124.066184997559;0
1064.165;102.43733215332;0
1066.323;72.4547348022461;0
1068.477;93.8308639526367;0
1070.634;117.557823181152;0
1072.788;171.361770629883;0
1074.942;201.354553222656;0
1077.096;206.759094238281;0
1079.247;204.573867797852;0
1081.397;215.688598632813;0
1083.547;227.329574584961;0
1085.695;201.720733642578;0
1087.844;204.973693847656;0
1089.992;179.643371582031;0
1092.138;174.840866088867;0
1094.284;142.343963623047;0
1096.425;122.041542053223;0
1098.571;96.8225021362305;0
1100.711;102.624015808105;0
1102.851;95.1749114990234;0
1104.994;155.233169555664;0
1107.132;206.374374389648;0
1109.271;296.599945068359;0
1111.408;299.464874267578;0
1113.543;245.412780761719;0
1115.682;186.443649291992;0
1117.816;159.666717529297;0
1119.947;132.081619262695;0
1122.08;109.465927124023;0
1124.213;116.872276306152;0
1126.343;142.407104492188;0
1128.474;199.530395507813;0
1130.602;214.492630004883;0
1132.728;194.252365112305;0
1134.856;143.587387084961;0
1136.982;134.497680664063;0
1139.109;169.002090454102;0
1141.234;207.666519165039;0
1143.356;239.947662353516;0
1145.479;233.693084716797;0
1147.599;252.456405639648;0
1149.719;174.682098388672;0
1151.839;175.591354370117;0
1153.957;152.071365356445;0
1156.076;211.788787841797;0
1158.191;143.743606567383;0
1160.305;128.414001464844;0
1162.423;139.985885620117;0
1164.536;210.90380859375;0
1166.647;163.124176025391;0
1168.761;127.023918151855;0
1170.871;94.9363784790039;0
1172.983;150.665283203125;0
1175.092;183.187362670898;0
1177.2;234.940887451172;0
1179.306;256.327819824219;0
1181.413;261.276702880859;0
1183.518;176.676422119141;0
1185.623;159.971420288086;0
1187.725;136.495864868164;0
1189.826;231.584365844727;0
1191.929;226.124893188477;0
1194.032;242.005386352539;0
1196.13;185.448104858398;0
1198.23;156.786651611328;0
1200.327;89.7983474731445;0
1202.423;105.766151428223;0
1204.52;174.019073486328;0
1206.613;241.95930480957;0
1208.71;297.792785644531;0
1210.801;287.852142333984;0
1212.892;301.136779785156;0
1214.987;267.424255371094;0
1217.075;306.826385498047;0
1219.166;275.121215820313;0
1221.256;290.197906494141;0
1223.342;196.056686401367;0
1225.43;172.315521240234;0
1227.515;174.747756958008;0
1229.597;237.873397827148;0
1231.685;282.005706787109;0
1233.767;328.480285644531;0
1235.85;314.853790283203;0
1237.931;306.570892333984;0
1240.009;303.965484619141;0
1242.09;298.37109375;0
1244.168;347.232788085938;0
1246.245;283.773651123047;0
1248.321;306.08984375;0
1250.397;281.004760742188;0
1252.472;234.132598876953;0
1254.547;198.498718261719;0
1256.618;164.436492919922;0
1258.69;207.834808349609;0
1260.761;243.027404785156;0
1262.83;292.539855957031;0
1264.901;297.958465576172;0
1266.969;264.727722167969;0
1269.035;190.514205932617;0
1271.102;163.77360534668;0
1273.167;187.67546081543;0
1275.233;212.927856445313;0
1277.295;231.309020996094;0
1279.359;241.374542236328;0
1281.42;242.346771240234;0
1283.482;279.003509521484;0
1285.542;229.233612060547;0
1287.6;295.925689697266;0
1289.659;248.190841674805;0
1291.714;267.140167236328;0
1293.774;202.884811401367;0
1295.828;209.509063720703;0
1297.881;241.484680175781;0
1299.936;276.923065185547;0
1301.987;295.379791259766;0
1304.041;323.410430908203;0
1306.09;319.126068115234;0
1308.139;283.971160888672;0
1310.19;283.722625732422;0
1312.238;293.712524414063;0
1314.286;332.941802978516;0
1316.331;265.078063964844;0
1318.376;237.565719604492;0
1320.422;219.293365478516;0
1322.466;248.705230712891;0
1324.508;253.850936889648;0
1326.549;276.511779785156;0
1328.59;288.507659912109;0
1330.632;260.186737060547;0
1332.67;280.9931640625;0
1334.707;275.704498291016;0
1336.746;308.209350585938;0
1338.78;280.618103027344;0
1340.816;259.8193359375;0
1342.852;259.257293701172;0
1344.885;268.931976318359;0
1346.916;264.843139648438;0
1348.948;279.046142578125;0
1350.979;266.040771484375;0
1353.011;229.160675048828;0
1355.04;240.514633178711;0
1357.066;178.212738037109;0
1359.094;234.032485961914;0
1361.121;185.862258911133;0
1363.145;206.035110473633;0
1365.171;149.326721191406;0
1367.192;77.8477401733398;0
1369.216;85.2667236328125;0
1371.239;97.0271224975586;0
1373.258;109.681457519531;0
1375.28;115.341346740723;0
1377.298;82.563232421875;0
1379.316;98.902702331543;0
1381.335;94.4708633422852;0
1383.35;157.712036132813;0
1385.366;188.514465332031;0
1387.38;113.10034942627;0
1389.394;51.5808181762695;0
1391.409;17.0556774139404;0
1393.42;31.4674873352051;0
1395.43;33.2183227539063;0
1397.44;79.530403137207;0
1399.451;118.959281921387;0
1401.458;119.171478271484;0
1403.466;77.1669998168945;0
1405.472;95.8347244262695;0
1407.478;103.174369812012;0
1409.483;128.185928344727;0
1411.486;124.869407653809;0
1413.49;104.003890991211;0
1415.492;77.2555541992188;0
1417.492;47.0688209533691;0
1419.495;126.887832641602;0
1421.494;207.490371704102;0
1423.492;204.320877075195;0
1425.49;136.934921264648;0
1427.487;22.3324718475342;0
1429.482;61.178337097168;0
1431.477;85.9235458374023;0
1433.471;157.069580078125;0
1435.466;184.555236816406;0
1437.456;193.380523681641;0
1439.447;243.21208190918;0
1441.441;245.495071411133;0
1443.427;277.343231201172;0
1445.417;271.757873535156;0
1447.406;241.405715942383;0
1449.392;248.84228515625;0
1451.381;265.067596435547;0
1453.365;255.086364746094;0
1455.348;216.560531616211;0
1457.333;174.712310791016;0
1459.314;151.986175537109;0
1461.296;201.93766784668;0
1463.276;140.1220703125;0
1465.256;159.872955322266;0
1467.237;108.049446105957;0
1469.215;174.050796508789;0
1471.19;204.245162963867;0
1473.167;222.894332885742;0
1475.145;241.286437988281;0
1477.118;226.022842407227;0
1479.092;163.171356201172;0
1481.065;135.55305480957;0
1483.038;122.725036621094;0
1485.008;139.353103637695;0
1486.979;128.880584716797;0
1488.949;153.973815917969;0
1490.917;197.410552978516;0
1492.883;223.079162597656;0
1494.852;191.645446777344;0
1496.817;139.77604675293;0
1498.782;137.359390258789;0
1500.748;214.839950561523;0
1502.708;298.884399414063;0
1504.673;337.492706298828;0
1506.634;286.774993896484;0
1508.594;206.063369750977;0
1510.554;173.801300048828;0
1512.512;151.545303344727;0
1514.471;172.185089111328;0
1516.428;133.610717773438;0
1518.384;186.269577026367;0
1520.34;258.162017822266;0
1522.294;273.511077880859;0
1524.249;248.872329711914;0
1526.202;166.023529052734;0
1528.153;170.96467590332;0
1530.103;180.472244262695;0
1532.054;191.657348632813;0
1534.004;179.075531005859;0
1535.951;134.282348632813;0
1537.899;166.833374023438;0
1539.847;209.506362915039;0
1541.793;228.745788574219;0
1543.738;192.107177734375;0
1545.681;117.70352935791;0
1547.625;105.08381652832;0
1549.566;113.302108764648;0
1551.509;181.419616699219;0
1553.45;181.547439575195;0
1555.389;192.130035400391;0
1557.33;147.833358764648;0
1559.266;202.432601928711;0
1561.204;228.037490844727;0
1563.141;211.536911010742;0
1565.074;164.819763183594;0
1567.009;107.330497741699;0
1568.943;122.731056213379;0
1570.877;154.026153564453;0
1572.808;185.882446289063;0
1574.741;188.299957275391;0
1576.67;172.723114013672;0
1578.6;136.818572998047;0
1580.528;82.1416931152344;0
1582.455;26.6091022491455;0
1584.382;5.8215651512146;0
1586.307;21.4109058380127;0
1588.234;-0.773534417152405;0
1590.157;2.42455315589905;0
1592.081;-7.70730972290039;0
1594.002;40.8468818664551;0
1595.927;108.071601867676;0
1597.845;104.07795715332;0
1599.767;133.9775390625;0
1601.685;150.992553710938;0
1603.602;194.688003540039;0
1605.523;125.147613525391;0
1607.438;82.7340316772461;0
1609.354;49.4551620483398;0
1611.269;107.516265869141;0
1613.181;38.1395683288574;0
1615.096;75.4361877441406;0
1617.008;79.6283340454102;0
1618.92;118.160453796387;0
1620.83;115.144668579102;0
1622.74;106.582702636719;0
1624.649;93.0301055908203;0
1626.557;90.3757705688477;0
1628.464;121.72998046875;0
1630.37;185.869338989258;0
1632.275;214.013122558594;0
1634.18;184.716537475586;0
1636.085;164.978759765625;0
1637.988;200.244262695313;0
1639.888;199.846343994141;0
1641.791;250.673919677734;0
1643.691;258.838073730469;0
1645.588;353.449951171875;0
1647.489;352.509521484375;0
1649.387;294.016815185547;0
1651.284;320.082916259766;0
1653.18;348.930053710938;0
1655.075;396.11376953125;0
1656.972;321.968872070313;0
1658.864;280.844665527344;0
1660.754;240.837432861328;0
1662.65;235.947158813477;0
1664.539;234.618270874023;0
1666.428;244.184127807617;0
1668.32;233.978057861328;0
1670.207;293.333374023438;0
1672.096;296.694549560547;0
1673.982;320.728240966797;0
1675.867;233.323348999023;0
1677.754;267.590972900391;0
1679.638;283.752807617188;0
1681.52;300.586669921875;0
1683.403;324.648132324219;0
1685.285;289.49267578125;0
1687.166;301.120391845703;0
1689.048;265.086761474609;0
1690.924;281.058502197266;0
1692.804;320.034271240234;0
1694.682;283.567596435547;0
1696.558;279.213195800781;0
1698.435;233.415573120117;0
1700.308;186.761978149414;0
1702.184;148.887084960938;0
1704.057;89.6794738769531;0
1705.929;139.499801635742;0
1707.801;127.320266723633;0
1709.674;133.585327148438;0
1711.542;101.850517272949;0
1713.412;65.4492034912109;0
1715.28;42.7052764892578;0
1717.145;42.534984588623;0
1719.015;41.5756988525391;0
1720.88;103.59578704834;0
1722.746;106.611877441406;0
1724.61;123.622825622559;0
1726.471;122.406402587891;0
1728.334;127.295944213867;0
1730.197;173.291458129883;0
1732.057;163.837371826172;0
1733.919;165.711013793945;0
1735.777;147.548904418945;0
1737.634;122.656539916992;0
1739.493;164.002853393555;0
1741.349;136.758285522461;0
1743.205;158.58854675293;0
1745.061;157.861511230469;0
1746.915;113.46605682373;0
1748.77;146.069534301758;0
1750.621;82.0053482055664;0
1752.473;111.275260925293;0
1754.323;137.434829711914;0
1756.173;204.484039306641;0
1758.022;254.089569091797;0
1759.87;161.80696105957;0
1761.718;130.080673217773;0
1763.566;92.5773696899414;0
1765.411;100.519264221191;0
1767.256;75.0160369873047;0
1769.101;156.496139526367;0
1770.945;223.307739257813;0
1772.787;240.45085144043;0
1774.629;179.258804321289;0
1776.469;125.620475769043;0
1778.309;97.535888671875;0
1780.15;107.44947052002;0
1781.987;114.916778564453;0
1783.826;186.493377685547;0
1785.662;186.401473999023;0
1787.498;256.196624755859;0
1789.334;264.768249511719;0
1791.169;279.671875;0
1793.002;241.129699707031;0
1794.834;282.919555664063;0
1796.667;277.152496337891;0
1798.498;313.495239257813;0
1800.328;266.392211914063;0
1802.157;289.400268554688;0
1803.986;200.965927124023;0
1805.813;136.089950561523;0
1807.639;107.439033508301;0
1809.467;150.870315551758;0
1811.292;205.971374511719;0
1813.117;200.966262817383;0
1814.94;218.966094970703;0
1816.763;199.415328979492;0
1818.585;260.647277832031;0
1820.407;284.661956787109;0
1822.227;312.224395751953;0
1824.048;284.592620849609;0
1825.865;275.601837158203;0
1827.683;235.170074462891;0
1829.501;207.632125854492;0
1831.317;142.321670532227;0
1833.135;159.239868164063;0
1834.948;159.720031738281;0
1836.761;175.873275756836;0
1838.577;160.921844482422;0
1840.388;168.421249389648;0
1842.198;133.149307250977;0
1844.009;103.46947479248;0
1845.819;24.7429103851318;0
1847.629;17.0006866455078;0
1849.436;-3.8165135383606;0
1851.244;6.62558317184448;0
1853.052;41.9591178894043;0
1854.858;108.517425537109;0
1856.661;149.410934448242;0
1858.466;162.417343139648;0
1860.269;167.201202392578;0
1862.073;222.651382446289;0
1863.875;278.767883300781;0
1865.673;238.217407226563;0
1867.476;184.222137451172;0
1869.275;82.782096862793;0
1871.072;143.452819824219;0
1872.872;193.789886474609;0
1874.667;241.237167358398;0
1876.464;212.128036499023;0
1878.26;195.684692382813;0
1880.053;147.685012817383;0
1881.849;157.240432739258;0
1883.64;170.129028320313;0
1885.431;205.351089477539;0
1887.226;189.684707641602;0
1889.014;154.130172729492;0
1890.803;140.79866027832;0
1892.594;170.912933349609;0
1894.38;159.917755126953;0
1896.167;157.146728515625;0
1897.955;109.155723571777;0
1899.74;133.500610351563;0
1901.526;169.070556640625;0
1903.309;179.643661499023;0
1905.091;143.331314086914;0
1906.876;140.022735595703;0
1908.658;97.9404220581055;0
1910.438;117.084693908691;0
1912.217;68.900276184082;0
1913.996;76.3868789672852;0
1915.775;77.2114486694336;0
1917.553;38.3742980957031;0
1919.33;57.6516571044922;0
1921.106;75.9324111938477;0
1922.881;130.661010742188;0
1924.655;109.949722290039;0
1926.431;20.5766639709473;0
1928.202;18.8879375457764;0
1929.974;-15.8189792633057;0
1931.746;26.0482368469238;0
1933.516;35.7325973510742;0
1935.286;90.4912948608398;0
1937.055;118.590148925781;0
1938.823;103.696800231934;0
1940.592;103.144569396973;0
1942.356;73.2675323486328;0
1944.122;73.2879257202148;0
1945.888;68.6504135131836;0
1947.651;83.2261047363281;0
1949.416;95.9196624755859;0
1951.178;137.172576904297;0
1952.939;126.873413085938;0
1954.699;138.608001708984;0
1956.459;132.013809204102;0
1958.219;146.804611206055;0
1959.979;136.175308227539;0
1961.735;143.401794433594;0
1963.491;124.077293395996;0
1965.249;111.979957580566;0
1967.003;110.220893859863;0
1968.761;189.800567626953;0
1970.512;276.385955810547;0
1972.265;303.865936279297;0
1974.018;253.686172485352;0
1975.769;208.29328918457;0
1977.522;182.465377807617;0
1979.271;208.981033325195;0
1981.018;253.284729003906;0
1982.766;294.043121337891;0
1984.516;333.811645507813;0
1986.261;349.812255859375;0
1988.009;286.711242675781;0
1989.754;216.397277832031;0
1991.498;160.98112487793;0
1993.241;196.240280151367;0
1994.984;232.841339111328;0
1996.727;260.894866943359;0
1998.468;305.178344726563;0
2000.206;322.358154296875;0
2001.946;309.322845458984;0
2003.686;303.849945068359;0
2005.424;335.496856689453;0
2007.161;386.152893066406;0
2008.898;391.264312744141;0
2010.634;406.941955566406;0
2012.369;378.518829345703;0
2014.103;402.105743408203;0
2015.836;379.036285400391;0
2017.57;394.422943115234;0
2019.299;336.154571533203;0
2021.032;303.230712890625;0
2022.762;308.540252685547;0
2024.491;351.638763427734;0
2026.221;360.970642089844;0
2027.947;308.090362548828;0
2029.676;286.329925537109;0
2031.403;340.802215576172;0
2033.128;376.505859375;0
2034.852;329.569000244141;0
2036.577;284.497222900391;0
2038.299;253.033340454102;0
2040.022;278.1337890625;0
2041.744;228.575332641602;0
2043.465;247.24690246582;0
2045.184;212.70329284668;0
2046.903;191.944732666016;0
2048.621;145.972366333008;0
2050.339;167.916793823242;0
2052.057;157.207000732422;0
2053.774;157.734817504883;0
2055.488;87.5005722045898;0
2057.203;115.918434143066;0
2058.917;73.0175857543945;0
2060.631;72.6398391723633;0
2062.344;26.5902805328369;0
2064.053;112.949882507324;0
2065.765;137.990768432617;0
2067.476;204.379623413086;0
2069.185;170.783096313477;0
2070.892;227.311859130859;0
2072.6;195.521621704102;0
2074.308;170.634628295898;0
2076.014;148.985809326172;0
2077.72;85.3519515991211;0
2079.425;92.3997497558594;0
2081.13;53.9066619873047;0
2082.833;146.787658691406;0
2084.532;145.309051513672;0
2086.236;111.583152770996;0
2087.936;79.1655197143555;0
2089.635;72.8339309692383;0
2091.335;146.810607910156;0
2093.034;174.928176879883;0
2094.731;202.189559936523;0
2096.427;168.983184814453;0
2098.124;142.642730712891;0
2099.82;202.168518066406;0
2101.515;235.338607788086;0
2103.207;308.819976806641;0
2104.902;256.279602050781;0
2106.594;287.604461669922;0
2108.286;228.016067504883;0
2109.976;279.957366943359;0
2111.667;297.317535400391;0
2113.355;320.319061279297;0
2115.044;302.406463623047;0
2116.732;267.912475585938;0
2118.42;290.724945068359;0
2120.105;343.551177978516;0
2121.79;365.946929931641;0
2123.476;400.023315429688;0
2125.16;354.273254394531;0
2126.844;322.39501953125;0
2128.524;286.419586181641;0
2130.207;237.793243408203;0
2131.888;250.626052856445;0
2133.567;255.365280151367;0
2135.247;292.819702148438;0
2136.927;334.473846435547;0
2138.603;380.706451416016;0
2140.281;338.849884033203;0
2141.957;367.300567626953;0
2143.633;281.106536865234;0
2145.308;302.209136962891;0
2146.981;288.890502929688;0
2148.654;328.259002685547;0
2150.328;338.202484130859;0
2152;295.942810058594;0
2153.669;290.150085449219;0
2155.34;325.374542236328;0
2157.01;365.171752929688;0
2158.677;342.763244628906;0
2160.347;347.482238769531;0
2162.013;279.882568359375;0
2163.681;336.385162353516;0
2165.347;340.902404785156;0
2167.011;356.986083984375;0
2168.674;357.710632324219;0
2170.337;371.116668701172;0
2172.002;400.600250244141;0
2173.662;360.164031982422;0
2175.324;303.145324707031;0
2176.985;310.320617675781;0
2178.645;262.175048828125;0
2180.304;269.486389160156;0
2181.961;225.00634765625;0
2183.618;226.357467651367;0
2185.275;165.651290893555;0
2186.932;202.221145629883;0
2188.586;240.289352416992;0
2190.242;284.523406982422;0
2191.896;233.425811767578;0
2193.547;236.771713256836;0
2195.2;218.950454711914;0
2196.851;235.628356933594;0
2198.502;176.472671508789;0
2200.153;190.816772460938;0
2201.799;121.615982055664;0
2203.447;171.414016723633;0
2205.097;184.206161499023;0
2206.742;230.053924560547;0
2208.391;200.179214477539;0
2210.035;178.137603759766;0
2211.679;179.500350952148;0
2213.324;205.608016967773;0
2214.966;214.396408081055;0
2216.608;268.865539550781;0
2218.252;293.461120605469;0
2219.89;284.850341796875;0
2221.531;249.255447387695;0
2223.172;242.51676940918;0
2224.809;260.937042236328;0
2226.449;267.350921630859;0
2228.086;278.225738525391;0
2229.72;301.449981689453;0
2231.358;279.355834960938;0
2232.992;278.690002441406;0
2234.625;259.634704589844;0
2236.26;286.58984375;0
2237.893;253.223327636719;0
2239.524;269.027954101563;0
2241.156;261.007019042969;0
2242.785;324.381286621094;0
2244.416;345.830444335938;0
2246.044;335.36279296875;0
2247.672;297.130096435547;0
2249.301;246.466033935547;0
2250.926;264.367431640625;0
2252.554;314.839935302734;0
2254.177;353.106109619141;0
2255.803;376.389099121094;0
2257.427;351.689300537109;0
2259.051;337.786956787109;0
2260.671;300.571197509766;0
2262.294;293.042388916016;0
2263.914;292.093414306641;0
2265.533;322.764251708984;0
2267.153;273.456115722656;0
2268.773;207.982711791992;0
2270.392;189.860122680664;0
2272.006;214.645874023438;0
2273.624;280.714538574219;0
2275.239;242.025497436523;0
2276.854;278.801116943359;0
2278.468;291.98876953125;0
2280.084;367.085510253906;0
2281.695;364.089813232422;0
2283.305;317.112731933594;0
2284.919;334.487548828125;0
2286.527;349.008850097656;0
2288.14;379.048248291016;0
2289.748;345.630340576172;0
2291.354;353.409301757813;0
2292.964;366.051849365234;0
2294.569;370.668182373047;0
2296.174;283.480194091797;0
2297.782;272.421081542969;0
2299.386;222.432327270508;0
2300.99;267.436248779297;0
2302.594;250.856430053711;0
2304.195;265.581176757813;0
2305.798;239.873031616211;0
2307.399;204.715728759766;0
2308.998;194.992233276367;0
2310.598;192.211196899414;0
2312.197;266.817047119141;0
2313.795;316.212005615234;0
2315.392;350.506866455078;0
2316.988;319.034790039063;0
2318.585;271.684631347656;0
2320.18;212.773696899414;0
2321.774;227.609878540039;0
2323.368;258.789001464844;0
2324.961;323.999053955078;0
2326.553;266.505187988281;0
2328.145;260.620880126953;0
2329.735;277.966522216797;0
2331.324;326.985992431641;0
2332.916;327.789886474609;0
2334.503;282.972503662109;0
2336.092;253.533782958984;0
2337.677;213.777145385742;0
2339.263;206.438278198242;0
2340.85;231.036819458008;0
2342.434;275.227966308594;0
2344.018;300.536163330078;0
2345.602;317.072235107422;0
2347.185;317.724731445313;0
2348.768;314.382263183594;0
2350.347;344.933410644531;0
2351.928;360.266754150391;0
2353.51;368.048309326172;0
2355.087;324.499969482422;0
2356.665;332.509857177734;0
2358.243;301.442138671875;0
2359.819;315.295104980469;0
2361.396;241.58056640625;0
2362.972;190.209365844727;0
2364.547;160.995788574219;0
2366.121;226.153076171875;0
2367.694;249.751068115234;0
2369.267;246.567260742188;0
2370.839;174.047256469727;0
2372.411;230.064178466797;0
2373.982;246.527069091797;0
2375.55;258.683837890625;0
2377.118;248.702117919922;0
2378.687;211.803634643555;0
2380.254;214.515365600586;0
2381.821;196.949798583984;0
2383.387;206.193084716797;0
2384.954;193.134841918945;0
2386.516;150.30143737793;0
2388.082;121.692855834961;0
2389.644;182.527572631836;0
2391.209;231.699462890625;0
2392.769;198.496871948242;0
2394.33;193.780197143555;0
2395.892;191.175765991211;0
2397.449;309.058380126953;0
2399.008;313.053527832031;0
2400.568;334.493804931641;0
2402.125;306.488677978516;0
2403.68;280.222290039063;0
2405.238;280.080780029297;0
2406.792;302.384307861328;0
2408.349;337.466003417969;0
2409.902;311.7587890625;0
2411.455;273.566772460938;0
2413.007;263.682250976563;0
2414.558;284.82080078125;0
2416.11;265.474273681641;0
2417.66;240.217819213867;0
2419.21;207.232528686523;0
2420.758;281.522979736328;0
2422.307;304.108520507813;0
2423.855;266.655883789063;0
2425.402;232.943008422852;0
2426.947;174.48681640625;0
2428.492;247.012405395508;0
2430.038;200.94206237793;0
2431.58;248.911071777344;0
2433.124;217.837249755859;0
2434.667;295.358367919922;0
2436.208;310.283325195313;0
2437.75;364.167999267578;0
2439.291;322.679351806641;0
2440.83;333.151000976563;0
2442.369;348.138793945313;0
2443.906;409.976104736328;0
2445.444;405.32958984375;0
2446.981;354.865905761719;0
2448.517;300.363525390625;0
2450.053;279.236633300781;0
2451.587;250.15055847168;0
2453.12;286.260375976563;0
2454.655;275.221496582031;0
2456.187;325.367828369141;0
2457.718;320.477722167969;0
2459.25;317.773712158203;0
2460.781;303.811676025391;0
2462.31;267.589294433594;0
2463.84;294.286499023438;0
2465.368;282.052917480469;0
2466.896;268.085418701172;0
2468.423;222.438598632813;0
2469.949;221.00032043457;0
2471.474;243.114517211914;0
2472.998;273.62841796875;0
2474.522;228.097244262695;0
2476.045;212.867584228516;0
2477.568;195.635330200195;0
2479.09;228.622695922852;0
2480.612;208.833282470703;0
2482.132;182.786026000977;0
2483.653;224.112762451172;0
2485.171;179.035598754883;0
2486.689;276.553985595703;0
2488.208;267.293762207031;0
2489.725;333.971527099609;0
2491.242;267.721008300781;0
2492.757;235.027908325195;0
2494.271;224.264251708984;0
2495.785;249.534576416016;0
2497.3;262.817993164063;0
2498.812;224.950225830078;0
2500.325;158.609725952148;0
2501.837;122.976844787598;0
2503.345;185.718185424805;0
2504.856;225.500106811523;0
2506.366;263.543975830078;0
2507.875;244.28662109375;0
2509.382;154.801025390625;0
2510.889;81.059196472168;0
2512.397;48.1446533203125;0
2513.901;70.9433441162109;0
2515.406;70.7804260253906;0
2516.911;78.654655456543;0
2518.415;86.8885192871094;0
2519.918;127.339378356934;0
2521.421;141.189422607422;0
2522.922;169.815017700195;0
2524.423;173.367340087891;0
2525.924;118.068305969238;0
2527.422;119.36205291748;0
2528.923;103.470504760742;0
2530.419;144.615585327148;0
2531.916;132.908111572266;0
2533.415;151.348068237305;0
2534.909;161.824356079102;0
2536.404;175.670303344727;0
2537.899;167.329956054688;0
2539.394;168.468139648438;0
2540.887;166.638732910156;0
2542.38;211.623947143555;0
2543.871;164.983322143555;0
2545.363;196.828414916992;0
2546.852;152.492233276367;0
2548.345;184.731918334961;0
2549.833;161.855041503906;0
2551.321;187.976058959961;0
2552.811;188.986511230469;0
2554.296;184.705993652344;0
2555.78;143.133651733398;0
2557.267;123.477157592773;0
2558.752;152.616455078125;0
2560.237;136.908950805664;0
2561.721;131.244201660156;0
2563.203;87.8441390991211;0
2564.687;137.15168762207;0
2566.168;196.25537109375;0
2567.648;201.383087158203;0
2569.129;216.218566894531;0
2570.607;228.598480224609;0
2572.086;307.603179931641;0
2573.565;313.888519287109;0
2575.041;252.72998046875;0
2576.518;187.349700927734;0
2577.994;196.587539672852;0
2579.469;264.755493164063;0
2580.945;286.096069335938;0
2582.418;231.586883544922;0
2583.892;164.808029174805;0
2585.365;151.23908996582;0
2586.835;171.042633056641;0
2588.307;248.16487121582;0
2589.778;293.689086914063;0
2591.248;287.727966308594;0
2592.717;282.725982666016;0
2594.186;249.502670288086;0
2595.652;318.386993408203;0
2597.121;258.677215576172;0
2598.585;252.638610839844;0
2600.052;247.144317626953;0
2601.518;262.448699951172;0
2602.982;278.531311035156;0
2604.446;221.866622924805;0
2605.907;222.215484619141;0
2607.371;171.61051940918;0
2608.83;209.858108520508;0
2610.293;260.108215332031;0
2611.752;319.764343261719;0
2613.213;290.937561035156;0
2614.672;263.739044189453;0
2616.13;298.502075195313;0
2617.587;341.489868164063;0
2619.043;366.035705566406;0
2620.501;320.139617919922;0
2621.957;320.305114746094;0
2623.409;330.652923583984;0
2624.864;387.295288085938;0
2626.318;383.233764648438;0
2627.771;402.975891113281;0
2629.222;394.174865722656;0
2630.673;394.666473388672;0
2632.124;376.783142089844;0
2633.575;326.635711669922;0
2635.023;249.577941894531;0
2636.473;184.523910522461;0
2637.922;193.026382446289;0
2639.368;251.193267822266;0
2640.816;253.911956787109;0
2642.261;237.182708740234;0
2643.705;235.019760131836;0
2645.151;250.099945068359;0
2646.596;284.065795898438;0
2648.037;350.782104492188;0
2649.48;309.453948974609;0
2650.923;266.414306640625;0
2652.364;186.53791809082;0
2653.804;234.286987304688;0
2655.243;224.587173461914;0
2656.683;224.712219238281;0
2658.121;225.986968994141;0
2659.559;262.301330566406;0
2660.997;337.501159667969;0
2662.433;352.652679443359;0
2663.868;338.24267578125;0
2665.305;247.189727783203;0
2666.737;193.848449707031;0
2668.173;234.685180664063;0
2669.606;240.517349243164;0
2671.038;251.788345336914;0
2672.47;185.166580200195;0
2673.901;166.595031738281;0
2675.331;171.172912597656;0
2676.761;204.233001708984;0
2678.189;238.442306518555;0
2679.619;206.981948852539;0
2681.045;196.823089599609;0
2682.473;152.85661315918;0
2683.9;246.856918334961;0
2685.324;203.633239746094;0
2686.749;237.489685058594;0
2688.176;193.010803222656;0
2689.599;229.165878295898;0
2691.021;232.873031616211;0
2692.444;169.909759521484;0
2693.865;208.843399047852;0
2695.287;195.370162963867;0
2696.707;181.712600708008;0
2698.125;135.648834228516;0
2699.545;181.734741210938;0
2700.963;223.081771850586;0
2702.381;258.871398925781;0
2703.798;239.659194946289;0
2705.214;232.222946166992;0
2706.629;199.836898803711;0
2708.046;178.49201965332;0
2709.458;201.744079589844;0
2710.872;206.489349365234;0
2712.285;192.770034790039;0
2713.699;184.299499511719;0
2715.111;157.87126159668;0
2716.52;176.721954345703;0
2717.93;157.450439453125;0
2719.342;162.421585083008;0
2720.749;140.209167480469;0
2722.159;192.776702880859;0
2723.565;223.454010009766;0
2724.971;217.978240966797;0
2726.38;238.238174438477;0
2727.785;236.900375366211;0
2729.19;252.298492431641;0
2730.594;191.432846069336;0
2731.997;157.438278198242;0
2733.401;174.888153076172;0
2734.803;200.894332885742;0
2736.204;202.269989013672;0
2737.606;214.102767944336;0
2739.005;191.672561645508;0
2740.405;212.679122924805;0
2741.806;200.645935058594;0
2743.202;238.804580688477;0
2744.602;191.81169128418;0
2745.998;205.712356567383;0
2747.395;179.686981201172;0
2748.79;241.594100952148;0
2750.185;238.01676940918;0
2751.58;291.177551269531;0
2752.975;305.451385498047;0
2754.366;318.838439941406;0
2755.759;332.005126953125;0
2757.151;345.231811523438;0
2758.542;354.752166748047;0
2759.933;304.343597412109;0
2761.322;329.713806152344;0
2762.71;289.973388671875;0
2764.1;292.133636474609;0
2765.486;217.643798828125;0
2766.875;287.594421386719;0
2768.26;279.416656494141;0
2769.646;312.857238769531;0
2771.031;251.711074829102;0
2772.418;291.081390380859;0
2773.799;269.301849365234;0
2775.184;310.816528320313;0
2776.565;313.181030273438;0
2777.946;366.950592041016;0
2779.328;368.680480957031;0
2780.708;378.370361328125;0
2782.09;340.797729492188;0
2783.469;350.407043457031;0
2784.847;346.53173828125;0
2786.226;410.657531738281;0
2787.603;422.578369140625;0
2788.978;419.691528320313;0
2790.355;392.543609619141;0
2791.731;334.032653808594;0
2793.104;264.623748779297;0
2794.479;255.99055480957;0
2795.853;268.764617919922;0
2797.225;271.214935302734;0
2798.596;246.629684448242;0
2799.967;230.873580932617;0
2801.341;246.359436035156;0
2802.71;188.624954223633;0
2804.077;106.262489318848;0
2805.447;50.3872833251953;0
2806.815;32.7774505615234;0
2808.183;44.322624206543;0
2809.551;53.5790748596191;0
2810.915;68.9915771484375;0
2812.282;80.1142120361328;0
2813.646;67.0581283569336;0
2815.011;66.0455703735352;0
2816.375;24.5205421447754;0
2817.736;40.7474212646484;0
2819.099;48.5413551330566;0
2820.462;100.346061706543;0
2821.821;95.4941101074219;0
2823.182;58.2070503234863;0
2824.542;43.8517951965332;0
2825.901;78.538688659668;0
2827.261;116.326263427734;0
2828.617;142.071823120117;0
2829.974;129.824417114258;0
2831.33;164.253219604492;0
2832.686;209.24755859375;0
2834.043;234.655807495117;0
2835.395;227.477783203125;0
2836.75;175.269271850586;0
2838.104;171.750518798828;0
2839.456;174.354400634766;0
2840.807;200.637786865234;0
2842.16;202.226058959961;0
2843.509;206.008377075195;0
2844.858;206.6396484375;0
2846.209;197.06999206543;0
2847.556;180.434646606445;0
2848.906;180.452362060547;0
2850.253;163.820526123047;0
2851.6;152.743927001953;0
2852.946;103.676368713379;0
2854.29;122.061965942383;0
2855.635;117.345741271973;0
2856.98;158.749877929688;0
2858.323;163.052124023438;0
2859.665;166.25244140625;0
2861.008;145.12858581543;0
2862.349;143.542114257813;0
2863.691;150.664672851563;0
2865.031;185.718185424805;0
2866.37;182.216888427734;0
2867.709;180.058975219727;0
2869.048;165.988998413086;0
2870.385;150.592269897461;0
2871.722;194.967590332031;0
2873.059;198.528259277344;0
2874.394;196.385040283203;0
2875.73;179.015914916992;0
2877.064;175.659057617188;0
2878.398;187.52033996582;0
2879.731;197.900299072266;0
2881.063;219.134521484375;0
2882.395;255.221694946289;0
2883.727;292.083953857422;0
2885.059;275.609588623047;0
2886.387;279.242980957031;0
2887.717;245.873199462891;0
2889.046;260.721862792969;0
2890.374;246.677200317383;0
2891.699;236.184844970703;0
2893.028;274.438415527344;0
2894.354;235.789779663086;0
2895.679;233.692459106445;0
2897.004;213.967926025391;0
2898.328;192.73860168457;0
2899.653;218.364654541016;0
2900.976;227.463195800781;0
2902.297;326.367004394531;0
2903.619;313.484436035156;0
2904.941;284.130615234375;0
2906.26;232.678192138672;0
2907.58;207.746734619141;0
2908.898;181.179931640625;0
2910.217;178.416793823242;0
2911.536;198.606307983398;0
2912.852;206.165802001953;0
2914.171;230.494552612305;0
2915.485;223.258071899414;0
2916.799;238.900955200195;0
2918.116;199.644927978516;0
2919.428;200.710876464844;0
2920.743;192.765472412109;0
2922.056;220.475311279297;0
2923.367;218.730361938477;0
2924.679;227.533966064453;0
2925.99;229.552276611328;0
2927.299;241.340927124023;0
2928.609;235.455139160156;0
2929.918;250.673248291016;0
2931.226;212.551574707031;0
2932.535;207.424728393555;0
2933.841;205.181304931641;0
2935.149;203.709899902344;0
2936.455;214.56575012207;0
2937.758;245.970794677734;0
2939.064;262.591369628906;0
2940.368;302.454528808594;0
2941.67;294.165710449219;0
2942.973;333.058227539063;0
2944.277;280.577087402344;0
2945.577;232.363159179688;0
2946.878;199.162658691406;0
2948.178;212.731185913086;0
2949.477;209.070709228516;0
2950.776;245.961639404297;0
2952.073;265.515594482422;0
2953.372;266.476745605469;0
2954.669;246.3720703125;0
2955.965;220.028411865234;0
2957.261;239.237823486328;0
2958.556;242.998718261719;0
2959.849;294.756805419922;0
2961.145;314.812133789063;0
2962.436;311.165008544922;0
2963.732;292.592926025391;0
2965.022;312.317535400391;0
2966.313;316.451019287109;0
2967.603;315.771484375;0
2968.893;294.056976318359;0
2970.182;290.738739013672;0
2971.471;310.215087890625;0
2972.759;285.1025390625;0
2974.047;264.871826171875;0
2975.334;232.952026367188;0
2976.62;275.804809570312;0
2977.907;281.102111816406;0
2979.192;253.288726806641;0
2980.475;227.92317199707;0
2981.76;236.02375793457;0
2983.043;254.602661132812;0
2984.326;239.171463012695;0
2985.607;253.836456298828;0
2986.888;251.384811401367;0
2988.17;226.561767578125;0
2989.449;219.282562255859;0
2990.728;201.591079711914;0
2992.007;227.534301757813;0
2993.284;182.601333618164;0
2994.562;203.923400878906;0
2995.84;163.277908325195;0
2997.115;195.442321777344;0
2998.393;140.416351318359;0
2999.666;186.309906005859;0
3000.94;147.011199951172;0
3002.215;167.409576416016;0
3003.486;128.838256835938;0
3004.76;128.631607055664;0
3006.033;166.455505371094;0
3007.303;132.975555419922;0
3008.573;133.523452758789;0
3009.844;122.099182128906;0
3011.114;150.036026000977;0
3012.383;183.667297363281;0
3013.649;183.770751953125;0
3014.917;180.457565307617;0
3016.185;177.506072998047;0
3017.451;158.249908447266;0
3018.716;149.355743408203;0
3019.983;115.044692993164;0
3021.246;95.7603759765624;0
3022.509;108.836570739746;0
3023.774;122.993461608887;0
3025.035;90.8684539794923;0
3026.299;101.884475708008;0
3027.56;104.374877929688;0
3028.819;173.006240844727;0
3030.081;150.382598876953;0
3031.339;137.654418945313;0
3032.598;90.8418045043944;0
3033.856;119.833457946777;0
3035.114;112.407173156738;0
3036.372;115.371795654297;0
3037.628;109.10774230957;0
3038.883;155.203521728516;0
3040.138;138.88134765625;0
3041.394;146.473831176758;0
3042.646;124.314292907715;0
3043.9;157.846343994141;0
3045.152;135.444641113281;0
3046.405;146.470123291016;0
3047.657;137.629669189453;0
3048.906;173.367004394531;0
3050.158;139.758819580078;0
3051.407;175.095138549805;0
3052.656;179.309280395508;0
3053.904;242.317901611328;0
3055.153;235.332443237305;0
3056.398;219.223358154297;0
3057.647;138.991287231445;0
3058.892;120.090843200684;0
3060.137;113.455047607422;0
3061.382;129.703659057617;0
3062.625;144.912139892578;0
3063.869;104.232887268067;0
3065.112;104.649879455567;0
3066.353;73.3448486328125;0
3067.595;103.938331604004;0
3068.838;147.410217285156;0
3070.075;124.98274230957;0
3071.317;121.807426452637;0
3072.557;104.293846130371;0
3073.795;181.186340332031;0
3075.032;177.484909057617;0
3076.27;177.66374206543;0
3077.507;139.370346069336;0
3078.742;168.65007019043;0
3079.978;154.735443115234;0
3081.212;184.257339477539;0
3082.446;210.660217285156;0
3083.681;219.05517578125;0
3084.913;198.997787475586;0
3086.147;182.154708862305;0
3087.38;222.637054443359;0
3088.61;238.444702148438;0
3089.84;246.799301147461;0
3091.071;242.278656005859;0
3092.3;241.749771118164;0
3093.529;225.768966674805;0
3094.755;219.670440673828;0
3095.984;219.676406860352;0
3097.211;223.844970703125;0
3098.438;253.427276611328;0
3099.663;272.444946289063;0
3100.888;248.34228515625;0
3102.112;179.63981628418;0
3103.335;123.055572509766;0
3104.56;140.203506469726;0
3105.782;167.787002563477;0
3107.005;164.360748291016;0
3108.226;130.81330871582;0
3109.447;114.446594238281;0
3110.667;151.213607788086;0
3111.887;192.253845214844;0
3113.104;205.617324829101;0
3114.324;196.970764160156;0
3115.541;192.758697509766;0
3116.758;202.982177734375;0
3117.976;203.956954956055;0
3119.192;198.034088134766;0
3120.408;219.881393432617;0
3121.622;241.055999755859;0
3122.835;258.337219238281;0
3124.05;226.391937255859;0
3125.262;189.004989624023;0
3126.476;192.919769287109;0
3127.687;244.146774291992;0
3128.897;273.821929931641;0
3130.108;268.247985839844;0
3131.319;212.781356811523;0
3132.528;223.601089477539;0
3133.737;215.638092041016;0
3134.945;220.47802734375;0
3136.152;187.967880249024;0
3137.358;199.235870361328;0
3138.565;209.017333984375;0
3139.772;234.460052490234;0
3140.976;221.675476074219;0
3142.18;186.553558349609;0
3143.385;164.165542602539;0
3144.588;156.992721557617;0
3145.79;157.132019042969;0
3146.993;171.920883178711;0
3148.194;144.172348022461;0
3149.395;120.359504699707;0
3150.596;81.9626770019531;0
3151.794;98.3050842285156;0
3152.994;129.4228515625;0
3154.193;143.316299438477;0
3155.39;138.763534545898;0
3156.587;146.987121582031;0
3157.784;153.320724487305;0
3158.982;156.266571044922;0
3160.177;126.545310974121;0
3161.37;109.379508972168;0
3162.565;119.080238342285;0
3163.759;140.558288574219;0
3164.952;155.146789550781;0
3166.146;151.684158325195;0
3167.337;187.062896728516;0
3168.527;228.66455078125;0
3169.719;217.601501464844;0
3170.91;199.095855712891;0
3172.098;107.147743225098;0
3173.288;104.456428527832;0
3174.475;89.9201278686523;0
3175.663;135.08625793457;0
3176.849;155.25080871582;0
3178.037;171.747467041016;0
3179.223;157.131484985352;0
3180.408;141.624633789063;0
3181.592;99.2268218994141;0
3182.777;121.54337310791;0
3183.96;125.413154602051;0
3185.143;148.058334350586;0
3186.325;118.368560791016;0
3187.507;98.8995895385742;0
3188.688;128.782043457031;0
3189.869;190.442657470703;0
3191.049;243.103454589844;0
3192.228;230.726226806641;0
3193.406;166.71174621582;0
3194.585;112.584899902344;0
3195.763;121.338401794434;0
3196.939;130.312072753906;0
3198.116;125.515129089355;0
3199.292;106.599159240723;0
3200.466;147.684204101563;0
3201.643;203.437622070313;0
3202.816;236.488906860351;0
3203.991;210.277908325195;0
3205.161;169.065643310547;0
3206.334;135.519180297852;0
3207.504;131.638702392578;0
3208.677;156.350234985352;0
3209.846;155.506301879883;0
3211.017;175.415771484375;0
3212.187;166.596572875977;0
3213.356;171.131301879883;0
3214.524;155.772216796875;0
3215.69;153.344680786133;0
3216.859;130.278106689453;0
3218.024;132.345611572266;0
3219.189;165.841796875;0
3220.354;203.551513671875;0
3221.519;205.141418457031;0
3222.682;211.722625732422;0
3223.845;204.406265258789;0
3225.01;214.192291259766;0
3226.171;184.30339050293;0
3227.332;169.29638671875;0
3228.494;198.336074829102;0
3229.655;212.925827026367;0
3230.814;245.415512084961;0
3231.973;202.576110839844;0
3233.13;202.842651367188;0
3234.29;143.215118408203;0
3235.447;140.966613769531;0
3236.605;133.095932006836;0
3237.76;168.660705566406;0
3238.916;174.932159423828;0
3240.071;179.199356079102;0
3241.224;168.793853759766;0
3242.381;181.829116821289;0
3243.532;140.085708618164;0
3244.685;166.583419799805;0
3245.839;153.413589477539;0
3246.99;170.131774902344;0
3248.141;168.27751159668;0
3249.292;198.646469116211;0
3250.439;235.454330444336;0
3251.589;222.577270507812;0
3252.739;243.459747314453;0
3253.886;198.54621887207;0
3255.034;237.835830688476;0
3256.18;217.047958374023;0
3257.326;231.961959838867;0
3258.472;214.111755371094;0
3259.617;207.162933349609;0
3260.761;209.817977905273;0
3261.905;246.133361816406;0
3263.048;249.556793212891;0
3264.19;270.251312255859;0
3265.333;234.054061889649;0
3266.475;248.400085449219;0
3267.617;236.186813354492;0
3268.757;215.991470336914;0
3269.896;200.114608764648;0
3271.036;184.660736083984;0
3272.175;192.798782348633;0
3273.313;197.600341796875;0
3274.449;233.510406494141;0
3275.586;229.329605102539;0
3276.722;215.369049072266;0
3277.859;171.129211425781;0
3278.993;170.96711730957;0
3280.13;174.3603515625;0
3281.263;214.408355712891;0
3282.395;191.45768737793;0
3283.529;168.619537353516;0
3284.66;142.793075561523;0
3285.794;146.25114440918;0
3286.924;190.579406738281;0
3288.054;188.688873291016;0
3289.185;217.357315063477;0
3290.313;196.029174804688;0
3291.443;212.149490356445;0
3292.571;208.719909667969;0
3293.698;211.851119995117;0
3294.824;205.541580200195;0
3295.952;209.569061279297;0
3297.077;177.043182373047;0
3298.203;168.502990722656;0
3299.328;181.844757080078;0
3300.45;238.966812133789;0
3301.574;265.366027832031;0
3302.698;232.191848754883;0
3303.819;184.793991088867;0
3304.942;185.400238037109;0
3306.064;222.405151367188;0
3307.182;247.0751953125;0
3308.303;239.745468139648;0
3309.423;262.528930664063;0
3310.542;280.979766845703;0
3311.66;301.098907470703;0
3312.778;233.109359741211;0
3313.895;220.56672668457;0
3315.012;213.267425537109;0
3316.128;199.529525756836;0
3317.243;198.916046142578;0
3318.357;147.884140014648;0
3319.471;185.179565429688;0
3320.586;164.829544067383;0
3321.698;186.966751098633;0
3322.813;175.189636230469;0
3323.923;165.852920532227;0
3325.034;143.398223876953;0
3326.146;134.036743164063;0
3327.255;122.991981506348;0
3328.366;133.138412475586;0
3329.474;126.947807312012;0
3330.582;166.480392456055;0
3331.691;187.455703735352;0
3332.797;203.206100463867;0
3333.905;174.177459716797;0
3335.011;139.812835693359;0
3336.116;124.789047241211;0
3337.22;138.926513671875;0
3338.327;138.148132324219;0
3339.429;168.144546508789;0
3340.534;128.360488891602;0
3341.635;160.441360473633;0
3342.737;118.18692779541;0
3343.84;116.318305969238;0
3344.94;75.503547668457;0
3346.041;52.1907424926758;0
3347.142;88.5330429077148;0
3348.24;111.765083312988;0
3349.337;159.104690551758;0
3350.437;169.667297363281;0
3351.534;161.047714233398;0
3352.633;156.318206787109;0
3353.727;157.257354736328;0
3354.823;170.420303344727;0
3355.919;168.806747436523;0
3357.013;161.290939331055;0
3358.108;166.403411865234;0
3359.201;195.402328491211;0
3360.293;199.193542480469;0
3361.385;170.68293762207;0
3362.478;155.45524597168;0
3363.569;150.224182128906;0
3364.661;153.87809753418;0
3365.75;113.084495544434;0
3366.838;94.3938064575195;0
3367.929;111.616554260254;0
3369.017;146.383255004883;0
3370.105;135.127319335938;0
3371.193;143.623458862305;0
3372.279;129.642929077148;0
3373.364;158.580459594727;0
3374.45;148.613220214844;0
3375.534;164.55046081543;0
3376.62;178.283905029297;0
3377.704;203.88916015625;0
3378.786;210.984786987305;0
3379.871;214.991363525391;0
3380.951;202.476318359375;0
3382.034;200.992813110352;0
3383.114;153.988082885742;0
3384.195;147.273529052734;0
3385.276;111.802978515625;0
3386.354;136.541458129883;0
3387.433;119.510154724121;0
3388.511;131.648712158203;0
3389.588;135.350631713867;0
3390.664;146.432907104492;0
3391.742;160.276733398438;0
3392.816;147.88102722168;0
3393.893;169.690307617188;0
3394.968;172.040374755859;0
3396.042;196.156341552734;0
3397.115;177.371444702148;0
3398.189;210.793838500977;0
3399.262;223.424301147461;0
3400.333;191.812072753906;0
3401.404;162.623229980469;0
3402.474;188.553466796875;0
3403.545;248.162384033203;0
3404.615;251.060684204102;0
3405.685;200.502197265625;0
3406.752;190.412109375;0
3407.82;233.530349731445;0
3408.888;255.760314941406;0
3409.955;245.644866943359;0
3411.021;217.73567199707;0
3412.085;189.034606933594;0
3413.151;208.212829589844;0
3414.215;194.665344238281;0
3415.279;208.840835571289;0
3416.343;207.22492980957;0
3417.406;220.044036865234;0
3418.468;217.656967163086;0
3419.53;209.638458251953;0
3420.592;179.509780883789;0
3421.652;185.850784301758;0
3422.712;148.747329711914;0
3423.773;149.740676879883;0
3424.83;134.036483764648;0
3425.889;185.082717895508;0
3426.946;173.91340637207;0
3428.005;166.414962768555;0
3429.061;94.9234390258789;0
3430.117;97.8634719848633;0
3431.172;139.701461791992;0
3432.227;193.68034362793;0
3433.281;190.907821655273;0
3434.335;142.050827026367;0
3435.389;87.5916061401367;0
3436.44;92.4245758056641;0
3437.492;113.488525390625;0
3438.546;116.866035461426;0
3439.598;99.0251693725586;0
3440.646;75.587028503418;0
3441.697;112.093765258789;0
3442.745;137.486480712891;0
3443.793;193.321334838867;0
3444.842;166.813690185547;0
3445.891;163.940856933594;0
3446.937;114.130493164063;0
3447.984;131.520904541016;0
3449.031;141.112609863281;0
3450.075;182.026107788086;0
3451.12;192.333099365234;0
3452.164;169.971038818359;0
3453.207;168.879577636719;0
3454.251;176.222457885742;0
3455.293;190.553283691406;0
3456.336;166.812637329102;0
3457.378;168.501342773438;0
3458.417;179.194442749023;0
3459.458;178.786636352539;0
3460.498;199.061325073242;0
3461.539;204.35090637207;0
3462.577;205.54216003418;0
3463.614;187.487594604492;0
3464.651;166.930053710938;0
3465.689;161.589660644531;0
3466.726;152.300445556641;0
3467.763;151.918975830078;0
3468.798;167.570297241211;0
3469.831;146.319534301758;0
3470.866;173.647735595703;0
3471.9;179.282745361328;0
3472.933;210.032836914063;0
3473.966;171.388702392578;0
3474.999;150.778076171875;0
3476.029;168.530426025391;0
3477.061;193.097747802734;0
3478.09;183.491027832031;0
3479.121;155.84245300293;0
3480.15;115.516418457031;0
3481.178;122.955497741699;0
3482.205;140.201782226563;0
3483.234;177.905395507813;0
3484.26;170.134506225586;0
3485.288;149.555068969727;0
3486.313;122.815994262695;0
3487.337;154.906616210938;0
3488.364;133.035308837891;0
3489.387;148.395950317383;0
3490.411;109.255088806152;0
3491.434;134.287246704102;0
3492.456;156.7529296875;0
3493.479;117.667221069336;0
3494.5;106.961540222168;0
3495.521;59.3108940124512;0
3496.543;66.6829071044922;0
3497.561;42.7549896240234;0
3498.579;28.3242855072021;0
3499.6;37.4706687927246;0
3500.618;-10.3495073318481;0
3501.636;-49.5330581665039;0
3502.653;-61.6104431152344;0
3503.669;-38.4882316589355;0
3504.685;-11.3104848861694;0
3505.699;-31.5848922729492;0
3506.716;-38.7583923339844;0
3507.729;-15.169753074646;0
3508.743;3.29629635810852;0
3509.755;0.548611104488373;0
