98.64605;0;0
101.2353;0;0
103.8217;0;0
106.4096;-3.23950624465942;0
108.9945;-22.617073059082;0
111.5767;-2.22242879867554;0
114.1602;20.8972492218018;0
116.7409;28.9440326690674;0
119.3209;-15.832329750061;0
121.9002;1.06234383583069;0
124.4788;41.0152816772461;0
127.0566;107.70231628418;0
129.6317;89.6336669921875;0
132.2038;95.3321228027344;0
134.7796;59.9306869506836;0
137.3503;63.0898933410643;0
139.9204;38.8626861572266;0
142.4919;73.4859237670898;0
145.0584;95.0469970703125;0
147.6242;112.944732666016;0
150.1914;136.783935546875;0
152.7579;140.750915527344;0
155.3216;138.870590209961;0
157.8846;129.960357666016;0
160.4448;137.892532348633;0
163.0085;169.645751953125;0
165.5672;193.517105102539;0
168.1232;181.345077514649;0
170.6826;186.589660644531;0
173.2372;181.901016235352;0
175.7931;216.370178222656;0
178.3463;220.817092895508;0
180.8966;234.074447631836;0
183.4504;228.938705444336;0
185.9993;260.574981689453;0
188.5476;278.673706054687;0
191.0972;284.239288330078;0
193.644;257.190551757813;0
196.1859;252.208282470703;0
198.7335;262.631195068359;0
201.2761;270.771362304688;0
203.8201;295.615234375;0
206.3593;313.280792236328;0
208.8998;311.460784912109;0
211.4397;309.173797607422;0
213.9746;300.685455322266;0
216.5109;365.579010009766;0
219.0487;375.552490234375;0
221.5816;415.739196777344;0
224.1158;400.7548828125;0
226.6473;435.84423828125;0
229.176;432.59228515625;0
231.7082;449.751586914062;0
234.2355;458.809661865234;0
236.7643;452.376068115234;0
239.2902;409.900695800781;0
241.8133;367.671020507813;0
244.3379;364.429962158203;0
246.8618;404.068054199219;0
249.3828;440.406951904297;0
251.9053;427.245086669922;0
254.423;405.201293945312;0
256.942;353.345855712891;0
259.4603;342.399871826172;0
261.9759;344.80126953125;0
264.4887;353.729766845703;0
267.005;368.856689453125;0
269.5164;395.945922851563;0
272.0292;390.689239501953;0
274.5393;437.306884765625;0
277.0466;418.800476074219;0
279.5574;459.646087646484;0
282.0654;427.71533203125;0
284.5686;425.876098632813;0
287.0752;435.032989501953;0
289.5791;473.162902832031;0
292.0803;494.530212402344;0
294.5828;468.171813964844;0
297.0826;457.505798339844;0
299.5838;445.50439453125;0
302.0801;431.784271240234;0
304.5758;410.297149658203;0
307.0749;398.798217773438;0
309.5672;412.888427734375;0
312.0608;413.875305175781;0
314.5558;378.855651855469;0
317.044;378.16259765625;0
319.5377;371.502960205078;0
322.0266;387.217468261719;0
324.5127;409.262115478516;0
327.0023;413.694213867188;0
329.4871;473.895355224609;0
331.9691;475.327178955078;0
334.4547;492.626770019531;0
336.9353;495.333312988281;0
339.4174;528.0703125;0
341.901;545.052429199219;0
344.3776;501.877288818359;0
346.8577;481.892395019531;0
349.333;456.512786865234;0
351.8076;444.865386962891;0
354.2857;428.234649658203;0
356.7569;453.4599609375;0
359.2296;486.754302978516;0
361.7015;459.419738769531;0
364.1729;437.755676269531;0
366.6414;462.864379882812;0
369.1093;489.273406982422;0
371.5745;470.47265625;0
374.0432;413.94384765625;0
376.507;392.865417480469;0
378.9702;383.644927978516;0
381.4348;406.538330078125;0
383.8947;369.7705078125;0
386.3538;394.352905273438;0
388.8144;379.824584960937;0
391.2722;408.775787353516;0
393.7314;407.057556152344;0
396.1859;456.592956542969;0
398.6418;482.501647949219;0
401.0949;467.305267333984;0
403.5475;437.274810791016;0
405.9972;463.31005859375;0
408.4505;493.371154785156;0
410.899;492.349731445313;0
413.3468;526.8505859375;0
415.796;546.946960449219;0
418.2405;568.250427246094;0
420.6884;506.389984130859;0
423.1295;458.318603515625;0
425.572;432.579711914063;0
428.0159;454.108367919922;0
430.455;487.081237792969;0
432.8956;490.709289550781;0
435.3335;480.836181640625;0
437.7707;480.683044433594;0
440.2093;482.264801025391;0
442.6432;458.054351806641;0
445.0764;433.263885498047;0
447.511;380.228576660156;0
449.9429;349.615173339844;0
452.3721;384.598999023437;0
454.8048;430.268310546875;0
457.2328;488.679229736328;0
459.66;476.963012695313;0
462.0847;455.129943847656;0
464.5127;442.121215820313;0
466.9381;461.299560546875;0
469.3587;495.313293457031;0
471.7807;507.374664306641;0
474.2042;423.181945800781;0
476.6229;434.585540771484;0
479.041;423.797637939453;0
481.4604;468.334259033203;0
483.8752;464.337280273438;0
486.2934;466.026733398437;0
488.7068;505.380920410156;0
491.1197;493.511413574219;0
493.5339;494.750122070312;0
495.9435;457.2197265625;0
498.3544;459.576324462891;0
500.7667;448.272064208984;0
503.1723;449.876220703125;0
505.5793;409.812744140625;0
507.9856;352.081359863281;0
510.3913;332.554016113281;0
512.7944;347.12646484375;0
515.1968;382.728851318359;0
517.5986;393.128753662109;0
519.9997;434.849365234375;0
522.3982;467.830139160156;0
524.798;452.925598144531;0
527.1973;405.128814697266;0
529.5919;366.760681152344;0
531.9899;379.389129638672;0
534.3832;375.964752197266;0
536.7758;421.253753662109;0
539.1699;450.9384765625;0
541.5593;501.315582275391;0
543.9481;526.595581054687;0
546.3382;519.889282226562;0
548.7257;484.874603271484;0
551.1146;452.6962890625;0
553.4968;430.422515869141;0
555.8824;456.034912109375;0
558.2675;448.547607421875;0
560.6478;463.182922363281;0
563.0295;447.827484130859;0
565.4106;407.149322509766;0
567.7911;392.036834716797;0
570.169;363.122863769531;0
572.5462;323.006652832031;0
574.9229;320.604766845703;0
577.2968;320.8935546875;0
579.6721;369.716094970703;0
582.0449;367.110443115234;0
584.417;340.409912109375;0
586.7885;340.396820068359;0
589.1553;328.176025390625;0
591.5255;346.111083984375;0
593.8931;326.142028808594;0
596.2601;340.471527099609;0
598.6265;370.049743652344;0
600.9902;374.312225341797;0
603.3554;411.036651611328;0
605.7179;405.123077392578;0
608.0778;431.622344970703;0
610.4391;343.275848388672;0
612.7977;287.727630615234;0
615.1558;286.889739990234;0
617.5132;351.412170410156;0
619.8701;407.504150390625;0
622.2263;415.602966308594;0
624.5779;418.340881347656;0
626.9308;455.656677246094;0
629.2852;504.705963134766;0
631.6349;532.551147460938;0
633.9841;526.968933105469;0
636.3326;532.0693359375;0
638.6805;488.075836181641;0
641.0279;511.989166259766;0
643.3746;457.698181152344;0
645.7187;468.980895996094;0
648.0621;361.170806884766;0
650.405;341.046020507813;0
652.7453;342.060363769531;0
655.087;414.5634765625;0
657.426;460.856689453125;0
659.7645;493.625152587891;0
662.1024;477.524261474609;0
664.4376;428.220703125;0
666.7742;421.162994384766;0
669.1063;392.128997802734;0
671.4398;407.78515625;0
673.7726;410.881439208984;0
676.1048;383.169708251953;0
678.4324;415.267578125;0
680.7635;364.809692382813;0
683.0919;398.776275634766;0
685.4158;362.216705322266;0
687.743;368.432739257813;0
690.0696;396.837768554687;0
692.3937;393.720336914062;0
694.7151;398.634521484375;0
697.038;366.246612548828;0
699.3583;342.22119140625;0
701.6779;324.113800048828;0
703.995;329.562408447266;0
706.3155;381.173370361328;0
708.6294;413.973052978516;0
710.9467;410.132446289063;0
713.2594;395.285064697266;0
715.5735;368.675689697266;0
717.887;382.697937011719;0
720.1979;370.964721679688;0
722.5083;395.5078125;0
724.818;383.732177734375;0
727.1252;393.574279785156;0
729.4357;404.480102539063;0
731.7418;395.737060546875;0
734.0452;377.569152832031;0
736.35;377.200500488281;0
738.6522;369.183349609375;0
740.9539;380.961883544922;0
743.2569;342.868225097656;0
745.5554;390.7900390625;0
747.8553;373.726654052734;0
750.1545;335.008605957031;0
752.4513;295.834564208984;0
754.7474;282.539916992188;0
757.043;285.840423583984;0
759.336;318.623016357422;0
761.6304;348.099029541016;0
763.9222;380.230804443359;0
766.2114;354.661468505859;0
768.5041;339.439056396484;0
770.7922;278.674560546875;0
773.0777;265.034759521484;0
775.3647;219.295867919922;0
777.651;292.869354248047;0
779.9368;283.120513916016;0
782.22;375.464599609375;0
784.5026;330.372589111328;0
786.7847;325.401031494141;0
789.0662;300.105194091797;0
791.3451;304.646118164063;0
793.6254;361.190948486328;0
795.9012;325.192443847656;0
798.1784;390.240539550781;0
800.455;382.617736816406;0
802.7291;446.811309814453;0
805.0026;450.349548339844;0
807.2755;499.454345703125;0
809.5478;480.904296875;0
811.8176;437.031921386719;0
814.0869;378.864868164063;0
816.3535;351.375793457031;0
818.6235;353.292755126953;0
820.8911;378.476745605469;0
823.156;416.319732666016;0
825.4204;430.788299560547;0
827.6823;417.927642822266;0
829.9474;390.626678466797;0
832.2082;376.885406494141;0
834.4683;364.592712402344;0
836.7279;408.951995849609;0
838.9869;418.898284912109;0
841.2453;422.492401123047;0
843.5012;430.374206542969;0
845.7565;428.149963378906;0
848.0133;425.265594482422;0
850.2655;379.389892578125;0
852.5153;467.952209472656;0
854.7703;523.523132324219;0
857.0189;550.293640136719;0
859.2668;482.631774902344;0
861.5182;432.276123046875;0
863.7651;441.750427246094;0
866.0114;478.239135742188;0
868.2592;452.742401123047;0
870.5024;428.267700195313;0
872.7451;328.474151611328;0
874.9872;325.361053466797;0
877.2307;257.150665283203;0
879.4717;268.2861328125;0
881.7101;202.322326660156;0
883.95;228.193405151367;0
886.1854;235.613372802734;0
888.4202;281.3662109375;0
890.6604;283.576690673828;0
892.8941;271.948394775391;0
895.1253;320.337768554687;0
897.3599;319.189514160156;0
899.59;337.281402587891;0
901.8195;259.722900390625;0
904.0504;260.735015869141;0
906.2789;268.983795166016;0
908.5087;281.467987060547;0
910.7341;231.88444519043;0
912.9589;174.200607299805;0
915.1851;160.890090942383;0
917.4088;173.369766235352;0
919.63;175.416687011719;0
921.8526;182.032379150391;0
924.0727;231.888259887695;0
926.2922;308.637268066406;0
928.5112;331.398986816406;0
930.7277;252.138549804688;0
932.9476;170.351303100586;0
935.163;123.659622192383;0
937.3739;130.869552612305;0
939.5901;124.758514404297;0
941.8019;100.213264465332;0
944.0151;150.232360839844;0
946.2258;153.259048461914;0
948.4341;179.405136108398;0
950.6456;155.768402099609;0
952.8527;153.438934326172;0
955.0593;178.834594726563;0
957.2653;147.464828491211;0
959.4689;168.551544189453;0
961.6738;144.538879394531;0
963.8782;149.982421875;0
966.0782;90.8821487426757;0
968.2815;49.5908279418945;0
970.4803;22.5356063842772;0
972.6787;82.2782440185547;0
974.8784;114.561500549317;0
977.0757;132.078201293945;0
979.2704;108.716796875;0
981.4667;91.1424179077147;0
983.6603;142.978469848633;0
985.8535;162.278045654297;0
988.0461;218.941802978516;0
990.2363;215.039260864258;0
992.4297;264.888458251953;0
994.6169;312.937469482422;0
996.8035;304.326599121094;0
998.9933;307.721496582031;0
1001.179;279.122192382813;0
1003.364;338.892181396484;0
1005.55;302.001983642578;0
1007.732;301.673858642578;0
1009.916;285.131286621094;0
1012.096;344.308929443359;0
1014.275;376.116424560547;0
1016.459;391.951141357422;0
1018.636;365.251770019531;0
1020.813;415.777587890625;0
1022.991;397.861389160156;0
1025.165;391.390289306641;0
1027.34;339.808471679688;0
1029.515;315.44921875;0
1031.687;299.314208984375;0
1033.859;290.84912109375;0
1036.03;252.943420410156;0
1038.199;263.711669921875;0
1040.369;219.488540649414;0
1042.536;271.5205078125;0
1044.704;254.563674926758;0
1046.87;287.821655273438;0
1049.034;286.313018798828;0
1051.198;299.258209228516;0
1053.363;279.323425292969;0
1055.526;275.286468505859;0
1057.686;274.372283935547;0
1059.845;259.025360107422;0
1062.005;261.691467285156;0
1064.165;236.259490966797;0
1066.323;235.395141601563;0
1068.477;199.653961181641;0
1070.634;217.4521484375;0
1072.788;200.817855834961;0
1074.942;240.788726806641;0
1077.096;265.996337890625;0
1079.247;365.105773925781;0
1081.397;367.451385498047;0
1083.547;344.476867675781;0
1085.695;284.848876953125;0
1087.844;261.234436035156;0
1089.992;283.967102050781;0
1092.138;273.269104003906;0
1094.284;251.807708740234;0
1096.425;200.693405151367;0
1098.571;183.035766601563;0
1100.711;196.161926269531;0
1102.851;178.884689331055;0
1104.994;203.844192504883;0
1107.132;200.818237304687;0
1109.271;257.028472900391;0
1111.408;274.295959472656;0
1113.543;286.123168945313;0
1115.682;314.942291259766;0
1117.816;256.683837890625;0
1119.947;225.695541381836;0
1122.08;115.196022033691;0
1124.213;116.044052124023;0
1126.343;94.5729293823242;0
1128.474;138.502990722656;0
1130.602;104.417091369629;0
1132.728;132.838775634766;0
1134.856;145.45637512207;0
1136.982;196.785888671875;0
1139.109;188.307846069336;0
1141.234;176.845779418945;0
1143.356;197.845169067383;0
1145.479;232.638885498047;0
1147.599;198.004577636719;0
1149.719;147.497772216797;0
1151.839;114.672882080078;0
1153.957;154.370391845703;0
1156.076;183.013549804688;0
1158.191;193.422424316406;0
1160.305;222.106414794922;0
1162.423;266.264190673828;0
1164.536;286.860656738281;0
1166.647;268.357696533203;0
1168.761;267.903503417969;0
1170.871;267.628936767578;0
1172.983;321.414367675781;0
1175.092;318.873718261719;0
1177.2;302.228759765625;0
1179.306;280.922515869141;0
1181.413;295.732757568359;0
1183.518;311.877532958984;0
1185.623;258.022552490234;0
1187.725;257.277221679688;0
1189.826;249.974517822266;0
1191.929;283.669860839844;0
1194.032;266.029876708984;0
1196.13;273.971710205078;0
1198.23;220.467147827148;0
1200.327;208.811813354492;0
1202.423;213.817947387695;0
1204.52;244.153747558594;0
1206.613;189.484268188477;0
1208.71;192.736053466797;0
1210.801;240.362091064453;0
1212.892;252.538391113281;0
1214.987;198.042739868164;0
1217.075;178.097351074219;0
1219.166;193.525543212891;0
1221.256;257.463897705078;0
1223.342;256.134155273438;0
1225.43;289.50634765625;0
1227.515;264.876098632813;0
1229.597;267.8291015625;0
1231.685;293.686492919922;0
1233.767;327.654663085938;0
1235.85;297.067840576172;0
1237.931;267.261688232422;0
1240.009;257.902923583984;0
1242.09;317.404235839844;0
1244.168;315.799591064453;0
1246.245;343.644500732422;0
1248.321;313.827911376953;0
1250.397;329.016448974609;0
1252.472;304.824401855469;0
1254.547;309.083251953125;0
1256.618;270.521789550781;0
1258.69;268.118377685547;0
1260.761;257.802673339844;0
1262.83;303.826721191406;0
1264.901;264.190002441406;0
1266.969;263.669219970703;0
1269.035;256.486602783203;0
1271.102;265.753265380859;0
1273.167;278.358093261719;0
1275.233;265.635589599609;0
1277.295;279.078582763672;0
1279.359;235.374954223633;0
1281.42;180.482421875;0
1283.482;197.588363647461;0
1285.542;256.906524658203;0
1287.6;289.360626220703;0
1289.659;254.824432373047;0
1291.714;266.014892578125;0
1293.774;304.712768554688;0
1295.828;389.5009765625;0
1297.881;381.080047607422;0
1299.936;388.561096191406;0
1301.987;347.277496337891;0
1304.041;356.673614501953;0
1306.09;320.751007080078;0
1308.139;283.621612548828;0
1310.19;273.285858154297;0
1312.238;337.410766601563;0
1314.286;392.107574462891;0
1316.331;387.821350097656;0
1318.376;379.329864501953;0
1320.422;372.412658691406;0
1322.466;374.848419189453;0
1324.508;354.748291015625;0
1326.549;351.556701660156;0
1328.59;308.718078613281;0
1330.632;316.19482421875;0
1332.67;287.644989013672;0
1334.707;313.781494140625;0
1336.746;270.604278564453;0
1338.78;248.780090332031;0
1340.816;254.040573120117;0
1342.852;200.138031005859;0
1344.885;199.628494262695;0
1346.916;131.764190673828;0
1348.948;193.80500793457;0
1350.979;197.831924438477;0
1353.011;283.412750244141;0
1355.04;280.896575927734;0
1357.066;288.838104248047;0
1359.094;227.234985351563;0
1361.121;191.864944458008;0
1363.145;151.870849609375;0
1365.171;138.662673950195;0
1367.192;106.903816223145;0
1369.216;118.370849609375;0
1371.239;97.1752014160156;0
1373.258;138.537780761719;0
1375.28;124.237236022949;0
1377.298;148.49641418457;0
1379.316;77.537712097168;0
1381.335;132.137451171875;0
1383.35;161.519180297852;0
1385.366;187.349578857422;0
1387.38;115.628616333008;0
1389.394;18.1340942382813;0
1391.409;47.2643089294434;0
1393.42;55.0879974365234;0
1395.43;91.5832595825195;0
1397.44;104.510292053223;0
1399.451;157.44499206543;0
1401.458;145.388641357422;0
1403.466;139.757369995117;0
1405.472;79.6948699951172;0
1407.478;138.452560424805;0
1409.483;173.751022338867;0
1411.486;222.726104736328;0
1413.49;228.488662719727;0
1415.492;160.372039794922;0
1417.492;141.154006958008;0
1419.495;122.612350463867;0
1421.494;160.067230224609;0
1423.492;180.88020324707;0
1425.49;150.839889526367;0
1427.487;157.168518066406;0
1429.482;172.246017456055;0
1431.477;229.11100769043;0
1433.471;264.541259765625;0
1435.466;251.536178588867;0
1437.456;208.20686340332;0
1439.447;152.329360961914;0
1441.441;194.01383972168;0
1443.427;238.260299682617;0
1445.417;278.957611083984;0
1447.406;253.439453125;0
1449.392;269.150512695313;0
1451.381;302.535278320313;0
1453.365;319.371490478516;0
1455.348;288.214721679688;0
1457.333;298.065734863281;0
1459.314;294.371490478516;0
1461.296;296.354431152344;0
1463.276;228.45979309082;0
1465.256;229.687561035156;0
1467.237;248.0380859375;0
1469.215;269.401123046875;0
1471.19;200.665588378906;0
1473.167;154.498138427734;0
1475.145;108.898750305176;0
1477.118;178.776107788086;0
1479.092;237.977844238281;0
1481.065;254.416351318359;0
1483.038;308.869964599609;0
1485.008;338.230865478516;0
1486.979;374.277984619141;0
1488.949;298.677703857422;0
1490.917;234.874450683594;0
1492.883;198.422943115234;0
1494.852;194.322540283203;0
1496.817;210.57307434082;0
1498.782;282.730285644531;0
1500.748;283.347564697266;0
1502.708;257.86767578125;0
1504.673;195.623168945313;0
1506.634;174.280624389648;0
1508.594;122.997207641602;0
1510.554;108.815299987793;0
1512.512;100.311622619629;0
1514.471;154.17041015625;0
1516.428;177.482437133789;0
1518.384;170.802795410156;0
1520.34;201.241256713867;0
1522.294;186.797286987305;0
1524.249;252.217559814453;0
1526.202;253.779663085938;0
1528.153;310.125274658203;0
1530.103;271.475799560547;0
1532.054;297.831237792969;0
1534.004;241.302719116211;0
1535.951;285.890228271484;0
1537.899;236.384719848633;0
1539.847;271.424621582031;0
1541.793;272.443542480469;0
1543.738;242.108169555664;0
1545.681;219.594085693359;0
1547.625;155.973815917969;0
1549.566;208.13623046875;0
1551.509;217.525802612305;0
1553.45;236.475830078125;0
1555.389;261.208557128906;0
1557.33;273.612884521484;0
1559.266;302.466552734375;0
1561.204;323.547393798828;0
1563.141;328.743927001953;0
1565.074;297.389221191406;0
1567.009;246.038848876953;0
1568.943;239.470581054688;0
1570.877;260.795532226563;0
1572.808;276.901824951172;0
1574.741;257.67578125;0
1576.67;218.339477539063;0
1578.6;185.336547851563;0
1580.528;182.222549438477;0
1582.455;152.330459594727;0
1584.382;90.5482864379883;0
1586.307;46.6538314819336;0
1588.234;20.6470794677734;0
1590.157;15.639142036438;0
1592.081;4.2769136428833;0
1594.002;17.9199314117432;0
1595.927;105.687782287598;0
1597.845;136.064453125;0
1599.767;185.006637573242;0
1601.685;142.83447265625;0
1603.602;152.351028442383;0
1605.523;138.753234863281;0
1607.438;92.1062698364258;0
1609.354;78.0768051147461;0
1611.269;28.1286125183105;0
1613.181;18.6216373443604;0
1615.096;1.66788995265961;0
1617.008;-9.17544937133789;0
1618.92;36.2035446166992;0
1620.83;77.3616714477539;0
1622.74;174.41047668457;0
1624.649;145.240295410156;0
1626.557;109.18529510498;0
1628.464;46.9121284484863;0
1630.37;82.1985855102539;0
1632.275;146.15495300293;0
1634.18;203.002960205078;0
1636.085;216.300430297852;0
1637.988;177.047454833984;0
1639.888;185.688461303711;0
1641.791;234.666564941406;0
1643.691;273.87060546875;0
1645.588;295.522857666016;0
1647.489;330.734375;0
1649.387;366.951141357422;0
1651.284;428.285125732422;0
1653.18;382.514465332031;0
1655.075;366.639556884766;0
1656.972;291.327209472656;0
1658.864;290.355194091797;0
1660.754;231.167984008789;0
1662.65;189.432220458984;0
1664.539;209.925689697266;0
1666.428;202.203964233398;0
1668.32;219.600341796875;0
1670.207;231.781524658203;0
1672.096;240.191940307617;0
1673.982;261.053802490234;0
1675.867;199.700454711914;0
1677.754;246.354125976563;0
1679.638;272.014801025391;0
1681.52;340.238037109375;0
1683.403;326.801635742188;0
1685.285;336.150024414063;0
1687.166;308.060974121094;0
1689.048;288.534484863281;0
1690.924;304.681671142578;0
1692.804;278.613677978516;0
1694.682;318.552673339844;0
1696.558;261.609771728516;0
1698.435;285.451690673828;0
1700.308;265.411712646484;0
1702.184;257.936126708984;0
1704.057;259.35791015625;0
1705.929;235.469863891602;0
1707.801;219.239364624023;0
1709.674;130.960052490234;0
1711.542;109.341903686523;0
1713.412;131.287002563477;0
1715.28;166.881164550781;0
1717.145;133.70524597168;0
1719.015;45.0273895263672;0
1720.88;0.736494541168213;0
1722.746;24.4921283721924;0
1724.61;67.7658004760742;0
1726.471;88.6347274780273;0
1728.334;89.4906234741211;0
1730.197;89.4521255493164;0
1732.057;88.0849456787109;0
1733.919;138.438598632813;0
1735.777;142.241424560547;0
1737.634;170.602981567383;0
1739.493;154.631744384766;0
1741.349;157.881683349609;0
1743.205;121.241271972656;0
1745.061;102.932723999023;0
1746.915;94.6202239990234;0
1748.77;143.901397705078;0
1750.621;164.178085327148;0
1752.473;214.673965454102;0
1754.323;191.614013671875;0
1756.173;199.553787231445;0
1758.022;175.937728881836;0
1759.87;173.208786010742;0
1761.718;158.366088867188;0
1763.566;169.075912475586;0
1765.411;187.893463134766;0
1767.256;201.9296875;0
1769.101;220.073471069336;0
1770.945;240.324813842773;0
1772.787;241.461502075195;0
1774.629;210.70573425293;0
1776.469;164.724197387695;0
1778.309;147.516891479492;0
1780.15;159.417129516602;0
1781.987;181.536056518555;0
1783.826;181.873641967773;0
1785.662;214.87434387207;0
1787.498;217.315933227539;0
1789.334;282.865081787109;0
1791.169;297.077362060547;0
1793.002;320.174957275391;0
1794.834;285.602355957031;0
1796.667;329.026184082031;0
1798.498;385.113128662109;0
1800.328;357.863189697266;0
1802.157;267.2763671875;0
1803.986;222.908203125;0
1805.813;244.869827270508;0
1807.639;254.827896118164;0
1809.467;194.893539428711;0
1811.292;153.398239135742;0
1813.117;162.454040527344;0
1814.94;190.175308227539;0
1816.763;196.341659545898;0
1818.585;181.286972045898;0
1820.407;180.566818237305;0
1822.227;201.292663574219;0
1824.048;212.7978515625;0
1825.865;178.304794311523;0
1827.683;180.591461181641;0
1829.501;139.767669677734;0
1831.317;160.932266235352;0
1833.135;168.587142944336;0
1834.948;180.543991088867;0
1836.761;175.411071777344;0
1838.577;150.736419677734;0
1840.388;77.9531707763672;0
1842.198;38.9003219604492;0
1844.009;77.8481063842773;0
1845.819;101.797988891602;0
1847.629;140.641494750977;0
1849.436;82.2690658569336;0
1851.244;53.1256141662598;0
1853.052;14.5444593429565;0
1854.858;2.5258195400238;0
1856.661;65.9719848632813;0
1858.466;93.4255523681641;0
1860.269;80.1089401245117;0
1862.073;103.573684692383;0
1863.875;166.37532043457;0
1865.673;272.846801757813;0
1867.476;301.321441650391;0
1869.275;217.688140869141;0
1871.072;163.16911315918;0
1872.872;195.097686767578;0
1874.667;267.362762451172;0
1876.464;267.408782958984;0
1878.26;248.902404785156;0
1880.053;209.732528686523;0
1881.849;233.676940917969;0
1883.64;166.068939208984;0
1885.431;197.797454833984;0
1887.226;199.529800415039;0
1889.014;170.043792724609;0
1890.803;103.672744750977;0
1892.594;114.305541992188;0
1894.38;203.164413452148;0
1896.167;245.249359130859;0
1897.955;245.22705078125;0
1899.74;234.987197875977;0
1901.526;239.530303955078;0
1903.309;188.967910766602;0
1905.091;137.969650268555;0
1906.876;127.757743835449;0
1908.658;82.7766342163086;0
1910.438;86.3596725463867;0
1912.217;44.6179504394531;0
1913.996;59.3292503356934;0
1915.775;34.493579864502;0
1917.553;8.2220401763916;0
1919.33;24.3672027587891;0
1921.106;58.2610168457031;0
1922.881;137.380645751953;0
1924.655;198.725646972656;0
1926.431;196.073822021484;0
1928.202;181.980346679688;0
1929.974;101.445220947266;0
1931.746;155.690475463867;0
1933.516;209.827011108398;0
1935.286;274.523742675781;0
1937.055;259.226684570313;0
1938.823;203.492279052734;0
1940.592;200.209442138672;0
1942.356;107.933822631836;0
1944.122;71.4431915283203;0
1945.888;10.516074180603;0
1947.651;48.9255447387695;0
1949.416;119.504936218262;0
1951.178;160.281555175781;0
1952.939;187.964157104492;0
1954.699;157.765823364258;0
1956.459;138.746704101563;0
1958.219;114.240097045898;0
1959.979;125.690765380859;0
1961.735;137.935699462891;0
1963.491;158.716201782227;0
1965.249;145.504959106445;0
1967.003;188.747711181641;0
1968.761;232.444442749023;0
1970.512;278.928924560547;0
1972.265;311.867767333984;0
1974.018;261.372161865234;0
1975.769;268.553161621094;0
1977.522;240.077438354492;0
1979.271;224.61247253418;0
1981.018;209.491806030273;0
1982.766;157.049026489258;0
1984.516;227.062133789063;0
1986.261;207.975814819336;0
1988.009;298.345611572266;0
1989.754;261.7275390625;0
1991.498;296.676727294922;0
1993.241;306.526702880859;0
1994.984;303.72216796875;0
1996.727;314.041137695313;0
1998.468;253.372512817383;0
2000.206;297.494506835938;0
2001.946;298.963287353516;0
2003.686;347.333648681641;0
2005.424;361.494232177734;0
2007.161;357.777954101563;0
2008.898;393.515228271484;0
2010.634;413.92822265625;0
2012.369;395.128051757813;0
2014.103;366.782501220703;0
2015.836;387.669372558594;0
2017.57;435.010894775391;0
2019.299;419.25146484375;0
2021.032;335.168914794922;0
2022.762;296.910095214844;0
2024.491;283.473175048828;0
2026.221;257.713073730469;0
2027.947;245.18537902832;0
2029.676;226.445663452148;0
2031.403;254.938354492188;0
2033.128;241.77458190918;0
2034.852;284.844207763672;0
2036.577;300.702850341797;0
2038.299;342.016204833984;0
2040.022;310.004913330078;0
2041.744;325.00146484375;0
2043.465;247.005813598633;0
2045.184;248.907104492188;0
2046.903;227.817001342773;0
2048.621;222.291885375977;0
2050.339;152.447616577148;0
2052.057;112.895660400391;0
2053.774;132.719985961914;0
2055.488;141.878509521484;0
2057.203;151.491577148438;0
2058.917;186.943695068359;0
2060.631;164.346313476563;0
2062.344;119.256378173828;0
2064.053;41.5591201782227;0
2065.765;80.4906463623047;0
2067.476;76.6567001342773;0
2069.185;143.40739440918;0
2070.892;171.72673034668;0
2072.6;223.17024230957;0
2074.308;225.515731811523;0
2076.014;213.874298095703;0
2077.72;221.134826660156;0
2079.425;173.297317504883;0
2081.13;160.36311340332;0
2082.833;115.776428222656;0
2084.532;119.426078796387;0
2086.236;133.64567565918;0
2087.936;157.546081542969;0
2089.635;177.176254272461;0
2091.335;196.264572143555;0
2093.034;190.144104003906;0
2094.731;170.370193481445;0
2096.427;86.2759246826172;0
2098.124;107.972190856934;0
2099.82;142.903427124023;0
2101.515;259.372375488281;0
2103.207;269.861450195313;0
2104.902;284.237060546875;0
2106.594;250.872940063477;0
2108.286;274.409698486328;0
2109.976;318.514251708984;0
2111.667;329.297973632813;0
2113.355;335.872222900391;0
2115.044;331.125030517578;0
2116.732;296.167572021484;0
2118.42;340.999877929688;0
2120.105;342.177459716797;0
2121.79;373.812591552734;0
2123.476;329.794342041016;0
2125.16;328.679229736328;0
2126.844;351.356414794922;0
2128.524;351.826171875;0
2130.207;342.088745117188;0
2131.888;303.144165039063;0
2133.567;274.659057617188;0
2135.247;272.521881103516;0
2136.927;298.843719482422;0
2138.603;347.957946777344;0
2140.281;346.975646972656;0
2141.957;311.007934570313;0
2143.633;280.833831787109;0
2145.308;291.675201416016;0
2146.981;339.309844970703;0
2148.654;336.070983886719;0
2150.328;321.738952636719;0
2152;307.759490966797;0
2153.669;335.577239990234;0
2155.34;326.303375244141;0
2157.01;385.605163574219;0
2158.677;346.704925537109;0
2160.347;361.269165039063;0
2162.013;284.185302734375;0
2163.681;345.783935546875;0
2165.347;340.254302978516;0
2167.011;304.518005371094;0
2168.674;240.558212280273;0
2170.337;218.613327026367;0
2172.002;235.238922119141;0
2173.662;262.880493164063;0
2175.324;298.649139404297;0
2176.985;296.173828125;0
2178.645;260.324279785156;0
2180.304;228.653930664063;0
2181.961;225.052917480469;0
2183.618;223.523300170898;0
2185.275;198.011413574219;0
2186.932;157.848052978516;0
2188.586;198.041152954102;0
2190.242;196.973678588867;0
2191.896;224.868087768555;0
2193.547;200.391326904297;0
2195.2;179.933883666992;0
2196.851;181.271133422852;0
2198.502;156.775115966797;0
2200.153;145.884887695313;0
2201.799;137.635543823242;0
2203.447;58.9764137268066;0
2205.097;121.311431884766;0
2206.742;115.111419677734;0
2208.391;182.598602294922;0
2210.035;153.92268371582;0
2211.679;203.378143310547;0
2213.324;244.520263671875;0
2214.966;262.793426513672;0
2216.608;276.197814941406;0
2218.252;279.622802734375;0
2219.89;332.734832763672;0
2221.531;352.422607421875;0
2223.172;393.129608154297;0
2224.809;363.633361816406;0
2226.449;369.93359375;0
2228.086;332.364654541016;0
2229.72;401.052093505859;0
2231.358;379.315368652344;0
2232.992;392.820556640625;0
2234.625;329.678802490234;0
2236.26;329.446472167969;0
2237.893;296.234893798828;0
2239.524;301.900268554688;0
2241.156;255.832412719727;0
2242.785;269.145538330078;0
2244.416;230.93440246582;0
2246.044;270.046234130859;0
2247.672;259.880737304688;0
2249.301;235.730392456055;0
2250.926;223.843597412109;0
2252.554;237.90234375;0
2254.177;270.829864501953;0
2255.803;257.002807617188;0
2257.427;201.52392578125;0
2259.051;264.837677001953;0
2260.671;240.570755004883;0
2262.294;310.835235595703;0
2263.914;283.564788818359;0
2265.533;289.870544433594;0
2267.153;315.086242675781;0
2268.773;261.434173583984;0
2270.392;270.913665771484;0
2272.006;153.080230712891;0
2273.624;136.68913269043;0
2275.239;98.8197860717773;0
2276.854;141.513809204102;0
2278.468;172.287582397461;0
2280.084;209.804016113281;0
2281.695;178.006042480469;0
2283.305;144.22883605957;0
2284.919;94.4155426025391;0
2286.527;159.34326171875;0
2288.14;175.233932495117;0
2289.748;196.753997802734;0
2291.354;174.846267700195;0
2292.964;162.402053833008;0
2294.569;179.159591674805;0
2296.174;163.289489746094;0
2297.782;175.643325805664;0
2299.386;195.291320800781;0
2300.99;182.233200073242;0
2302.594;185.802047729492;0
2304.195;157.219802856445;0
2305.798;202.892044067383;0
2307.399;177.919769287109;0
2308.998;195.845962524414;0
2310.598;193.670623779297;0
2312.197;245.739151000977;0
2313.795;248.261032104492;0
2315.392;231.689468383789;0
2316.988;240.631942749023;0
2318.585;288.421783447266;0
2320.18;282.614532470703;0
2321.774;244.03776550293;0
2323.368;191.91242980957;0
2324.961;251.131256103516;0
2326.553;226.578750610352;0
2328.145;272.810455322266;0
2329.735;237.826965332031;0
2331.324;271.406799316406;0
2332.916;215.726760864258;0
2334.503;205.420272827148;0
2336.092;168.562423706055;0
2337.677;172.574172973633;0
2339.263;168.249725341797;0
2340.85;168.851531982422;0
2342.434;183.310592651367;0
2344.018;176.221740722656;0
2345.602;176.688293457031;0
2347.185;173.00944519043;0
2348.768;177.261169433594;0
2350.347;246.955459594727;0
2351.928;225.767196655273;0
2353.51;185.140563964844;0
2355.087;169.229370117188;0
2356.665;199.588241577148;0
2358.243;240.095153808594;0
2359.819;231.049575805664;0
2361.396;249.477233886719;0
2362.972;227.79621887207;0
2364.547;204.783874511719;0
2366.121;147.217239379883;0
2367.694;168.156295776367;0
2369.267;152.280685424805;0
2370.839;144.440292358398;0
2372.411;154.61897277832;0
2373.982;216.159286499023;0
2375.55;300.364410400391;0
2377.118;302.27880859375;0
2378.687;265.03125;0
2380.254;246.288528442383;0
2381.821;231.606216430664;0
2383.387;257.206878662109;0
2384.954;257.090362548828;0
2386.516;246.478530883789;0
2388.082;207.816986083984;0
2389.644;151.415084838867;0
2391.209;163.681167602539;0
2392.769;137.285171508789;0
2394.33;168.782989501953;0
2395.892;133.952667236328;0
2397.449;176.398788452148;0
2399.008;207.454986572266;0
2400.568;233.170272827148;0
2402.125;254.036819458008;0
2403.68;211.918746948242;0
2405.238;234.005294799805;0
2406.792;177.209197998047;0
2408.349;148.854431152344;0
2409.902;149.111602783203;0
2411.455;186.7587890625;0
2413.007;230.547286987305;0
2414.558;227.96012878418;0
2416.11;198.996643066406;0
2417.66;212.466430664063;0
2419.21;237.721389770508;0
2420.758;271.056884765625;0
2422.307;250.350021362305;0
2423.855;198.155090332031;0
2425.402;208.739486694336;0
2426.947;195.724411010742;0
2428.492;221.864715576172;0
2430.038;241.736328125;0
2431.58;256.560394287109;0
2433.124;239.559936523438;0
2434.667;236.51301574707;0
2436.208;220.8642578125;0
2437.75;280.039123535156;0
2439.291;264.056701660156;0
2440.83;290.361755371094;0
2442.369;255.621200561523;0
2443.906;277.502044677734;0
2445.444;286.831909179688;0
2446.981;292.745880126953;0
2448.517;273.553161621094;0
2450.053;285.253723144531;0
2451.587;259.180908203125;0
2453.12;326.513214111328;0
2454.655;330.628570556641;0
2456.187;364.749450683594;0
2457.718;320.430816650391;0
2459.25;261.046600341797;0
2460.781;206.874328613281;0
2462.31;172.372329711914;0
2463.84;188.729934692383;0
2465.368;198.731521606445;0
2466.896;180.963363647461;0
2468.423;159.048355102539;0
2469.949;164.63737487793;0
2471.474;165.84147644043;0
2472.998;160.327239990234;0
2474.522;140.538803100586;0
2476.045;104.920768737793;0
2477.568;156.362350463867;0
2479.09;119.640914916992;0
2480.612;140.756210327148;0
2482.132;102.818756103516;0
2483.653;145.050231933594;0
2485.171;166.672271728516;0
2486.689;232.46208190918;0
2488.208;252.481521606445;0
2489.725;271.396911621094;0
2491.242;197.430130004883;0
2492.757;189.323867797852;0
2494.271;165.546798706055;0
2495.785;233.45295715332;0
2497.3;259.652191162109;0
2498.812;299.743713378906;0
2500.325;231.726974487305;0
2501.837;163.934722900391;0
2503.345;101.282356262207;0
2504.856;112.459228515625;0
2506.366;181.13215637207;0
2507.875;193.36213684082;0
2509.382;138.946426391602;0
2510.889;43.1621780395508;0
2512.397;58.9846534729004;0
2513.901;51.0789756774903;0
2515.406;71.4451675415038;0
2516.911;-2.06583619117737;0
2518.415;38.0782737731934;0
2519.918;28.0508098602295;0
2521.421;63.0743370056152;0
2522.922;50.1481094360352;0
2524.423;61.8273735046386;0
2525.924;55.3335952758789;0
2527.422;54.5558471679688;0
2528.923;92.0493927001954;0
2530.419;110.925071716308;0
2531.916;134.294723510742;0
2533.415;142.492080688477;0
2534.909;116.023338317871;0
2536.404;147.753372192383;0
2537.899;109.261787414551;0
2539.394;145.736892700195;0
2540.887;108.322624206543;0
2542.38;147.036346435547;0
2543.871;122.415405273438;0
2545.363;143.01545715332;0
2546.852;123.396125793457;0
2548.345;108.516815185547;0
2549.833;78.5297317504882;0
2551.321;58.6507720947266;0
2552.811;93.7457427978516;0
2554.296;106.578468322754;0
2555.78;168.924880981445;0
2557.267;175.007217407227;0
2558.752;228.60139465332;0
2560.237;220.596343994141;0
2561.721;239.880950927734;0
2563.203;228.344146728516;0
2564.687;217.208190917969;0
2566.168;206.02864074707;0
2567.648;222.805648803711;0
2569.129;210.872833251953;0
2570.607;237.23046875;0
2572.086;220.767761230469;0
2573.565;251.151657104492;0
2575.041;212.049362182617;0
2576.518;195.461441040039;0
2577.994;161.761016845703;0
2579.469;193.837097167969;0
2580.945;177.942138671875;0
2582.418;202.746292114258;0
2583.892;166.176376342773;0
2585.365;186.16682434082;0
2586.835;188.118392944336;0
2588.307;210.364944458008;0
2589.778;215.905746459961;0
2591.248;226.851898193359;0
2592.717;226.981246948242;0
2594.186;234.29460144043;0
2595.652;200.681167602539;0
2597.121;163.453979492188;0
2598.585;173.929473876953;0
2600.052;206.810272216797;0
2601.518;198.875106811523;0
2602.982;153.56852722168;0
2604.446;140.746246337891;0
2605.907;247.543853759766;0
2607.371;271.669860839844;0
2608.83;291.869476318359;0
2610.293;250.920272827148;0
2611.752;268.639709472656;0
2613.213;278.172027587891;0
2614.672;287.223419189453;0
2616.13;280.682769775391;0
2617.587;271.327880859375;0
2619.043;299.157745361328;0
2620.501;274.949737548828;0
2621.957;287.480407714844;0
2623.409;221.233749389648;0
2624.864;265.431549072266;0
2626.318;272.532196044922;0
2627.771;315.820129394531;0
2629.222;317.84521484375;0
2630.673;334.257171630859;0
2632.124;361.309539794922;0
2633.575;314.738983154297;0
2635.023;242.504501342774;0
2636.473;193.147109985351;0
2637.922;226.63786315918;0
2639.368;243.62629699707;0
2640.816;225.323043823242;0
2642.261;197.50341796875;0
2643.705;201.8369140625;0
2645.151;231.990142822266;0
2646.596;223.407531738281;0
2648.037;192.200164794922;0
2649.48;161.034683227539;0
2650.923;144.355499267578;0
2652.364;160.273696899414;0
2653.804;155.900375366211;0
2655.243;164.235504150391;0
2656.683;160.834594726563;0
2658.121;152.142074584961;0
2659.559;176.935699462891;0
2660.997;212.54850769043;0
2662.433;273.091339111328;0
2663.868;272.635528564453;0
2665.305;254.625427246094;0
2666.737;224.808578491211;0
2668.173;227.959808349609;0
2669.606;225.040878295898;0
2671.038;215.384841918945;0
2672.47;205.991424560547;0
2673.901;179.971633911133;0
2675.331;186.882385253906;0
2676.761;201.723999023437;0
2678.189;198.607864379883;0
2679.619;158.645126342774;0
2681.045;168.613037109375;0
2682.473;187.916000366211;0
2683.9;203.26025390625;0
2685.324;188.20166015625;0
2686.749;203.963043212891;0
2688.176;226.210037231445;0
2689.599;230.569229125976;0
2691.021;171.929824829102;0
2692.444;199.854873657226;0
2693.865;201.488311767578;0
2695.287;255.1640625;0
2696.707;176.398315429688;0
2698.125;129.491790771484;0
2699.545;106.18278503418;0
2700.963;93.9343032836914;0
2702.381;99.2235641479492;0
2703.798;110.00366973877;0
2705.214;178.160675048828;0
2706.629;210.361999511719;0
2708.046;230.679153442383;0
2709.458;186.557205200195;0
2710.872;183.42658996582;0
2712.285;180.892990112305;0
2713.699;167.277709960938;0
2715.111;150.562866210938;0
2716.52;138.684768676758;0
2717.93;189.65641784668;0
2719.342;132.24462890625;0
2720.749;135.197326660156;0
2722.159;100.749992370605;0
2723.565;115.807228088379;0
2724.971;60.6023445129395;0
2726.38;80.5832977294922;0
2727.785;109.413993835449;0
2729.19;168.760787963867;0
2730.594;184.845596313477;0
2731.997;245.22395324707;0
2733.401;249.341674804688;0
2734.803;241.532623291016;0
2736.204;215.907623291016;0
2737.606;223.688583374023;0
2739.005;235.541900634766;0
2740.405;237.800994873047;0
2741.806;227.132247924805;0
2743.202;200.868682861328;0
2744.602;152.454437255859;0
2745.998;159.446166992188;0
2747.395;192.621658325195;0
2748.79;266.203002929688;0
2750.185;275.413024902344;0
2751.58;268.8076171875;0
2752.975;238.053741455078;0
2754.366;216.040298461914;0
2755.759;247.767318725586;0
2757.151;257.012359619141;0
2758.542;296.219573974609;0
2759.933;306.055328369141;0
2761.322;296.408172607422;0
2762.71;244.055618286133;0
2764.1;208.775665283203;0
2765.486;233.386672973633;0
2766.875;288.337036132812;0
2768.26;318.371063232422;0
2769.646;316.979339599609;0
2771.031;326.772979736328;0
2772.418;324.752655029297;0
2773.799;352.627349853516;0
2775.184;329.063751220703;0
2776.565;303.737030029297;0
2777.946;342.121978759766;0
2779.328;372.246215820313;0
2780.708;384.887298583984;0
2782.09;298.933746337891;0
2783.469;288.033325195313;0
2784.847;282.597869873047;0
2786.226;322.897399902344;0
2787.603;342.684326171875;0
2788.978;390.141571044922;0
2790.355;401.633941650391;0
2791.731;395.463470458984;0
2793.104;382.85205078125;0
2794.479;329.577087402344;0
2795.853;265.905090332031;0
2797.225;245.250244140625;0
2798.596;271.903778076172;0
2799.967;255.447052001953;0
2801.341;173.709365844726;0
2802.71;107.454742431641;0
2804.077;47.4651107788086;0
2805.447;69.0748596191406;0
2806.815;27.060619354248;0
2808.183;54.2004356384277;0
2809.551;1.49457931518555;0
2810.915;38.165901184082;0
2812.282;42.7705917358398;0
2813.646;88.6423263549805;0
2815.011;129.780075073242;0
2816.375;110.849945068359;0
2817.736;88.9633636474609;0
2819.099;57.1206398010254;0
2820.462;46.3220405578613;0
2821.821;54.3452377319336;0
2823.182;44.8572044372559;0
2824.542;62.6360244750977;0
2825.901;72.2375640869141;0
2827.261;52.6607055664063;0
2828.617;33.6832389831543;0
2829.974;2.6386079788208;0
2831.33;46.0817756652832;0
2832.686;56.1235313415527;0
2834.043;73.9860763549805;0
2835.395;53.3870620727539;0
2836.75;100.129020690918;0
2838.104;124.656364440918;0
2839.456;111.080192565918;0
2840.807;52.9567184448242;0
2842.16;42.0654640197754;0
2843.509;113.628623962402;0
2844.858;185.312072753906;0
2846.209;231.893569946289;0
2847.556;209.440826416016;0
2848.906;193.544662475586;0
2850.253;166.936370849609;0
2851.6;183.894683837891;0
2852.946;222.641510009766;0
2854.29;214.800872802734;0
2855.635;205.372436523438;0
2856.98;168.236221313477;0
2858.323;162.508056640625;0
2859.665;165.493286132813;0
2861.008;157.858856201172;0
2862.349;167.169418334961;0
2863.691;154.357345581055;0
2865.031;186.759475708008;0
2866.37;188.872573852539;0
2867.709;210.613861083984;0
2869.048;172.467529296875;0
2870.385;189.068817138672;0
2871.722;186.242462158203;0
2873.059;210.469345092773;0
2874.394;156.475357055664;0
2875.73;101.786819458008;0
2877.064;81.4677734375;0
2878.398;149.676727294922;0
2879.731;154.775207519531;0
2881.063;154.540939331055;0
2882.395;136.640472412109;0
2883.727;164.761306762695;0
2885.059;209.22819519043;0
2886.387;221.448989868164;0
2887.717;266.558959960938;0
2889.046;280.335327148437;0
2890.374;282.622039794922;0
2891.699;262.63037109375;0
2893.028;256.835510253906;0
2894.354;242.594146728516;0
2895.679;288.795349121094;0
2897.004;325.447723388672;0
2898.328;344.417327880859;0
2899.653;299.497436523438;0
2900.976;273.465545654297;0
2902.297;299.876922607422;0
2903.619;289.545745849609;0
2904.941;254.990585327148;0
2906.26;210.213088989258;0
2907.58;238.385635375977;0
2908.898;275.259979248047;0
2910.217;263.541809082031;0
2911.536;205.564239501953;0
2912.852;177.2158203125;0
2914.171;189.445266723633;0
2915.485;222.338653564453;0
2916.799;230.340103149414;0
2918.116;234.449356079102;0
2919.428;231.998779296875;0
2920.743;200.652969360352;0
2922.056;223.302032470703;0
2923.367;215.057586669922;0
2924.679;229.843856811523;0
2925.99;234.256286621094;0
2927.299;234.660949707031;0
2928.609;227.390869140625;0
2929.918;212.258895874023;0
2931.226;220.083206176758;0
2932.535;234.121383666992;0
2933.841;239.261810302734;0
2935.149;283.589752197266;0
2936.455;319.131011962891;0
2937.758;336.553131103516;0
2939.064;265.633666992188;0
2940.368;267.237365722656;0
2941.67;230.088394165039;0
2942.973;265.950775146484;0
2944.277;286.216033935547;0
2945.577;281.883819580078;0
2946.878;306.952514648438;0
2948.178;281.013092041016;0
2949.477;256.827575683594;0
2950.776;300.471343994141;0
2952.073;284.158294677734;0
2953.372;330.059387207031;0
2954.669;252.710510253906;0
2955.965;272.380340576172;0
2957.261;279.811157226563;0
2958.556;313.706237792969;0
2959.849;281.994384765625;0
2961.145;262.487548828125;0
2962.436;260.521881103516;0
2963.732;278.873199462891;0
2965.022;307.850036621094;0
2966.313;277.230285644531;0
2967.603;239.502914428711;0
2968.893;223.234176635742;0
2970.182;239.872741699219;0
2971.471;257.394989013672;0
2972.759;246.245941162109;0
2974.047;242.528198242188;0
2975.334;298.820037841797;0
2976.62;284.217163085938;0
2977.907;291.608703613281;0
2979.192;242.439422607422;0
2980.475;292.339538574219;0
2981.76;243.790496826172;0
2983.043;217.457336425781;0
2984.326;154.946395874023;0
2985.607;170.617721557617;0
2986.888;190.210250854492;0
2988.17;182.390914916992;0
2989.449;164.270904541016;0
2990.728;118.072410583496;0
2992.007;101.239837646484;0
2993.284;135.152633666992;0
2994.562;149.285659790039;0
2995.84;128.118927001953;0
2997.115;114.099395751953;0
2998.393;133.447784423828;0
2999.666;203.207412719727;0
3000.94;163.231506347656;0
3002.215;156.769683837891;0
3003.486;143.453460693359;0
3004.76;181.393920898438;0
3006.033;157.889022827148;0
3007.303;144.453567504883;0
3008.573;117.385223388672;0
3009.844;164.017517089844;0
3011.114;194.376235961914;0
3012.383;236.844757080078;0
3013.649;223.199905395508;0
3014.917;178.108108520508;0
3016.185;123.028945922852;0
3017.451;114.860496520996;0
3018.716;108.698623657227;0
3019.983;97.5720901489258;0
3021.246;134.145416259766;0
3022.509;186.086349487305;0
3023.774;230.470596313477;0
3025.035;185.630310058594;0
3026.299;140.120727539063;0
3027.56;163.446762084961;0
3028.819;140.80451965332;0
3030.081;161.760467529297;0
3031.339;140.955871582031;0
3032.598;143.936248779297;0
3033.856;129.11018371582;0
3035.114;120.881904602051;0
3036.372;93.6412048339844;0
3037.628;96.7260437011719;0
3038.883;60.1763191223145;0
3040.138;81.6584167480469;0
3041.394;79.394416809082;0
3042.646;82.7633666992188;0
3043.9;98.8336639404297;0
3045.152;94.5707397460938;0
3046.405;119.641258239746;0
3047.657;153.817779541016;0
3048.906;176.03678894043;0
3050.158;207.472503662109;0
3051.407;195.902679443359;0
3052.656;183.771774291992;0
3053.904;183.300903320313;0
3055.153;174.72639465332;0
3056.398;188.000686645508;0
3057.647;165.933319091797;0
3058.892;202.96711730957;0
3060.137;223.435089111328;0
3061.382;272.336700439453;0
3062.625;250.338272094727;0
3063.869;253.661926269531;0
3065.112;203.974349975586;0
3066.353;178.386642456055;0
3067.595;136.07487487793;0
3068.838;188.676116943359;0
3070.075;217.280944824219;0
3071.317;240.20539855957;0
3072.557;154.338363647461;0
3073.795;102.636764526367;0
3075.032;113.990715026855;0
3076.27;189.888809204102;0
3077.507;240.887100219727;0
3078.742;204.208129882813;0
3079.978;176.851577758789;0
3081.212;201.484100341797;0
3082.446;259.041870117188;0
3083.681;249.747482299805;0
3084.913;225.508697509766;0
3086.147;198.483154296875;0
3087.38;228.448654174805;0
3088.61;238.629577636719;0
3089.84;220.648178100586;0
3091.071;170.019714355469;0
3092.3;162.298446655273;0
3093.529;169.899322509766;0
3094.755;214.935287475586;0
3095.984;248.961883544922;0
3097.211;283.4970703125;0
3098.438;274.142791748047;0
3099.663;208.446380615234;0
3100.888;185.963485717773;0
3102.112;149.662673950195;0
3103.335;140.245803833008;0
3104.56;132.718109130859;0
3105.782;166.19905090332;0
3107.005;204.226455688477;0
3108.226;212.02214050293;0
3109.447;201.697219848633;0
3110.667;207.918426513672;0
3111.887;207.352096557617;0
3113.104;217.775695800781;0
3114.324;166.855850219727;0
3115.541;145.768737792969;0
3116.758;152.001510620117;0
3117.976;146.969589233398;0
3119.192;161.034561157227;0
3120.408;112.534149169922;0
3121.622;127.866218566895;0
3122.835;128.079177856445;0
3124.05;159.950942993164;0
3125.262;159.260070800781;0
3126.476;135.22998046875;0
3127.687;104.6259765625;0
3128.897;140.939117431641;0
3130.108;179.9658203125;0
3131.319;167.150207519531;0
3132.528;162.999862670898;0
3133.737;142.737457275391;0
3134.945;205.364440917969;0
3136.152;194.214447021484;0
3137.358;205.065612792969;0
3138.565;163.218887329102;0
3139.772;157.099395751953;0
3140.976;119.022979736328;0
3142.18;153.708511352539;0
3143.385;157.076751708984;0
3144.588;209.336074829102;0
3145.79;204.039947509766;0
3146.993;220.965270996094;0
3148.194;170.333724975586;0
3149.395;173.811828613281;0
3150.596;167.066253662109;0
3151.794;199.097640991211;0
3152.994;168.239654541016;0
3154.193;155.112014770508;0
3155.39;126.492431640625;0
3156.587;174.139831542969;0
3157.784;201.118789672852;0
3158.982;171.762603759766;0
3160.177;138.403015136719;0
3161.37;127.08464050293;0
3162.565;180.070846557617;0
3163.759;189.764312744141;0
3164.952;194.234085083008;0
3166.146;188.480499267578;0
3167.337;143.725769042969;0
3168.527;134.785339355469;0
3169.719;168.836242675781;0
3170.91;190.108932495117;0
3172.098;183.82487487793;0
3173.288;112.20516204834;0
3174.475;113.779373168945;0
3175.663;103.214141845703;0
3176.849;170.518051147461;0
3178.037;211.264389038086;0
3179.223;224.787002563477;0
3180.408;207.420211791992;0
3181.592;161.053604125977;0
3182.777;181.243850708008;0
3183.96;198.816299438477;0
3185.143;174.286193847656;0
3186.325;148.050735473633;0
3187.507;125.706413269043;0
3188.688;148.392105102539;0
3189.869;157.635192871094;0
3191.049;157.102783203125;0
3192.228;191.017715454102;0
3193.406;206.268508911133;0
3194.585;230.188354492188;0
3195.763;223.443161010742;0
3196.939;195.143859863281;0
3198.116;141.84309387207;0
3199.292;127.430686950684;0
3200.466;126.231979370117;0
3201.643;170.649978637695;0
3202.816;179.065689086914;0
3203.991;191.812301635742;0
3205.161;157.444244384766;0
3206.334;169.072647094727;0
3207.504;143.364395141602;0
3208.677;127.551811218262;0
3209.846;61.1222114562988;0
3211.017;69.0552673339844;0
3212.187;66.9865036010742;0
3213.356;111.676879882813;0
3214.524;118.27498626709;0
3215.69;147.961242675781;0
3216.859;177.650924682617;0
3218.024;152.341186523438;0
3219.189;147.143142700195;0
3220.354;120.390121459961;0
3221.519;139.011520385742;0
3222.682;127.47981262207;0
3223.845;117.392265319824;0
3225.01;132.512222290039;0
3226.171;170.186218261719;0
3227.332;173.226867675781;0
3228.494;184.710433959961;0
3229.655;145.804229736328;0
3230.814;143.228927612305;0
3231.973;103.762687683105;0
3233.13;145.140640258789;0
3234.29;153.627395629883;0
3235.447;189.667373657227;0
3236.605;176.371383666992;0
3237.76;209.295150756836;0
3238.916;187.24885559082;0
3240.071;201.86767578125;0
3241.224;185.596664428711;0
3242.381;229.32470703125;0
3243.532;216.052230834961;0
3244.685;234.669219970703;0
3245.839;186.731781005859;0
3246.99;211.129333496094;0
3248.141;200.750717163086;0
3249.292;217.820999145508;0
3250.439;207.336990356445;0
3251.589;184.298645019531;0
3252.739;162.436508178711;0
3253.886;145.90234375;0
3255.034;161.077056884766;0
3256.18;208.808288574219;0
3257.326;210.764541625977;0
3258.472;222.630554199219;0
3259.617;219.815521240234;0
3260.761;213.92512512207;0
3261.905;234.101516723633;0
3263.048;276.975616455078;0
3264.19;300.564331054688;0
3265.333;275.267303466797;0
3266.475;217.860198974609;0
3267.617;189.456787109375;0
3268.757;196.878936767578;0
3269.896;205.111541748047;0
3271.036;245.275131225586;0
3272.175;258.331115722656;0
3273.313;229.835052490234;0
3274.449;242.898040771484;0
3275.586;206.963958740234;0
3276.722;225.499099731445;0
3277.859;209.605728149414;0
3278.993;229.600799560547;0
3280.13;240.735626220703;0
3281.263;186.537551879883;0
3282.395;169.095230102539;0
3283.529;161.452651977539;0
3284.66;186.583465576172;0
3285.794;197.934936523438;0
3286.924;189.062606811523;0
3288.054;179.410949707031;0
3289.185;150.717208862305;0
3290.313;176.731155395508;0
3291.443;149.855529785156;0
3292.571;156.882507324219;0
3293.698;103.798919677734;0
3294.824;141.018127441406;0
3295.952;106.682327270508;0
3297.077;127.957527160645;0
3298.203;117.522285461426;0
3299.328;138.531341552734;0
3300.45;140.540924072266;0
3301.574;153.218338012695;0
3302.698;163.230285644531;0
3303.819;158.688217163086;0
3304.942;141.925308227539;0
3306.064;159.575790405273;0
3307.182;160.337829589844;0
3308.303;184.655868530273;0
3309.423;200.309234619141;0
3310.542;208.632369995117;0
3311.66;212.514923095703;0
3312.778;197.63020324707;0
3313.895;209.306274414063;0
3315.012;185.629913330078;0
3316.128;196.708251953125;0
3317.243;223.049774169922;0
3318.357;239.417175292969;0
3319.471;246.348037719727;0
3320.586;242.39826965332;0
3321.698;245.124404907227;0
3322.813;227.4404296875;0
3323.923;201.68537902832;0
3325.034;196.980484008789;0
3326.146;199.1748046875;0
3327.255;184.549514770508;0
3328.366;187.073959350586;0
3329.474;148.2294921875;0
3330.582;161.665969848633;0
3331.691;146.317489624023;0
3332.797;167.965866088867;0
3333.905;146.719528198242;0
3335.011;148.492095947266;0
3336.116;122.895790100098;0
3337.22;129.810684204102;0
3338.327;144.386001586914;0
3339.429;145.120498657227;0
3340.534;164.736938476563;0
3341.635;158.270629882813;0
3342.737;150.799957275391;0
3343.84;107.756088256836;0
3344.94;82.8608932495117;0
3346.041;122.100250244141;0
3347.142;135.981262207031;0
3348.24;118.198822021484;0
3349.337;132.640548706055;0
3350.437;123.194107055664;0
3351.534;158.193542480469;0
3352.633;172.530044555664;0
3353.727;205.648864746094;0
3354.823;200.215728759766;0
3355.919;178.898696899414;0
3357.013;156.030715942383;0
3358.108;160.49089050293;0
3359.201;148.615966796875;0
3360.293;161.625183105469;0
3361.385;162.745071411133;0
3362.478;143.085327148438;0
3363.569;173.357788085938;0
3364.661;160.630874633789;0
3365.75;204.238967895508;0
3366.838;164.292984008789;0
3367.929;187.387023925781;0
3369.017;220.893295288086;0
3370.105;249.49577331543;0
3371.193;268.182434082031;0
3372.279;241.72314453125;0
3373.364;267.886505126953;0
3374.45;230.524002075195;0
3375.534;231.869979858398;0
3376.62;210.016784667969;0
3377.704;236.398910522461;0
3378.786;211.577606201172;0
3379.871;194.589767456055;0
3380.951;170.41015625;0
3382.034;173.925964355469;0
3383.114;184.589126586914;0
3384.195;209.744873046875;0
3385.276;228.042724609375;0
3386.354;194.021453857422;0
3387.433;144.642700195313;0
3388.511;104.603462219238;0
3389.588;109.763916015625;0
3390.664;136.627182006836;0
3391.742;132.045761108398;0
3392.816;153.014007568359;0
3393.893;179.040023803711;0
3394.968;230.600357055664;0
3396.042;228.38037109375;0
3397.115;223.814758300781;0
3398.189;187.794738769531;0
3399.262;198.31494140625;0
3400.333;180.815902709961;0
3401.404;199.527755737305;0
3402.474;171.786117553711;0
3403.545;181.647415161133;0
3404.615;166.059753417969;0
3405.685;208.768814086914;0
3406.752;213.372589111328;0
3407.82;186.318054199219;0
3408.888;143.269714355469;0
3409.955;112.712677001953;0
3411.021;124.43717956543;0
3412.085;140.502304077148;0
3413.151;145.241806030273;0
3414.215;168.211456298828;0
3415.279;155.744781494141;0
3416.343;167.950698852539;0
3417.406;174.377029418945;0
3418.468;206.577560424805;0
3419.53;196.44091796875;0
3420.592;228.068588256836;0
3421.652;223.678680419922;0
3422.712;217.497207641602;0
3423.773;220.30973815918;0
3424.83;199.009185791016;0
3425.889;223.831420898438;0
3426.946;207.368988037109;0
3428.005;215.619934082031;0
3429.061;221.442962646484;0
3430.117;193.716888427734;0
3431.172;188.066940307617;0
3432.227;178.994155883789;0
3433.281;203.025985717773;0
3434.335;209.061828613281;0
3435.389;194.546295166016;0
3436.44;168.044525146484;0
3437.492;157.713989257813;0
3438.546;149.615234375;0
3439.598;157.38883972168;0
3440.646;186.98095703125;0
3441.697;174.415161132813;0
3442.745;154.183822631836;0
3443.793;160.437652587891;0
3444.842;188.90283203125;0
3445.891;209.058746337891;0
3446.937;166.202026367188;0
3447.984;136.946441650391;0
3449.031;84.4816818237305;0
3450.075;115.945785522461;0
3451.12;148.254806518555;0
3452.164;185.682739257813;0
3453.207;147.31428527832;0
3454.251;107.078384399414;0
3455.293;97.5202865600586;0
3456.336;88.9436569213867;0
3457.378;77.7303237915039;0
3458.417;113.965026855469;0
3459.458;122.520248413086;0
3460.498;128.088195800781;0
3461.539;108.783325195313;0
3462.577;104.680198669434;0
3463.614;126.395286560059;0
3464.651;111.233283996582;0
3465.689;102.845375061035;0
3466.726;111.666130065918;0
3467.763;128.248733520508;0
3468.798;142.29508972168;0
3469.831;117.088493347168;0
3470.866;95.7771301269531;0
3471.9;97.7400665283203;0
3472.933;139.177154541016;0
3473.966;155.75439453125;0
3474.999;154.925247192383;0
3476.029;139.365463256836;0
3477.061;137.385009765625;0
3478.09;172.352951049805;0
3479.121;179.292907714844;0
3480.15;193.953414916992;0
3481.178;182.489761352539;0
3482.205;196.996948242188;0
3483.234;189.004409790039;0
3484.26;163.068115234375;0
3485.288;163.454284667969;0
3486.313;159.494995117188;0
3487.337;146.099426269531;0
3488.364;133.436813354492;0
3489.387;137.223190307617;0
3490.411;163.144348144531;0
3491.434;147.340301513672;0
3492.456;161.144912719727;0
3493.479;167.712677001953;0
3494.5;175.754501342773;0
3495.521;144.043502807617;0
3496.543;106.477546691895;0
3497.561;77.7287063598633;0
3498.579;44.3072547912598;0
3499.6;29.8786544799805;0
3500.618;-42.9357032775879;0
3501.636;-77.106559753418;0
3502.653;-42.9905090332031;0
3503.669;14.1523742675781;0
3504.685;18.3263378143311;0
3505.699;-20.4447593688965;0
3506.716;-29.1626605987549;0
3507.729;-14.1557874679565;0
3508.743;-28.6186351776123;0
3509.755;-5.50694465637207;0
