98.64605;0;0
101.2353;0;0
103.8217;0;0
106.4096;-0.777777791023254;0
108.9945;-12.4444446563721;0
111.5767;27.4603176116943;0
114.1602;-8.48148155212402;0
116.7409;-58.343433380127;0
119.3209;-19.3418807983398;0
121.9002;23.4888896942139;0
124.4788;79.6339874267578;0
127.0566;60.9883041381836;0
129.6317;-20.1164016723633;0
132.2038;-45.1739120483398;0
134.7796;-11.500207901001;0
137.3503;62.2348518371582;0
139.9204;110.945640563965;0
142.4919;200.110443115234;0
145.0584;264.211486816406;0
147.6242;247.653366088867;0
150.1914;262.789215087891;0
152.7579;280.321411132813;0
155.3216;340.134979248047;0
157.8846;338.487884521484;0
160.4448;363.918060302734;0
163.0085;363.181579589844;0
165.5672;353.493896484375;0
168.1232;340.143371582031;0
170.6826;345.308990478516;0
173.2372;370.137420654297;0
175.7931;403.713256835937;0
178.3463;406.288635253906;0
180.8966;429.463562011719;0
183.4504;519.883728027344;0
185.9993;610.078857421875;0
188.5476;661.080139160156;0
191.0972;663.250366210937;0
193.644;712.198852539063;0
196.1859;701.954467773438;0
198.7335;663.101867675781;0
201.2761;616.260070800781;0
203.8201;693.64453125;0
206.3593;710.434326171875;0
208.8998;758.841552734375;0
211.4397;752.175109863281;0
213.9746;809.654846191406;0
216.5109;845.210693359375;0
219.0487;829.283386230469;0
221.5816;968.842407226562;0
224.1158;914.069458007812;0
226.6473;1022.47924804688;0
229.176;931.835998535156;0
231.7082;1031.58740234375;0
234.2355;1018.3603515625;0
236.7643;1030.4501953125;0
239.2902;1019.81707763672;0
241.8133;993.585998535156;0
244.3379;943.344421386719;0
246.8618;982.43115234375;0
249.3828;943.474792480469;0
251.9053;1010.03790283203;0
254.423;954.382385253906;0
256.942;906.070190429687;0
259.4603;872.759094238281;0
261.9759;849.785217285156;0
264.4887;858.002258300781;0
267.005;838.498779296875;0
269.5164;834.042358398438;0
272.0292;865.814636230469;0
274.5393;909.723937988281;0
277.0466;954.596252441406;0
279.5574;1007.35852050781;0
282.0654;1025.92687988281;0
284.5686;1000.16259765625;0
287.0752;1017.46795654297;0
289.5791;966.748901367188;0
292.0803;990.357849121094;0
294.5828;916.321472167969;0
297.0826;858.849182128906;0
299.5838;815.652648925781;0
302.0801;832.298950195312;0
304.5758;879.8935546875;0
307.0749;855.988708496094;0
309.5672;819.096374511719;0
312.0608;759.914916992188;0
314.5558;723.546936035156;0
317.044;724.157531738281;0
319.5377;755.491455078125;0
322.0266;846.373229980469;0
324.5127;874.730773925781;0
327.0023;948.271179199219;0
329.4871;940.765930175781;0
331.9691;983.722106933594;0
334.4547;951.026916503906;0
336.9353;994.269287109375;0
339.4174;967.966979980469;0
341.901;1038.6494140625;0
344.3776;1066.89123535156;0
346.8577;1112.10522460938;0
349.333;1084.71008300781;0
351.8076;1049.92175292969;0
354.2857;1079.02490234375;0
356.7569;1036.833984375;0
359.2296;1025.04089355469;0
361.7015;992.460327148438;0
364.1729;999.812561035156;0
366.6414;982.760314941406;0
369.1093;978.798645019531;0
371.5745;1004.30041503906;0
374.0432;939.213012695313;0
376.507;896.612487792969;0
378.9702;866.659423828125;0
381.4348;894.356811523438;0
383.8947;887.680969238281;0
386.3538;893.835754394531;0
388.8144;940.582397460937;0
391.2722;994.850952148438;0
393.7314;1016.1357421875;0
396.1859;1032.48999023438;0
398.6418;1003.89172363281;0
401.0949;1037.01062011719;0
403.5475;1040.45886230469;0
405.9972;1093.33813476563;0
408.4505;1103.91955566406;0
410.899;1129.97619628906;0
413.3468;1108.54174804688;0
415.796;1149.79248046875;0
418.2405;1207.37048339844;0
420.6884;1208.85778808594;0
423.1295;1102.70593261719;0
425.572;1054.20446777344;0
428.0159;1020.28491210938;0
430.455;1006.21795654297;0
432.8956;978.604675292969;0
435.3335;989.52294921875;0
437.7707;1009.68670654297;0
440.2093;986.3642578125;0
442.6432;999.151794433594;0
445.0764;996.30712890625;0
447.511;970.119262695313;0
449.9429;1024.96850585938;0
452.3721;1034.33728027344;0
454.8048;1035.11511230469;0
457.2328;932.968872070313;0
459.66;900.124755859375;0
462.0847;885.947631835938;0
464.5127;925.798522949219;0
466.9381;988.444091796875;0
469.3587;1028.55053710938;0
471.7807;1055.84924316406;0
474.2042;1056.76806640625;0
476.6229;1033.16833496094;0
479.041;1024.86450195313;0
481.4604;991.199523925781;0
483.8752;1023.94708251953;0
486.2934;1032.69750976563;0
488.7068;1045.173828125;0
491.1197;1051.24658203125;0
493.5339;1031.19653320313;0
495.9435;1041.15417480469;0
498.3544;986.89501953125;0
500.7667;984.314208984375;0
503.1723;998.016357421875;0
505.5793;1045.39611816406;0
507.9856;976.223510742188;0
510.3913;896.294799804687;0
512.7944;859.599792480469;0
515.1968;864.736450195312;0
517.5986;827.330627441406;0
519.9997;777.162658691406;0
522.3982;763.340576171875;0
524.798;715.559509277344;0
527.1973;645.080383300781;0
529.5919;664.733825683594;0
531.9899;708.222290039063;0
534.3832;777.068725585937;0
536.7758;821.969482421875;0
539.1699;888.479064941406;0
541.5593;933.688842773438;0
543.9481;880.476318359375;0
546.3382;836.70166015625;0
548.7257;821.809265136719;0
551.1146;815.485229492188;0
553.4968;795.649047851563;0
555.8824;845.552795410156;0
558.2675;882.447692871094;0
560.6478;963.668579101563;0
563.0295;908.601318359375;0
565.4106;871.804931640625;0
567.7911;799.727233886719;0
570.169;828.032897949219;0
572.5462;814.288269042969;0
574.9229;856.263549804688;0
577.2968;741.3984375;0
579.6721;664.222351074219;0
582.0449;619.480712890625;0
584.417;541.817749023437;0
586.7885;541.164978027344;0
589.1553;503.039367675781;0
591.5255;483.648834228516;0
593.8931;515.112426757813;0
596.2601;488.734252929687;0
598.6265;550.1826171875;0
600.9902;522.122619628906;0
603.3554;510.823120117188;0
605.7179;555.384765625;0
608.0778;588.433837890625;0
610.4391;611.574340820313;0
612.7977;586.035400390625;0
615.1558;584.869567871094;0
617.5132;630.239501953125;0
619.8701;723.3798828125;0
622.2263;800.386352539062;0
624.5779;816.087036132812;0
626.9308;835.026428222656;0
629.2852;817.218627929688;0
631.6349;903.827697753906;0
633.9841;914.470520019531;0
636.3326;972.359436035156;0
638.6805;972.314758300781;0
641.0279;949.309997558594;0
643.3746;1010.91278076172;0
645.7187;1007.00189208984;0
648.0621;1028.13317871094;0
650.405;916.636047363281;0
652.7453;917.060852050781;0
655.087;914.969360351562;0
657.426;975.363403320313;0
659.7645;966.793823242188;0
662.1024;912.487182617188;0
664.4376;828.779418945312;0
666.7742;748.784484863281;0
669.1063;760.373229980469;0
671.4398;772.305541992188;0
673.7726;826.664855957031;0
676.1048;804.909240722656;0
678.4324;794.889343261719;0
680.7635;709.611083984375;0
683.0919;749.536499023438;0
685.4158;779.416931152344;0
687.743;812.487609863281;0
690.0696;791.003967285156;0
692.3937;761.513427734375;0
694.7151;756.77490234375;0
697.038;833.9228515625;0
699.3583;820.168884277344;0
701.6779;897.176391601562;0
703.995;855.013427734375;0
706.3155;844.233276367188;0
708.6294;797.724609375;0
710.9467;755.708862304687;0
713.2594;796.205932617187;0
715.5735;812.751220703125;0
717.887;835.268310546875;0
720.1979;804.837524414063;0
722.5083;790.57080078125;0
724.818;755.184020996094;0
727.1252;750.359924316406;0
729.4357;741.264343261719;0
731.7418;753.617492675781;0
734.0452;790.911926269531;0
736.35;838.145751953125;0
738.6522;876.653564453125;0
740.9539;852.863098144531;0
743.2569;831.91259765625;0
745.5554;783.923889160156;0
747.8553;687.104125976563;0
750.1545;561.111694335938;0
752.4513;589.033508300781;0
754.7474;573.860717773438;0
757.043;639.6025390625;0
759.336;649.799560546875;0
761.6304;710.708923339844;0
763.9222;718.357238769531;0
766.2114;586.206298828125;0
768.5041;529.479187011719;0
770.7922;489.089324951172;0
773.0777;503.068756103516;0
775.3647;572.299743652344;0
777.651;553.4755859375;0
779.9368;551.136779785156;0
782.22;430.735717773438;0
784.5026;499.447998046875;0
786.7847;492.689819335938;0
789.0662;538.59375;0
791.3451;507.656066894531;0
793.6254;586.292907714844;0
795.9012;660.315124511719;0
798.1784;736.207214355469;0
800.455;685.14501953125;0
802.7291;723.773559570312;0
805.0026;652.971252441406;0
807.2755;755.980834960937;0
809.5478;720.248779296875;0
811.8176;707.41357421875;0
814.0869;792.783020019531;0
816.3535;812.975708007813;0
818.6235;828.06689453125;0
820.8911;676.416870117188;0
823.156;643.326477050781;0
825.4204;680.051208496094;0
827.6823;670.2626953125;0
829.9474;735.209228515625;0
832.2082;744.146667480469;0
834.4683;800.193176269531;0
836.7279;770.237976074219;0
838.9869;768.321044921875;0
841.2453;782.88720703125;0
843.5012;833.713928222656;0
845.7565;773.690551757813;0
848.0133;790.352600097656;0
850.2655;752.720336914062;0
852.5153;775.203491210938;0
854.7703;726.055053710937;0
857.0189;658.718811035156;0
859.2668;602.083618164063;0
861.5182;561.191589355469;0
863.7651;546.0087890625;0
866.0114;584.100219726562;0
868.2592;480.338714599609;0
870.5024;498.835418701172;0
872.7451;500.923492431641;0
874.9872;560.825012207031;0
877.2307;506.094146728516;0
879.4717;387.174224853516;0
881.7101;342.618713378906;0
883.95;310.982757568359;0
886.1854;393.098175048828;0
888.4202;429.978851318359;0
890.6604;510.326171875;0
892.8941;602.467895507812;0
895.1253;653.760009765625;0
897.3599;698.534362792969;0
899.59;574.016052246094;0
901.8195;587.094909667969;0
904.0504;469.107238769531;0
906.2789;461.981414794922;0
908.5087;406.234436035156;0
910.7341;471.107788085937;0
912.9589;446.251251220703;0
915.1851;468.109191894531;0
917.4088;457.060455322266;0
919.63;462.130004882812;0
921.8526;388.970062255859;0
924.0727;367.296203613281;0
926.2922;379.160278320313;0
928.5112;359.752380371094;0
930.7277;391.280883789063;0
932.9476;347.736785888672;0
935.163;357.169860839844;0
937.3739;293.778472900391;0
939.5901;309.315277099609;0
941.8019;351.352966308594;0
944.0151;267.15283203125;0
946.2258;218.851867675781;0
948.4341;95.831817626953;0
950.6456;48.539005279541;0
952.8527;45.0858993530273;0
955.0593;43.3606872558594;0
957.2653;42.5882301330566;0
959.4689;36.3197402954102;0
961.6738;127.33829498291;0
963.8782;138.531204223633;0
966.0782;125.012084960938;0
968.2815;79.8920440673827;0
970.4803;55.8377456665038;0
972.6787;3.96030020713806;0
974.8784;-47.2958450317383;0
977.0757;-17.0394992828369;0
979.2704;31.1752243041993;0
981.4667;87.5718460083009;0
983.6603;186.085983276367;0
985.8535;187.087783813476;0
988.0461;164.243682861328;0
990.2363;130.332138061524;0
992.4297;197.909133911133;0
994.6169;330.306793212891;0
996.8035;355.302856445313;0
998.9933;497.227844238281;0
1001.179;489.748413085938;0
1003.364;586.753051757813;0
1005.55;519.572631835938;0
1007.732;589.98291015625;0
1009.916;625.5380859375;0
1012.096;651.126953125;0
1014.275;574.417236328125;0
1016.459;496.321990966797;0
1018.636;442.902404785156;0
1020.813;438.304626464844;0
1022.991;416.865264892578;0
1025.165;383.670989990234;0
1027.34;385.386413574219;0
1029.515;382.674194335938;0
1031.687;370.533081054688;0
1033.859;408.182952880859;0
1036.03;480.400787353516;0
1038.199;518.519836425781;0
1040.369;437.631896972656;0
1042.536;422.974182128906;0
1044.704;402.884185791016;0
1046.87;398.696197509766;0
1049.034;304.525360107422;0
1051.198;256.039642333984;0
1053.363;203.133239746094;0
1055.526;183.674835205078;0
1057.686;155.665771484375;0
1059.845;157.634002685547;0
1062.005;99.7459030151367;0
1064.165;114.194831848145;0
1066.323;83.2054367065429;0
1068.477;155.338012695313;0
1070.634;199.890258789063;0
1072.788;221.007034301758;0
1074.942;259.35498046875;0
1077.096;236.265167236328;0
1079.247;244.735778808594;0
1081.397;193.098342895508;0
1083.547;155.909896850586;0
1085.695;200.666656494141;0
1087.844;190.316223144531;0
1089.992;255.124298095703;0
1092.138;294.712036132813;0
1094.284;365.744354248047;0
1096.425;308.443450927734;0
1098.571;264.809387207031;0
1100.711;269.619873046875;0
1102.851;333.09716796875;0
1104.994;337.238983154297;0
1107.132;302.821624755859;0
1109.271;280.510467529297;0
1111.408;282.925476074219;0
1113.543;299.585327148437;0
1115.682;383.156768798828;0
1117.816;352.305755615234;0
1119.947;309.920684814453;0
1122.08;223.000991821289;0
1124.213;265.657745361328;0
1126.343;338.668792724609;0
1128.474;312.367401123047;0
1130.602;268.642517089844;0
1132.728;167.271881103516;0
1134.856;156.033294677734;0
1136.982;126.148948669434;0
1139.109;141.618865966797;0
1141.234;126.333625793457;0
1143.356;106.294853210449;0
1145.479;75.6156539916993;0
1147.599;117.703834533691;0
1149.719;214.373916625976;0
1151.839;249.404113769531;0
1153.957;218.12971496582;0
1156.076;114.328514099121;0
1158.191;68.2227249145508;0
1160.305;86.589485168457;0
1162.423;119.428787231445;0
1164.536;98.5202560424804;0
1166.647;35.4194412231444;0
1168.761;49.1961097717285;0
1170.871;110.217872619629;0
1172.983;139.747848510742;0
1175.092;185.420272827148;0
1177.2;231.671020507813;0
1179.306;275.862884521484;0
1181.413;291.9580078125;0
1183.518;282.843811035156;0
1185.623;278.520233154297;0
1187.725;235.320938110352;0
1189.826;311.816864013672;0
1191.929;354.989562988281;0
1194.032;361.947814941406;0
1196.13;290.172607421875;0
1198.23;287.408355712891;0
1200.327;353.322113037109;0
1202.423;341.692016601563;0
1204.52;360.073944091797;0
1206.613;300.357177734375;0
1208.71;271.651702880859;0
1210.801;245.683929443359;0
1212.892;299.071807861328;0
1214.987;364.315704345703;0
1217.075;397.574279785156;0
1219.166;425.847900390625;0
1221.256;477.027252197266;0
1223.342;541.890441894531;0
1225.43;569.327941894531;0
1227.515;498.340057373047;0
1229.597;454.927154541016;0
1231.685;389.423004150391;0
1233.767;383.828125;0
1235.85;409.142547607422;0
1237.931;374.144073486328;0
1240.009;433.832672119141;0
1242.09;308.098968505859;0
1244.168;316.946258544922;0
1246.245;240.709045410156;0
1248.321;323.165618896484;0
1250.397;368.871490478516;0
1252.472;435.826721191406;0
1254.547;361.586791992188;0
1256.618;283.929534912109;0
1258.69;209.077163696289;0
1260.761;211.585220336914;0
1262.83;293.120391845703;0
1264.901;291.234741210938;0
1266.969;245.03759765625;0
1269.035;146.081100463867;0
1271.102;153.517684936523;0
1273.167;208.739059448242;0
1275.233;295.645416259766;0
1277.295;307.014556884766;0
1279.359;319.624237060547;0
1281.42;210.47444152832;0
1283.482;178.676315307617;0
1285.542;168.785385131836;0
1287.6;217.228271484375;0
1289.659;257.49365234375;0
1291.714;216.152191162109;0
1293.774;228.165435791016;0
1295.828;222.047760009766;0
1297.881;300.941009521484;0
1299.936;329.742645263672;0
1301.987;456.641937255859;0
1304.041;548.22900390625;0
1306.09;597.503173828125;0
1308.139;537.464477539063;0
1310.19;485.667999267578;0
1312.238;563.098388671875;0
1314.286;568.328735351563;0
1316.331;624.137939453125;0
1318.376;552.525085449219;0
1320.422;511.823120117188;0
1322.466;473.365020751953;0
1324.508;472.817047119141;0
1326.549;544.401123046875;0
1328.59;530.005798339844;0
1330.632;496.743408203125;0
1332.67;510.947021484375;0
1334.707;504.49560546875;0
1336.746;578.397277832031;0
1338.78;541.651489257813;0
1340.816;552.257995605469;0
1342.852;419.437225341797;0
1344.885;401.522064208984;0
1346.916;335.622161865234;0
1348.948;452.514892578125;0
1350.979;503.422149658203;0
1353.011;466.565765380859;0
1355.04;419.722930908203;0
1357.066;428.44921875;0
1359.094;557.855651855469;0
1361.121;591.831237792969;0
1363.145;507.151947021484;0
1365.171;348.703430175781;0
1367.192;258.595550537109;0
1369.216;233.824081420898;0
1371.239;246.052917480469;0
1373.258;228.948745727539;0
1375.28;169.733810424805;0
1377.298;195.853744506836;0
1379.316;180.643737792969;0
1381.335;215.770462036133;0
1383.35;245.23388671875;0
1385.366;273.589569091797;0
1387.38;326.837554931641;0
1389.394;349.200164794922;0
1391.409;390.339385986328;0
1393.42;342.826812744141;0
1395.43;239.317749023438;0
1397.44;193.368804931641;0
1399.451;162.646636962891;0
1401.458;196.595703125;0
1403.466;133.660446166992;0
1405.472;91.7297286987305;0
1407.478;58.2640342712402;0
1409.483;88.5097732543945;0
1411.486;119.378952026367;0
1413.49;159.678863525391;0
1415.492;161.625122070313;0
1417.492;182.391952514648;0
1419.495;209.260284423828;0
1421.494;269.364776611328;0
1423.492;301.483245849609;0
1425.49;342.504516601563;0
1427.487;309.650848388672;0
1429.482;336.813903808594;0
1431.477;334.346832275391;0
1433.471;335.034881591797;0
1435.466;393.068572998047;0
1437.456;503.781280517578;0
1439.447;574.061828613281;0
1441.441;575.021362304688;0
1443.427;442.548797607422;0
1445.417;437.199615478516;0
1447.406;442.529449462891;0
1449.392;502.960327148438;0
1451.381;504.736999511719;0
1453.365;466.996276855469;0
1455.348;467.822814941406;0
1457.333;489.214813232422;0
1459.314;478.063018798828;0
1461.296;455.310882568359;0
1463.276;433.792755126953;0
1465.256;439.175231933594;0
1467.237;433.791717529297;0
1469.215;461.080963134766;0
1471.19;492.604187011719;0
1473.167;510.361358642578;0
1475.145;472.019439697266;0
1477.118;432.096130371094;0
1479.092;432.277923583984;0
1481.065;382.421783447266;0
1483.038;308.135284423828;0
1485.008;293.419616699219;0
1486.979;299.945251464844;0
1488.949;404.49267578125;0
1490.917;344.173004150391;0
1492.883;437.986236572266;0
1494.852;404.486724853516;0
1496.817;544.5615234375;0
1498.782;532.099487304688;0
1500.748;615.433959960938;0
1502.708;573.787231445313;0
1504.673;511.714721679688;0
1506.634;423.327972412109;0
1508.594;348.628875732422;0
1510.554;351.950775146484;0
1512.512;361.515899658203;0
1514.471;402.434356689453;0
1516.428;386.595001220703;0
1518.384;331.664489746094;0
1520.34;272.753997802734;0
1522.294;284.532104492188;0
1524.249;330.10888671875;0
1526.202;331.860290527344;0
1528.153;297.680389404297;0
1530.103;298.984039306641;0
1532.054;223.555709838867;0
1534.004;225.665573120117;0
1535.951;217.36604309082;0
1537.899;296.189117431641;0
1539.847;295.023681640625;0
1541.793;265.647521972656;0
1543.738;233.393966674805;0
1545.681;230.371337890625;0
1547.625;216.782089233398;0
1549.566;240.504730224609;0
1551.509;283.569396972656;0
1553.45;282.420562744141;0
1555.389;310.280426025391;0
1557.33;266.260101318359;0
1559.266;263.248474121094;0
1561.204;237.80110168457;0
1563.141;190.584655761719;0
1565.074;239.06428527832;0
1567.009;192.661865234375;0
1568.943;222.351028442383;0
1570.877;158.713668823242;0
1572.808;178.973922729492;0
1574.741;130.574340820313;0
1576.67;157.016693115234;0
1578.6;167.68896484375;0
1580.528;179.146667480469;0
1582.455;126.167610168457;0
1584.382;135.313110351563;0
1586.307;154.466400146484;0
1588.234;145.960800170898;0
1590.157;86.0183410644531;0
1592.081;-1.98581910133362;0
1594.002;-34.4046020507813;0
1595.927;-46.9828453063965;0
1597.845;57.4496726989746;0
1599.767;171.37419128418;0
1601.685;255.645690917969;0
1603.602;242.708633422852;0
1605.523;209.73908996582;0
1607.438;183.874542236328;0
1609.354;222.468078613281;0
1611.269;173.853073120117;0
1613.181;170.918365478516;0
1615.096;133.108444213867;0
1617.008;188.312164306641;0
1618.92;169.307327270508;0
1620.83;179.426788330078;0
1622.74;125.890838623047;0
1624.649;190.158966064453;0
1626.557;215.771682739258;0
1628.464;269.951171875;0
1630.37;282.919708251953;0
1632.275;312.232818603516;0
1634.18;322.779388427734;0
1636.085;311.557434082031;0
1637.988;367.902526855469;0
1639.888;378.371398925781;0
1641.791;440.187744140625;0
1643.691;507.574005126953;0
1645.588;569.086486816406;0
1647.489;591.281860351563;0
1649.387;484.715606689453;0
1651.284;537.610046386719;0
1653.18;518.520629882813;0
1655.075;577.558532714844;0
1656.972;529.501525878906;0
1658.864;530.571716308594;0
1660.754;513.99072265625;0
1662.65;508.314178466797;0
1664.539;492.430908203125;0
1666.428;487.896453857422;0
1668.32;497.821929931641;0
1670.207;517.318481445313;0
1672.096;609.163879394531;0
1673.982;615.135864257813;0
1675.867;623.12158203125;0
1677.754;496.78759765625;0
1679.638;537.911682128906;0
1681.52;549.271484375;0
1683.403;550.421264648438;0
1685.285;486.249847412109;0
1687.166;461.200500488281;0
1689.048;451.050170898438;0
1690.924;404.576599121094;0
1692.804;412.779846191406;0
1694.682;389.881622314453;0
1696.558;421.215148925781;0
1698.435;348.054473876953;0
1700.308;314.431579589844;0
1702.184;312.816528320313;0
1704.057;347.889282226563;0
1705.929;377.015747070313;0
1707.801;326.748077392578;0
1709.674;247.589080810547;0
1711.542;214.610336303711;0
1713.412;180.845367431641;0
1715.28;120.738655090332;0
1717.145;73.2252044677734;0
1719.015;95.2786560058594;0
1720.88;159.768127441406;0
1722.746;193.138061523438;0
1724.61;108.388465881348;0
1726.471;114.408210754395;0
1728.334;121.975090026855;0
1730.197;142.422439575195;0
1732.057;117.861351013184;0
1733.919;64.4029541015625;0
1735.777;97.3655090332031;0
1737.634;74.6529693603516;0
1739.493;116.48755645752;0
1741.349;110.758163452148;0
1743.205;84.7981262207031;0
1745.061;100.051879882813;0
1746.915;164.852767944336;0
1748.77;259.532989501953;0
1750.621;199.091339111328;0
1752.473;222.195037841797;0
1754.323;186.401840209961;0
1756.173;242.933135986328;0
1758.022;179.232330322266;0
1759.87;190.52165222168;0
1761.718;187.245513916016;0
1763.566;172.403945922852;0
1765.411;111.88582611084;0
1767.256;125.691680908203;0
1769.101;130.156188964844;0
1770.945;186.724411010742;0
1772.787;263.507446289063;0
1774.629;315.838653564453;0
1776.469;342.384643554688;0
1778.309;279.145477294922;0
1780.15;270.232574462891;0
1781.987;240.42512512207;0
1783.826;182.056793212891;0
1785.662;185.462692260742;0
1787.498;225.753952026367;0
1789.334;234.152893066406;0
1791.169;264.659515380859;0
1793.002;240.275268554688;0
1794.834;295.974700927734;0
1796.667;212.228866577148;0
1798.498;258.037780761719;0
1800.328;263.734771728516;0
1802.157;279.680480957031;0
1803.986;156.514724731445;0
1805.813;126.015274047852;0
1807.639;104.797004699707;0
1809.467;137.44465637207;0
1811.292;81.2462463378905;0
1813.117;77.3820419311522;0
1814.94;47.4747123718263;0
1816.763;118.807281494141;0
1818.585;230.819381713867;0
1820.407;319.179229736328;0
1822.227;287.998260498047;0
1824.048;179.608612060547;0
1825.865;199.341796875;0
1827.683;185.086669921875;0
1829.501;191.065490722656;0
1831.317;110.500450134277;0
1833.135;105.724899291992;0
1834.948;92.5166091918945;0
1836.761;113.097808837891;0
1838.577;121.468490600586;0
1840.388;197.184219360352;0
1842.198;131.688400268555;0
1844.009;138.647735595703;0
1845.819;122.617744445801;0
1847.629;204.376220703125;0
1849.436;226.367614746094;0
1851.244;211.925247192383;0
1853.052;219.604690551758;0
1854.858;273.961486816406;0
1856.661;302.217864990234;0
1858.466;372.373809814453;0
1860.269;371.982849121094;0
1862.073;376.375946044922;0
1863.875;365.775360107422;0
1865.673;343.181060791016;0
1867.476;332.593078613281;0
1869.275;242.344696044922;0
1871.072;224.102630615234;0
1872.872;230.977966308594;0
1874.667;306.525726318359;0
1876.464;347.300231933594;0
1878.26;308.968353271484;0
1880.053;305.086181640625;0
1881.849;231.987655639648;0
1883.64;241.339950561523;0
1885.431;214.810317993164;0
1887.226;243.065628051758;0
1889.014;219.549423217773;0
1890.803;201.039215087891;0
1892.594;202.425003051758;0
1894.38;286.485107421875;0
1896.167;230.664535522461;0
1897.955;245.297164916992;0
1899.74;186.939117431641;0
1901.526;272.171905517578;0
1903.309;270.970672607422;0
1905.091;225.002639770508;0
1906.876;197.601684570313;0
1908.658;228.40771484375;0
1910.438;280.781921386719;0
1912.217;216.724655151367;0
1913.996;99.4578399658203;0
1915.775;97.1430435180664;0
1917.553;71.4662170410156;0
1919.33;73.1188278198242;0
1921.106;-36.5556640625;0
1922.881;7.35417175292969;0
1924.655;65.9661483764648;0
1926.431;104.140533447266;0
1928.202;145.2119140625;0
1929.974;224.515411376953;0
1931.746;291.163940429688;0
1933.516;259.379760742188;0
1935.286;123.829498291016;0
1937.055;80.1817016601563;0
1938.823;51.3252449035645;0
1940.592;67.7060394287109;0
1942.356;36.7690811157227;0
1944.122;40.5149230957031;0
1945.888;79.4996719360352;0
1947.651;93.3910140991211;0
1949.416;98.5222854614258;0
1951.178;60.6712608337402;0
1952.939;131.837936401367;0
1954.699;234.688980102539;0
1956.459;258.446624755859;0
1958.219;267.221984863281;0
1959.979;217.237457275391;0
1961.735;238.861968994141;0
1963.491;216.945663452148;0
1965.249;234.386474609375;0
1967.003;264.295928955078;0
1968.761;261.452484130859;0
1970.512;207.967803955078;0
1972.265;248.508575439453;0
1974.018;287.964782714844;0
1975.769;347.904541015625;0
1977.522;286.276824951172;0
1979.271;266.787902832031;0
1981.018;214.549942016602;0
1982.766;200.896057128906;0
1984.516;196.381256103516;0
1986.261;213.004989624023;0
1988.009;197.840148925781;0
1989.754;215.489761352539;0
1991.498;286.225402832031;0
1993.241;286.541870117188;0
1994.984;259.886016845703;0
1996.727;247.036804199219;0
1998.468;264.216644287109;0
2000.206;314.758911132813;0
2001.946;309.329681396484;0
2003.686;375.149810791016;0
2005.424;269.885437011719;0
2007.161;286.869262695313;0
2008.898;211.65771484375;0
2010.634;279.585388183594;0
2012.369;250.318969726563;0
2014.103;277.636199951172;0
2015.836;229.981796264648;0
2017.57;228.241363525391;0
2019.299;150.525848388672;0
2021.032;216.613052368164;0
2022.762;212.836502075195;0
2024.491;379.193878173828;0
2026.221;398.382507324219;0
2027.947;423.453277587891;0
2029.676;334.435211181641;0
2031.403;315.994964599609;0
2033.128;351.910278320313;0
2034.852;377.7373046875;0
2036.577;395.364929199219;0
2038.299;376.460296630859;0
2040.022;365.578033447266;0
2041.744;359.718933105469;0
2043.465;326.104309082031;0
2045.184;344.067474365234;0
2046.903;328.386260986328;0
2048.621;316.282806396484;0
2050.339;315.868865966797;0
2052.057;293.144927978516;0
2053.774;297.444915771484;0
2055.488;310.213775634766;0
2057.203;346.896575927734;0
2058.917;393.716033935547;0
2060.631;331.894927978516;0
2062.344;213.100296020508;0
2064.053;153.186019897461;0
2065.765;168.191360473633;0
2067.476;276.107482910156;0
2069.185;294.379333496094;0
2070.892;331.006774902344;0
2072.6;305.656494140625;0
2074.308;214.662307739258;0
2076.014;167.912612915039;0
2077.72;137.395370483398;0
2079.425;191.828811645508;0
2081.13;163.115844726563;0
2082.833;208.553848266602;0
2084.532;219.032272338867;0
2086.236;216.32942199707;0
2087.936;153.89030456543;0
2089.635;117.974822998047;0
2091.335;115.312713623047;0
2093.034;124.058692932129;0
2094.731;131.975967407227;0
2096.427;196.044464111328;0
2098.124;245.373123168945;0
2099.82;374.627746582031;0
2101.515;428.141174316406;0
2103.207;468.80224609375;0
2104.902;415.282104492188;0
2106.594;481.803833007813;0
2108.286;516.25732421875;0
2109.976;578.419616699219;0
2111.667;507.622741699219;0
2113.355;487.310546875;0
2115.044;496.149200439453;0
2116.732;555.3603515625;0
2118.42;633.947509765625;0
2120.105;717.24365234375;0
2121.79;688.453857421875;0
2123.476;735.7998046875;0
2125.16;713.731079101563;0
2126.844;760.044860839844;0
2128.524;681.240600585938;0
2130.207;624.153747558594;0
2131.888;594.210083007813;0
2133.567;628.631591796875;0
2135.247;597.197448730469;0
2136.927;614.451110839844;0
2138.603;579.405700683594;0
2140.281;512.401672363281;0
2141.957;534.559631347656;0
2143.633;510.434631347656;0
2145.308;624.359436035156;0
2146.981;607.31591796875;0
2148.654;689.525695800781;0
2150.328;645.210510253906;0
2152;632.814147949219;0
2153.669;563.336120605469;0
2155.34;563.221862792969;0
2157.01;652.0263671875;0
2158.677;655.689025878906;0
2160.347;700.645080566406;0
2162.013;546.712524414063;0
2163.681;534.824340820313;0
2165.347;437.501922607422;0
2167.011;499.146453857422;0
2168.674;514.056335449219;0
2170.337;490.9912109375;0
2172.002;389.207946777344;0
2173.662;404.195343017578;0
2175.324;447.386596679688;0
2176.985;503.711822509766;0
2178.645;416.873565673828;0
2180.304;444.116333007813;0
2181.961;442.586883544922;0
2183.618;478.285247802734;0
2185.275;378.881286621094;0
2186.932;441.15283203125;0
2188.586;460.877563476563;0
2190.242;587.291931152344;0
2191.896;513.968627929688;0
2193.547;498.597991943359;0
2195.2;402.982177734375;0
2196.851;441.617034912109;0
2198.502;430.374420166016;0
2200.153;457.920989990234;0
2201.799;407.145660400391;0
2203.447;407.044799804688;0
2205.097;429.934539794922;0
2206.742;393.174499511719;0
2208.391;305.327606201172;0
2210.035;296.84033203125;0
2211.679;351.712646484375;0
2213.324;449.611236572266;0
2214.966;478.313873291016;0
2216.608;476.709442138672;0
2218.252;533.131286621094;0
2219.89;520.930358886719;0
2221.531;566.884338378906;0
2223.172;497.085327148438;0
2224.809;466.39697265625;0
2226.449;396.386199951172;0
2228.086;529.3974609375;0
2229.72;551.782409667969;0
2231.358;593.079284667969;0
2232.992;477.075988769531;0
2234.625;494.531646728516;0
2236.26;447.418609619141;0
2237.893;430.562286376953;0
2239.524;401.620422363281;0
2241.156;441.260192871094;0
2242.785;484.482208251953;0
2244.416;524.860107421875;0
2246.044;603.06103515625;0
2247.672;582.751586914063;0
2249.301;606.931823730469;0
2250.926;559.381286621094;0
2252.554;623.209716796875;0
2254.177;565.751403808594;0
2255.803;483.733612060547;0
2257.427;443.165588378906;0
2259.051;428.562622070313;0
2260.671;450.020416259766;0
2262.294;380.960266113281;0
2263.914;397.343292236328;0
2265.533;464.315216064453;0
2267.153;424.783081054688;0
2268.773;446.045501708984;0
2270.392;367.169342041016;0
2272.006;465.498779296875;0
2273.624;433.437408447266;0
2275.239;466.615234375;0
2276.854;553.51220703125;0
2278.468;637.238891601563;0
2280.084;680.683654785156;0
2281.695;572.380676269531;0
2283.305;532.106567382813;0
2284.919;537.194213867188;0
2286.527;485.222717285156;0
2288.14;438.820281982422;0
2289.748;354.148681640625;0
2291.354;396.311614990234;0
2292.964;455.257171630859;0
2294.569;477.225433349609;0
2296.174;515.497375488281;0
2297.782;509.217407226563;0
2299.386;463.757263183594;0
2300.99;390.129333496094;0
2302.594;353.08349609375;0
2304.195;380.039489746094;0
2305.798;369.218200683594;0
2307.399;367.730255126953;0
2308.998;404.243133544922;0
2310.598;417.978576660156;0
2312.197;372.158233642578;0
2313.795;349.8935546875;0
2315.392;402.851226806641;0
2316.988;444.633422851563;0
2318.585;432.240875244141;0
2320.18;385.538024902344;0
2321.774;356.806427001953;0
2323.368;396.139587402344;0
2324.961;429.392761230469;0
2326.553;426.437805175781;0
2328.145;417.284393310547;0
2329.735;403.321105957031;0
2331.324;380.06884765625;0
2332.916;329.694061279297;0
2334.503;238.307769775391;0
2336.092;282.022277832031;0
2337.677;306.171234130859;0
2339.263;392.643646240234;0
2340.85;346.661346435547;0
2342.434;305.779907226563;0
2344.018;295.579345703125;0
2345.602;303.144470214844;0
2347.185;320.808502197266;0
2348.768;294.570220947266;0
2350.347;335.701477050781;0
2351.928;362.357177734375;0
2353.51;403.305480957031;0
2355.087;373.314361572266;0
2356.665;336.884613037109;0
2358.243;315.986419677734;0
2359.819;294.9638671875;0
2361.396;298.785186767578;0
2362.972;237.134979248047;0
2364.547;287.456359863281;0
2366.121;286.478424072266;0
2367.694;348.473327636719;0
2369.267;304.839416503906;0
2370.839;307.100524902344;0
2372.411;327.650482177734;0
2373.982;412.066528320313;0
2375.55;462.58642578125;0
2377.118;435.111175537109;0
2378.687;406.277069091797;0
2380.254;445.978485107422;0
2381.821;447.029876708984;0
2383.387;506.430999755859;0
2384.954;513.18212890625;0
2386.516;535.155090332031;0
2388.082;399.904571533203;0
2389.644;390.482971191406;0
2391.209;354.525573730469;0
2392.769;344.575164794922;0
2394.33;321.888824462891;0
2395.892;426.450317382813;0
2397.449;538.238708496094;0
2399.008;595.030700683594;0
2400.568;555.826904296875;0
2402.125;574.626037597656;0
2403.68;567.650146484375;0
2405.238;582.678833007813;0
2406.792;521.267150878906;0
2408.349;451.081878662109;0
2409.902;409.940948486328;0
2411.455;440.676086425781;0
2413.007;436.970794677734;0
2414.558;443.627838134766;0
2416.11;401.836456298828;0
2417.66;402.925354003906;0
2419.21;388.019348144531;0
2420.758;383.339385986328;0
2422.307;402.694061279297;0
2423.855;437.612457275391;0
2425.402;475.111206054688;0
2426.947;494.633392333984;0
2428.492;528.066162109375;0
2430.038;560.259704589844;0
2431.58;563.455871582031;0
2433.124;532.320922851563;0
2434.667;481.278564453125;0
2436.208;498.465484619141;0
2437.75;516.880920410156;0
2439.291;569.426391601563;0
2440.83;473.880615234375;0
2442.369;464.859588623047;0
2443.906;469.873962402344;0
2445.444;511.376983642578;0
2446.981;536.015075683594;0
2448.517;520.900329589844;0
2450.053;532.700744628906;0
2451.587;498.848937988281;0
2453.12;518.598022460938;0
2454.655;539.416687011719;0
2456.187;513.887878417969;0
2457.718;547.861938476563;0
2459.25;525.8173828125;0
2460.781;525.574157714844;0
2462.31;439.658477783203;0
2463.84;429.231719970703;0
2465.368;405.921813964844;0
2466.896;420.398071289063;0
2468.423;378.760528564453;0
2469.949;367.595184326172;0
2471.474;337.414855957031;0
2472.998;373.888763427734;0
2474.522;381.906616210938;0
2476.045;479.010650634766;0
2477.568;560.676513671875;0
2479.09;598.122802734375;0
2480.612;574.904235839844;0
2482.132;452.352233886719;0
2483.653;433.88525390625;0
2485.171;349.121490478516;0
2486.689;435.738677978516;0
2488.208;451.912078857422;0
2489.725;510.750030517578;0
2491.242;549.473571777344;0
2492.757;552.751586914063;0
2494.271;573.559143066406;0
2495.785;514.699340820313;0
2497.3;495.873748779297;0
2498.812;473.712493896484;0
2500.325;474.107299804687;0
2501.837;523.821166992188;0
2503.345;486.200134277344;0
2504.856;480.982177734375;0
2506.366;493.146423339844;0
2507.875;508.063323974609;0
2509.382;493.640930175781;0
2510.889;394.293182373047;0
2512.397;336.596588134766;0
2513.901;246.783172607422;0
2515.406;245.932647705078;0
2516.911;274.149993896484;0
2518.415;368.503753662109;0
2519.918;415.653198242188;0
2521.421;422.023040771484;0
2522.922;347.724761962891;0
2524.423;371.112670898438;0
2525.924;335.914520263672;0
2527.422;310.933776855469;0
2528.923;254.715393066406;0
2530.419;283.14599609375;0
2531.916;302.892547607422;0
2533.415;299.288513183594;0
2534.909;244.393447875976;0
2536.404;263.815551757813;0
2537.899;219.221054077148;0
2539.394;328.386779785156;0
2540.887;282.867034912109;0
2542.38;340.439971923828;0
2543.871;283.183349609375;0
2545.363;395.517517089844;0
2546.852;332.476715087891;0
2548.345;319.914276123047;0
2549.833;262.606384277344;0
2551.321;282.840454101563;0
2552.811;373.666046142578;0
2554.296;424.77587890625;0
2555.78;482.664886474609;0
2557.267;437.1064453125;0
2558.752;499.769104003906;0
2560.237;523.763488769531;0
2561.721;499.708740234375;0
2563.203;400.095916748047;0
2564.687;422.717437744141;0
2566.168;462.559753417969;0
2567.648;521.757446289062;0
2569.129;491.831787109375;0
2570.607;484.8056640625;0
2572.086;453.339965820313;0
2573.565;419.727020263672;0
2575.041;435.180267333984;0
2576.518;411.812866210938;0
2577.994;439.338348388672;0
2579.469;451.424865722656;0
2580.945;449.346435546875;0
2582.418;479.316009521484;0
2583.892;425.307708740234;0
2585.365;456.60302734375;0
2586.835;433.256256103516;0
2588.307;455.859985351562;0
2589.778;504.820343017578;0
2591.248;507.248413085938;0
2592.717;585.12890625;0
2594.186;537.717346191406;0
2595.652;592.221618652344;0
2597.121;523.197814941406;0
2598.585;532.096923828125;0
2600.052;496.397277832031;0
2601.518;449.053039550781;0
2602.982;441.634796142578;0
2604.446;439.259826660156;0
2605.907;502.637451171875;0
2607.371;526.526916503906;0
2608.83;577.270629882812;0
2610.293;544.044372558594;0
2611.752;562.93115234375;0
2613.213;576.664489746094;0
2614.672;639.940246582031;0
2616.13;652.104064941406;0
2617.587;596.379455566406;0
2619.043;603.989013671875;0
2620.501;613.044250488281;0
2621.957;655.398193359375;0
2623.409;665.634704589844;0
2624.864;728.427978515625;0
2626.318;763.266784667969;0
2627.771;768.383117675781;0
2629.222;702.692016601563;0
2630.673;640.029724121094;0
2632.124;583.0341796875;0
2633.575;559.384521484375;0
2635.023;536.654541015625;0
2636.473;525.940734863281;0
2637.922;496.460540771484;0
2639.368;478.608795166016;0
2640.816;441.821014404297;0
2642.261;488.268432617187;0
2643.705;489.180236816406;0
2645.151;536.065002441406;0
2646.596;497.950744628906;0
2648.037;538.328979492188;0
2649.48;532.818542480469;0
2650.923;553.418212890625;0
2652.364;507.016906738281;0
2653.804;511.646545410156;0
2655.243;447.957183837891;0
2656.683;468.92578125;0
2658.121;392.779510498047;0
2659.559;389.242126464844;0
2660.997;379.926849365234;0
2662.433;402.652069091797;0
2663.868;411.734771728516;0
2665.305;333.611297607422;0
2666.737;327.655456542969;0
2668.173;364.899932861328;0
2669.606;406.450836181641;0
2671.038;403.184906005859;0
2672.47;329.482818603516;0
2673.901;316.296691894531;0
2675.331;352.309753417969;0
2676.761;386.189361572266;0
2678.189;362.618316650391;0
2679.619;343.454833984375;0
2681.045;261.26953125;0
2682.473;292.288940429688;0
2683.9;299.114227294922;0
2685.324;336.475128173828;0
2686.749;311.257354736328;0
2688.176;295.746307373047;0
2689.599;323.102325439453;0
2691.021;363.550262451172;0
2692.444;368.493896484375;0
2693.865;379.108123779297;0
2695.287;394.578765869141;0
2696.707;385.932739257813;0
2698.125;362.551391601563;0
2699.545;380.236450195312;0
2700.963;436.063751220703;0
2702.381;514.665954589844;0
2703.798;454.267059326172;0
2705.214;405.311462402344;0
2706.629;380.997802734375;0
2708.046;410.023864746094;0
2709.458;403.382110595703;0
2710.872;384.694915771484;0
2712.285;388.843200683594;0
2713.699;397.911437988281;0
2715.111;397.162170410156;0
2716.52;348.508392333984;0
2717.93;302.712463378906;0
2719.342;281.736999511719;0
2720.749;298.438690185547;0
2722.159;294.673217773437;0
2723.565;262.151245117188;0
2724.971;268.220184326172;0
2726.38;309.264587402344;0
2727.785;331.077178955078;0
2729.19;353.704406738281;0
2730.594;397.656188964844;0
2731.997;459.4140625;0
2733.401;470.944244384766;0
2734.803;433.504699707031;0
2736.204;390.742584228516;0
2737.606;412.830352783203;0
2739.005;494.595947265625;0
2740.405;516.039306640625;0
2741.806;516.269897460938;0
2743.202;464.733428955078;0
2744.602;497.499786376953;0
2745.998;454.61181640625;0
2747.395;468.375823974609;0
2748.79;458.020812988281;0
2750.185;501.0107421875;0
2751.58;477.347473144531;0
2752.975;457.924865722656;0
2754.366;430.661590576172;0
2755.759;482.046356201172;0
2757.151;479.888793945312;0
2758.542;541.298828125;0
2759.933;571.05615234375;0
2761.322;594.0478515625;0
2762.71;564.162841796875;0
2764.1;542.734069824219;0
2765.486;540.646850585938;0
2766.875;564.192504882813;0
2768.26;508.642242431641;0
2769.646;504.554809570313;0
2771.031;534.53369140625;0
2772.418;523.640869140625;0
2773.799;538.873718261719;0
2775.184;506.225982666016;0
2776.565;524.18017578125;0
2777.946;525.579956054688;0
2779.328;489.127899169922;0
2780.708;472.246307373047;0
2782.09;470.881530761719;0
2783.469;488.610900878906;0
2784.847;524.247253417969;0
2786.226;539.011047363281;0
2787.603;598.902465820313;0
2788.978;660.476257324219;0
2790.355;682.621887207031;0
2791.731;637.117492675781;0
2793.104;649.611572265625;0
2794.479;692.659301757813;0
2795.853;689.424865722656;0
2797.225;674.858825683594;0
2798.596;570.073425292969;0
2799.967;576.234497070312;0
2801.341;496.755798339844;0
2802.71;519.800354003906;0
2804.077;443.290191650391;0
2805.447;411.313842773438;0
2806.815;337.555999755859;0
2808.183;358.245635986328;0
2809.551;339.697723388672;0
2810.915;401.133605957031;0
2812.282;351.015411376953;0
2813.646;387.750427246094;0
2815.011;321.929412841797;0
2816.375;274.516571044922;0
2817.736;215.308090209961;0
2819.099;207.746337890625;0
2820.462;257.944091796875;0
2821.821;222.766708374023;0
2823.182;157.658874511719;0
2824.542;148.506576538086;0
2825.901;150.676040649414;0
2827.261;162.492599487305;0
2828.617;104.510932922363;0
2829.974;101.398574829102;0
2831.33;121.792129516602;0
2832.686;185.831405639648;0
2834.043;191.78288269043;0
2835.395;260.732543945313;0
2836.75;223.570816040039;0
2838.104;281.964965820313;0
2839.456;213.359939575195;0
2840.807;278.531188964844;0
2842.16;289.842102050781;0
2843.509;325.240478515625;0
2844.858;268.949615478516;0
2846.209;194.968475341797;0
2847.556;185.206680297852;0
2848.906;222.974426269531;0
2850.253;251.826507568359;0
2851.6;278.207366943359;0
2852.946;261.341094970703;0
2854.29;277.005157470703;0
2855.635;275.864776611328;0
2856.98;323.030670166016;0
2858.323;283.963806152344;0
2859.665;236.293930053711;0
2861.008;176.599426269531;0
2862.349;221.521865844727;0
2863.691;261.257934570313;0
2865.031;263.457427978516;0
2866.37;265.847686767578;0
2867.709;259.207946777344;0
2869.048;231.095108032227;0
2870.385;288.731109619141;0
2871.722;303.893249511719;0
2873.059;328.933135986328;0
2874.394;264.851135253906;0
2875.73;292.42236328125;0
2877.064;347.7119140625;0
2878.398;396.770233154297;0
2879.731;360.222778320313;0
2881.063;417.439025878906;0
2882.395;340.086639404297;0
2883.727;346.608062744141;0
2885.059;273.947692871094;0
2886.387;344.892150878906;0
2887.717;367.137451171875;0
2889.046;360.411773681641;0
2890.374;339.674591064453;0
2891.699;353.474029541016;0
2893.028;374.505950927734;0
2894.354;380.963897705078;0
2895.679;379.093139648438;0
2897.004;415.154205322266;0
2898.328;411.753143310547;0
2899.653;404.112213134766;0
2900.976;368.278381347656;0
2902.297;359.196014404297;0
2903.619;332.860504150391;0
2904.941;397.253845214844;0
2906.26;386.279571533203;0
2907.58;453.593963623047;0
2908.898;379.137786865234;0
2910.217;405.673248291016;0
2911.536;326.793731689453;0
2912.852;373.183837890625;0
2914.171;337.534210205078;0
2915.485;354.511871337891;0
2916.799;342.893737792969;0
2918.116;367.570709228516;0
2919.428;376.588623046875;0
2920.743;393.267303466797;0
2922.056;412.914428710938;0
2923.367;427.900787353516;0
2924.679;380.005065917969;0
2925.99;436.761993408203;0
2927.299;466.750152587891;0
2928.609;575.303527832031;0
2929.918;588.310852050781;0
2931.226;564.103454589844;0
2932.535;545.903564453125;0
2933.841;577.823303222656;0
2935.149;587.752014160156;0
2936.455;554.911254882812;0
2937.758;515.724853515625;0
2939.064;507.119232177734;0
2940.368;475.325134277344;0
2941.67;484.341400146484;0
2942.973;517.786926269531;0
2944.277;545.689208984375;0
2945.577;544.046813964844;0
2946.878;563.525451660156;0
2948.178;623.014282226563;0
2949.477;618.934936523438;0
2950.776;623.398498535156;0
2952.073;589.928833007812;0
2953.372;546.1826171875;0
2954.669;521.91455078125;0
2955.965;502.299530029297;0
2957.261;533.382629394531;0
2958.556;572.906066894531;0
2959.849;567.383483886719;0
2961.145;552.778747558594;0
2962.436;527.595703125;0
2963.732;517.956237792969;0
2965.022;527.106323242187;0
2966.313;488.541137695313;0
2967.603;511.523651123047;0
2968.893;500.394653320313;0
2970.182;514.680419921875;0
2971.471;460.187561035156;0
2972.759;440.226196289062;0
2974.047;460.648162841797;0
2975.334;488.291870117187;0
2976.62;463.934661865234;0
2977.907;402.440246582031;0
2979.192;393.644012451172;0
2980.475;382.663238525391;0
2981.76;370.593353271484;0
2983.043;307.347076416016;0
2984.326;297.984069824219;0
2985.607;303.927795410156;0
2986.888;296.666717529297;0
2988.17;374.466644287109;0
2989.449;324.264831542969;0
2990.728;374.172424316406;0
2992.007;270.633178710938;0
2993.284;311.647521972656;0
2994.562;254.435546875;0
2995.84;270.032196044922;0
2997.115;200.41731262207;0
2998.393;211.592193603516;0
2999.666;194.074356079102;0
3000.94;187.194900512695;0
3002.215;166.842834472656;0
3003.486;137.684921264648;0
3004.76;162.284591674805;0
3006.033;184.856628417969;0
3007.303;155.552215576172;0
3008.573;143.221710205078;0
3009.844;138.642990112305;0
3011.114;187.593383789063;0
3012.383;213.296203613281;0
3013.649;195.551406860352;0
3014.917;174.780303955078;0
3016.185;193.686126708984;0
3017.451;139.908203125;0
3018.716;117.884017944336;0
3019.983;36.5130310058594;0
3021.246;75.5117111206055;0
3022.509;110.927627563477;0
3023.774;179.760147094727;0
3025.035;158.587921142578;0
3026.299;143.304061889648;0
3027.56;111.933517456055;0
3028.819;158.434585571289;0
3030.081;178.705078125;0
3031.339;185.852508544922;0
3032.598;194.09635925293;0
3033.856;149.436614990234;0
3035.114;142.025833129883;0
3036.372;118.125358581543;0
3037.628;147.153015136719;0
3038.883;193.611679077148;0
3040.138;174.283126831055;0
3041.394;231.444900512695;0
3042.646;229.263076782227;0
3043.9;297.773254394531;0
3045.152;274.523559570313;0
3046.405;283.482727050781;0
3047.657;272.79638671875;0
3048.906;249.015899658203;0
3050.158;255.106414794922;0
3051.407;234.401733398438;0
3052.656;275.124786376953;0
3053.904;301.053802490234;0
3055.153;276.41162109375;0
3056.398;245.085067749023;0
3057.647;219.817962646484;0
3058.892;311.908050537109;0
3060.137;327.53857421875;0
3061.382;338.709045410156;0
3062.625;307.420471191406;0
3063.869;326.893310546875;0
3065.112;301.318786621094;0
3066.353;325.946258544922;0
3067.595;321.331848144531;0
3068.838;303.882019042969;0
3070.075;292.700531005859;0
3071.317;316.349853515625;0
3072.557;317.493774414063;0
3073.795;356.72705078125;0
3075.032;353.162811279297;0
3076.27;384.912139892578;0
3077.507;292.530548095703;0
3078.742;309.121398925781;0
3079.978;296.5810546875;0
3081.212;336.202911376953;0
3082.446;318.35888671875;0
3083.681;367.497650146484;0
3084.913;365.277404785156;0
3086.147;368.484954833984;0
3087.38;347.158935546875;0
3088.61;353.46484375;0
3089.84;353.401641845703;0
3091.071;322.607177734375;0
3092.3;319.260284423828;0
3093.529;323.008209228516;0
3094.755;356.284454345703;0
3095.984;378.78564453125;0
3097.211;359.158721923828;0
3098.438;368.292846679688;0
3099.663;350.7392578125;0
3100.888;318.170440673828;0
3102.112;282.798889160156;0
3103.335;250.056335449219;0
3104.56;247.637100219727;0
3105.782;256.096740722656;0
3107.005;231.101593017578;0
3108.226;276.428863525391;0
3109.447;305.522033691406;0
3110.667;337.161224365234;0
3111.887;381.54150390625;0
3113.104;374.958648681641;0
3114.324;386.97607421875;0
3115.541;348.760864257813;0
3116.758;361.944061279297;0
3117.976;400.422027587891;0
3119.192;353.67041015625;0
3120.408;317.765838623047;0
3121.622;267.496398925781;0
3122.835;312.669128417969;0
3124.05;330.6171875;0
3125.262;318.675048828125;0
3126.476;307.008972167969;0
3127.687;280.047180175781;0
3128.897;293.501159667969;0
3130.108;341.455291748047;0
3131.319;389.085998535156;0
3132.528;418.992126464844;0
3133.737;397.549224853516;0
3134.945;357.440032958984;0
3136.152;277.858459472656;0
3137.358;243.867752075195;0
3138.565;237.460418701172;0
3139.772;315.84130859375;0
3140.976;305.270294189453;0
3142.18;314.414245605469;0
3143.385;279.022338867188;0
3144.588;294.56982421875;0
3145.79;231.461730957031;0
3146.993;231.36474609375;0
3148.194;162.341979980469;0
3149.395;168.661239624023;0
3150.596;158.081497192383;0
3151.794;234.065399169922;0
3152.994;262.279754638672;0
3154.193;298.724884033203;0
3155.39;271.17529296875;0
3156.587;306.543365478516;0
3157.784;284.693908691406;0
3158.982;267.254821777344;0
3160.177;221.297485351563;0
3161.37;211.301666259766;0
3162.565;201.593627929688;0
3163.759;208.509185791016;0
3164.952;197.635269165039;0
3166.146;203.711624145508;0
3167.337;235.374588012695;0
3168.527;282.261474609375;0
3169.719;315.712585449219;0
3170.91;252.825439453125;0
3172.098;184.280426025391;0
3173.288;117.310813903809;0
3174.475;165.708023071289;0
3175.663;253.223007202148;0
3176.849;304.077545166016;0
3178.037;324.006896972656;0
3179.223;252.609100341797;0
3180.408;225.77311706543;0
3181.592;151.164337158203;0
3182.777;153.588607788086;0
3183.96;192.243255615234;0
3185.143;242.455963134766;0
3186.325;252.002899169922;0
3187.507;230.772857666016;0
3188.688;204.414993286133;0
3189.869;226.613098144531;0
3191.049;212.590484619141;0
3192.228;249.61735534668;0
3193.406;233.132064819336;0
3194.585;246.74055480957;0
3195.763;216.684066772461;0
3196.939;221.685119628906;0
3198.116;221.427200317383;0
3199.292;224.421432495117;0
3200.466;218.590911865234;0
3201.643;221.820770263672;0
3202.816;219.995788574219;0
3203.991;239.407638549805;0
3205.161;229.03987121582;0
3206.334;243.365264892578;0
3207.504;232.129470825195;0
3208.677;262.869384765625;0
3209.846;252.602416992188;0
3211.017;250.673675537109;0
3212.187;254.240692138672;0
3213.356;281.329071044922;0
3214.524;281.875274658203;0
3215.69;288.434387207031;0
3216.859;284.783721923828;0
3218.024;301.637542724609;0
3219.189;267.284118652344;0
3220.354;282.076171875;0
3221.519;301.995239257813;0
3222.682;324.374206542969;0
3223.845;317.879486083984;0
3225.01;315.176727294922;0
3226.171;355.851165771484;0
3227.332;345.6318359375;0
3228.494;328.851745605469;0
3229.655;289.718200683594;0
3230.814;334.127685546875;0
3231.973;368.530395507813;0
3233.13;408.260131835938;0
3234.29;371.526458740234;0
3235.447;336.562805175781;0
3236.605;282.1025390625;0
3237.76;296.822875976563;0
3238.916;290.974517822266;0
3240.071;332.304412841797;0
3241.224;336.067016601563;0
3242.381;357.815887451172;0
3243.532;345.774169921875;0
3244.685;348.055633544922;0
3245.839;331.549591064453;0
3246.99;368.239929199219;0
3248.141;385.684692382813;0
3249.292;407.4921875;0
3250.439;378.927520751953;0
3251.589;326.466979980469;0
3252.739;381.835662841797;0
3253.886;348.086303710938;0
3255.034;388.109405517578;0
3256.18;344.239013671875;0
3257.326;378.048248291016;0
3258.472;380.192718505859;0
3259.617;355.666625976563;0
3260.761;321.415863037109;0
3261.905;320.118835449219;0
3263.048;337.544311523438;0
3264.19;404.484893798828;0
3265.333;365.161224365234;0
3266.475;364.054382324219;0
3267.617;307.164581298828;0
3268.757;294.90283203125;0
3269.896;305.001159667969;0
3271.036;337.205841064453;0
3272.175;355.960815429688;0
3273.313;356.851928710938;0
3274.449;374.076843261719;0
3275.586;373.758422851563;0
3276.722;323.214294433594;0
3277.859;304.666778564453;0
3278.993;298.437835693359;0
3280.13;312.186401367188;0
3281.263;309.581298828125;0
3282.395;330.067474365234;0
3283.529;319.756927490234;0
3284.66;333.205383300781;0
3285.794;279.968902587891;0
3286.924;266.156585693359;0
3288.054;242.575836181641;0
3289.185;277.835235595703;0
3290.313;265.391784667969;0
3291.443;252.039154052734;0
3292.571;300.556884765625;0
3293.698;341.455810546875;0
3294.824;325.095367431641;0
3295.952;274.402435302734;0
3297.077;247.578735351562;0
3298.203;264.340637207031;0
3299.328;271.883850097656;0
3300.45;262.757629394531;0
3301.574;275.456298828125;0
3302.698;268.334747314453;0
3303.819;256.528411865234;0
3304.942;253.539169311523;0
3306.064;242.664352416992;0
3307.182;333.727905273438;0
3308.303;306.687072753906;0
3309.423;358.65673828125;0
3310.542;302.191986083984;0
3311.66;330.625274658203;0
3312.778;281.289459228516;0
3313.895;266.355316162109;0
3315.012;219.020385742187;0
3316.128;218.549301147461;0
3317.243;246.717193603516;0
3318.357;262.007080078125;0
3319.471;269.753631591797;0
3320.586;264.512817382813;0
3321.698;277.265167236328;0
3322.813;280.777679443359;0
3323.923;267.807800292969;0
3325.034;308.406036376953;0
3326.146;327.551208496094;0
3327.255;329.464172363281;0
3328.366;248.513977050781;0
3329.474;209.622772216797;0
3330.582;196.805770874023;0
3331.691;224.684921264648;0
3332.797;215.668487548828;0
3333.905;213.64338684082;0
3335.011;224.303802490234;0
3336.116;233.018753051758;0
3337.22;247.275390625;0
3338.327;206.523101806641;0
3339.429;201.622634887695;0
3340.534;169.30973815918;0
3341.635;221.736297607422;0
3342.737;219.71484375;0
3343.84;211.468307495117;0
3344.94;229.996353149414;0
3346.041;231.964584350586;0
3347.142;324.151641845703;0
3348.24;269.335205078125;0
3349.337;293.404449462891;0
3350.437;246.267135620117;0
3351.534;272.143127441406;0
3352.633;260.722839355469;0
3353.727;259.960876464844;0
3354.823;244.599655151367;0
3355.919;318.207824707031;0
3357.013;273.557952880859;0
3358.108;286.563415527344;0
3359.201;260.119689941406;0
3360.293;327.599151611328;0
3361.385;360.028869628906;0
3362.478;328.273895263672;0
3363.569;299.513458251953;0
3364.661;281.303161621094;0
3365.75;247.531784057617;0
3366.838;235.697418212891;0
3367.929;167.895904541016;0
3369.017;215.245559692383;0
3370.105;229.046798706055;0
3371.193;285.084228515625;0
3372.279;296.248260498047;0
3373.364;298.235260009766;0
3374.45;308.137115478516;0
3375.534;284.280456542969;0
3376.62;260.086212158203;0
3377.704;288.055938720703;0
3378.786;253.068389892578;0
3379.871;305.323638916016;0
3380.951;267.507965087891;0
3382.034;326.348510742188;0
3383.114;287.669677734375;0
3384.195;332.813507080078;0
3385.276;295.135375976563;0
3386.354;295.295837402344;0
3387.433;259.315612792969;0
3388.511;314.534118652344;0
3389.588;316.541351318359;0
3390.664;312.568145751953;0
3391.742;225.580917358398;0
3392.816;241.786270141602;0
3393.893;237.857177734375;0
3394.968;309.198455810547;0
3396.042;306.968048095703;0
3397.115;325.157318115234;0
3398.189;287.565338134766;0
3399.262;262.166229248047;0
3400.333;258.516845703125;0
3401.404;274.739227294922;0
3402.474;290.278533935547;0
3403.545;254.283569335938;0
3404.615;252.235931396484;0
3405.685;287.466796875;0
3406.752;339.994567871094;0
3407.82;375.167419433594;0
3408.888;373.003448486328;0
3409.955;372.292938232422;0
3411.021;349.660766601563;0
3412.085;319.236267089844;0
3413.151;297.355682373047;0
3414.215;278.443298339844;0
3415.279;282.836730957031;0
3416.343;288.965911865234;0
3417.406;293.077728271484;0
3418.468;281.488983154297;0
3419.53;229.684753417969;0
3420.592;237.917068481445;0
3421.652;248.254348754883;0
3422.712;282.358337402344;0
3423.773;255.685852050781;0
3424.83;259.147308349609;0
3425.889;277.086181640625;0
3426.946;285.966979980469;0
3428.005;290.465423583984;0
3429.061;283.421447753906;0
3430.117;291.581115722656;0
3431.172;268.749114990234;0
3432.227;259.4345703125;0
3433.281;261.908538818359;0
3434.335;263.851654052734;0
3435.389;260.593688964844;0
3436.44;210.553451538086;0
3437.492;243.754760742188;0
3438.546;219.901031494141;0
3439.598;226.004730224609;0
3440.646;195.506378173828;0
3441.697;210.254379272461;0
3442.745;243.532135009766;0
3443.793;246.048522949219;0
3444.842;269.552062988281;0
3445.891;270.027191162109;0
3446.937;241.238098144531;0
3447.984;256.749847412109;0
3449.031;224.99755859375;0
3450.075;274.805114746094;0
3451.12;280.161865234375;0
3452.164;313.343048095703;0
3453.207;279.927124023438;0
3454.251;257.800231933594;0
3455.293;278.438385009766;0
3456.336;322.917297363281;0
3457.378;303.440887451172;0
3458.417;289.348846435547;0
3459.458;248.038528442383;0
3460.498;266.204223632813;0
3461.539;253.557342529297;0
3462.577;272.159271240234;0
3463.614;270.663146972656;0
3464.651;257.117248535156;0
3465.689;265.606781005859;0
3466.726;266.726837158203;0
3467.763;264.4716796875;0
3468.798;235.084259033203;0
3469.831;204.088119506836;0
3470.866;210.2890625;0
3471.9;207.033401489258;0
3472.933;240.950531005859;0
3473.966;237.015762329102;0
3474.999;289.247497558594;0
3476.029;275.835784912109;0
3477.061;341.51953125;0
3478.09;280.770629882813;0
3479.121;287.508850097656;0
3480.15;228.640335083008;0
3481.178;250.373718261719;0
3482.205;250.312210083008;0
3483.234;274.670959472656;0
3484.26;274.850769042969;0
3485.288;254.610107421875;0
3486.313;228.09831237793;0
3487.337;230.178482055664;0
3488.364;230.453399658203;0
3489.387;248.580413818359;0
3490.411;219.893203735352;0
3491.434;250.724761962891;0
3492.456;211.611236572266;0
3493.479;166.764251708984;0
3494.5;103.151847839355;0
3495.521;61.3547554016113;0
3496.543;64.8932876586914;0
3497.561;39.1100158691406;0
3498.579;46.5515098571777;0
3499.6;42.1193580627441;0
3500.618;-18.2848129272461;0
3501.636;-14.8655405044556;0
3502.653;-27.07497215271;0
3503.669;11.3073892593384;0
3504.685;-14.5689458847046;0
3505.699;5.88370037078857;0
3506.716;23.9612236022949;0
3507.729;26.1486110687256;0
3508.743;-53.9131927490234;0
3509.755;-47.1736106872559;0
