98.64605;0;0
101.2353;0;0
103.8217;0;0
106.4096;10.4074077606201;0
108.9945;-13.4888887405396;0
111.5767;35.4920616149902;0
114.1602;13.4567899703979;0
116.7409;-11.8282823562622;0
119.3209;-52.6923065185547;0
121.9002;-26.9333324432373;0
124.4788;46.2091522216797;0
127.0566;60.4970741271973;0
129.6317;52.3121681213379;0
132.2038;3.24154591560364;0
134.7796;17.9757080078125;0
137.3503;-5.09555196762085;0
139.9204;-2.6602635383606;0
142.4919;44.0669212341309;0
145.0584;45.2211151123047;0
147.6242;86.9259414672852;0
150.1914;119.488502502441;0
152.7579;176.694213867188;0
155.3216;204.974716186523;0
157.8846;193.417755126953;0
160.4448;207.473266601563;0
163.0085;194.037048339844;0
165.5672;178.81330871582;0
168.1232;170.341339111328;0
170.6826;178.36865234375;0
173.2372;209.561630249023;0
175.7931;264.725128173828;0
178.3463;296.358367919922;0
180.8966;327.840789794922;0
183.4504;332.042022705078;0
185.9993;381.376617431641;0
188.5476;365.188415527344;0
191.0972;395.531463623047;0
193.644;381.168365478516;0
196.1859;403.324340820313;0
198.7335;358.774871826172;0
201.2761;329.608062744141;0
203.8201;318.809143066406;0
206.3593;346.929718017578;0
208.8998;367.480926513672;0
211.4397;334.891998291016;0
213.9746;313.397003173828;0
216.5109;340.103881835938;0
219.0487;387.135772705078;0
221.5816;386.577301025391;0
224.1158;390.977081298828;0
226.6473;417.072296142578;0
229.176;467.238983154297;0
231.7082;454.657348632813;0
234.2355;478.254638671875;0
236.7643;514.873657226563;0
239.2902;559.30615234375;0
241.8133;495.012542724609;0
244.3379;433.677978515625;0
246.8618;419.861083984375;0
249.3828;450.507904052734;0
251.9053;485.210235595703;0
254.423;481.847412109375;0
256.942;481.906921386719;0
259.4603;438.223205566406;0
261.9759;415.729675292969;0
264.4887;450.095794677734;0
267.005;493.473022460938;0
269.5164;514.994262695313;0
272.0292;491.219055175781;0
274.5393;475.316101074219;0
277.0466;495.575256347656;0
279.5574;506.696105957031;0
282.0654;514.14794921875;0
284.5686;522.927429199219;0
287.0752;523.749328613281;0
289.5791;538.464233398438;0
292.0803;525.654052734375;0
294.5828;487.962951660156;0
297.0826;483.998413085938;0
299.5838;453.700744628906;0
302.0801;440.906860351563;0
304.5758;422.963989257813;0
307.0749;403.047576904297;0
309.5672;441.825714111328;0
312.0608;440.999755859375;0
314.5558;445.178100585938;0
317.044;412.030792236328;0
319.5377;381.447296142578;0
322.0266;418.086456298828;0
324.5127;476.723236083984;0
327.0023;539.779602050781;0
329.4871;502.994934082031;0
331.9691;498.823638916016;0
334.4547;489.654083251953;0
336.9353;496.004638671875;0
339.4174;505.576782226563;0
341.901;510.568176269531;0
344.3776;543.627319335938;0
346.8577;567.165649414063;0
349.333;592.166931152344;0
351.8076;609.410400390625;0
354.2857;586.80224609375;0
356.7569;569.237365722656;0
359.2296;556.446105957031;0
361.7015;564.9619140625;0
364.1729;586.280151367188;0
366.6414;579.795288085938;0
369.1093;538.989562988281;0
371.5745;492.564605712891;0
374.0432;497.307830810547;0
376.507;512.524353027344;0
378.9702;479.527893066406;0
381.4348;458.959106445313;0
383.8947;469.764984130859;0
386.3538;470.435089111328;0
388.8144;510.189758300781;0
391.2722;529.336791992188;0
393.7314;558.48681640625;0
396.1859;508.795196533203;0
398.6418;478.774261474609;0
401.0949;516.122009277344;0
403.5475;546.238098144531;0
405.9972;583.486206054688;0
408.4505;563.764587402344;0
410.899;606.134216308594;0
413.3468;612.07763671875;0
415.796;647.450927734375;0
418.2405;629.171142578125;0
420.6884;575.137329101563;0
423.1295;559.333679199219;0
425.572;557.451110839844;0
428.0159;557.723815917969;0
430.455;535.341857910156;0
432.8956;535.267272949219;0
435.3335;535.718933105469;0
437.7707;524.781799316406;0
440.2093;485.129089355469;0
442.6432;474.835174560547;0
445.0764;500.903900146484;0
447.511;463.388031005859;0
449.9429;464.041656494141;0
452.3721;458.364929199219;0
454.8048;495.800354003906;0
457.2328;496.355590820313;0
459.66;497.089660644531;0
462.0847;495.798126220703;0
464.5127;510.126678466797;0
466.9381;528.717529296875;0
469.3587;567.7841796875;0
471.7807;589.583129882813;0
474.2042;579.049438476563;0
476.6229;518.179077148438;0
479.041;473.479675292969;0
481.4604;456.974182128906;0
483.8752;493.253845214844;0
486.2934;502.402221679688;0
488.7068;491.941314697266;0
491.1197;487.959411621094;0
493.5339;493.957733154297;0
495.9435;490.315765380859;0
498.3544;464.344268798828;0
500.7667;494.451263427734;0
503.1723;515.265686035156;0
505.5793;513.915283203125;0
507.9856;478.124572753906;0
510.3913;458.563110351563;0
512.7944;454.897033691406;0
515.1968;458.458587646484;0
517.5986;410.646240234375;0
519.9997;401.570281982422;0
522.3982;368.608184814453;0
524.798;382.424682617188;0
527.1973;339.574890136719;0
529.5919;364.534027099609;0
531.9899;383.797882080078;0
534.3832;421.456481933594;0
536.7758;413.399108886719;0
539.1699;407.164520263672;0
541.5593;454.401062011719;0
543.9481;431.105773925781;0
546.3382;438.442077636719;0
548.7257;391.445709228516;0
551.1146;432.340698242188;0
553.4968;436.950592041016;0
555.8824;460.772277832031;0
558.2675;450.265502929688;0
560.6478;446.666168212891;0
563.0295;464.420288085938;0
565.4106;462.639953613281;0
567.7911;448.886993408203;0
570.169;399.228668212891;0
572.5462;390.150970458984;0
574.9229;390.294128417969;0
577.2968;379.683868408203;0
579.6721;385.542419433594;0
582.0449;345.313079833984;0
584.417;301.1474609375;0
586.7885;263.277069091797;0
589.1553;276.87646484375;0
591.5255;301.213012695313;0
593.8931;297.474212646484;0
596.2601;300.967163085938;0
598.6265;321.569122314453;0
600.9902;366.407775878906;0
603.3554;395.928131103516;0
605.7179;459.437805175781;0
608.0778;420.60009765625;0
610.4391;420.50634765625;0
612.7977;382.213317871094;0
615.1558;386.802001953125;0
617.5132;392.165893554688;0
619.8701;378.329406738281;0
622.2263;417.409118652344;0
624.5779;457.499755859375;0
626.9308;452.754699707031;0
629.2852;454.946685791016;0
631.6349;452.613037109375;0
633.9841;490.370574951172;0
636.3326;501.617492675781;0
638.6805;499.136322021484;0
641.0279;504.01416015625;0
643.3746;497.314575195313;0
645.7187;539.949157714844;0
648.0621;530.937438964844;0
650.405;570.063415527344;0
652.7453;563.881958007813;0
655.087;603.505187988281;0
657.426;613.708923339844;0
659.7645;585.162414550781;0
662.1024;544.976318359375;0
664.4376;483.708557128906;0
666.7742;448.581939697266;0
669.1063;411.038177490234;0
671.4398;423.231048583984;0
673.7726;427.782012939453;0
676.1048;436.525634765625;0
678.4324;408.032073974609;0
680.7635;362.009338378906;0
683.0919;343.578277587891;0
685.4158;356.534515380859;0
687.743;402.814056396484;0
690.0696;412.182678222656;0
692.3937;395.617309570313;0
694.7151;377.865692138672;0
697.038;394.741821289063;0
699.3583;377.097839355469;0
701.6779;382.126312255859;0
703.995;382.862518310547;0
706.3155;418.321838378906;0
708.6294;412.034606933594;0
710.9467;417.000244140625;0
713.2594;419.216552734375;0
715.5735;394.904418945313;0
717.887;394.396423339844;0
720.1979;337.691711425781;0
722.5083;361.995391845703;0
724.818;342.32421875;0
727.1252;344.556457519531;0
729.4357;341.608612060547;0
731.7418;387.8603515625;0
734.0452;427.043640136719;0
736.35;449.638366699219;0
738.6522;417.519805908203;0
740.9539;418.672149658203;0
743.2569;404.478881835938;0
745.5554;392.421203613281;0
747.8553;380.942108154297;0
750.1545;332.374908447266;0
752.4513;326.193786621094;0
754.7474;279.392028808594;0
757.043;321.770141601563;0
759.336;309.832275390625;0
761.6304;286.253631591797;0
763.9222;273.428985595703;0
766.2114;254.416564941406;0
768.5041;297.761657714844;0
770.7922;247.22021484375;0
773.0777;249.481552124023;0
775.3647;259.035949707031;0
777.651;321.730682373047;0
779.9368;311.829620361328;0
782.22;320.199096679688;0
784.5026;269.817413330078;0
786.7847;304.317352294922;0
789.0662;298.264862060547;0
791.3451;360.850280761719;0
793.6254;376.029083251953;0
795.9012;432.201477050781;0
798.1784;441.170623779297;0
800.455;458.046722412109;0
802.7291;423.719451904297;0
805.0026;372.743560791016;0
807.2755;388.923858642578;0
809.5478;388.932891845703;0
811.8176;403.865081787109;0
814.0869;421.139892578125;0
816.3535;459.322387695313;0
818.6235;483.742828369141;0
820.8911;449.826538085938;0
823.156;448.082702636719;0
825.4204;446.536041259766;0
827.6823;470.443725585938;0
829.9474;442.138610839844;0
832.2082;504.251159667969;0
834.4683;476.92919921875;0
836.7279;468.978729248047;0
838.9869;445.91796875;0
841.2453;451.396423339844;0
843.5012;480.438262939453;0
845.7565;426.487915039063;0
848.0133;466.32470703125;0
850.2655;469.061065673828;0
852.5153;487.031066894531;0
854.7703;482.680023193359;0
857.0189;464.469512939453;0
859.2668;492.939208984375;0
861.5182;424.652008056641;0
863.7651;432.449340820313;0
866.0114;405.489685058594;0
868.2592;378.544830322266;0
870.5024;275.060699462891;0
872.7451;197.704971313477;0
874.9872;220.667053222656;0
877.2307;236.799713134766;0
879.4717;260.614501953125;0
881.7101;219.889221191406;0
883.95;229.804718017578;0
886.1854;210.068771362305;0
888.4202;245.040115356445;0
890.6604;258.092590332031;0
892.8941;275.717742919922;0
895.1253;283.359436035156;0
897.3599;278.351348876953;0
899.59;316.249084472656;0
901.8195;280.24658203125;0
904.0504;333.706420898438;0
906.2789;325.382690429688;0
908.5087;416.669494628906;0
910.7341;423.334564208984;0
912.9589;426.572998046875;0
915.1851;385.495880126953;0
917.4088;336.658813476563;0
919.63;297.644256591797;0
921.8526;251.997024536133;0
924.0727;278.414184570313;0
926.2922;314.272857666016;0
928.5112;312.283996582031;0
930.7277;254.75537109375;0
932.9476;229.464767456055;0
935.163;242.855224609375;0
937.3739;223.59228515625;0
939.5901;148.223037719727;0
941.8019;91.1663131713867;0
944.0151;121.081893920898;0
946.2258;161.018295288086;0
948.4341;164.630874633789;0
950.6456;154.25520324707;0
952.8527;107.338104248047;0
955.0593;80.3218078613281;0
957.2653;64.7622146606445;0
959.4689;96.6508560180664;0
961.6738;122.108200073242;0
963.8782;96.0231399536133;0
966.0782;65.3962707519531;0
968.2815;57.8947067260742;0
970.4803;72.1406173706055;0
972.6787;76.6611404418945;0
974.8784;114.173805236816;0
977.0757;145.616439819336;0
979.2704;161.673629760742;0
981.4667;182.965881347656;0
983.6603;204.048767089844;0
985.8535;227.128570556641;0
988.0461;209.003784179688;0
990.2363;189.785110473633;0
992.4297;228.53742980957;0
994.6169;261.5244140625;0
996.8035;288.863220214844;0
998.9933;301.219329833984;0
1001.179;312.701782226563;0
1003.364;300.864562988281;0
1005.55;294.294982910156;0
1007.732;334.916717529297;0
1009.916;362.328674316406;0
1012.096;401.641937255859;0
1014.275;432.231170654297;0
1016.459;483.944213867188;0
1018.636;462.311920166016;0
1020.813;440.691162109375;0
1022.991;428.857849121094;0
1025.165;409.590240478516;0
1027.34;386.332916259766;0
1029.515;372.530822753906;0
1031.687;388.29345703125;0
1033.859;361.954437255859;0
1036.03;381.847991943359;0
1038.199;365.308715820313;0
1040.369;310.00390625;0
1042.536;230.820449829102;0
1044.704;219.091644287109;0
1046.87;266.041229248047;0
1049.034;318.780822753906;0
1051.198;302.757781982422;0
1053.363;298.751495361328;0
1055.526;205.986129760742;0
1057.686;200.239501953125;0
1059.845;174.733917236328;0
1062.005;137.247177124023;0
1064.165;101.668167114258;0
1066.323;77.4421615600586;0
1068.477;94.2361755371094;0
1070.634;111.717758178711;0
1072.788;60.5776481628418;0
1074.942;92.4787368774414;0
1077.096;122.655502319336;0
1079.247;151.339630126953;0
1081.397;187.464126586914;0
1083.547;168.609558105469;0
1085.695;223.976623535156;0
1087.844;178.817657470703;0
1089.992;158.234512329102;0
1092.138;148.227172851563;0
1094.284;172.75927734375;0
1096.425;273.003631591797;0
1098.571;284.757232666016;0
1100.711;217.938262939453;0
1102.851;185.384735107422;0
1104.994;195.158798217773;0
1107.132;304.464782714844;0
1109.271;289.904388427734;0
1111.408;261.366516113281;0
1113.543;195.533737182617;0
1115.682;144.718673706055;0
1117.816;177.080902099609;0
1119.947;227.616333007813;0
1122.08;290.506652832031;0
1124.213;310.856414794922;0
1126.343;327.554443359375;0
1128.474;372.822998046875;0
1130.602;295.440948486328;0
1132.728;256.631286621094;0
1134.856;141.727325439453;0
1136.982;212.282760620117;0
1139.109;227.63298034668;0
1141.234;276.000213623047;0
1143.356;214.830184936523;0
1145.479;208.233306884766;0
1147.599;191.542877197266;0
1149.719;167.536682128906;0
1151.839;147.991714477539;0
1153.957;149.746292114258;0
1156.076;167.550720214844;0
1158.191;179.012283325195;0
1160.305;185.285018920898;0
1162.423;238.706466674805;0
1164.536;225.805999755859;0
1166.647;207.583648681641;0
1168.761;164.483825683594;0
1170.871;148.418228149414;0
1172.983;172.829727172852;0
1175.092;215.311798095703;0
1177.2;261.141967773438;0
1179.306;217.420684814453;0
1181.413;227.673431396484;0
1183.518;222.149169921875;0
1185.623;238.847900390625;0
1187.725;203.547409057617;0
1189.826;207.581024169922;0
1191.929;200.503372192383;0
1194.032;204.314102172852;0
1196.13;200.568008422852;0
1198.23;216.486785888672;0
1200.327;170.161743164063;0
1202.423;193.895172119141;0
1204.52;238.60888671875;0
1206.613;295.763366699219;0
1208.71;317.138275146484;0
1210.801;303.533508300781;0
1212.892;306.371917724609;0
1214.987;229.65348815918;0
1217.075;213.93376159668;0
1219.166;231.285232543945;0
1221.256;253.484588623047;0
1223.342;277.350402832031;0
1225.43;225.106994628906;0
1227.515;232.422485351563;0
1229.597;259.853393554688;0
1231.685;284.400756835938;0
1233.767;311.399017333984;0
1235.85;259.515930175781;0
1237.931;231.864303588867;0
1240.009;205.556350708008;0
1242.09;239.989685058594;0
1244.168;271.436462402344;0
1246.245;293.452270507813;0
1248.321;229.037063598633;0
1250.397;217.635314941406;0
1252.472;208.358139038086;0
1254.547;223.537750244141;0
1256.618;229.062301635742;0
1258.69;191.042892456055;0
1260.761;218.925827026367;0
1262.83;249.486862182617;0
1264.901;266.17041015625;0
1266.969;254.419616699219;0
1269.035;229.12336730957;0
1271.102;203.80078125;0
1273.167;144.642105102539;0
1275.233;165.839385986328;0
1277.295;161.652709960938;0
1279.359;167.664215087891;0
1281.42;132.377716064453;0
1283.482;115.861030578613;0
1285.542;121.109329223633;0
1287.6;136.591644287109;0
1289.659;164.419097900391;0
1291.714;236.369445800781;0
1293.774;224.864395141602;0
1295.828;231.45947265625;0
1297.881;249.11669921875;0
1299.936;264.667053222656;0
1301.987;324.453704833984;0
1304.041;297.727386474609;0
1306.09;336.794677734375;0
1308.139;339.766662597656;0
1310.19;331.087860107422;0
1312.238;295.091552734375;0
1314.286;237.777725219727;0
1316.331;224.146423339844;0
1318.376;253.419738769531;0
1320.422;271.154602050781;0
1322.466;275.018920898438;0
1324.508;284.699493408203;0
1326.549;242.487365722656;0
1328.59;263.765808105469;0
1330.632;238.620544433594;0
1332.67;326.495574951172;0
1334.707;315.168609619141;0
1336.746;278.861907958984;0
1338.78;236.798812866211;0
1340.816;197.943405151367;0
1342.852;169.679122924805;0
1344.885;139.658172607422;0
1346.916;182.100723266602;0
1348.948;244.227493286133;0
1350.979;244.815292358398;0
1353.011;186.196487426758;0
1355.04;192.258773803711;0
1357.066;230.778869628906;0
1359.094;241.421783447266;0
1361.121;188.298690795898;0
1363.145;127.851936340332;0
1365.171;146.747192382813;0
1367.192;159.873352050781;0
1369.216;167.674865722656;0
1371.239;152.262832641602;0
1373.258;127.74836730957;0
1375.28;139.020355224609;0
1377.298;73.8565902709961;0
1379.316;101.814056396484;0
1381.335;80.1149673461914;0
1383.35;144.092666625977;0
1385.366;90.3027114868164;0
1387.38;77.856201171875;0
1389.394;43.1975975036621;0
1391.409;24.6968193054199;0
1393.42;9.60832500457764;0
1395.43;15.2421226501465;0
1397.44;86.7664566040039;0
1399.451;103.746871948242;0
1401.458;113.18376159668;0
1403.466;90.189079284668;0
1405.472;98.3183975219727;0
1407.478;98.0161437988281;0
1409.483;126.060111999512;0
1411.486;115.672882080078;0
1413.49;91.5215225219727;0
1415.492;33.9400405883789;0
1417.492;94.5155258178711;0
1419.495;126.598243713379;0
1421.494;176.008483886719;0
1423.492;179.433609008789;0
1425.49;258.762512207031;0
1427.487;266.884094238281;0
1429.482;269.464996337891;0
1431.477;255.283020019531;0
1433.471;253.671493530273;0
1435.466;219.297088623047;0
1437.456;230.048675537109;0
1439.447;202.369369506836;0
1441.441;222.481140136719;0
1443.427;191.384506225586;0
1445.417;219.189682006836;0
1447.406;198.229949951172;0
1449.392;226.060821533203;0
1451.381;221.237823486328;0
1453.365;205.427612304688;0
1455.348;204.074661254883;0
1457.333;183.867919921875;0
1459.314;208.783981323242;0
1461.296;196.278625488281;0
1463.276;224.490249633789;0
1465.256;224.316223144531;0
1467.237;280.820587158203;0
1469.215;251.053207397461;0
1471.19;276.862518310547;0
1473.167;207.508407592773;0
1475.145;244.213088989258;0
1477.118;216.822143554688;0
1479.092;207.108352661133;0
1481.065;176.627258300781;0
1483.038;155.601119995117;0
1485.008;186.696578979492;0
1486.979;207.913635253906;0
1488.949;220.696746826172;0
1490.917;164.0458984375;0
1492.883;123.183319091797;0
1494.852;137.886779785156;0
1496.817;184.154861450195;0
1498.782;191.431991577148;0
1500.748;171.16291809082;0
1502.708;160.127044677734;0
1504.673;177.840591430664;0
1506.634;219.786758422852;0
1508.594;225.298049926758;0
1510.554;238.191024780273;0
1512.512;188.36848449707;0
1514.471;147.008239746094;0
1516.428;139.655838012695;0
1518.384;199.310882568359;0
1520.34;206.528106689453;0
1522.294;174.529708862305;0
1524.249;110.871253967285;0
1526.202;108.441635131836;0
1528.153;139.130111694336;0
1530.103;138.047439575195;0
1532.054;179.526245117188;0
1534.004;165.535003662109;0
1535.951;199.723449707031;0
1537.899;145.160202026367;0
1539.847;172.491195678711;0
1541.793;174.827560424805;0
1543.738;241.613723754883;0
1545.681;230.961166381836;0
1547.625;193.092956542969;0
1549.566;185.898010253906;0
1551.509;202.376312255859;0
1553.45;197.972320556641;0
1555.389;164.352691650391;0
1557.33;183.4052734375;0
1559.266;174.906066894531;0
1561.204;189.077163696289;0
1563.141;137.918548583984;0
1565.074;178.208038330078;0
1567.009;152.278945922852;0
1568.943;163.575714111328;0
1570.877;138.765014648438;0
1572.808;152.045669555664;0
1574.741;127.551330566406;0
1576.67;124.492919921875;0
1578.6;120.39868927002;0
1580.528;135.926834106445;0
1582.455;117.346641540527;0
1584.382;91.3860015869141;0
1586.307;47.6409492492676;0
1588.234;16.6293773651123;0
1590.157;3.57351112365723;0
1592.081;39.5166625976563;0
1594.002;125.68482208252;0
1595.927;160.855758666992;0
1597.845;141.251708984375;0
1599.767;105.761558532715;0
1601.685;90.0519638061523;0
1603.602;152.011825561523;0
1605.523;152.196685791016;0
1607.438;193.606552124023;0
1609.354;176.130325317383;0
1611.269;172.767990112305;0
1613.181;93.6306533813477;0
1615.096;36.1624794006348;0
1617.008;0.806268930435181;0
1618.92;2.19989490509033;0
1620.83;6.75631141662598;0
1622.74;-2.57406401634216;0
1624.649;25.5033149719238;0
1626.557;55.0289878845215;0
1628.464;165.335662841797;0
1630.37;217.312210083008;0
1632.275;255.514205932617;0
1634.18;229.71940612793;0
1636.085;241.4833984375;0
1637.988;272.250579833984;0
1639.888;314.465454101563;0
1641.791;315.904968261719;0
1643.691;290.791412353516;0
1645.588;258.349182128906;0
1647.489;218.468460083008;0
1649.387;209.149780273438;0
1651.284;242.393630981445;0
1653.18;316.644470214844;0
1655.075;319.235595703125;0
1656.972;317.278167724609;0
1658.864;281.771820068359;0
1660.754;306.826751708984;0
1662.65;320.887481689453;0
1664.539;329.398376464844;0
1666.428;328.581726074219;0
1668.32;304.770782470703;0
1670.207;272.076751708984;0
1672.096;297.166229248047;0
1673.982;339.928131103516;0
1675.867;381.473571777344;0
1677.754;325.802520751953;0
1679.638;275.359466552734;0
1681.52;249.477737426758;0
1683.403;278.157196044922;0
1685.285;263.731231689453;0
1687.166;284.97705078125;0
1689.048;240.894485473633;0
1690.924;248.372253417969;0
1692.804;221.077011108398;0
1694.682;202.897430419922;0
1696.558;182.276962280273;0
1698.435;191.880630493164;0
1700.308;242.040634155273;0
1702.184;179.756454467773;0
1704.057;151.472564697266;0
1705.929;130.522277832031;0
1707.801;138.350036621094;0
1709.674;114.178077697754;0
1711.542;78.0063934326172;0
1713.412;122.946090698242;0
1715.28;159.663848876953;0
1717.145;159.159652709961;0
1719.015;164.766845703125;0
1720.88;124.818756103516;0
1722.746;190.05078125;0
1724.61;108.108894348145;0
1726.471;57.2162475585938;0
1728.334;-50.5653266906738;0
1730.197;18.832311630249;0
1732.057;73.0685653686523;0
1733.919;115.750480651855;0
1735.777;101.692337036133;0
1737.634;134.745300292969;0
1739.493;137.242706298828;0
1741.349;181.628982543945;0
1743.205;196.015441894531;0
1745.061;190.84895324707;0
1746.915;164.462875366211;0
1748.77;117.48055267334;0
1750.621;109.38973236084;0
1752.473;113.301544189453;0
1754.323;126.882637023926;0
1756.173;137.352996826172;0
1758.022;177.711380004883;0
1759.87;207.512802124023;0
1761.718;250.867874145508;0
1763.566;256.332153320313;0
1765.411;182.431045532227;0
1767.256;122.844116210938;0
1769.101;49.2585906982422;0
1770.945;86.2310028076172;0
1772.787;130.205795288086;0
1774.629;177.071853637695;0
1776.469;132.273620605469;0
1778.309;79.033332824707;0
1780.15;90.1287536621094;0
1781.987;146.671005249023;0
1783.826;167.215637207031;0
1785.662;141.65153503418;0
1787.498;154.312026977539;0
1789.334;183.752685546875;0
1791.169;177.640167236328;0
1793.002;136.974578857422;0
1794.834;142.089233398438;0
1796.667;158.318008422852;0
1798.498;173.994384765625;0
1800.328;168.563034057617;0
1802.157;132.468383789063;0
1803.986;144.821762084961;0
1805.813;140.957504272461;0
1807.639;136.988327026367;0
1809.467;137.35986328125;0
1811.292;154.40592956543;0
1813.117;200.126525878906;0
1814.94;174.299407958984;0
1816.763;112.480171203613;0
1818.585;121.446563720703;0
1820.407;162.531921386719;0
1822.227;210.958480834961;0
1824.048;195.837341308594;0
1825.865;204.9462890625;0
1827.683;186.174209594727;0
1829.501;93.7433166503906;0
1831.317;50.4737739562988;0
1833.135;46.0529518127441;0
1834.948;112.146583557129;0
1836.761;114.248199462891;0
1838.577;87.2464752197266;0
1840.388;85.8080673217773;0
1842.198;35.265064239502;0
1844.009;84.0251922607422;0
1845.819;78.5696029663086;0
1847.629;105.231643676758;0
1849.436;99.7890853881836;0
1851.244;63.2417678833008;0
1853.052;77.4761123657227;0
1854.858;22.7143421173096;0
1856.661;49.5553321838379;0
1858.466;60.0668754577637;0
1860.269;93.1378631591797;0
1862.073;122.434959411621;0
1863.875;100.291496276855;0
1865.673;73.2658615112305;0
1867.476;51.4663352966309;0
1869.275;33.3373603820801;0
1871.072;23.3233890533447;0
1872.872;0.343434482812881;0
1874.667;18.9401760101318;0
1876.464;70.9819412231445;0
1878.26;96.9105377197266;0
1880.053;132.503204345703;0
1881.849;140.759963989258;0
1883.64;164.90299987793;0
1885.431;174.821243286133;0
1887.226;163.070220947266;0
1889.014;145.094635009766;0
1890.803;82.8945083618164;0
1892.594;91.1364898681641;0
1894.38;72.0428009033203;0
1896.167;70.5023422241211;0
1897.955;59.403995513916;0
1899.74;27.1939926147461;0
1901.526;65.8746032714844;0
1903.309;75.8908462524414;0
1905.091;150.131607055664;0
1906.876;160.707992553711;0
1908.658;177.508911132813;0
1910.438;136.535446166992;0
1912.217;105.898994445801;0
1913.996;96.9328842163086;0
1915.775;71.3037796020508;0
1917.553;76.0116958618164;0
1919.33;33.7232780456543;0
1921.106;55.1052093505859;0
1922.881;50.4908142089844;0
1924.655;64.8800964355469;0
1926.431;68.0508346557617;0
1928.202;51.7808074951172;0
1929.974;70.1811218261719;0
1931.746;79.3628921508789;0
1933.516;110.10498046875;0
1935.286;99.7404327392578;0
1937.055;161.823150634766;0
1938.823;214.352951049805;0
1940.592;193.55207824707;0
1942.356;112.088050842285;0
1944.122;115.849914550781;0
1945.888;137.507141113281;0
1947.651;176.059097290039;0
1949.416;141.061340332031;0
1951.178;173.402755737305;0
1952.939;184.789566040039;0
1954.699;136.976928710938;0
1956.459;113.392364501953;0
1958.219;60.480297088623;0
1959.979;121.239974975586;0
1961.735;81.4491653442383;0
1963.491;112.330093383789;0
1965.249;62.7716522216797;0
1967.003;93.1071701049805;0
1968.761;49.114429473877;0
1970.512;95.6794891357422;0
1972.265;109.249946594238;0
1974.018;152.827377319336;0
1975.769;102.006317138672;0
1977.522;143.370635986328;0
1979.271;143.192459106445;0
1981.018;177.688568115234;0
1982.766;148.860763549805;0
1984.516;148.154006958008;0
1986.261;183.235443115234;0
1988.009;205.439041137695;0
1989.754;251.099426269531;0
1991.498;244.883255004883;0
1993.241;208.901397705078;0
1994.984;184.709396362305;0
1996.727;181.307235717773;0
1998.468;191.584045410156;0
2000.206;185.984298706055;0
2001.946;142.841339111328;0
2003.686;174.93115234375;0
2005.424;164.140350341797;0
2007.161;161.025024414063;0
2008.898;125.029594421387;0
2010.634;148.37629699707;0
2012.369;148.287353515625;0
2014.103;167.206100463867;0
2015.836;170.021148681641;0
2017.57;263.5107421875;0
2019.299;260.45458984375;0
2021.032;271.852661132813;0
2022.762;207.371627807617;0
2024.491;213.568374633789;0
2026.221;197.332092285156;0
2027.947;231.77392578125;0
2029.676;241.004959106445;0
2031.403;217.359954833984;0
2033.128;194.728408813477;0
2034.852;198.332565307617;0
2036.577;189.3935546875;0
2038.299;197.689437866211;0
2040.022;232.332962036133;0
2041.744;228.768814086914;0
2043.465;220.219161987305;0
2045.184;142.684127807617;0
2046.903;167.830444335938;0
2048.621;159.211868286133;0
2050.339;203.273498535156;0
2052.057;195.237548828125;0
2053.774;153.326232910156;0
2055.488;88.8333587646484;0
2057.203;92.8926773071289;0
2058.917;139.522857666016;0
2060.631;136.279571533203;0
2062.344;127.608489990234;0
2064.053;176.287399291992;0
2065.765;236.649627685547;0
2067.476;235.363159179688;0
2069.185;189.428802490234;0
2070.892;196.068862915039;0
2072.6;215.283309936523;0
2074.308;184.405181884766;0
2076.014;102.432884216309;0
2077.72;31.5496654510498;0
2079.425;6.61747932434082;0
2081.13;53.5336875915527;0
2082.833;126.566040039063;0
2084.532;181.283447265625;0
2086.236;243.241714477539;0
2087.936;238.218185424805;0
2089.635;232.768280029297;0
2091.335;150.395446777344;0
2093.034;103.484413146973;0
2094.731;83.3685150146484;0
2096.427;113.492202758789;0
2098.124;171.85546875;0
2099.82;251.680328369141;0
2101.515;267.605133056641;0
2103.207;273.632171630859;0
2104.902;283.366058349609;0
2106.594;308.006805419922;0
2108.286;251.553527832031;0
2109.976;210.006607055664;0
2111.667;208.845367431641;0
2113.355;232.988098144531;0
2115.044;288.259429931641;0
2116.732;226.437118530273;0
2118.42;243.743438720703;0
2120.105;172.733306884766;0
2121.79;235.073379516602;0
2123.476;306.430328369141;0
2125.16;347.469482421875;0
2126.844;362.634979248047;0
2128.524;341.149017333984;0
2130.207;371.011627197266;0
2131.888;344.776947021484;0
2133.567;347.586669921875;0
2135.247;353.409606933594;0
2136.927;381.913269042969;0
2138.603;333.208740234375;0
2140.281;296.307556152344;0
2141.957;298.797058105469;0
2143.633;281.616943359375;0
2145.308;265.998565673828;0
2146.981;305.060516357422;0
2148.654;380.468475341797;0
2150.328;403.333557128906;0
2152;358.877960205078;0
2153.669;350.990447998047;0
2155.34;362.335174560547;0
2157.01;398.68994140625;0
2158.677;361.719665527344;0
2160.347;387.757629394531;0
2162.013;284.470245361328;0
2163.681;301.747314453125;0
2165.347;254.478713989258;0
2167.011;320.663116455078;0
2168.674;308.635040283203;0
2170.337;320.804260253906;0
2172.002;307.905609130859;0
2173.662;343.294097900391;0
2175.324;382.914459228516;0
2176.985;369.541839599609;0
2178.645;348.114501953125;0
2180.304;268.21533203125;0
2181.961;275.777893066406;0
2183.618;302.009002685547;0
2185.275;301.508270263672;0
2186.932;302.08544921875;0
2188.586;292.666412353516;0
2190.242;307.858276367188;0
2191.896;361.054107666016;0
2193.547;370.364959716797;0
2195.2;415.83984375;0
2196.851;341.332855224609;0
2198.502;282.945007324219;0
2200.153;226.704513549805;0
2201.799;213.053619384766;0
2203.447;253.196533203125;0
2205.097;274.346588134766;0
2206.742;258.614715576172;0
2208.391;206.444961547852;0
2210.035;190.58056640625;0
2211.679;259.214294433594;0
2213.324;303.077270507813;0
2214.966;357.387939453125;0
2216.608;361.927337646484;0
2218.252;349.249755859375;0
2219.89;286.440887451172;0
2221.531;285.713562011719;0
2223.172;346.658142089844;0
2224.809;385.941314697266;0
2226.449;372.447845458984;0
2228.086;279.220550537109;0
2229.72;253.892868041992;0
2231.358;267.545257568359;0
2232.992;308.097869873047;0
2234.625;312.883148193359;0
2236.26;279.682647705078;0
2237.893;268.481109619141;0
2239.524;225.098403930664;0
2241.156;206.189224243164;0
2242.785;222.870147705078;0
2244.416;278.563293457031;0
2246.044;257.380065917969;0
2247.672;265.876281738281;0
2249.301;270.163055419922;0
2250.926;351.477844238281;0
2252.554;391.318420410156;0
2254.177;402.8671875;0
2255.803;407.430786132813;0
2257.427;382.011413574219;0
2259.051;404.164337158203;0
2260.671;353.861358642578;0
2262.294;340.208862304688;0
2263.914;312.699127197266;0
2265.533;302.313446044922;0
2267.153;266.865814208984;0
2268.773;228.510513305664;0
2270.392;240.78173828125;0
2272.006;256.611907958984;0
2273.624;244.238174438477;0
2275.239;248.628814697266;0
2276.854;263.523864746094;0
2278.468;250.949920654297;0
2280.084;240.400207519531;0
2281.695;212.959518432617;0
2283.305;255.578430175781;0
2284.919;318.903625488281;0
2286.527;336.805908203125;0
2288.14;316.951904296875;0
2289.748;244.341613769531;0
2291.354;250.48291015625;0
2292.964;274.743896484375;0
2294.569;299.887023925781;0
2296.174;276.831939697266;0
2297.782;251.124237060547;0
2299.386;288.54638671875;0
2300.99;302.860382080078;0
2302.594;325.744262695313;0
2304.195;316.308197021484;0
2305.798;334.107147216797;0
2307.399;283.918884277344;0
2308.998;239.638381958008;0
2310.598;250.445465087891;0
2312.197;255.379287719727;0
2313.795;226.106521606445;0
2315.392;224.430374145508;0
2316.988;264.471374511719;0
2318.585;279.750213623047;0
2320.18;207.489120483398;0
2321.774;197.247802734375;0
2323.368;234.095108032227;0
2324.961;246.952774047852;0
2326.553;253.578155517578;0
2328.145;227.213241577148;0
2329.735;231.797760009766;0
2331.324;244.548263549805;0
2332.916;225.196716308594;0
2334.503;240.669250488281;0
2336.092;211.926742553711;0
2337.677;226.620956420898;0
2339.263;257.433349609375;0
2340.85;268.252716064453;0
2342.434;279.4130859375;0
2344.018;245.914703369141;0
2345.602;205.976989746094;0
2347.185;209.759078979492;0
2348.768;203.634033203125;0
2350.347;228.135131835938;0
2351.928;242.070938110352;0
2353.51;188.352951049805;0
2355.087;172.668548583984;0
2356.665;146.936752319336;0
2358.243;216.01838684082;0
2359.819;239.643615722656;0
2361.396;214.717041015625;0
2362.972;194.903350830078;0
2364.547;148.424530029297;0
2366.121;174.736709594727;0
2367.694;133.049652099609;0
2369.267;142.899688720703;0
2370.839;113.794456481934;0
2372.411;171.511001586914;0
2373.982;133.668472290039;0
2375.55;172.551513671875;0
2377.118;133.815841674805;0
2378.687;211.948989868164;0
2380.254;264.746765136719;0
2381.821;314.209197998047;0
2383.387;302.003662109375;0
2384.954;205.412292480469;0
2386.516;188.15185546875;0
2388.082;181.471466064453;0
2389.644;195.896301269531;0
2391.209;192.101928710938;0
2392.769;187.71923828125;0
2394.33;211.128387451172;0
2395.892;233.945785522461;0
2397.449;244.323150634766;0
2399.008;220.07341003418;0
2400.568;210.828887939453;0
2402.125;183.692825317383;0
2403.68;243.490051269531;0
2405.238;285.511383056641;0
2406.792;336.422424316406;0
2408.349;320.111999511719;0
2409.902;275.358215332031;0
2411.455;270.518859863281;0
2413.007;267.451507568359;0
2414.558;254.518646240234;0
2416.11;252.402404785156;0
2417.66;235.17529296875;0
2419.21;250.857360839844;0
2420.758;245.651351928711;0
2422.307;208.728607177734;0
2423.855;232.967956542969;0
2425.402;226.828598022461;0
2426.947;285.977447509766;0
2428.492;252.525146484375;0
2430.038;295.804840087891;0
2431.58;307.927917480469;0
2433.124;334.163543701172;0
2434.667;300.511016845703;0
2436.208;282.414733886719;0
2437.75;322.370849609375;0
2439.291;337.915405273438;0
2440.83;301.300689697266;0
2442.369;285.733642578125;0
2443.906;267.292419433594;0
2445.444;297.953796386719;0
2446.981;228.390243530273;0
2448.517;230.820495605469;0
2450.053;228.007965087891;0
2451.587;253.498443603516;0
2453.12;250.608047485352;0
2454.655;282.449554443359;0
2456.187;299.799346923828;0
2457.718;322.370941162109;0
2459.25;343.960021972656;0
2460.781;329.613311767578;0
2462.31;330.488464355469;0
2463.84;305.047790527344;0
2465.368;289.607360839844;0
2466.896;279.07177734375;0
2468.423;294.039367675781;0
2469.949;332.672637939453;0
2471.474;306.861785888672;0
2472.998;234.229843139648;0
2474.522;208.709106445313;0
2476.045;251.016235351563;0
2477.568;277.656311035156;0
2479.09;252.738403320313;0
2480.612;248.039962768555;0
2482.132;251.618438720703;0
2483.653;294.984130859375;0
2485.171;254.721817016602;0
2486.689;282.164215087891;0
2488.208;266.271606445313;0
2489.725;307.134368896484;0
2491.242;305.219543457031;0
2492.757;325.868347167969;0
2494.271;320.180633544922;0
2495.785;356.267211914063;0
2497.3;367.906890869141;0
2498.812;377.544158935547;0
2500.325;316.734619140625;0
2501.837;233.900482177734;0
2503.345;199.441253662109;0
2504.856;165.991287231445;0
2506.366;204.281188964844;0
2507.875;246.904739379883;0
2509.382;254.750518798828;0
2510.889;234.706954956055;0
2512.397;184.011932373047;0
2513.901;151.979064941406;0
2515.406;113.709075927734;0
2516.911;87.2525253295898;0
2518.415;113.510353088379;0
2519.918;165.748748779297;0
2521.421;210.368118286133;0
2522.922;239.385116577148;0
2524.423;259.179656982422;0
2525.924;196.973693847656;0
2527.422;176.925521850586;0
2528.923;149.066864013672;0
2530.419;208.478485107422;0
2531.916;215.112670898438;0
2533.415;237.302261352539;0
2534.909;229.603424072266;0
2536.404;220.903854370117;0
2537.899;154.979187011719;0
2539.394;95.5744094848633;0
2540.887;64.1060943603516;0
2542.38;158.575439453125;0
2543.871;172.315795898438;0
2545.363;196.106307983398;0
2546.852;136.122344970703;0
2548.345;174.457336425781;0
2549.833;191.620254516602;0
2551.321;169.453857421875;0
2552.811;205.437850952148;0
2554.296;182.057357788086;0
2555.78;272.231872558594;0
2557.267;197.338256835938;0
2558.752;221.116943359375;0
2560.237;167.121841430664;0
2561.721;205.282836914063;0
2563.203;211.703643798828;0
2564.687;225.805419921875;0
2566.168;230.10954284668;0
2567.648;231.415283203125;0
2569.129;215.834030151367;0
2570.607;222.309692382813;0
2572.086;225.477203369141;0
2573.565;254.30078125;0
2575.041;294.5810546875;0
2576.518;234.641128540039;0
2577.994;216.080169677734;0
2579.469;183.507232666016;0
2580.945;245.132507324219;0
2582.418;250.04914855957;0
2583.892;239.70182800293;0
2585.365;226.646362304688;0
2586.835;239.374328613281;0
2588.307;237.940322875977;0
2589.778;221.754669189453;0
2591.248;212.97673034668;0
2592.717;254.626449584961;0
2594.186;272.449249267578;0
2595.652;270.335266113281;0
2597.121;252.887100219727;0
2598.585;251.549728393555;0
2600.052;209.388061523438;0
2601.518;198.416397094727;0
2602.982;194.457717895508;0
2604.446;208.683410644531;0
2605.907;204.859924316406;0
2607.371;172.831924438477;0
2608.83;181.643447875977;0
2610.293;206.452941894531;0
2611.752;251.21354675293;0
2613.213;252.197525024414;0
2614.672;220.068130493164;0
2616.13;265.492034912109;0
2617.587;282.358642578125;0
2619.043;334.839569091797;0
2620.501;314.876281738281;0
2621.957;330.135650634766;0
2623.409;262.286560058594;0
2624.864;245.251419067383;0
2626.318;258.335418701172;0
2627.771;291.418182373047;0
2629.222;291.831878662109;0
2630.673;283.132019042969;0
2632.124;293.623077392578;0
2633.575;319.000579833984;0
2635.023;340.930938720703;0
2636.473;338.080902099609;0
2637.922;299.782836914063;0
2639.368;259.762084960938;0
2640.816;256.773406982422;0
2642.261;247.123291015625;0
2643.705;299.434112548828;0
2645.151;285.248687744141;0
2646.596;313.787963867188;0
2648.037;249.102584838867;0
2649.48;216.045684814453;0
2650.923;212.973876953125;0
2652.364;222.032867431641;0
2653.804;240.078491210938;0
2655.243;250.455596923828;0
2656.683;226.830535888672;0
2658.121;231.280075073242;0
2659.559;211.477493286133;0
2660.997;274.772796630859;0
2662.433;219.509033203125;0
2663.868;202.07194519043;0
2665.305;154.196655273438;0
2666.737;184.350875854492;0
2668.173;193.101715087891;0
2669.606;188.783111572266;0
2671.038;203.463500976562;0
2672.47;204.226654052734;0
2673.901;180.48469543457;0
2675.331;205.521118164062;0
2676.761;154.334091186524;0
2678.189;168.017959594727;0
2679.619;156.080596923828;0
2681.045;221.188888549805;0
2682.473;212.711486816406;0
2683.9;181.075286865234;0
2685.324;152.911361694336;0
2686.749;179.569778442383;0
2688.176;154.827896118164;0
2689.599;190.241256713867;0
2691.021;152.80989074707;0
2692.444;163.088394165039;0
2693.865;116.521621704102;0
2695.287;165.332489013672;0
2696.707;197.855453491211;0
2698.125;256.818328857422;0
2699.545;234.780059814453;0
2700.963;229.29621887207;0
2702.381;205.69841003418;0
2703.798;229.718505859375;0
2705.214;231.181091308594;0
2706.629;244.641448974609;0
2708.046;187.775390625;0
2709.458;227.249923706055;0
2710.872;222.66960144043;0
2712.285;274.976013183594;0
2713.699;229.502532958984;0
2715.111;202.361328125;0
2716.52;212.916641235352;0
2717.93;241.141159057617;0
2719.342;251.356231689453;0
2720.749;240.55810546875;0
2722.159;259.651458740234;0
2723.565;259.704803466797;0
2724.971;231.32536315918;0
2726.38;157.465682983398;0
2727.785;139.889907836914;0
2729.19;149.536102294922;0
2730.594;203.183044433594;0
2731.997;246.11491394043;0
2733.401;213.774627685547;0
2734.803;216.940307617188;0
2736.204;181.945236206055;0
2737.606;288.245910644531;0
2739.005;292.83056640625;0
2740.405;324.810241699219;0
2741.806;322.296112060547;0
2743.202;353.399749755859;0
2744.602;336.454620361328;0
2745.998;287.794586181641;0
2747.395;266.864288330078;0
2748.79;254.776489257813;0
2750.185;289.181793212891;0
2751.58;273.652801513672;0
2752.975;271.077758789063;0
2754.366;216.387969970703;0
2755.759;226.323852539063;0
2757.151;215.259719848633;0
2758.542;240.723266601563;0
2759.933;275.941802978516;0
2761.322;300.572021484375;0
2762.71;265.156829833984;0
2764.1;178.362365722656;0
2765.486;179.662124633789;0
2766.875;222.184494018555;0
2768.26;244.995620727539;0
2769.646;236.651733398438;0
2771.031;252.597778320313;0
2772.418;323.389312744141;0
2773.799;349.359680175781;0
2775.184;289.890075683594;0
2776.565;260.757568359375;0
2777.946;303.527435302734;0
2779.328;354.989837646484;0
2780.708;359.851531982422;0
2782.09;289.557983398437;0
2783.469;281.887420654297;0
2784.847;288.729827880859;0
2786.226;322.738433837891;0
2787.603;318.036926269531;0
2788.978;273.514190673828;0
2790.355;234.714752197266;0
2791.731;209.473083496094;0
2793.104;251.684906005859;0
2794.479;282.964294433594;0
2795.853;304.200103759766;0
2797.225;308.835540771484;0
2798.596;286.916687011719;0
2799.967;244.57096862793;0
2801.341;197.126052856445;0
2802.71;209.428359985352;0
2804.077;208.300720214844;0
2805.447;201.02685546875;0
2806.815;150.96598815918;0
2808.183;170.730392456055;0
2809.551;137.043899536133;0
2810.915;105.456153869629;0
2812.282;68.0377655029297;0
2813.646;60.0007705688477;0
2815.011;89.5679168701172;0
2816.375;103.627777099609;0
2817.736;81.623420715332;0
2819.099;47.3326187133789;0
2820.462;52.977596282959;0
2821.821;88.7806625366211;0
2823.182;101.853050231934;0
2824.542;50.9720573425293;0
2825.901;69.5830993652344;0
2827.261;77.0316696166992;0
2828.617;99.7105712890625;0
2829.974;93.1048355102539;0
2831.33;118.077430725098;0
2832.686;130.541458129883;0
2834.043;161.05192565918;0
2835.395;195.050964355469;0
2836.75;222.636215209961;0
2838.104;236.218994140625;0
2839.456;193.131103515625;0
2840.807;169.508422851563;0
2842.16;106.266670227051;0
2843.509;76.7980346679688;0
2844.858;100.751838684082;0
2846.209;93.8571166992188;0
2847.556;120.558372497559;0
2848.906;93.0789108276367;0
2850.253;135.196487426758;0
2851.6;143.959075927734;0
2852.946;173.985305786133;0
2854.29;196.278060913086;0
2855.635;210.504730224609;0
2856.98;204.656814575195;0
2858.323;165.79362487793;0
2859.665;153.457168579102;0
2861.008;143.940704345703;0
2862.349;177.243240356445;0
2863.691;164.919326782227;0
2865.031;167.747131347656;0
2866.37;136.170883178711;0
2867.709;140.190490722656;0
2869.048;114.360473632813;0
2870.385;103.569984436035;0
2871.722;99.0402145385742;0
2873.059;134.660095214844;0
2874.394;163.465591430664;0
2875.73;170.657608032227;0
2877.064;188.704620361328;0
2878.398;182.854522705078;0
2879.731;204.978240966797;0
2881.063;189.42546081543;0
2882.395;194.798202514648;0
2883.727;197.925109863281;0
2885.059;219.231262207031;0
2886.387;214.639450073242;0
2887.717;212.04052734375;0
2889.046;186.599578857422;0
2890.374;165.655868530273;0
2891.699;198.142242431641;0
2893.028;225.119415283203;0
2894.354;209.312484741211;0
2895.679;176.499237060547;0
2897.004;138.236373901367;0
2898.328;215.759002685547;0
2899.653;243.164779663086;0
2900.976;290.909149169922;0
2902.297;286.664855957031;0
2903.619;247.270751953125;0
2904.941;227.322967529297;0
2906.26;213.411727905273;0
2907.58;228.151718139648;0
2908.898;205.457992553711;0
2910.217;213.574172973633;0
2911.536;240.793762207031;0
2912.852;255.338989257812;0
2914.171;213.545822143555;0
2915.485;240.130645751953;0
2916.799;236.783187866211;0
2918.116;272.947021484375;0
2919.428;229.995361328125;0
2920.743;230.357070922852;0
2922.056;219.424026489258;0
2923.367;229.621459960938;0
2924.679;257.889068603516;0
2925.99;268.004852294922;0
2927.299;270.634094238281;0
2928.609;253.776489257813;0
2929.918;290.161560058594;0
2931.226;243.614776611328;0
2932.535;232.688842773437;0
2933.841;209.488159179688;0
2935.149;222.577728271484;0
2936.455;251.331527709961;0
2937.758;253.543365478516;0
2939.064;277.095245361328;0
2940.368;314.273040771484;0
2941.67;300.188049316406;0
2942.973;333.173370361328;0
2944.277;312.601928710938;0
2945.577;303.807037353516;0
2946.878;296.605346679687;0
2948.178;308.135864257812;0
2949.477;323.14208984375;0
2950.776;284.260955810547;0
2952.073;238.387329101562;0
2953.372;202.674072265625;0
2954.669;220.367599487305;0
2955.965;247.394058227539;0
2957.261;265.086883544922;0
2958.556;310.447296142578;0
2959.849;307.997528076172;0
2961.145;300.21484375;0
2962.436;277.321655273438;0
2963.732;305.095672607422;0
2965.022;339.203308105469;0
2966.313;301.309967041016;0
2967.603;261.19287109375;0
2968.893;249.404693603516;0
2970.182;291.562896728516;0
2971.471;277.053924560547;0
2972.759;286.54443359375;0
2974.047;264.256896972656;0
2975.334;280.845123291016;0
2976.62;238.100280761719;0
2977.907;243.122497558594;0
2979.192;241.149627685547;0
2980.475;247.32112121582;0
2981.76;221.978057861328;0
2983.043;182.467330932617;0
2984.326;173.893371582031;0
2985.607;165.52116394043;0
2986.888;180.687133789063;0
2988.17;212.406631469727;0
2989.449;203.679931640625;0
2990.728;146.617813110352;0
2992.007;111.534980773926;0
2993.284;115.156021118164;0
2994.562;187.1484375;0
2995.84;169.138473510742;0
2997.115;150.013381958008;0
2998.393;85.1122589111328;0
2999.666;82.249397277832;0
3000.94;77.0155258178711;0
3002.215;110.706077575684;0
3003.486;93.9880065917969;0
3004.76;89.8613739013672;0
3006.033;81.3471755981445;0
3007.303;92.6556396484375;0
3008.573;133.221099853516;0
3009.844;162.11262512207;0
3011.114;151.663177490234;0
3012.383;108.762741088867;0
3013.649;69.7285842895508;0
3014.917;64.123161315918;0
3016.185;72.5494918823242;0
3017.451;80.1406860351563;0
3018.716;105.261367797852;0
3019.983;111.138244628906;0
3021.246;100.30485534668;0
3022.509;97.8344802856445;0
3023.774;99.4784240722656;0
3025.035;108.605819702148;0
3026.299;91.6904525756836;0
3027.56;63.1340675354004;0
3028.819;87.8035354614258;0
3030.081;122.761932373047;0
3031.339;120.342674255371;0
3032.598;101.434646606445;0
3033.856;79.0381393432617;0
3035.114;118.741714477539;0
3036.372;120.06908416748;0
3037.628;145.021011352539;0
3038.883;159.597991943359;0
3040.138;149.783920288086;0
3041.394;155.521591186523;0
3042.646;147.865356445313;0
3043.9;155.278335571289;0
3045.152;154.315933227539;0
3046.405;171.125183105469;0
3047.657;155.594970703125;0
3048.906;171.835891723633;0
3050.158;166.403472900391;0
3051.407;217.669830322266;0
3052.656;133.853103637695;0
3053.904;141.230514526367;0
3055.153;113.617958068848;0
3056.398;186.69108581543;0
3057.647;186.08740234375;0
3058.892;214.695236206055;0
3060.137;208.403793334961;0
3061.382;176.101959228516;0
3062.625;185.69580078125;0
3063.869;203.699752807617;0
3065.112;237.393157958984;0
3066.353;221.853240966797;0
3067.595;221.472961425781;0
3068.838;247.905258178711;0
3070.075;276.549468994141;0
3071.317;270.436401367188;0
3072.557;227.468688964844;0
3073.795;173.718856811523;0
3075.032;201.699127197266;0
3076.27;213.002716064453;0
3077.507;192.851821899414;0
3078.742;196.468734741211;0
3079.978;188.499130249023;0
3081.212;248.738357543945;0
3082.446;234.539276123047;0
3083.681;256.391174316406;0
3084.913;232.604415893555;0
3086.147;246.016082763672;0
3087.38;237.641662597656;0
3088.61;223.814193725586;0
3089.84;214.088897705078;0
3091.071;241.99934387207;0
3092.3;234.627792358398;0
3093.529;229.233245849609;0
3094.755;170.977676391602;0
3095.984;232.194107055664;0
3097.211;205.438003540039;0
3098.438;202.930877685547;0
3099.663;170.56120300293;0
3100.888;169.662536621094;0
3102.112;183.015335083008;0
3103.335;157.620025634766;0
3104.56;173.810348510742;0
3105.782;174.364135742188;0
3107.005;178.615249633789;0
3108.226;157.453216552734;0
3109.447;140.877090454102;0
3110.667;197.997177124023;0
3111.887;205.035247802734;0
3113.104;227.42854309082;0
3114.324;181.968948364258;0
3115.541;189.923858642578;0
3116.758;182.910797119141;0
3117.976;198.817840576172;0
3119.192;221.053039550781;0
3120.408;218.394180297852;0
3121.622;228.17512512207;0
3122.835;174.84033203125;0
3124.05;179.573211669922;0
3125.262;142.265731811523;0
3126.476;175.0634765625;0
3127.687;171.282196044922;0
3128.897;194.085861206055;0
3130.108;201.332870483398;0
3131.319;213.13508605957;0
3132.528;230.60514831543;0
3133.737;182.965316772461;0
3134.945;178.172943115234;0
3136.152;166.406036376953;0
3137.358;186.350112915039;0
3138.565;169.853164672852;0
3139.772;129.299667358398;0
3140.976;137.925567626953;0
3142.18;136.332077026367;0
3143.385;135.933364868164;0
3144.588;126.938529968262;0
3145.79;155.051742553711;0
3146.993;143.278671264648;0
3148.194;153.397552490234;0
3149.395;150.964340209961;0
3150.596;159.424407958984;0
3151.794;128.111892700195;0
3152.994;104.577781677246;0
3154.193;102.178932189941;0
3155.39;76.2351455688477;0
3156.587;42.927848815918;0
3157.784;62.1975135803223;0
3158.982;85.5841903686523;0
3160.177;100.754844665527;0
3161.37;70.166389465332;0
3162.565;48.8264236450195;0
3163.759;29.8764152526855;0
3164.952;54.626823425293;0
3166.146;87.1594009399414;0
3167.337;143.634185791016;0
3168.527;178.563735961914;0
3169.719;165.040985107422;0
3170.91;128.745025634766;0
3172.098;88.3425903320313;0
3173.288;93.7211990356445;0
3174.475;91.3244857788086;0
3175.663;79.1517562866211;0
3176.849;108.425407409668;0
3178.037;135.147430419922;0
3179.223;150.82829284668;0
3180.408;134.732269287109;0
3181.592;104.858123779297;0
3182.777;89.4277954101563;0
3183.96;76.020393371582;0
3185.143;77.0132904052734;0
3186.325;68.4183959960938;0
3187.507;89.487419128418;0
3188.688;137.443389892578;0
3189.869;164.286743164063;0
3191.049;162.350814819336;0
3192.228;164.080032348633;0
3193.406;164.47282409668;0
3194.585;155.862335205078;0
3195.763;147.582672119141;0
3196.939;146.746398925781;0
3198.116;141.354278564453;0
3199.292;144.517318725586;0
3200.466;144.012542724609;0
3201.643;140.284210205078;0
3202.816;132.498291015625;0
3203.991;112.890174865723;0
3205.161;136.151596069336;0
3206.334;113.033973693848;0
3207.504;148.392715454102;0
3208.677;161.6357421875;0
3209.846;211.522583007813;0
3211.017;222.249496459961;0
3212.187;207.927459716797;0
3213.356;174.444946289063;0
3214.524;188.023696899414;0
3215.69;168.775924682617;0
3216.859;231.479400634766;0
3218.024;210.771026611328;0
3219.189;249.835815429688;0
3220.354;203.339599609375;0
3221.519;191.058883666992;0
3222.682;164.518173217773;0
3223.845;162.337661743164;0
3225.01;187.708312988281;0
3226.171;237.956649780273;0
3227.332;229.749359130859;0
3228.494;225.530868530273;0
3229.655;187.078948974609;0
3230.814;190.008804321289;0
3231.973;189.23030090332;0
3233.13;201.500076293945;0
3234.29;212.204528808594;0
3235.447;186.455078125;0
3236.605;164.758636474609;0
3237.76;131.852279663086;0
3238.916;175.813110351563;0
3240.071;215.571395874023;0
3241.224;252.541488647461;0
3242.381;260.709564208984;0
3243.532;240.437911987305;0
3244.685;206.360565185547;0
3245.839;142.09684753418;0
3246.99;126.158401489258;0
3248.141;118.145210266113;0
3249.292;155.348541259766;0
3250.439;174.103515625;0
3251.589;203.854995727539;0
3252.739;205.157852172852;0
3253.886;213.644943237305;0
3255.034;218.158874511719;0
3256.18;210.002227783203;0
3257.326;225.508316040039;0
3258.472;238.565612792969;0
3259.617;246.06298828125;0
3260.761;232.778472900391;0
3261.905;176.602554321289;0
3263.048;147.646636962891;0
3264.19;92.3822402954102;0
3265.333;117.354011535645;0
3266.475;102.835357666016;0
3267.617;150.248123168945;0
3268.757;169.896484375;0
3269.896;203.98762512207;0
3271.036;184.133895874023;0
3272.175;170.391937255859;0
3273.313;197.967391967773;0
3274.449;233.259811401367;0
3275.586;231.995910644531;0
3276.722;193.842620849609;0
3277.859;152.152069091797;0
3278.993;166.446563720703;0
3280.13;187.675720214844;0
3281.263;167.061965942383;0
3282.395;161.828002929688;0
3283.529;140.417358398438;0
3284.66;181.246200561523;0
3285.794;201.805236816406;0
3286.924;231.714630126953;0
3288.054;215.914108276367;0
3289.185;167.671859741211;0
3290.313;150.462036132813;0
3291.443;154.964538574219;0
3292.571;208.514099121094;0
3293.698;233.625045776367;0
3294.824;250.853302001953;0
3295.952;191.86572265625;0
3297.077;183.218856811523;0
3298.203;163.95198059082;0
3299.328;191.814361572266;0
3300.45;176.794555664063;0
3301.574;190.11491394043;0
3302.698;198.564727783203;0
3303.819;187.575225830078;0
3304.942;169.784423828125;0
3306.064;145.577865600586;0
3307.182;137.902236938477;0
3308.303;131.788360595703;0
3309.423;135.363082885742;0
3310.542;116.728034973145;0
3311.66;103.452865600586;0
3312.778;111.508377075195;0
3313.895;145.78857421875;0
3315.012;144.737731933594;0
3316.128;166.02294921875;0
3317.243;145.533111572266;0
3318.357;154.716156005859;0
3319.471;126.903923034668;0
3320.586;127.909477233887;0
3321.698;135.003067016602;0
3322.813;144.652130126953;0
3323.923;173.19970703125;0
3325.034;175.423645019531;0
3326.146;177.644943237305;0
3327.255;168.198028564453;0
3328.366;176.902297973633;0
3329.474;163.306747436523;0
3330.582;166.460357666016;0
3331.691;150.483749389648;0
3332.797;150.103820800781;0
3333.905;127.011299133301;0
3335.011;143.901290893555;0
3336.116;147.814163208008;0
3337.22;133.165237426758;0
3338.327;118.551605224609;0
3339.429;109.101951599121;0
3340.534;130.418685913086;0
3341.635;128.845260620117;0
3342.737;126.158821105957;0
3343.84;121.247055053711;0
3344.94;140.50227355957;0
3346.041;151.64192199707;0
3347.142;149.332672119141;0
3348.24;126.130195617676;0
3349.337;120.944374084473;0
3350.437;100.983924865723;0
3351.534;77.5885162353515;0
3352.633;61.1148948669434;0
3353.727;85.1303787231445;0
3354.823;99.3675994873047;0
3355.919;84.3827056884766;0
3357.013;82.0646438598633;0
3358.108;89.4056701660156;0
3359.201;135.631942749023;0
3360.293;111.964294433594;0
3361.385;111.225914001465;0
3362.478;102.82746887207;0
3363.569;166.089614868164;0
3364.661;162.124282836914;0
3365.75;154.042678833008;0
3366.838;103.506675720215;0
3367.929;138.837860107422;0
3369.017;153.827011108398;0
3370.105;171.725326538086;0
3371.193;170.528533935547;0
3372.279;155.526336669922;0
3373.364;168.684066772461;0
3374.45;121.046501159668;0
3375.534;141.170181274414;0
3376.62;126.184684753418;0
3377.704;159.394836425781;0
3378.786;155.16845703125;0
3379.871;174.755462646484;0
3380.951;154.936431884766;0
3382.034;136.801452636719;0
3383.114;146.459457397461;0
3384.195;168.034088134766;0
3385.276;164.311065673828;0
3386.354;144.521438598633;0
3387.433;154.236587524414;0
3388.511;207.524307250977;0
3389.588;228.67985534668;0
3390.664;216.990585327148;0
3391.742;163.213012695313;0
3392.816;124.930435180664;0
3393.893;158.381469726563;0
3394.968;173.041046142578;0
3396.042;210.797943115234;0
3397.115;171.87858581543;0
3398.189;166.276641845703;0
3399.262;124.484764099121;0
3400.333;134.544464111328;0
3401.404;172.038024902344;0
3402.474;197.96110534668;0
3403.545;192.1953125;0
3404.615;176.188385009766;0
3405.685;174.518600463867;0
3406.752;192.853469848633;0
3407.82;174.473449707031;0
3408.888;173.747680664063;0
3409.955;192.342926025391;0
3411.021;188.368087768555;0
3412.085;170.160919189453;0
3413.151;125.486335754395;0
3414.215;137.486694335937;0
3415.279;129.15608215332;0
3416.343;144.889755249023;0
3417.406;151.070434570313;0
3418.468;191.030029296875;0
3419.53;170.947830200195;0
3420.592;171.199920654297;0
3421.652;162.309906005859;0
3422.712;171.573394775391;0
3423.773;149.413467407227;0
3424.83;126.758491516113;0
3425.889;146.202484130859;0
3426.946;167.64387512207;0
3428.005;169.884353637695;0
3429.061;167.686248779297;0
3430.117;154.716796875;0
3431.172;142.310562133789;0
3432.227;130.133438110352;0
3433.281;117.593307495117;0
3434.335;125.895881652832;0
3435.389;116.70467376709;0
3436.44;138.059844970703;0
3437.492;150.542068481445;0
3438.546;169.591430664063;0
3439.598;160.929122924805;0
3440.646;150.009292602539;0
3441.697;132.195678710938;0
3442.745;123.057121276855;0
3443.793;154.759033203125;0
3444.842;163.836059570313;0
3445.891;158.315902709961;0
3446.937;150.009155273438;0
3447.984;179.793029785156;0
3449.031;182.29801940918;0
3450.075;178.040863037109;0
3451.12;161.353561401367;0
3452.164;179.47265625;0
3453.207;165.742828369141;0
3454.251;158.240768432617;0
3455.293;186.202438354492;0
3456.336;170.071014404297;0
3457.378;184.028915405273;0
3458.417;146.099716186523;0
3459.458;160.551040649414;0
3460.498;108.339027404785;0
3461.539;116.415924072266;0
3462.577;140.023864746094;0
3463.614;155.489807128906;0
3464.651;144.809906005859;0
3465.689;127.165832519531;0
3466.726;112.23713684082;0
3467.763;87.0751419067383;0
3468.798;80.9830551147461;0
3469.831;103.478584289551;0
3470.866;138.133911132813;0
3471.9;151.975372314453;0
3472.933;114.705337524414;0
3473.966;102.495384216309;0
3474.999;90.2996139526367;0
3476.029;128.262588500977;0
3477.061;136.505645751953;0
3478.09;105.456398010254;0
3479.121;114.167381286621;0
3480.15;103.997055053711;0
3481.178;133.749816894531;0
3482.205;100.388320922852;0
3483.234;98.1457290649414;0
3484.26;71.2963638305664;0
3485.288;113.429725646973;0
3486.313;113.787101745605;0
3487.337;118.574661254883;0
3488.364;81.573112487793;0
3489.387;102.694427490234;0
3490.411;128.257705688477;0
3491.434;153.194198608398;0
3492.456;141.008514404297;0
3493.479;115.996681213379;0
3494.5;77.4759368896484;0
3495.521;28.1327781677246;0
3496.543;21.1212463378906;0
3497.561;36.1745910644531;0
3498.579;40.3474349975586;0
3499.6;31.5866565704346;0
3500.618;29.8702087402344;0
3501.636;28.6222705841064;0
3502.653;25.4783992767334;0
3503.669;14.9615659713745;0
3504.685;10.1699419021606;0
3505.699;-7.17555236816406;0
3506.716;-25.4015007019043;0
3507.729;-40.4347229003906;0
3508.743;-21.2592601776123;0
3509.755;-4.54166650772095;0
