98.64605;0;0
101.2353;0;0
103.8217;0;0
106.4096;8.92592620849609;0
108.9945;-22.9333324432373;0
111.5767;-8.66666698455811;0
114.1602;-10.9135799407959;0
116.7409;19.3535346984863;0
119.3209;18.8717956542969;0
121.9002;39.962963104248;0
124.4788;27.522876739502;0
127.0566;43.7602348327637;0
129.6317;-7.70899486541748;0
132.2038;-47.4541053771973;0
134.7796;-80.8933334350586;0
137.3503;-78.1771469116211;0
139.9204;-33.0824127197266;0
142.4919;12.1702146530151;0
145.0584;129.287841796875;0
147.6242;209.080917358398;0
150.1914;231.920394897461;0
152.7579;206.223617553711;0
155.3216;165.73844909668;0
157.8846;203.176971435547;0
160.4448;202.408615112305;0
163.0085;238.117004394531;0
165.5672;223.368453979492;0
168.1232;191.889953613281;0
170.6826;168.359512329102;0
173.2372;159.750732421875;0
175.7931;230.267684936523;0
178.3463;265.508331298828;0
180.8966;341.761688232422;0
183.4504;318.402862548828;0
185.9993;309.582977294922;0
188.5476;297.907135009766;0
191.0972;310.334686279297;0
193.644;346.035247802734;0
196.1859;307.134552001953;0
198.7335;375.528472900391;0
201.2761;360.409637451172;0
203.8201;341.126495361328;0
206.3593;290.144073486328;0
208.8998;297.177154541016;0
211.4397;367.505554199219;0
213.9746;391.145385742188;0
216.5109;409.173492431641;0
219.0487;401.863464355469;0
221.5816;416.662384033203;0
224.1158;424.594421386719;0
226.6473;440.36328125;0
229.176;430.584167480469;0
231.7082;415.918640136719;0
234.2355;476.665313720703;0
236.7643;520.026062011719;0
239.2902;600.271484375;0
241.8133;590.754211425781;0
244.3379;562.542602539063;0
246.8618;527.979797363281;0
249.3828;469.153900146484;0
251.9053;454.180938720703;0
254.423;474.931518554688;0
256.942;489.555114746094;0
259.4603;500.331817626953;0
261.9759;437.088592529297;0
264.4887;452.943145751953;0
267.005;447.803497314453;0
269.5164;442.852142333984;0
272.0292;466.460174560547;0
274.5393;488.082946777344;0
277.0466;568.312072753906;0
279.5574;540.214172363281;0
282.0654;538.214233398438;0
284.5686;502.086242675781;0
287.0752;531.585388183594;0
289.5791;542.006103515625;0
292.0803;563.253723144531;0
294.5828;577.359619140625;0
297.0826;574.591979980469;0
299.5838;543.147766113281;0
302.0801;515.697631835938;0
304.5758;480.464019775391;0
307.0749;451.854431152344;0
309.5672;421.912689208984;0
312.0608;469.831695556641;0
314.5558;468.852783203125;0
317.044;453.766082763672;0
319.5377;439.769195556641;0
322.0266;450.978973388672;0
324.5127;462.766174316406;0
327.0023;475.485687255859;0
329.4871;509.216918945313;0
331.9691;529.573547363281;0
334.4547;538.742431640625;0
336.9353;529.451171875;0
339.4174;509.386566162109;0
341.901;512.003479003906;0
344.3776;544.00048828125;0
346.8577;595.582885742188;0
349.333;606.855712890625;0
351.8076;603.817565917969;0
354.2857;566.921325683594;0
356.7569;534.002014160156;0
359.2296;456.161804199219;0
361.7015;413.431365966797;0
364.1729;405.805877685547;0
366.6414;489.954071044922;0
369.1093;537.5546875;0
371.5745;516.789245605469;0
374.0432;457.607574462891;0
376.507;444.084014892578;0
378.9702;489.247497558594;0
381.4348;462.817321777344;0
383.8947;455.576446533203;0
386.3538;448.699523925781;0
388.8144;542.446716308594;0
391.2722;601.491638183594;0
393.7314;572.654418945313;0
396.1859;541.708740234375;0
398.6418;520.001281738281;0
401.0949;582.929382324219;0
403.5475;607.095581054688;0
405.9972;636.234802246094;0
408.4505;635.370788574219;0
410.899;642.666809082031;0
413.3468;621.392822265625;0
415.796;588.003723144531;0
418.2405;607.278137207031;0
420.6884;628.037841796875;0
423.1295;657.891174316406;0
425.572;626.759155273438;0
428.0159;618.863952636719;0
430.455;564.866455078125;0
432.8956;539.396301269531;0
435.3335;502.77099609375;0
437.7707;465.358428955078;0
440.2093;467.769744873047;0
442.6432;437.474090576172;0
445.0764;436.356567382813;0
447.511;424.729034423828;0
449.9429;459.859405517578;0
452.3721;483.076232910156;0
454.8048;512.11572265625;0
457.2328;521.477416992188;0
459.66;563.689208984375;0
462.0847;521.463012695313;0
464.5127;519.353942871094;0
466.9381;541.594909667969;0
469.3587;593.608154296875;0
471.7807;594.376586914063;0
474.2042;567.57666015625;0
476.6229;609.603210449219;0
479.041;662.8193359375;0
481.4604;683.08349609375;0
483.8752;639.570495605469;0
486.2934;575.114868164063;0
488.7068;583.122314453125;0
491.1197;579.908447265625;0
493.5339;585.582702636719;0
495.9435;553.703063964844;0
498.3544;517.160888671875;0
500.7667;530.493774414063;0
503.1723;512.836059570313;0
505.5793;505.630950927734;0
507.9856;470.946502685547;0
510.3913;442.343139648438;0
512.7944;425.992736816406;0
515.1968;444.962432861328;0
517.5986;427.049011230469;0
519.9997;405.719177246094;0
522.3982;368.934967041016;0
524.798;391.724395751953;0
527.1973;422.198394775391;0
529.5919;432.281005859375;0
531.9899;395.521331787109;0
534.3832;384.998352050781;0
536.7758;379.189422607422;0
539.1699;416.779968261719;0
541.5593;435.723083496094;0
543.9481;379.249298095703;0
546.3382;364.475067138672;0
548.7257;343.999542236328;0
551.1146;440.637542724609;0
553.4968;479.432769775391;0
555.8824;573.311889648438;0
558.2675;548.539978027344;0
560.6478;557.160095214844;0
563.0295;444.247955322266;0
565.4106;483.248046875;0
567.7911;470.715850830078;0
570.169;542.540344238281;0
572.5462;538.166931152344;0
574.9229;493.927795410156;0
577.2968;425.156707763672;0
579.6721;347.185760498047;0
582.0449;364.215026855469;0
584.417;366.614562988281;0
586.7885;412.376861572266;0
589.1553;374.30224609375;0
591.5255;358.345367431641;0
593.8931;308.408447265625;0
596.2601;302.379577636719;0
598.6265;295.102111816406;0
600.9902;292.596862792969;0
603.3554;361.203491210938;0
605.7179;435.104370117188;0
608.0778;476.227966308594;0
610.4391;480.645385742188;0
612.7977;461.142028808594;0
615.1558;455.270538330078;0
617.5132;493.422729492188;0
619.8701;475.526245117188;0
622.2263;501.452178955078;0
624.5779;487.069763183594;0
626.9308;517.126708984375;0
629.2852;507.588714599609;0
631.6349;529.886108398438;0
633.9841;545.518005371094;0
636.3326;599.583190917969;0
638.6805;572.339050292969;0
641.0279;539.360717773438;0
643.3746;521.735412597656;0
645.7187;538.757019042969;0
648.0621;615.132385253906;0
650.405;614.640808105469;0
652.7453;566.170532226563;0
655.087;521.071716308594;0
657.426;491.548828125;0
659.7645;499.71484375;0
662.1024;463.128082275391;0
664.4376;442.329559326172;0
666.7742;460.014068603516;0
669.1063;479.029296875;0
671.4398;492.759155273438;0
673.7726;466.547302246094;0
676.1048;472.434204101563;0
678.4324;477.066833496094;0
680.7635;462.291442871094;0
683.0919;451.998321533203;0
685.4158;459.634857177734;0
687.743;418.201690673828;0
690.0696;386.741058349609;0
692.3937;361.765655517578;0
694.7151;447.818328857422;0
697.038;483.465057373047;0
699.3583;475.481231689453;0
701.6779;458.419281005859;0
703.995;419.834716796875;0
706.3155;402.949768066406;0
708.6294;363.875579833984;0
710.9467;376.291625976563;0
713.2594;434.469543457031;0
715.5735;492.766418457031;0
717.887;477.978881835938;0
720.1979;428.701110839844;0
722.5083;387.546600341797;0
724.818;380.267852783203;0
727.1252;420.765014648438;0
729.4357;406.067474365234;0
731.7418;413.286254882813;0
734.0452;335.916534423828;0
736.35;370.717864990234;0
738.6522;372.846405029297;0
740.9539;407.133117675781;0
743.2569;339.183837890625;0
745.5554;307.056427001953;0
747.8553;308.833923339844;0
750.1545;333.184844970703;0
752.4513;351.619415283203;0
754.7474;317.796875;0
757.043;270.665222167969;0
759.336;313.938262939453;0
761.6304;351.568145751953;0
763.9222;402.254028320313;0
766.2114;389.771179199219;0
768.5041;367.280639648438;0
770.7922;346.394500732422;0
773.0777;316.791625976563;0
775.3647;295.325256347656;0
777.651;277.995361328125;0
779.9368;280.801940917969;0
782.22;317.005554199219;0
784.5026;341.121337890625;0
786.7847;282.813537597656;0
789.0662;232.082153320313;0
791.3451;190.149475097656;0
793.6254;332.291290283203;0
795.9012;399.3701171875;0
798.1784;430.469299316406;0
800.455;379.590179443359;0
802.7291;404.993865966797;0
805.0026;365.689147949219;0
807.2755;363.271118164063;0
809.5478;331.312072753906;0
811.8176;430.116943359375;0
814.0869;432.391571044922;0
816.3535;473.383087158203;0
818.6235;489.272857666016;0
820.8911;501.614593505859;0
823.156;439.522491455078;0
825.4204;448.997863769531;0
827.6823;427.263214111328;0
829.9474;516.03857421875;0
832.2082;530.047424316406;0
834.4683;604.624084472656;0
836.7279;589.768432617188;0
838.9869;513.147277832031;0
841.2453;422.649383544922;0
843.5012;344.385925292969;0
845.7565;343.299957275391;0
848.0133;354.272247314453;0
850.2655;397.500793457031;0
852.5153;356.190032958984;0
854.7703;391.006378173828;0
857.0189;349.726501464844;0
859.2668;375.390655517578;0
861.5182;345.987640380859;0
863.7651;386.04345703125;0
866.0114;411.780639648438;0
868.2592;364.311584472656;0
870.5024;337.308715820313;0
872.7451;331.546142578125;0
874.9872;363.804351806641;0
877.2307;337.306121826172;0
879.4717;301.493743896484;0
881.7101;246.355728149414;0
883.95;252.575927734375;0
886.1854;258.481536865234;0
888.4202;226.960372924805;0
890.6604;182.791534423828;0
892.8941;202.677474975586;0
895.1253;282.387176513672;0
897.3599;363.227874755859;0
899.59;343.867523193359;0
901.8195;365.862731933594;0
904.0504;323.214630126953;0
906.2789;374.034271240234;0
908.5087;422.543853759766;0
910.7341;444.076385498047;0
912.9589;421.855194091797;0
915.1851;363.10302734375;0
917.4088;411.819885253906;0
919.63;395.114532470703;0
921.8526;361.320220947266;0
924.0727;275.659210205078;0
926.2922;282.744445800781;0
928.5112;300.267120361328;0
930.7277;306.587280273438;0
932.9476;338.815490722656;0
935.163;321.397735595703;0
937.3739;305.557067871094;0
939.5901;247.960403442383;0
941.8019;270.16357421875;0
944.0151;287.972686767578;0
946.2258;265.237518310547;0
948.4341;201.374633789063;0
950.6456;146.754699707031;0
952.8527;124.821395874023;0
955.0593;65.9043121337891;0
957.2653;68.4284896850586;0
959.4689;60.192455291748;0
961.6738;82.7530670166016;0
963.8782;97.7760467529297;0
966.0782;80.8169555664063;0
968.2815;70.2091293334961;0
970.4803;65.9525604248047;0
972.6787;100.495460510254;0
974.8784;132.083541870117;0
977.0757;147.561172485352;0
979.2704;154.83805847168;0
981.4667;180.80305480957;0
983.6603;127.89933013916;0
985.8535;136.014984130859;0
988.0461;112.038803100586;0
990.2363;192.577301025391;0
992.4297;234.069290161133;0
994.6169;303.454193115234;0
996.8035;306.302795410156;0
998.9933;320.171905517578;0
1001.179;344.505493164063;0
1003.364;361.300567626953;0
1005.55;424.777587890625;0
1007.732;414.378997802734;0
1009.916;424.882598876953;0
1012.096;435.288421630859;0
1014.275;441.818450927734;0
1016.459;397.693206787109;0
1018.636;356.134979248047;0
1020.813;408.810668945313;0
1022.991;551.839904785156;0
1025.165;504.74267578125;0
1027.34;424.988830566406;0
1029.515;364.577026367188;0
1031.687;366.506256103516;0
1033.859;382.109436035156;0
1036.03;335.8310546875;0
1038.199;340.559997558594;0
1040.369;297.185424804688;0
1042.536;278.372863769531;0
1044.704;227.566299438477;0
1046.87;284.654602050781;0
1049.034;271.084564208984;0
1051.198;245.189514160156;0
1053.363;180.752700805664;0
1055.526;140.220840454102;0
1057.686;97.0383834838867;0
1059.845;68.3313598632813;0
1062.005;67.0986557006836;0
1064.165;108.450202941895;0
1066.323;157.694076538086;0
1068.477;120.546646118164;0
1070.634;140.764770507813;0
1072.788;109.460006713867;0
1074.942;186.885757446289;0
1077.096;185.514266967773;0
1079.247;183.535598754883;0
1081.397;161.593826293945;0
1083.547;185.244613647461;0
1085.695;161.74055480957;0
1087.844;192.923217773438;0
1089.992;195.902770996094;0
1092.138;227.235733032227;0
1094.284;242.366516113281;0
1096.425;244.739593505859;0
1098.571;236.577178955078;0
1100.711;192.097717285156;0
1102.851;168.944580078125;0
1104.994;153.760223388672;0
1107.132;145.037002563477;0
1109.271;158.725036621094;0
1111.408;169.404541015625;0
1113.543;181.528549194336;0
1115.682;160.671188354492;0
1117.816;159.754272460938;0
1119.947;154.921875;0
1122.08;162.692291259766;0
1124.213;188.699768066406;0
1126.343;217.169311523438;0
1128.474;220.434387207031;0
1130.602;227.27278137207;0
1132.728;180.460891723633;0
1134.856;193.776519775391;0
1136.982;193.663650512695;0
1139.109;214.566741943359;0
1141.234;197.930221557617;0
1143.356;194.531860351563;0
1145.479;186.482772827148;0
1147.599;147.115661621094;0
1149.719;150.654083251953;0
1151.839;147.764694213867;0
1153.957;191.336380004883;0
1156.076;134.924697875977;0
1158.191;126.196311950684;0
1160.305;97.8168106079102;0
1162.423;149.387878417969;0
1164.536;111.528221130371;0
1166.647;113.237655639648;0
1168.761;91.4039535522461;0
1170.871;178.263442993164;0
1172.983;215.690902709961;0
1175.092;211.575210571289;0
1177.2;157.471939086914;0
1179.306;135.263153076172;0
1181.413;185.027572631836;0
1183.518;205.573104858398;0
1185.623;217.55256652832;0
1187.725;178.410415649414;0
1189.826;241.81330871582;0
1191.929;249.897201538086;0
1194.032;235.834625244141;0
1196.13;175.979827880859;0
1198.23;129.776794433594;0
1200.327;183.484390258789;0
1202.423;203.91096496582;0
1204.52;244.498474121094;0
1206.613;235.736511230469;0
1208.71;244.847366333008;0
1210.801;320.040771484375;0
1212.892;328.677368164063;0
1214.987;321.757141113281;0
1217.075;315.946746826172;0
1219.166;279.357299804688;0
1221.256;300.544342041016;0
1223.342;250.064865112305;0
1225.43;265.364624023438;0
1227.515;198.223342895508;0
1229.597;157.864639282227;0
1231.685;159.356552124023;0
1233.767;184.657653808594;0
1235.85;204.015594482422;0
1237.931;234.371978759766;0
1240.009;296.848571777344;0
1242.09;327.697540283203;0
1244.168;270.894012451172;0
1246.245;187.980361938477;0
1248.321;188.275817871094;0
1250.397;184.252090454102;0
1252.472;227.781158447266;0
1254.547;205.991073608398;0
1256.618;230.770706176758;0
1258.69;220.897857666016;0
1260.761;226.816955566406;0
1262.83;206.52799987793;0
1264.901;232.253219604492;0
1266.969;236.437072753906;0
1269.035;250.3017578125;0
1271.102;246.068511962891;0
1273.167;207.624908447266;0
1275.233;170.970947265625;0
1277.295;145.773300170898;0
1279.359;159.095977783203;0
1281.42;190.208297729492;0
1283.482;175.555053710938;0
1285.542;171.645629882813;0
1287.6;148.861358642578;0
1289.659;214.313522338867;0
1291.714;219.003234863281;0
1293.774;248.471939086914;0
1295.828;231.733749389648;0
1297.881;300.010894775391;0
1299.936;344.192260742188;0
1301.987;311.7236328125;0
1304.041;299.190673828125;0
1306.09;270.008087158203;0
1308.139;268.954132080078;0
1310.19;203.918106079102;0
1312.238;240.678268432617;0
1314.286;292.457183837891;0
1316.331;297.033020019531;0
1318.376;293.183990478516;0
1320.422;313.466430664063;0
1322.466;299.812683105469;0
1324.508;332.942504882813;0
1326.549;284.781860351563;0
1328.59;342.3095703125;0
1330.632;305.081451416016;0
1332.67;334.541961669922;0
1334.707;330.912353515625;0
1336.746;323.859283447266;0
1338.78;312.3828125;0
1340.816;337.371765136719;0
1342.852;278.159484863281;0
1344.885;264.855712890625;0
1346.916;208.459075927734;0
1348.948;230.745269775391;0
1350.979;185.379547119141;0
1353.011;155.961212158203;0
1355.04;120.248870849609;0
1357.066;120.081581115723;0
1359.094;196.176849365234;0
1361.121;256.172912597656;0
1363.145;279.511383056641;0
1365.171;217.745727539063;0
1367.192;145.876007080078;0
1369.216;83.712776184082;0
1371.239;37.8919677734375;0
1373.258;53.6527366638184;0
1375.28;64.0892562866211;0
1377.298;82.7570724487305;0
1379.316;90.433967590332;0
1381.335;79.2320785522461;0
1383.35;101.596214294434;0
1385.366;77.7486877441406;0
1387.38;140.022827148438;0
1389.394;134.640853881836;0
1391.409;163.047225952148;0
1393.42;92.1308135986328;0
1395.43;84.3360748291016;0
1397.44;11.9963359832764;0
1399.451;81.5249710083008;0
1401.458;20.0641670227051;0
1403.466;69.6302032470703;0
1405.472;73.1684722900391;0
1407.478;173.342819213867;0
1409.483;165.750213623047;0
1411.486;129.059661865234;0
1413.49;99.8267211914063;0
1415.492;98.051383972168;0
1417.492;149.536849975586;0
1419.495;150.924377441406;0
1421.494;212.659469604492;0
1423.492;167.29768371582;0
1425.49;142.838638305664;0
1427.487;153.281875610352;0
1429.482;176.738098144531;0
1431.477;238.540130615234;0
1433.471;226.909881591797;0
1435.466;198.402481079102;0
1437.456;223.795272827148;0
1439.447;220.200729370117;0
1441.441;255.397338867188;0
1443.427;275.162628173828;0
1445.417;250.162887573242;0
1447.406;228.953216552734;0
1449.392;181.866622924805;0
1451.381;244.236404418945;0
1453.365;208.729248046875;0
1455.348;200.345138549805;0
1457.333;175.861877441406;0
1459.314;239.723892211914;0
1461.296;273.153411865234;0
1463.276;287.69091796875;0
1465.256;277.236602783203;0
1467.237;229.513641357422;0
1469.215;183.247253417969;0
1471.19;178.660034179688;0
1473.167;191.530197143555;0
1475.145;261.857788085938;0
1477.118;257.187042236328;0
1479.092;272.640289306641;0
1481.065;204.995529174805;0
1483.038;212.69677734375;0
1485.008;206.299728393555;0
1486.979;274.802642822266;0
1488.949;275.759399414063;0
1490.917;239.503356933594;0
1492.883;178.367813110352;0
1494.852;175.908325195313;0
1496.817;221.569351196289;0
1498.782;210.683197021484;0
1500.748;172.693954467773;0
1502.708;202.935195922852;0
1504.673;162.519470214844;0
1506.634;181.557876586914;0
1508.594;165.828216552734;0
1510.554;274.552673339844;0
1512.512;321.842407226563;0
1514.471;298.366333007813;0
1516.428;268.203186035156;0
1518.384;265.385894775391;0
1520.34;239.231506347656;0
1522.294;183.572418212891;0
1524.249;108.744789123535;0
1526.202;166.70719909668;0
1528.153;175.34619140625;0
1530.103;253.550659179688;0
1532.054;192.431716918945;0
1534.004;221.630615234375;0
1535.951;225.950561523438;0
1537.899;207.612670898438;0
1539.847;169.950286865234;0
1541.793;126.185646057129;0
1543.738;181.09651184082;0
1545.681;201.460647583008;0
1547.625;248.833648681641;0
1549.566;191.437698364258;0
1551.509;243.050598144531;0
1553.45;176.894561767578;0
1555.389;227.856384277344;0
1557.33;167.046279907227;0
1559.266;158.130844116211;0
1561.204;180.443389892578;0
1563.141;210.206161499023;0
1565.074;247.196899414063;0
1567.009;168.97119140625;0
1568.943;171.30680847168;0
1570.877;187.870422363281;0
1572.808;221.439788818359;0
1574.741;164.237152099609;0
1576.67;100.151397705078;0
1578.6;62.5309104919434;0
1580.528;31.0310726165771;0
1582.455;41.4842720031738;0
1584.382;78.0541610717773;0
1586.307;136.850784301758;0
1588.234;89.7620162963867;0
1590.157;9.56551361083984;0
1592.081;16.7718124389648;0
1594.002;65.3149948120117;0
1595.927;133.751571655273;0
1597.845;102.262306213379;0
1599.767;99.6295776367188;0
1601.685;84.0012054443359;0
1603.602;46.2674407958984;0
1605.523;31.7616157531738;0
1607.438;42.817066192627;0
1609.354;92.5618515014648;0
1611.269;91.9517135620117;0
1613.181;82.3689498901367;0
1615.096;91.0141296386719;0
1617.008;108.10912322998;0
1618.92;95.8747253417969;0
1620.83;90.1998291015625;0
1622.74;63.3066482543945;0
1624.649;47.5285263061523;0
1626.557;36.3099060058594;0
1628.464;101.537704467773;0
1630.37;103.100280761719;0
1632.275;130.110595703125;0
1634.18;108.791023254395;0
1636.085;136.698257446289;0
1637.988;194.943405151367;0
1639.888;169.41535949707;0
1641.791;207.336334228516;0
1643.691;160.817459106445;0
1645.588;232.304473876953;0
1647.489;278.686309814453;0
1649.387;294.518463134766;0
1651.284;298.023193359375;0
1653.18;237.867172241211;0
1655.075;283.605926513672;0
1656.972;299.128387451172;0
1658.864;367.767852783203;0
1660.754;311.413208007813;0
1662.65;286.953369140625;0
1664.539;285.943908691406;0
1666.428;307.829193115234;0
1668.32;339.275970458984;0
1670.207;389.2841796875;0
1672.096;369.409423828125;0
1673.982;364.207244873047;0
1675.867;316.233184814453;0
1677.754;328.042785644531;0
1679.638;330.969421386719;0
1681.52;303.124176025391;0
1683.403;325.729309082031;0
1685.285;302.229187011719;0
1687.166;281.623901367188;0
1689.048;248.022659301758;0
1690.924;186.090728759766;0
1692.804;200.493591308594;0
1694.682;189.009048461914;0
1696.558;213.568344116211;0
1698.435;220.240203857422;0
1700.308;291.470703125;0
1702.184;277.149230957031;0
1704.057;227.665420532227;0
1705.929;97.1850128173828;0
1707.801;51.2626037597656;0
1709.674;43.717414855957;0
1711.542;110.98917388916;0
1713.412;190.596725463867;0
1715.28;164.206726074219;0
1717.145;109.596969604492;0
1719.015;21.3229885101318;0
1720.88;12.3678455352783;0
1722.746;10.6646862030029;0
1724.61;34.8020210266113;0
1726.471;54.9399261474609;0
1728.334;59.1913948059082;0
1730.197;99.5564270019531;0
1732.057;113.035026550293;0
1733.919;122.404968261719;0
1735.777;88.4892196655273;0
1737.634;118.588172912598;0
1739.493;101.800354003906;0
1741.349;85.6823654174805;0
1743.205;50.6768112182617;0
1745.061;76.5617141723633;0
1746.915;121.336067199707;0
1748.77;124.889472961426;0
1750.621;143.777542114258;0
1752.473;130.556228637695;0
1754.323;129.558898925781;0
1756.173;139.339752197266;0
1758.022;188.454376220703;0
1759.87;188.015197753906;0
1761.718;182.022201538086;0
1763.566;150.919830322266;0
1765.411;142.59700012207;0
1767.256;147.498123168945;0
1769.101;161.623229980469;0
1770.945;184.527847290039;0
1772.787;186.211990356445;0
1774.629;167.675659179688;0
1776.469;179.918853759766;0
1778.309;159.830459594727;0
1780.15;185.854919433594;0
1781.987;205.43669128418;0
1783.826;240.464645385742;0
1785.662;193.938781738281;0
1787.498;206.970230102539;0
1789.334;200.33674621582;0
1791.169;245.92724609375;0
1793.002;191.40837097168;0
1794.834;218.335693359375;0
1796.667;185.375869750977;0
1798.498;223.864074707031;0
1800.328;118.357284545898;0
1802.157;126.078895568848;0
1803.986;93.58447265625;0
1805.813;172.498306274414;0
1807.639;155.529434204102;0
1809.467;182.935180664063;0
1811.292;180.345260620117;0
1813.117;174.204116821289;0
1814.94;177.733978271484;0
1816.763;143.710891723633;0
1818.585;213.912307739258;0
1820.407;233.338241577148;0
1822.227;206.655349731445;0
1824.048;202.641403198242;0
1825.865;208.074203491211;0
1827.683;270.397155761719;0
1829.501;206.943206787109;0
1831.317;119.712310791016;0
1833.135;82.9558486938477;0
1834.948;120.535415649414;0
1836.761;163.56022644043;0
1838.577;145.252517700195;0
1840.388;92.8345108032227;0
1842.198;9.08397769927979;0
1844.009;-4.15539169311523;0
1845.819;31.2604732513428;0
1847.629;49.788257598877;0
1849.436;52.2046928405762;0
1851.244;57.176441192627;0
1853.052;87.5919952392578;0
1854.858;90.6734390258789;0
1856.661;116.420066833496;0
1858.466;149.498489379883;0
1860.269;119.908302307129;0
1862.073;86.8717041015625;0
1863.875;92.7220458984375;0
1865.673;98.1259841918945;0
1867.476;55.4144058227539;0
1869.275;45.586986541748;0
1871.072;96.97705078125;0
1872.872;116.02906036377;0
1874.667;60.4096603393555;0
1876.464;90.6744232177734;0
1878.26;126.378890991211;0
1880.053;195.078628540039;0
1881.849;144.551498413086;0
1883.64;112.575584411621;0
1885.431;71.9289474487305;0
1887.226;57.056339263916;0
1889.014;86.1802825927734;0
1890.803;117.07886505127;0
1892.594;164.974609375;0
1894.38;138.312240600586;0
1896.167;123.758743286133;0
1897.955;138.425231933594;0
1899.74;187.978363037109;0
1901.526;186.30793762207;0
1903.309;154.636459350586;0
1905.091;174.742034912109;0
1906.876;208.180191040039;0
1908.658;227.173782348633;0
1910.438;133.834014892578;0
1912.217;63.3165588378906;0
1913.996;11.1217241287231;0
1915.775;65.5577163696289;0
1917.553;109.550201416016;0
1919.33;160.543930053711;0
1921.106;139.539184570313;0
1922.881;173.204681396484;0
1924.655;118.318786621094;0
1926.431;118.659294128418;0
1928.202;103.559532165527;0
1929.974;128.908386230469;0
1931.746;97.7058639526367;0
1933.516;81.5091094970703;0
1935.286;141.8740234375;0
1937.055;171.579238891602;0
1938.823;138.289978027344;0
1940.592;61.2284851074219;0
1942.356;69.1725234985352;0
1944.122;124.012367248535;0
1945.888;147.637481689453;0
1947.651;103.711799621582;0
1949.416;122.790328979492;0
1951.178;197.673110961914;0
1952.939;250.116561889648;0
1954.699;201.214981079102;0
1956.459;149.906204223633;0
1958.219;179.766342163086;0
1959.979;179.867279052734;0
1961.735;147.184814453125;0
1963.491;140.064529418945;0
1965.249;147.284194946289;0
1967.003;173.732711791992;0
1968.761;109.940208435059;0
1970.512;133.709884643555;0
1972.265;203.265090942383;0
1974.018;266.717254638672;0
1975.769;249.400894165039;0
1977.522;199.650863647461;0
1979.271;128.023040771484;0
1981.018;125.628814697266;0
1982.766;117.357391357422;0
1984.516;224.320190429688;0
1986.261;230.961853027344;0
1988.009;253.726837158203;0
1989.754;229.0595703125;0
1991.498;233.515640258789;0
1993.241;198.205917358398;0
1994.984;194.908126831055;0
1996.727;221.510864257813;0
1998.468;241.792465209961;0
2000.206;191.641815185547;0
2001.946;162.05924987793;0
2003.686;223.489471435547;0
2005.424;244.598587036133;0
2007.161;253.164047241211;0
2008.898;196.296661376953;0
2010.634;207.551986694336;0
2012.369;162.151657104492;0
2014.103;95.0970458984375;0
2015.836;59.6772384643555;0
2017.57;162.39111328125;0
2019.299;270.449615478516;0
2021.032;327.963806152344;0
2022.762;265.489288330078;0
2024.491;222.359390258789;0
2026.221;230.796325683594;0
2027.947;205.022308349609;0
2029.676;189.815185546875;0
2031.403;211.841903686523;0
2033.128;227.103057861328;0
2034.852;287.598907470703;0
2036.577;208.662551879883;0
2038.299;210.405395507813;0
2040.022;148.604461669922;0
2041.744;134.150238037109;0
2043.465;159.154144287109;0
2045.184;137.72802734375;0
2046.903;204.759689331055;0
2048.621;133.359954833984;0
2050.339;145.643005371094;0
2052.057;81.0540924072266;0
2053.774;103.460159301758;0
2055.488;74.5495300292969;0
2057.203;73.0060043334961;0
2058.917;56.0031356811523;0
2060.631;56.6317825317383;0
2062.344;47.0425987243652;0
2064.053;55.2600746154785;0
2065.765;73.0500411987305;0
2067.476;53.6350212097168;0
2069.185;18.7930927276611;0
2070.892;51.2872734069824;0
2072.6;76.1677703857422;0
2074.308;125.51114654541;0
2076.014;71.8732681274414;0
2077.72;105.475486755371;0
2079.425;112.094352722168;0
2081.13;161.063171386719;0
2082.833;149.159759521484;0
2084.532;157.959060668945;0
2086.236;149.400634765625;0
2087.936;111.484481811523;0
2089.635;106.5439453125;0
2091.335;94.2456893920898;0
2093.034;137.700820922852;0
2094.731;88.4650955200195;0
2096.427;85.7608184814453;0
2098.124;126.47688293457;0
2099.82;182.653427124023;0
2101.515;219.734573364258;0
2103.207;190.820404052734;0
2104.902;218.770736694336;0
2106.594;223.030014038086;0
2108.286;263.861633300781;0
2109.976;272.961730957031;0
2111.667;249.371704101563;0
2113.355;258.758483886719;0
2115.044;226.563705444336;0
2116.732;277.452545166016;0
2118.42;292.648040771484;0
2120.105;355.594329833984;0
2121.79;330.513305664063;0
2123.476;341.071380615234;0
2125.16;348.487670898438;0
2126.844;381.694580078125;0
2128.524;378.691802978516;0
2130.207;348.368194580078;0
2131.888;347.724365234375;0
2133.567;310.226165771484;0
2135.247;346.409088134766;0
2136.927;353.973052978516;0
2138.603;340.440582275391;0
2140.281;294.478332519531;0
2141.957;291.419494628906;0
2143.633;318.028686523438;0
2145.308;315.123260498047;0
2146.981;321.413757324219;0
2148.654;356.496490478516;0
2150.328;364.733551025391;0
2152;323.497894287109;0
2153.669;289.857757568359;0
2155.34;335.56298828125;0
2157.01;351.462646484375;0
2158.677;306.554138183594;0
2160.347;279.948181152344;0
2162.013;289.796203613281;0
2163.681;319.320892333984;0
2165.347;265.079162597656;0
2167.011;250.071655273438;0
2168.674;201.185607910156;0
2170.337;238.905654907227;0
2172.002;229.267288208008;0
2173.662;250.241912841797;0
2175.324;250.808486938477;0
2176.985;256.010681152344;0
2178.645;233.29264831543;0
2180.304;195.320739746094;0
2181.961;141.761337280273;0
2183.618;174.261383056641;0
2185.275;203.103225708008;0
2186.932;270.619934082031;0
2188.586;272.811676025391;0
2190.242;294.409606933594;0
2191.896;204.333679199219;0
2193.547;203.086456298828;0
2195.2;215.095443725586;0
2196.851;304.892974853516;0
2198.502;314.549652099609;0
2200.153;180.176788330078;0
2201.799;166.562942504883;0
2203.447;186.555679321289;0
2205.097;302.932495117188;0
2206.742;273.207733154297;0
2208.391;249.796340942383;0
2210.035;223.120025634766;0
2211.679;227.343276977539;0
2213.324;199.356262207031;0
2214.966;192.160202026367;0
2216.608;199.977294921875;0
2218.252;210.69645690918;0
2219.89;222.095504760742;0
2221.531;272.729949951172;0
2223.172;319.713745117188;0
2224.809;341.828247070313;0
2226.449;308.699340820313;0
2228.086;320.047668457031;0
2229.72;293.481628417969;0
2231.358;341.423706054688;0
2232.992;278.227600097656;0
2234.625;297.456329345703;0
2236.26;306.179046630859;0
2237.893;308.769805908203;0
2239.524;269.876525878906;0
2241.156;244.858383178711;0
2242.785;256.342224121094;0
2244.416;274.395324707031;0
2246.044;238.310211181641;0
2247.672;228.50260925293;0
2249.301;261.155090332031;0
2250.926;282.643890380859;0
2252.554;240.774703979492;0
2254.177;205.253997802734;0
2255.803;226.306655883789;0
2257.427;344.710784912109;0
2259.051;392.648315429688;0
2260.671;393.563232421875;0
2262.294;366.23193359375;0
2263.914;394.7646484375;0
2265.533;384.49755859375;0
2267.153;340.653228759766;0
2268.773;282.454650878906;0
2270.392;198.964935302734;0
2272.006;204.761016845703;0
2273.624;208.688079833984;0
2275.239;210.524215698242;0
2276.854;194.603042602539;0
2278.468;197.035903930664;0
2280.084;237.045028686523;0
2281.695;238.519287109375;0
2283.305;228.014205932617;0
2284.919;247.862335205078;0
2286.527;249.443023681641;0
2288.14;258.614410400391;0
2289.748;204.914703369141;0
2291.354;188.138290405273;0
2292.964;156.308685302734;0
2294.569;212.594940185547;0
2296.174;233.008163452148;0
2297.782;282.437286376953;0
2299.386;300.469573974609;0
2300.99;331.95947265625;0
2302.594;271.979156494141;0
2304.195;196.083908081055;0
2305.798;148.143707275391;0
2307.399;176.08122253418;0
2308.998;182.072128295898;0
2310.598;155.449432373047;0
2312.197;140.546188354492;0
2313.795;151.139831542969;0
2315.392;177.118957519531;0
2316.988;158.038803100586;0
2318.585;240.566635131836;0
2320.18;239.211395263672;0
2321.774;224.452728271484;0
2323.368;140.083282470703;0
2324.961;165.541061401367;0
2326.553;216.521911621094;0
2328.145;277.383026123047;0
2329.735;243.028747558594;0
2331.324;242.090698242188;0
2332.916;187.387466430664;0
2334.503;222.217468261719;0
2336.092;209.462890625;0
2337.677;189.644638061523;0
2339.263;116.318435668945;0
2340.85;123.150596618652;0
2342.434;139.363372802734;0
2344.018;177.239318847656;0
2345.602;170.93994140625;0
2347.185;139.797988891602;0
2348.768;143.368530273438;0
2350.347;105.317649841309;0
2351.928;122.378562927246;0
2353.51;144.317443847656;0
2355.087;152.403076171875;0
2356.665;217.643859863281;0
2358.243;194.262008666992;0
2359.819;223.478591918945;0
2361.396;158.071334838867;0
2362.972;131.150512695313;0
2364.547;141.977462768555;0
2366.121;155.177551269531;0
2367.694;217.75016784668;0
2369.267;193.916931152344;0
2370.839;177.788360595703;0
2372.411;152.586151123047;0
2373.982;167.198883056641;0
2375.55;189.743988037109;0
2377.118;161.449966430664;0
2378.687;183.295745849609;0
2380.254;192.736694335938;0
2381.821;267.719207763672;0
2383.387;244.481414794922;0
2384.954;245.243576049805;0
2386.516;184.283874511719;0
2388.082;197.04264831543;0
2389.644;188.397079467773;0
2391.209;223.013870239258;0
2392.769;177.153533935547;0
2394.33;181.183883666992;0
2395.892;180.824661254883;0
2397.449;213.883880615234;0
2399.008;219.982955932617;0
2400.568;248.145736694336;0
2402.125;262.530487060547;0
2403.68;284.145294189453;0
2405.238;268.648742675781;0
2406.792;297.819061279297;0
2408.349;346.545928955078;0
2409.902;383.439697265625;0
2411.455;294.266296386719;0
2413.007;267.791961669922;0
2414.558;203.847137451172;0
2416.11;240.284957885742;0
2417.66;201.753494262695;0
2419.21;217.972610473633;0
2420.758;252.058319091797;0
2422.307;263.550842285156;0
2423.855;233.226623535156;0
2425.402;225.064651489258;0
2426.947;181.329620361328;0
2428.492;239.52099609375;0
2430.038;256.672729492188;0
2431.58;298.784515380859;0
2433.124;275.189788818359;0
2434.667;250.665969848633;0
2436.208;262.152435302734;0
2437.75;324.042938232422;0
2439.291;363.671081542969;0
2440.83;340.703735351563;0
2442.369;272.807525634766;0
2443.906;235.582595825195;0
2445.444;213.706909179688;0
2446.981;260.174591064453;0
2448.517;248.190628051758;0
2450.053;331.207427978516;0
2451.587;291.401794433594;0
2453.12;307.373443603516;0
2454.655;237.706726074219;0
2456.187;254.958801269531;0
2457.718;325.725646972656;0
2459.25;386.785064697266;0
2460.781;393.248138427734;0
2462.31;342.559295654297;0
2463.84;314.609741210938;0
2465.368;283.83740234375;0
2466.896;251.618179321289;0
2468.423;234.723266601563;0
2469.949;244.502105712891;0
2471.474;244.90771484375;0
2472.998;226.882843017578;0
2474.522;205.37060546875;0
2476.045;223.595153808594;0
2477.568;317.165679931641;0
2479.09;346.027587890625;0
2480.612;370.959014892578;0
2482.132;300.334869384766;0
2483.653;296.821380615234;0
2485.171;232.640487670898;0
2486.689;221.333282470703;0
2488.208;239.765258789063;0
2489.725;243.51823425293;0
2491.242;254.937606811523;0
2492.757;253.02278137207;0
2494.271;304.432830810547;0
2495.785;312.509735107422;0
2497.3;279.921478271484;0
2498.812;278.576293945313;0
2500.325;255.491165161133;0
2501.837;246.697189331055;0
2503.345;200.204147338867;0
2504.856;240.185012817383;0
2506.366;211.858093261719;0
2507.875;235.610137939453;0
2509.382;115.247451782227;0
2510.889;183.266082763672;0
2512.397;149.026306152344;0
2513.901;219.917373657227;0
2515.406;178.719573974609;0
2516.911;171.43505859375;0
2518.415;196.187072753906;0
2519.918;131.103851318359;0
2521.421;120.877311706543;0
2522.922;118.712928771973;0
2524.423;152.080444335938;0
2525.924;199.163452148438;0
2527.422;182.756744384766;0
2528.923;184.610763549805;0
2530.419;119.726608276367;0
2531.916;101.881576538086;0
2533.415;142.519271850586;0
2534.909;232.749862670898;0
2536.404;211.643463134766;0
2537.899;227.637069702148;0
2539.394;180.585983276367;0
2540.887;216.71305847168;0
2542.38;170.173110961914;0
2543.871;137.444717407227;0
2545.363;105.20092010498;0
2546.852;110.330894470215;0
2548.345;139.836227416992;0
2549.833;159.050903320313;0
2551.321;176.420028686523;0
2552.811;199.387237548828;0
2554.296;211.849670410156;0
2555.78;215.834838867188;0
2557.267;187.383880615234;0
2558.752;157.762268066406;0
2560.237;143.037994384766;0
2561.721;174.647247314453;0
2563.203;178.96418762207;0
2564.687;172.877792358398;0
2566.168;151.16731262207;0
2567.648;178.388931274414;0
2569.129;245.320693969727;0
2570.607;262.143493652344;0
2572.086;278.191467285156;0
2573.565;248.685882568359;0
2575.041;232.816925048828;0
2576.518;229.166839599609;0
2577.994;246.183654785156;0
2579.469;301.759399414063;0
2580.945;308.560974121094;0
2582.418;311.137542724609;0
2583.892;282.454162597656;0
2585.365;263.275329589844;0
2586.835;247.746032714844;0
2588.307;280.784454345703;0
2589.778;304.137664794922;0
2591.248;286.737091064453;0
2592.717;279.228454589844;0
2594.186;289.388763427734;0
2595.652;300.177886962891;0
2597.121;270.484924316406;0
2598.585;261.784698486328;0
2600.052;259.67578125;0
2601.518;250.032379150391;0
2602.982;241.375793457031;0
2604.446;237.040023803711;0
2605.907;230.717193603516;0
2607.371;221.340591430664;0
2608.83;226.99560546875;0
2610.293;229.698669433594;0
2611.752;223.86865234375;0
2613.213;229.100173950195;0
2614.672;260.153747558594;0
2616.13;257.876098632813;0
2617.587;262.850433349609;0
2619.043;272.229583740234;0
2620.501;316.792327880859;0
2621.957;319.247955322266;0
2623.409;278.596313476563;0
2624.864;279.18701171875;0
2626.318;258.822998046875;0
2627.771;302.104248046875;0
2629.222;268.053100585938;0
2630.673;321.606384277344;0
2632.124;312.383361816406;0
2633.575;347.828186035156;0
2635.023;311.939605712891;0
2636.473;331.470977783203;0
2637.922;350.109924316406;0
2639.368;364.130767822266;0
2640.816;328.593475341797;0
2642.261;271.310455322266;0
2643.705;209.017807006836;0
2645.151;196.774368286133;0
2646.596;193.451034545898;0
2648.037;231.721633911133;0
2649.48;241.100570678711;0
2650.923;261.698852539063;0
2652.364;288.144805908203;0
2653.804;304.425689697266;0
2655.243;292.368804931641;0
2656.683;295.862762451172;0
2658.121;280.129486083984;0
2659.559;272.281280517578;0
2660.997;267.239379882813;0
2662.433;250.859024047851;0
2663.868;301.378112792969;0
2665.305;267.930999755859;0
2666.737;262.217987060547;0
2668.173;249.061752319336;0
2669.606;250.284118652344;0
2671.038;286.99853515625;0
2672.47;214.8173828125;0
2673.901;211.528991699219;0
2675.331;185.477966308594;0
2676.761;247.734069824219;0
2678.189;195.5146484375;0
2679.619;187.486419677734;0
2681.045;110.496650695801;0
2682.473;182.616806030274;0
2683.9;181.150497436523;0
2685.324;211.204055786133;0
2686.749;190.141723632813;0
2688.176;201.156524658203;0
2689.599;157.478958129883;0
2691.021;141.454360961914;0
2692.444;113.183906555176;0
2693.865;170.867752075195;0
2695.287;131.477081298828;0
2696.707;172.463027954102;0
2698.125;170.929840087891;0
2699.545;240.130447387695;0
2700.963;169.21533203125;0
2702.381;174.524856567383;0
2703.798;153.648941040039;0
2705.214;203.698257446289;0
2706.629;205.520324707031;0
2708.046;264.400787353516;0
2709.458;276.359161376953;0
2710.872;288.327362060547;0
2712.285;274.513763427734;0
2713.699;287.807952880859;0
2715.111;295.766021728516;0
2716.52;256.800140380859;0
2717.93;276.1328125;0
2719.342;204.774337768555;0
2720.749;199.929626464844;0
2722.159;152.984100341797;0
2723.565;194.363098144531;0
2724.971;199.587860107422;0
2726.38;213.433746337891;0
2727.785;184.012939453125;0
2729.19;220.671630859375;0
2730.594;229.173629760742;0
2731.997;286.07470703125;0
2733.401;225.152923583984;0
2734.803;216.521041870117;0
2736.204;204.550445556641;0
2737.606;252.587539672851;0
2739.005;269.916046142578;0
2740.405;304.091857910156;0
2741.806;343.559692382813;0
2743.202;371.3193359375;0
2744.602;332.259735107422;0
2745.998;297.602966308594;0
2747.395;268.015991210938;0
2748.79;268.237976074219;0
2750.185;237.6796875;0
2751.58;245.079483032226;0
2752.975;314.539337158203;0
2754.366;341.958068847656;0
2755.759;360.375701904297;0
2757.151;307.569610595703;0
2758.542;296.539215087891;0
2759.933;273.951202392578;0
2761.322;308.613159179688;0
2762.71;316.642395019531;0
2764.1;291.783355712891;0
2765.486;256.256652832031;0
2766.875;247.199371337891;0
2768.26;311.172119140625;0
2769.646;316.880310058594;0
2771.031;318.768859863281;0
2772.418;283.989868164063;0
2773.799;284.210296630859;0
2775.184;289.378662109375;0
2776.565;316.295135498047;0
2777.946;305.951232910156;0
2779.328;335.155944824219;0
2780.708;293.901580810547;0
2782.09;314.727661132813;0
2783.469;280.93994140625;0
2784.847;321.290771484375;0
2786.226;332.568054199219;0
2787.603;351.359375;0
2788.978;295.886962890625;0
2790.355;281.976776123047;0
2791.731;275.872497558594;0
2793.104;333.976379394531;0
2794.479;327.524749755859;0
2795.853;310.962310791016;0
2797.225;274.622406005859;0
2798.596;273.722534179687;0
2799.967;271.522613525391;0
2801.341;248.283599853516;0
2802.71;202.996017456055;0
2804.077;164.141754150391;0
2805.447;168.465072631836;0
2806.815;191.385040283203;0
2808.183;154.460235595703;0
2809.551;118.911811828613;0
2810.915;114.426719665527;0
2812.282;157.430862426758;0
2813.646;144.420471191406;0
2815.011;98.4548721313477;0
2816.375;101.976638793945;0
2817.736;119.096046447754;0
2819.099;171.590347290039;0
2820.462;154.903823852539;0
2821.821;146.258560180664;0
2823.182;103.766693115234;0
2824.542;88.0951538085938;0
2825.901;70.2438888549805;0
2827.261;119.991249084473;0
2828.617;141.892318725586;0
2829.974;152.391220092773;0
2831.33;113.508010864258;0
2832.686;114.087379455566;0
2834.043;162.557830810547;0
2835.395;190.807968139648;0
2836.75;215.798294067383;0
2838.104;227.084487915039;0
2839.456;209.222381591797;0
2840.807;171.422897338867;0
2842.16;160.59342956543;0
2843.509;153.578079223633;0
2844.858;146.96501159668;0
2846.209;105.238288879395;0
2847.556;101.845268249512;0
2848.906;137.674530029297;0
2850.253;144.1708984375;0
2851.6;176.66748046875;0
2852.946;171.567916870117;0
2854.29;170.983673095703;0
2855.635;178.02571105957;0
2856.98;155.694046020508;0
2858.323;184.804016113281;0
2859.665;144.540222167969;0
2861.008;167.288208007813;0
2862.349;151.25651550293;0
2863.691;137.057632446289;0
2865.031;90.6812362670898;0
2866.37;86.3325500488281;0
2867.709;77.0540313720703;0
2869.048;120.107261657715;0
2870.385;140.268890380859;0
2871.722;187.163711547852;0
2873.059;185.015029907227;0
2874.394;181.155838012695;0
2875.73;182.252532958984;0
2877.064;151.342315673828;0
2878.398;158.684448242188;0
2879.731;119.352203369141;0
2881.063;159.295562744141;0
2882.395;157.23046875;0
2883.727;199.355850219727;0
2885.059;210.837280273438;0
2886.387;193.321258544922;0
2887.717;189.126983642578;0
2889.046;163.255325317383;0
2890.374;173.57633972168;0
2891.699;170.664108276367;0
2893.028;237.384002685547;0
2894.354;232.450790405273;0
2895.679;238.2939453125;0
2897.004;237.08821105957;0
2898.328;286.944366455078;0
2899.653;310.306457519531;0
2900.976;268.008605957031;0
2902.297;238.15885925293;0
2903.619;228.592071533203;0
2904.941;237.752670288086;0
2906.26;255.346145629883;0
2907.58;250.294952392578;0
2908.898;264.343719482422;0
2910.217;238.394561767578;0
2911.536;244.531143188476;0
2912.852;233.546875;0
2914.171;222.664291381836;0
2915.485;213.550308227539;0
2916.799;244.649627685547;0
2918.116;258.518096923828;0
2919.428;225.721557617188;0
2920.743;196.794631958008;0
2922.056;209.747543334961;0
2923.367;233.025024414063;0
2924.679;239.73974609375;0
2925.99;223.336807250977;0
2927.299;224.482849121094;0
2928.609;196.177749633789;0
2929.918;228.199569702149;0
2931.226;224.215255737305;0
2932.535;226.113616943359;0
2933.841;211.672821044922;0
2935.149;243.336807250977;0
2936.455;244.440170288086;0
2937.758;264.649108886719;0
2939.064;269.925537109375;0
2940.368;322.157348632812;0
2941.67;295.789001464844;0
2942.973;276.598999023438;0
2944.277;212.851943969727;0
2945.577;189.91748046875;0
2946.878;191.200637817383;0
2948.178;200.480026245117;0
2949.477;198.534362792969;0
2950.776;188.584503173828;0
2952.073;218.297119140625;0
2953.372;250.00553894043;0
2954.669;265.155181884766;0
2955.965;288.987274169922;0
2957.261;299.79296875;0
2958.556;302.044616699219;0
2959.849;259.33837890625;0
2961.145;237.706268310547;0
2962.436;224.846466064453;0
2963.732;242.196502685547;0
2965.022;300.21435546875;0
2966.313;302.788879394531;0
2967.603;305.808959960937;0
2968.893;218.941360473633;0
2970.182;234.157791137695;0
2971.471;212.350830078125;0
2972.759;216.09130859375;0
2974.047;221.127105712891;0
2975.334;214.799377441406;0
2976.62;230.602752685547;0
2977.907;187.168106079102;0
2979.192;189.830459594727;0
2980.475;193.866104125977;0
2981.76;234.830596923828;0
2983.043;214.797454833984;0
2984.326;240.622253417969;0
2985.607;203.560577392578;0
2986.888;205.023071289063;0
2988.17;153.63737487793;0
2989.449;157.736434936523;0
2990.728;133.660522460938;0
2992.007;132.068740844727;0
2993.284;88.8501968383789;0
2994.562;112.115440368652;0
2995.84;129.642562866211;0
2997.115;182.765243530273;0
2998.393;153.483108520508;0
2999.666;113.351409912109;0
3000.94;53.1476554870605;0
3002.215;90.2265396118164;0
3003.486;94.0105667114258;0
3004.76;158.388336181641;0
3006.033;166.941162109375;0
3007.303;175.642105102539;0
3008.573;84.9350051879883;0
3009.844;36.1526374816895;0
3011.114;33.6288871765137;0
3012.383;80.1103439331055;0
3013.649;102.577919006348;0
3014.917;49.388484954834;0
3016.185;53.7927474975586;0
3017.451;34.5692329406738;0
3018.716;66.9391784667969;0
3019.983;55.4568099975586;0
3021.246;60.1221160888672;0
3022.509;99.601203918457;0
3023.774;94.6611785888672;0
3025.035;94.2005462646484;0
3026.299;99.885871887207;0
3027.56;129.050399780273;0
3028.819;166.250839233398;0
3030.081;141.160781860352;0
3031.339;136.448135375977;0
3032.598;115.488616943359;0
3033.856;102.878082275391;0
3035.114;62.9976272583008;0
3036.372;51.906608581543;0
3037.628;73.0734176635742;0
3038.883;123.301246643066;0
3040.138;119.478996276855;0
3041.394;94.6524887084961;0
3042.646;92.3968963623047;0
3043.9;113.089981079102;0
3045.152;126.620513916016;0
3046.405;115.92261505127;0
3047.657;94.4404144287109;0
3048.906;94.9184341430664;0
3050.158;63.2377052307129;0
3051.407;109.058868408203;0
3052.656;126.664978027344;0
3053.904;155.439514160156;0
3055.153;130.04948425293;0
3056.398;146.940155029297;0
3057.647;160.665237426758;0
3058.892;129.336654663086;0
3060.137;160.153137207031;0
3061.382;137.9384765625;0
3062.625;158.114151000977;0
3063.869;122.79125213623;0
3065.112;174.184494018555;0
3066.353;202.523040771484;0
3067.595;208.139465332031;0
3068.838;215.302780151367;0
3070.075;226.254898071289;0
3071.317;257.819610595703;0
3072.557;201.219100952148;0
3073.795;197.786727905273;0
3075.032;174.745788574219;0
3076.27;181.853637695313;0
3077.507;192.687454223633;0
3078.742;177.691711425781;0
3079.978;203.173355102539;0
3081.212;199.488739013672;0
3082.446;219.644577026367;0
3083.681;206.637115478516;0
3084.913;201.165603637695;0
3086.147;187.828414916992;0
3087.38;184.644821166992;0
3088.61;192.146499633789;0
3089.84;215.393417358398;0
3091.071;250.534042358398;0
3092.3;265.886627197266;0
3093.529;237.470321655273;0
3094.755;225.379196166992;0
3095.984;194.268600463867;0
3097.211;218.71647644043;0
3098.438;225.379638671875;0
3099.663;229.147918701172;0
3100.888;175.909973144531;0
3102.112;155.905700683594;0
3103.335;172.401718139648;0
3104.56;220.633819580078;0
3105.782;225.331848144531;0
3107.005;191.555328369141;0
3108.226;175.438064575195;0
3109.447;173.356842041016;0
3110.667;192.534378051758;0
3111.887;210.970703125;0
3113.104;225.332458496094;0
3114.324;190.573913574219;0
3115.541;181.453231811523;0
3116.758;177.037307739258;0
3117.976;234.104049682617;0
3119.192;241.941543579102;0
3120.408;249.105514526367;0
3121.622;242.485015869141;0
3122.835;210.745651245117;0
3124.05;200.732452392578;0
3125.262;165.363861083984;0
3126.476;183.923965454102;0
3127.687;170.699356079102;0
3128.897;191.870025634766;0
3130.108;179.303848266602;0
3131.319;193.555480957031;0
3132.528;161.315490722656;0
3133.737;164.650909423828;0
3134.945;153.807373046875;0
3136.152;148.472579956055;0
3137.358;167.697647094727;0
3138.565;148.633605957031;0
3139.772;185.170227050781;0
3140.976;148.594436645508;0
3142.18;154.553573608398;0
3143.385;129.890869140625;0
3144.588;138.051040649414;0
3145.79;143.145523071289;0
3146.993;124.062347412109;0
3148.194;120.46728515625;0
3149.395;110.027328491211;0
3150.596;149.965194702148;0
3151.794;152.836776733398;0
3152.994;149.646499633789;0
3154.193;120.698699951172;0
3155.39;114.128318786621;0
3156.587;155.619888305664;0
3157.784;163.111770629883;0
3158.982;138.381713867188;0
3160.177;98.0966949462891;0
3161.37;101.168495178223;0
3162.565;116.337554931641;0
3163.759;95.6192398071289;0
3164.952;100.884857177734;0
3166.146;93.2637557983398;0
3167.337;121.989555358887;0
3168.527;120.543075561523;0
3169.719;128.926895141602;0
3170.91;120.918952941895;0
3172.098;101.913131713867;0
3173.288;80.779296875;0
3174.475;68.538444519043;0
3175.663;61.7123222351074;0
3176.849;104.23770904541;0
3178.037;136.143585205078;0
3179.223;195.052780151367;0
3180.408;196.187103271484;0
3181.592;182.435165405273;0
3182.777;136.13020324707;0
3183.96;118.04997253418;0
3185.143;116.749473571777;0
3186.325;144.006210327148;0
3187.507;161.819900512695;0
3188.688;171.079635620117;0
3189.869;159.119659423828;0
3191.049;152.051895141602;0
3192.228;143.98762512207;0
3193.406;140.704818725586;0
3194.585;148.20295715332;0
3195.763;146.08625793457;0
3196.939;114.823432922363;0
3198.116;117.163970947266;0
3199.292;126.808143615723;0
3200.466;145.118179321289;0
3201.643;159.31608581543;0
3202.816;142.73454284668;0
3203.991;153.372375488281;0
3205.161;132.118133544922;0
3206.334;115.506683349609;0
3207.504;127.709121704102;0
3208.677;153.278793334961;0
3209.846;175.955261230469;0
3211.017;215.243453979492;0
3212.187;215.637420654297;0
3213.356;250.803588867188;0
3214.524;215.105102539063;0
3215.69;191.682952880859;0
3216.859;199.921112060547;0
3218.024;176.375015258789;0
3219.189;210.155807495117;0
3220.354;194.485214233398;0
3221.519;211.141159057617;0
3222.682;179.233703613281;0
3223.845;145.673553466797;0
3225.01;118.884986877441;0
3226.171;132.708023071289;0
3227.332;129.414321899414;0
3228.494;178.448684692383;0
3229.655;162.698654174805;0
3230.814;203.830856323242;0
3231.973;192.513809204102;0
3233.13;202.275238037109;0
3234.29;163.251647949219;0
3235.447;172.937973022461;0
3236.605;162.518981933594;0
3237.76;162.082214355469;0
3238.916;135.252914428711;0
3240.071;156.475051879883;0
3241.224;182.133102416992;0
3242.381;218.670928955078;0
3243.532;198.5498046875;0
3244.685;177.618011474609;0
3245.839;121.788063049316;0
3246.99;136.072677612305;0
3248.141;154.905090332031;0
3249.292;184.28630065918;0
3250.439;200.438903808594;0
3251.589;209.585220336914;0
3252.739;236.503005981445;0
3253.886;246.859512329102;0
3255.034;249.766128540039;0
3256.18;219.111999511719;0
3257.326;215.008056640625;0
3258.472;201.67561340332;0
3259.617;259.558441162109;0
3260.761;227.767639160156;0
3261.905;213.082290649414;0
3263.048;180.042297363281;0
3264.19;163.667205810547;0
3265.333;176.991256713867;0
3266.475;148.988616943359;0
3267.617;158.658065795898;0
3268.757;170.728958129883;0
3269.896;180.5;0
3271.036;191.635391235352;0
3272.175;191.769348144531;0
3273.313;186.679336547852;0
3274.449;198.374908447266;0
3275.586;162.198471069336;0
3276.722;178.686080932617;0
3277.859;165.949813842773;0
3278.993;197.817886352539;0
3280.13;177.686553955078;0
3281.263;152.445465087891;0
3282.395;124.287231445313;0
3283.529;135.186721801758;0
3284.66;175.533401489258;0
3285.794;223.179885864258;0
3286.924;223.830001831055;0
3288.054;212.664825439453;0
3289.185;190.725616455078;0
3290.313;181.567855834961;0
3291.443;183.190887451172;0
3292.571;196.482864379883;0
3293.698;210.664367675781;0
3294.824;200.401397705078;0
3295.952;195.361190795898;0
3297.077;196.54508972168;0
3298.203;196.953155517578;0
3299.328;179.027938842773;0
3300.45;185.672073364258;0
3301.574;170.701019287109;0
3302.698;161.575622558594;0
3303.819;136.327728271484;0
3304.942;162.154830932617;0
3306.064;198.316619873047;0
3307.182;219.812591552734;0
3308.303;187.0869140625;0
3309.423;160.695907592773;0
3310.542;129.400802612305;0
3311.66;140.132583618164;0
3312.778;119.423027038574;0
3313.895;155.105041503906;0
3315.012;139.681915283203;0
3316.128;151.748992919922;0
3317.243;156.48893737793;0
3318.357;187.790679931641;0
3319.471;214.543075561523;0
3320.586;180.412811279297;0
3321.698;202.559417724609;0
3322.813;193.483291625977;0
3323.923;201.683120727539;0
3325.034;198.892959594727;0
3326.146;201.656707763672;0
3327.255;189.196411132813;0
3328.366;165.734954833984;0
3329.474;125.509613037109;0
3330.582;139.00617980957;0
3331.691;133.831253051758;0
3332.797;168.417831420898;0
3333.905;134.998153686523;0
3335.011;96.1696624755859;0
3336.116;96.7983474731445;0
3337.22;108.067749023437;0
3338.327;143.287322998047;0
3339.429;108.834075927734;0
3340.534;97.9195938110352;0
3341.635;97.868278503418;0
3342.737;133.440536499023;0
3343.84;157.452362060547;0
3344.94;134.793991088867;0
3346.041;128.243255615234;0
3347.142;124.800773620605;0
3348.24;122.687278747559;0
3349.337;129.161819458008;0
3350.437;109.368057250977;0
3351.534;129.495361328125;0
3352.633;96.3844375610352;0
3353.727;124.311889648438;0
3354.823;131.013534545898;0
3355.919;134.269973754883;0
3357.013;152.693328857422;0
3358.108;155.377258300781;0
3359.201;192.281219482422;0
3360.293;191.515579223633;0
3361.385;189.858612060547;0
3362.478;174.088653564453;0
3363.569;142.761871337891;0
3364.661;121.433639526367;0
3365.75;93.8966903686524;0
3366.838;71.1992340087891;0
3367.929;104.93505859375;0
3369.017;119.432807922363;0
3370.105;168.023178100586;0
3371.193;192.117858886719;0
3372.279;214.4482421875;0
3373.364;201.904281616211;0
3374.45;149.672607421875;0
3375.534;145.553558349609;0
3376.62;157.551376342773;0
3377.704;169.295364379883;0
3378.786;134.003021240234;0
3379.871;117.297149658203;0
3380.951;137.690536499023;0
3382.034;190.240692138672;0
3383.114;185.392639160156;0
3384.195;167.912155151367;0
3385.276;135.223678588867;0
3386.354;114.842948913574;0
3387.433;101.079238891602;0
3388.511;105.859649658203;0
3389.588;138.082901000977;0
3390.664;178.915084838867;0
3391.742;178.135009765625;0
3392.816;176.677947998047;0
3393.893;135.731491088867;0
3394.968;142.41471862793;0
3396.042;177.946472167969;0
3397.115;182.863357543945;0
3398.189;166.544723510742;0
3399.262;132.992126464844;0
3400.333;136.486358642578;0
3401.404;133.409469604492;0
3402.474;145.148895263672;0
3403.545;146.955215454102;0
3404.615;174.08528137207;0
3405.685;173.649932861328;0
3406.752;172.759994506836;0
3407.82;187.96598815918;0
3408.888;200.831604003906;0
3409.955;205.961975097656;0
3411.021;182.965774536133;0
3412.085;179.691955566406;0
3413.151;176.893432617187;0
3414.215;200.231857299805;0
3415.279;176.010498046875;0
3416.343;189.020874023438;0
3417.406;173.806503295898;0
3418.468;184.258056640625;0
3419.53;138.488311767578;0
3420.592;124.985801696777;0
3421.652;130.759552001953;0
3422.712;184.434646606445;0
3423.773;190.885543823242;0
3424.83;186.225799560547;0
3425.889;181.4580078125;0
3426.946;212.364181518555;0
3428.005;215.61018371582;0
3429.061;237.976943969727;0
3430.117;202.355255126953;0
3431.172;198.745574951172;0
3432.227;164.259246826172;0
3433.281;146.115280151367;0
3434.335;145.903289794922;0
3435.389;144.222579956055;0
3436.44;166.496109008789;0
3437.492;174.830230712891;0
3438.546;163.595993041992;0
3439.598;143.369705200195;0
3440.646;128.707000732422;0
3441.697;132.781021118164;0
3442.745;155.324859619141;0
3443.793;148.104858398438;0
3444.842;183.453475952148;0
3445.891;202.592147827148;0
3446.937;219.491271972656;0
3447.984;205.709625244141;0
3449.031;197.283554077148;0
3450.075;206.765426635742;0
3451.12;192.103317260742;0
3452.164;186.641616821289;0
3453.207;170.563125610352;0
3454.251;161.663467407227;0
3455.293;156.924255371094;0
3456.336;124.156028747559;0
3457.378;117.439399719238;0
3458.417;112.972221374512;0
3459.458;118.382736206055;0
3460.498;125.162666320801;0
3461.539;129.236831665039;0
3462.577;127.426742553711;0
3463.614;143.420654296875;0
3464.651;123.246879577637;0
3465.689;177.191986083984;0
3466.726;160.674163818359;0
3467.763;155.772247314453;0
3468.798;97.6178741455078;0
3469.831;87.7908020019531;0
3470.866;85.0053482055664;0
3471.9;95.5820541381836;0
3472.933;85.3833618164063;0
3473.966;79.5236129760742;0
3474.999;71.0217742919922;0
3476.029;84.9934310913086;0
3477.061;109.502151489258;0
3478.09;99.0153274536133;0
3479.121;88.4453659057617;0
3480.15;91.6464462280273;0
3481.178;94.6336059570313;0
3482.205;102.655395507813;0
3483.234;84.0441436767578;0
3484.26;98.7859573364258;0
3485.288;121.93041229248;0
3486.313;145.491989135742;0
3487.337;145.612228393555;0
3488.364;123.114463806152;0
3489.387;107.375541687012;0
3490.411;118.645523071289;0
3491.434;121.750015258789;0
3492.456;130.869003295898;0
3493.479;136.104019165039;0
3494.5;162.977600097656;0
3495.521;131.627548217773;0
3496.543;116.90926361084;0
3497.561;74.1627883911133;0
3498.579;42.6802520751953;0
3499.6;10.8224420547485;0
3500.618;-41.6291427612305;0
3501.636;-32.2551651000977;0
3502.653;-48.6485900878906;0
3503.669;-0.308912962675095;0
3504.685;7.34690475463867;0
3505.699;19.7076568603516;0
3506.716;-9.81874561309814;0
3507.729;-28.5246143341064;0
3508.743;-19.9554405212402;0
3509.755;-12.5416669845581;0
