98.64605;0;0
101.2353;0;0
103.8217;0;0
106.4096;-11.5555553436279;0
108.9945;-58.7333335876465;0
111.5767;-49.0793647766113;0
114.1602;14.938271522522;0
116.7409;73.4646453857422;0
119.3209;60.6068382263184;0
121.9002;55.8814811706543;0
124.4788;-2.75163388252258;0
127.0566;7.59064340591431;0
129.6317;-7.73015880584717;0
132.2038;59.3381652832031;0
134.7796;52.3955841064453;0
137.3503;37.7806167602539;0
139.9204;8.04232883453369;0
142.4919;65.3550109863281;0
145.0584;171.697128295898;0
147.6242;204.266815185547;0
150.1914;213.315460205078;0
152.7579;190.085601806641;0
155.3216;216.596328735352;0
157.8846;283.920013427734;0
160.4448;307.222351074219;0
163.0085;293.699890136719;0
165.5672;241.809631347656;0
168.1232;236.923858642578;0
170.6826;271.840087890625;0
173.2372;310.945587158203;0
175.7931;335.893035888672;0
178.3463;356.903564453125;0
180.8966;411.299987792969;0
183.4504;460.770385742188;0
185.9993;506.979919433594;0
188.5476;510.133331298828;0
191.0972;556.98974609375;0
193.644;530.502746582031;0
196.1859;512.26708984375;0
198.7335;490.743804931641;0
201.2761;546.135498046875;0
203.8201;578.247741699219;0
206.3593;612.913024902344;0
208.8998;616.04248046875;0
211.4397;661.217102050781;0
213.9746;662.732116699219;0
216.5109;660.257507324219;0
219.0487;651.882751464844;0
221.5816;709.050842285156;0
224.1158;761.86181640625;0
226.6473;765.907836914062;0
229.176;759.363098144531;0
231.7082;767.820861816406;0
234.2355;845.763366699219;0
236.7643;856.55859375;0
239.2902;834.379577636719;0
241.8133;815.032409667969;0
244.3379;762.424133300781;0
246.8618;767.782348632813;0
249.3828;757.760314941406;0
251.9053;749.770324707031;0
254.423;795.955383300781;0
256.942;757.609558105469;0
259.4603;825.127380371094;0
261.9759;769.068786621094;0
264.4887;771.172485351563;0
267.005;682.70263671875;0
269.5164;625.242309570313;0
272.0292;660.0693359375;0
274.5393;765.338623046875;0
277.0466;840.992065429688;0
279.5574;826.273376464844;0
282.0654;812.338806152344;0
284.5686;877.112915039062;0
287.0752;884.852111816406;0
289.5791;865.685302734375;0
292.0803;855.721801757813;0
294.5828;860.437683105469;0
297.0826;835.178833007813;0
299.5838;752.713439941406;0
302.0801;706.050598144531;0
304.5758;679.959289550781;0
307.0749;689.622924804688;0
309.5672;727.990417480469;0
312.0608;718.67724609375;0
314.5558;712.468688964844;0
317.044;646.253723144531;0
319.5377;689.654174804687;0
322.0266;706.679077148438;0
324.5127;716.974182128906;0
327.0023;685.835205078125;0
329.4871;738.896484375;0
331.9691;851.950134277344;0
334.4547;952.705688476562;0
336.9353;904.262573242187;0
339.4174;886.657653808594;0
341.901;865.177001953125;0
344.3776;844.480712890625;0
346.8577;879.868957519531;0
349.333;903.029113769531;0
351.8076;972.902648925781;0
354.2857;924.870971679688;0
356.7569;893.328247070312;0
359.2296;822.068176269531;0
361.7015;775.050537109375;0
364.1729;702.583557128906;0
366.6414;766.856140136719;0
369.1093;764.639953613281;0
371.5745;763.592529296875;0
374.0432;721.781372070313;0
376.507;718.054138183594;0
378.9702;682.368469238281;0
381.4348;662.945190429688;0
383.8947;685.366333007813;0
386.3538;783.581787109375;0
388.8144;753.462768554688;0
391.2722;776.165161132813;0
393.7314;769.94287109375;0
396.1859;863.376220703125;0
398.6418;906.014892578125;0
401.0949;985.435974121094;0
403.5475;977.536071777344;0
405.9972;984.928344726563;0
408.4505;1009.38275146484;0
410.899;1062.27893066406;0
413.3468;1046.22119140625;0
415.796;997.967956542969;0
418.2405;938.596862792969;0
420.6884;923.157653808594;0
423.1295;866.278137207031;0
425.572;867.756591796875;0
428.0159;810.147094726563;0
430.455;800.670471191406;0
432.8956;780.172302246094;0
435.3335;788.719604492188;0
437.7707;802.056762695313;0
440.2093;757.435302734375;0
442.6432;730.532897949219;0
445.0764;684.353088378906;0
447.511;724.688720703125;0
449.9429;823.937744140625;0
452.3721;824.901611328125;0
454.8048;894.503234863281;0
457.2328;803.848937988281;0
459.66;801.720703125;0
462.0847;737.346252441406;0
464.5127;757.501159667969;0
466.9381;830.513732910156;0
469.3587;830.360534667969;0
471.7807;840.673278808594;0
474.2042;885.729675292969;0
476.6229;867.812561035156;0
479.041;910.611633300781;0
481.4604;831.187194824219;0
483.8752;904.580749511719;0
486.2934;870.799743652344;0
488.7068;842.296936035156;0
491.1197;806.890686035156;0
493.5339;823.415405273437;0
495.9435;830.171203613281;0
498.3544;774.600036621094;0
500.7667;762.416076660156;0
503.1723;791.353942871094;0
505.5793;829.412353515625;0
507.9856;794.59130859375;0
510.3913;765.205078125;0
512.7944;737.132263183594;0
515.1968;716.004455566406;0
517.5986;640.556701660156;0
519.9997;582.190063476563;0
522.3982;553.501770019531;0
524.798;543.851196289063;0
527.1973;586.924194335938;0
529.5919;578.430908203125;0
531.9899;583.710510253906;0
534.3832;594.231201171875;0
536.7758;649.915100097656;0
539.1699;652.845642089844;0
541.5593;659.157897949219;0
543.9481;680.599609375;0
546.3382;773.173034667969;0
548.7257;749.066101074219;0
551.1146;743.200622558594;0
553.4968;666.173828125;0
555.8824;676.950744628906;0
558.2675;618.536010742187;0
560.6478;684.611450195313;0
563.0295;699.391967773438;0
565.4106;723.322143554688;0
567.7911;672.84423828125;0
570.169;637.183044433594;0
572.5462;643.565979003906;0
574.9229;668.342529296875;0
577.2968;693.892517089844;0
579.6721;678.481567382813;0
582.0449;615.443054199219;0
584.417;537.999267578125;0
586.7885;426.150268554687;0
589.1553;416.333862304687;0
591.5255;381.168365478516;0
593.8931;401.167358398438;0
596.2601;406.00146484375;0
598.6265;415.861267089844;0
600.9902;425.963989257813;0
603.3554;437.078857421875;0
605.7179;466.431732177734;0
608.0778;502.316925048828;0
610.4391;483.899322509766;0
612.7977;511.220794677734;0
615.1558;538.579650878906;0
617.5132;603.663391113281;0
619.8701;653.735656738281;0
622.2263;682.443176269531;0
624.5779;742.118408203125;0
626.9308;780.124267578125;0
629.2852;807.101440429688;0
631.6349;762.341125488281;0
633.9841;748.341430664063;0
636.3326;755.155090332031;0
638.6805;842.535522460938;0
641.0279;852.424072265625;0
643.3746;918.654479980469;0
645.7187;918.589111328125;0
648.0621;914.452941894531;0
650.405;815.799682617188;0
652.7453;765.737854003906;0
655.087;779.783630371094;0
657.426;782.419738769531;0
659.7645;783.646362304688;0
662.1024;827.351684570313;0
664.4376;826.760803222656;0
666.7742;796.43798828125;0
669.1063;666.938781738281;0
671.4398;662.2724609375;0
673.7726;615.148742675781;0
676.1048;629.567138671875;0
678.4324;645.94775390625;0
680.7635;682.700561523437;0
683.0919;714.978881835937;0
685.4158;659.043701171875;0
687.743;686.430419921875;0
690.0696;644.433654785156;0
692.3937;697.056091308594;0
694.7151;672.516723632812;0
697.038;706.070251464844;0
699.3583;657.666381835938;0
701.6779;666.356567382813;0
703.995;645.983764648438;0
706.3155;658.102905273438;0
708.6294;605.155151367187;0
710.9467;599.917297363281;0
713.2594;666.147888183594;0
715.5735;642.977111816406;0
717.887;663.585693359375;0
720.1979;610.01513671875;0
722.5083;743.073913574219;0
724.818;731.066467285156;0
727.1252;691.774536132813;0
729.4357;632.642211914063;0
731.7418;618.718078613281;0
734.0452;668.550537109375;0
736.35;624.992309570313;0
738.6522;623.937255859375;0
740.9539;611.394775390625;0
743.2569;670.521179199219;0
745.5554;581.696655273438;0
747.8553;542.136169433594;0
750.1545;491.111572265625;0
752.4513;560.721557617188;0
754.7474;549.961181640625;0
757.043;500.820373535156;0
759.336;546.90185546875;0
761.6304;582.801391601562;0
763.9222;545.783386230469;0
766.2114;457.318206787109;0
768.5041;403.113372802734;0
770.7922;362.658538818359;0
773.0777;352.883026123047;0
775.3647;400.660064697266;0
777.651;506.877532958984;0
779.9368;508.159790039063;0
782.22;481.258209228516;0
784.5026;447.836212158203;0
786.7847;472.226318359375;0
789.0662;412.428344726563;0
791.3451;435.401763916016;0
793.6254;495.345001220703;0
795.9012;594.583862304687;0
798.1784;670.464233398438;0
800.455;657.268127441406;0
802.7291;628.991760253906;0
805.0026;557.969482421875;0
807.2755;558.231567382813;0
809.5478;539.082214355469;0
811.8176;569.64111328125;0
814.0869;586.924682617188;0
816.3535;645.169738769531;0
818.6235;647.551025390625;0
820.8911;595.734924316406;0
823.156;606.459716796875;0
825.4204;598.761169433594;0
827.6823;642.1923828125;0
829.9474;643.200805664062;0
832.2082;686.864318847656;0
834.4683;693.551391601563;0
836.7279;735.328125;0
838.9869;691.3505859375;0
841.2453;701.840942382813;0
843.5012;676.354431152344;0
845.7565;744.113403320313;0
848.0133;741.470520019531;0
850.2655;753.962219238281;0
852.5153;681.6298828125;0
854.7703;667.765502929687;0
857.0189;572.116088867188;0
859.2668;510.154937744141;0
861.5182;414.544799804688;0
863.7651;376.73046875;0
866.0114;352.205139160156;0
868.2592;404.699249267578;0
870.5024;470.999450683594;0
872.7451;534.773498535156;0
874.9872;517.243774414062;0
877.2307;443.630828857422;0
879.4717;357.933746337891;0
881.7101;308.486206054687;0
883.95;339.598083496094;0
886.1854;386.693969726563;0
888.4202;397.222320556641;0
890.6604;412.561584472656;0
892.8941;412.600891113281;0
895.1253;493.786834716797;0
897.3599;469.453521728516;0
899.59;490.488616943359;0
901.8195;373.113159179688;0
904.0504;413.772583007813;0
906.2789;349.830474853516;0
908.5087;392.327209472656;0
910.7341;320.164520263672;0
912.9589;350.042053222656;0
915.1851;338.626403808594;0
917.4088;406.695434570313;0
919.63;407.690155029297;0
921.8526;397.167236328125;0
924.0727;320.979675292969;0
926.2922;348.889801025391;0
928.5112;410.905151367187;0
930.7277;382.45751953125;0
932.9476;368.152099609375;0
935.163;332.877288818359;0
937.3739;330.298797607422;0
939.5901;267.938934326172;0
941.8019;244.271667480469;0
944.0151;212.121551513672;0
946.2258;219.933090209961;0
948.4341;144.859924316406;0
950.6456;172.410125732422;0
952.8527;114.812866210938;0
955.0593;93.6239624023438;0
957.2653;58.2928848266602;0
959.4689;118.152961730957;0
961.6738;119.53833770752;0
963.8782;120.558731079102;0
966.0782;36.4371299743652;0
968.2815;68.2846450805664;0
970.4803;10.7684421539307;0
972.6787;83.3333435058594;0
974.8784;117.979827880859;0
977.0757;225.609283447266;0
979.2704;179.93603515625;0
981.4667;111.169593811035;0
983.6603;102.043418884277;0
985.8535;162.894515991211;0
988.0461;220.110122680664;0
990.2363;148.804656982422;0
992.4297;252.584259033203;0
994.6169;338.267242431641;0
996.8035;479.908905029297;0
998.9933;438.287933349609;0
1001.179;482.142425537109;0
1003.364;506.693572998047;0
1005.55;465.606231689453;0
1007.732;523.989624023438;0
1009.916;482.399291992188;0
1012.096;553.722473144531;0
1014.275;431.980163574219;0
1016.459;465.641998291016;0
1018.636;456.253540039063;0
1020.813;467.880828857422;0
1022.991;477.409881591797;0
1025.165;556.283020019531;0
1027.34;531.055114746094;0
1029.515;544.83837890625;0
1031.687;428.743713378906;0
1033.859;497.770355224609;0
1036.03;447.694305419922;0
1038.199;476.739868164063;0
1040.369;384.462036132813;0
1042.536;391.304138183594;0
1044.704;336.042785644531;0
1046.87;436.787567138672;0
1049.034;431.20849609375;0
1051.198;372.972442626953;0
1053.363;202.419326782227;0
1055.526;166.998031616211;0
1057.686;204.197143554688;0
1059.845;200.639923095703;0
1062.005;114.659706115723;0
1064.165;90.1992797851563;0
1066.323;124.258979797363;0
1068.477;124.728958129883;0
1070.634;173.343231201172;0
1072.788;164.536544799805;0
1074.942;168.625762939453;0
1077.096;112.962547302246;0
1079.247;152.111358642578;0
1081.397;244.787231445312;0
1083.547;233.880920410156;0
1085.695;247.612503051758;0
1087.844;233.426406860352;0
1089.992;234.655181884766;0
1092.138;187.632141113281;0
1094.284;194.571228027344;0
1096.425;278.060974121094;0
1098.571;310.18701171875;0
1100.711;293.171600341797;0
1102.851;265.236480712891;0
1104.994;272.591369628906;0
1107.132;273.299743652344;0
1109.271;258.707580566406;0
1111.408;249.970397949219;0
1113.543;242.195571899414;0
1115.682;314.995880126953;0
1117.816;384.590240478516;0
1119.947;466.705841064453;0
1122.08;419.411926269531;0
1124.213;365.431182861328;0
1126.343;334.355895996094;0
1128.474;288.741668701172;0
1130.602;267.255096435547;0
1132.728;263.340698242188;0
1134.856;219.109512329102;0
1136.982;214.117156982422;0
1139.109;145.365112304688;0
1141.234;178.632339477539;0
1143.356;196.25163269043;0
1145.479;164.778549194336;0
1147.599;111.879783630371;0
1149.719;64.9997482299805;0
1151.839;101.527351379395;0
1153.957;172.407028198242;0
1156.076;173.86100769043;0
1158.191;159.333724975586;0
1160.305;173.713973999023;0
1162.423;157.221755981445;0
1164.536;130.631683349609;0
1166.647;87.832633972168;0
1168.761;58.1590309143066;0
1170.871;154.380020141602;0
1172.983;140.839889526367;0
1175.092;242.734756469726;0
1177.2;249.899505615234;0
1179.306;315.740081787109;0
1181.413;326.696319580078;0
1183.518;297.503173828125;0
1185.623;228.537338256836;0
1187.725;215.909957885742;0
1189.826;244.164138793945;0
1191.929;267.782562255859;0
1194.032;270.24072265625;0
1196.13;229.692474365234;0
1198.23;293.329833984375;0
1200.327;318.491119384766;0
1202.423;362.956085205078;0
1204.52;347.368835449219;0
1206.613;365.624328613281;0
1208.71;392.21533203125;0
1210.801;462.919830322266;0
1212.892;420.516906738281;0
1214.987;449.895690917969;0
1217.075;439.391357421875;0
1219.166;467.011627197266;0
1221.256;446.168243408203;0
1223.342;406.886901855469;0
1225.43;400.945617675781;0
1227.515;382.456176757813;0
1229.597;403.529663085938;0
1231.685;343.721740722656;0
1233.767;325.365966796875;0
1235.85;286.573699951172;0
1237.931;341.567626953125;0
1240.009;345.683685302734;0
1242.09;336.592254638672;0
1244.168;285.852752685547;0
1246.245;299.466461181641;0
1248.321;308.877685546875;0
1250.397;297.419769287109;0
1252.472;315.648284912109;0
1254.547;331.674346923828;0
1256.618;379.720123291016;0
1258.69;328.785675048828;0
1260.761;268.871002197266;0
1262.83;244.307861328125;0
1264.901;283.984008789062;0
1266.969;305.788848876953;0
1269.035;237.055679321289;0
1271.102;221.451187133789;0
1273.167;161.864273071289;0
1275.233;201.683822631836;0
1277.295;145.076477050781;0
1279.359;215.153381347656;0
1281.42;195.470062255859;0
1283.482;152.915435791016;0
1285.542;119.156150817871;0
1287.6;143.7138671875;0
1289.659;169.905899047852;0
1291.714;268.091033935547;0
1293.774;323.192413330078;0
1295.828;395.533996582031;0
1297.881;351.475189208984;0
1299.936;393.068695068359;0
1301.987;429.794830322266;0
1304.041;480.987670898438;0
1306.09;444.312591552734;0
1308.139;452.991851806641;0
1310.19;480.470123291016;0
1312.238;552.483947753906;0
1314.286;517.995056152344;0
1316.331;515.306579589844;0
1318.376;497.862915039063;0
1320.422;489.369445800781;0
1322.466;475.613403320313;0
1324.508;477.799011230469;0
1326.549;491.786743164063;0
1328.59;466.51513671875;0
1330.632;431.378479003906;0
1332.67;476.598754882812;0
1334.707;473.730255126953;0
1336.746;531.550476074219;0
1338.78;489.613647460938;0
1340.816;465.69775390625;0
1342.852;329.246917724609;0
1344.885;353.149841308594;0
1346.916;376.295135498047;0
1348.948;450.793243408203;0
1350.979;430.310821533203;0
1353.011;377.403381347656;0
1355.04;448.626220703125;0
1357.066;471.090209960938;0
1359.094;552.794860839844;0
1361.121;521.293151855469;0
1363.145;458.359130859375;0
1365.171;344.10009765625;0
1367.192;185.181365966797;0
1369.216;140.822769165039;0
1371.239;103.022636413574;0
1373.258;185.225402832031;0
1375.28;152.875518798828;0
1377.298;155.084091186523;0
1379.316;78.5177917480469;0
1381.335;102.509002685547;0
1383.35;193.230041503906;0
1385.366;284.731781005859;0
1387.38;307.458618164063;0
1389.394;343.410583496094;0
1391.409;330.364868164062;0
1393.42;340.76708984375;0
1395.43;240.72834777832;0
1397.44;253.915328979492;0
1399.451;244.105804443359;0
1401.458;251.855346679688;0
1403.466;180.163925170898;0
1405.472;151.587112426758;0
1407.478;101.269912719727;0
1409.483;123.248115539551;0
1411.486;108.14656829834;0
1413.49;131.118743896484;0
1415.492;122.657272338867;0
1417.492;199.313339233398;0
1419.495;256.983367919922;0
1421.494;333.407470703125;0
1423.492;297.953521728516;0
1425.49;377.177093505859;0
1427.487;357.522613525391;0
1429.482;366.546630859375;0
1431.477;288.471282958984;0
1433.471;261.963012695313;0
1435.466;337.909729003906;0
1437.456;354.091827392578;0
1439.447;387.288116455078;0
1441.441;389.389099121094;0
1443.427;434.172302246094;0
1445.417;393.857238769531;0
1447.406;363.555084228516;0
1449.392;327.399536132812;0
1451.381;372.145751953125;0
1453.365;332.377532958984;0
1455.348;408.955535888672;0
1457.333;385.990356445313;0
1459.314;431.703826904297;0
1461.296;445.318237304687;0
1463.276;403.83349609375;0
1465.256;353.138580322266;0
1467.237;241.455657958984;0
1469.215;300.673614501953;0
1471.19;356.348052978516;0
1473.167;362.812255859375;0
1475.145;373.224426269531;0
1477.118;378.892486572266;0
1479.092;392.681549072266;0
1481.065;383.151428222656;0
1483.038;395.980133056641;0
1485.008;373.489685058594;0
1486.979;270.570404052734;0
1488.949;179.779495239258;0
1490.917;174.783645629883;0
1492.883;275.249542236328;0
1494.852;271.510467529297;0
1496.817;277.122039794922;0
1498.782;294.751800537109;0
1500.748;339.783050537109;0
1502.708;369.053802490234;0
1504.673;383.008483886719;0
1506.634;399.647125244141;0
1508.594;349.303619384766;0
1510.554;315.199066162109;0
1512.512;315.111175537109;0
1514.471;382.042602539063;0
1516.428;388.549926757813;0
1518.384;353.522033691406;0
1520.34;323.847778320313;0
1522.294;253.86164855957;0
1524.249;220.342544555664;0
1526.202;210.827819824219;0
1528.153;300.000518798828;0
1530.103;337.571533203125;0
1532.054;232.714965820312;0
1534.004;164.101806640625;0
1535.951;130.613433837891;0
1537.899;192.509735107422;0
1539.847;183.533645629883;0
1541.793;197.351837158203;0
1543.738;216.297622680664;0
1545.681;270.369750976563;0
1547.625;234.457015991211;0
1549.566;214.114944458008;0
1551.509;149.232421875;0
1553.45;226.806900024414;0
1555.389;240.615005493164;0
1557.33;302.655151367188;0
1559.266;227.594055175781;0
1561.204;208.098114013672;0
1563.141;123.389587402344;0
1565.074;138.334747314453;0
1567.009;83.5119171142578;0
1568.943;115.339553833008;0
1570.877;151.512573242188;0
1572.808;296.808746337891;0
1574.741;331.339202880859;0
1576.67;264.103912353516;0
1578.6;156.102905273438;0
1580.528;147.78059387207;0
1582.455;193.914794921875;0
1584.382;186.061019897461;0
1586.307;114.552642822266;0
1588.234;24.6118659973145;0
1590.157;9.52494239807129;0
1592.081;-2.79248809814453;0
1594.002;-1.09440040588379;0
1595.927;-29.6073360443115;0
1597.845;9.32595348358154;0
1599.767;60.8796691894531;0
1601.685;121.111251831055;0
1603.602;102.020698547363;0
1605.523;72.1635665893555;0
1607.438;90.2065200805664;0
1609.354;103.594902038574;0
1611.269;148.551895141602;0
1613.181;107.078674316406;0
1615.096;89.6196670532225;0
1617.008;50.3971176147461;0
1618.92;79.1605377197266;0
1620.83;144.938186645508;0
1622.74;196.507843017578;0
1624.649;163.425048828125;0
1626.557;138.467590332031;0
1628.464;193.077285766602;0
1630.37;240.808670043945;0
1632.275;210.439514160156;0
1634.18;186.192047119141;0
1636.085;218.731857299805;0
1637.988;365.613677978516;0
1639.888;344.724914550781;0
1641.791;435.399536132813;0
1643.691;348.970886230469;0
1645.588;425.441833496094;0
1647.489;427.923980712891;0
1649.387;470.527099609375;0
1651.284;504.029052734375;0
1653.18;458.985321044922;0
1655.075;464.507080078125;0
1656.972;438.705383300781;0
1658.864;472.024688720703;0
1660.754;476.576141357422;0
1662.65;497.470794677734;0
1664.539;493.264282226563;0
1666.428;492.512084960938;0
1668.32;435.992034912109;0
1670.207;395.481872558594;0
1672.096;358.31494140625;0
1673.982;385.157897949219;0
1675.867;356.343048095703;0
1677.754;395.425964355469;0
1679.638;385.182647705078;0
1681.52;318.166412353516;0
1683.403;298.599517822266;0
1685.285;282.926391601563;0
1687.166;363.702575683594;0
1689.048;368.483612060547;0
1690.924;331.380645751953;0
1692.804;350.504791259766;0
1694.682;311.300476074219;0
1696.558;339.212127685547;0
1698.435;306.239776611328;0
1700.308;301.158599853516;0
1702.184;265.348449707031;0
1704.057;237.553283691406;0
1705.929;225.313598632813;0
1707.801;162.406188964844;0
1709.674;119.71802520752;0
1711.542;90.0862274169922;0
1713.412;127.897804260254;0
1715.28;129.041641235352;0
1717.145;73.6288375854492;0
1719.015;58.1038551330566;0
1720.88;78.5760803222656;0
1722.746;100.599380493164;0
1724.61;110.839256286621;0
1726.471;82.517936706543;0
1728.334;100.30207824707;0
1730.197;114.331047058105;0
1732.057;130.132141113281;0
1733.919;182.149826049805;0
1735.777;188.220550537109;0
1737.634;229.741516113281;0
1739.493;262.589385986328;0
1741.349;255.430801391601;0
1743.205;230.93244934082;0
1745.061;174.760986328125;0
1746.915;188.916412353516;0
1748.77;189.287231445313;0
1750.621;193.428985595703;0
1752.473;152.897827148438;0
1754.323;162.027099609375;0
1756.173;182.147232055664;0
1758.022;237.702224731445;0
1759.87;232.583724975586;0
1761.718;214.348815917969;0
1763.566;224.889572143555;0
1765.411;257.094879150391;0
1767.256;222.075866699219;0
1769.101;150.943634033203;0
1770.945;168.364837646484;0
1772.787;254.339492797852;0
1774.629;316.423156738281;0
1776.469;310.949127197266;0
1778.309;264.917449951172;0
1780.15;288.217010498047;0
1781.987;250.514450073242;0
1783.826;244.920883178711;0
1785.662;229.700088500976;0
1787.498;219.336059570312;0
1789.334;148.972503662109;0
1791.169;137.609451293945;0
1793.002;161.024673461914;0
1794.834;255.218154907227;0
1796.667;282.412139892578;0
1798.498;311.273284912109;0
1800.328;254.246032714844;0
1802.157;224.885940551758;0
1803.986;143.748550415039;0
1805.813;175.389450073242;0
1807.639;149.364166259766;0
1809.467;132.539703369141;0
1811.292;94.0051422119141;0
1813.117;113.12629699707;0
1814.94;146.473785400391;0
1816.763;198.605590820313;0
1818.585;242.745620727539;0
1820.407;233.671630859375;0
1822.227;231.161422729492;0
1824.048;176.214981079102;0
1825.865;230.930236816406;0
1827.683;286.987030029297;0
1829.501;260.275115966797;0
1831.317;244.017395019531;0
1833.135;219.991653442383;0
1834.948;283.642333984375;0
1836.761;326.63671875;0
1838.577;292.752532958984;0
1840.388;170.878753662109;0
1842.198;62.5708656311035;0
1844.009;36.8813056945801;0
1845.819;149.190658569336;0
1847.629;185.288955688477;0
1849.436;213.176177978516;0
1851.244;198.07453918457;0
1853.052;265.095184326172;0
1854.858;285.015869140625;0
1856.661;273.725494384766;0
1858.466;211.33512878418;0
1860.269;151.732467651367;0
1862.073;141.695266723633;0
1863.875;207.445739746094;0
1865.673;237.206100463867;0
1867.476;232.419311523437;0
1869.275;169.5283203125;0
1871.072;148.084014892578;0
1872.872;195.086410522461;0
1874.667;213.424377441406;0
1876.464;210.431625366211;0
1878.26;157.219696044922;0
1880.053;145.677963256836;0
1881.849;183.029098510742;0
1883.64;172.050903320313;0
1885.431;186.855407714844;0
1887.226;185.220840454102;0
1889.014;150.59211730957;0
1890.803;80.5252532958984;0
1892.594;20.5357761383057;0
1894.38;106.251274108887;0
1896.167;149.530014038086;0
1897.955;173.149795532227;0
1899.74;141.555969238281;0
1901.526;166.082336425781;0
1903.309;165.062240600586;0
1905.091;189.495666503906;0
1906.876;170.717056274414;0
1908.658;165.171615600586;0
1910.438;97.0820083618164;0
1912.217;62.8931655883789;0
1913.996;1.27221179008484;0
1915.775;8.35405731201172;0
1917.553;11.001615524292;0
1919.33;92.8824996948242;0
1921.106;180.996719360352;0
1922.881;157.453948974609;0
1924.655;198.474731445313;0
1926.431;109.72575378418;0
1928.202;66.7635116577148;0
1929.974;-12.2986183166504;0
1931.746;11.2493534088135;0
1933.516;79.863166809082;0
1935.286;125.488220214844;0
1937.055;80.680046081543;0
1938.823;113.32755279541;0
1940.592;84.0984497070313;0
1942.356;55.8832244873047;0
1944.122;36.349006652832;0
1945.888;54.2391967773438;0
1947.651;111.102470397949;0
1949.416;78.4218139648438;0
1951.178;101.752777099609;0
1952.939;163.985443115234;0
1954.699;252.230941772461;0
1956.459;326.378143310547;0
1958.219;336.538146972656;0
1959.979;345.044311523437;0
1961.735;295.078521728516;0
1963.491;264.682159423828;0
1965.249;267.188598632813;0
1967.003;310.486724853516;0
1968.761;281.039367675781;0
1970.512;261.620544433594;0
1972.265;180.629516601563;0
1974.018;233.432403564453;0
1975.769;249.921127319336;0
1977.522;283.985931396484;0
1979.271;258.515716552734;0
1981.018;247.176773071289;0
1982.766;227.746459960938;0
1984.516;283.779846191406;0
1986.261;216.276489257812;0
1988.009;208.125228881836;0
1989.754;142.880722045898;0
1991.498;225.098052978516;0
1993.241;291.998992919922;0
1994.984;363.027374267578;0
1996.727;350.516540527344;0
1998.468;301.689758300781;0
2000.206;318.214538574219;0
2001.946;291.646697998047;0
2003.686;371.429779052734;0
2005.424;267.229919433594;0
2007.161;295.49169921875;0
2008.898;222.548492431641;0
2010.634;319.177001953125;0
2012.369;286.488830566406;0
2014.103;232.70866394043;0
2015.836;181.058715820313;0
2017.57;217.204330444336;0
2019.299;314.923980712891;0
2021.032;298.553375244141;0
2022.762;308.536529541016;0
2024.491;293.318298339844;0
2026.221;349.565765380859;0
2027.947;324.612213134766;0
2029.676;310.457672119141;0
2031.403;295.656707763672;0
2033.128;267.872863769531;0
2034.852;272.187103271484;0
2036.577;275.908264160156;0
2038.299;340.202423095703;0
2040.022;290.071441650391;0
2041.744;238.404251098633;0
2043.465;197.422668457031;0
2045.184;241.56999206543;0
2046.903;259.51416015625;0
2048.621;274.956665039063;0
2050.339;268.904876708984;0
2052.057;263.875793457031;0
2053.774;303.647247314453;0
2055.488;252.329147338867;0
2057.203;323.256652832031;0
2058.917;259.319091796875;0
2060.631;256.850280761719;0
2062.344;206.517318725586;0
2064.053;226.361038208008;0
2065.765;252.006866455078;0
2067.476;267.010345458984;0
2069.185;180.593719482422;0
2070.892;143.184692382813;0
2072.6;58.3430557250977;0
2074.308;116.332916259766;0
2076.014;163.014511108398;0
2077.72;154.275177001953;0
2079.425;190.639144897461;0
2081.13;177.912506103516;0
2082.833;238.651290893555;0
2084.532;201.300399780274;0
2086.236;182.645568847656;0
2087.936;131.561157226563;0
2089.635;124.054672241211;0
2091.335;127.681655883789;0
2093.034;182.55322265625;0
2094.731;195.447158813477;0
2096.427;220.141418457031;0
2098.124;272.857666015625;0
2099.82;323.486450195313;0
2101.515;384.353576660156;0
2103.207;319.906341552734;0
2104.902;371.814453125;0
2106.594;392.523681640625;0
2108.286;489.734222412109;0
2109.976;540.705505371094;0
2111.667;548.035339355469;0
2113.355;511.278137207031;0
2115.044;392.764282226563;0
2116.732;367.829742431641;0
2118.42;408.586456298828;0
2120.105;484.588714599609;0
2121.79;536.281311035156;0
2123.476;588.330444335937;0
2125.16;627.291198730469;0
2126.844;625.941040039062;0
2128.524;620.945678710937;0
2130.207;607.613830566406;0
2131.888;580.97265625;0
2133.567;565.246948242188;0
2135.247;565.216613769531;0
2136.927;540.326599121094;0
2138.603;469.576629638672;0
2140.281;357.31982421875;0
2141.957;418.491088867188;0
2143.633;425.685607910156;0
2145.308;523.12451171875;0
2146.981;441.917877197266;0
2148.654;478.84619140625;0
2150.328;418.020172119141;0
2152;454.273895263672;0
2153.669;408.106567382813;0
2155.34;412.962554931641;0
2157.01;455.174591064453;0
2158.677;481.743591308594;0
2160.347;448.368469238281;0
2162.013;361.128509521484;0
2163.681;314.578796386719;0
2165.347;292.052459716797;0
2167.011;301.222778320313;0
2168.674;280.3046875;0
2170.337;315.518188476563;0
2172.002;332.157196044922;0
2173.662;385.512451171875;0
2175.324;356.648559570313;0
2176.985;368.135162353516;0
2178.645;352.446685791016;0
2180.304;425.333129882812;0
2181.961;431.574340820312;0
2183.618;451.839172363281;0
2185.275;349.010681152344;0
2186.932;346.103454589844;0
2188.586;297.332214355469;0
2190.242;381.474700927734;0
2191.896;306.975402832031;0
2193.547;375.150817871094;0
2195.2;384.128662109375;0
2196.851;437.236389160156;0
2198.502;391.640441894531;0
2200.153;406.630401611328;0
2201.799;449.758697509766;0
2203.447;451.936614990234;0
2205.097;412.248565673828;0
2206.742;386.2333984375;0
2208.391;359.789855957031;0
2210.035;327.826324462891;0
2211.679;389.658233642578;0
2213.324;432.174530029297;0
2214.966;432.486267089844;0
2216.608;401.811737060547;0
2218.252;441.267486572266;0
2219.89;488.518951416016;0
2221.531;516.985290527344;0
2223.172;469.472595214844;0
2224.809;431.647583007812;0
2226.449;347.288909912109;0
2228.086;398.422149658203;0
2229.72;466.799163818359;0
2231.358;486.307220458984;0
2232.992;465.688903808594;0
2234.625;453.973510742188;0
2236.26;416.27978515625;0
2237.893;341.743865966797;0
2239.524;269.854095458984;0
2241.156;271.394622802734;0
2242.785;328.848785400391;0
2244.416;394.549957275391;0
2246.044;412.053527832031;0
2247.672;363.039733886719;0
2249.301;379.884887695312;0
2250.926;445.731567382812;0
2252.554;434.7138671875;0
2254.177;414.719512939453;0
2255.803;391.191925048828;0
2257.427;498.766021728516;0
2259.051;499.519409179688;0
2260.671;458.076629638672;0
2262.294;424.778015136719;0
2263.914;446.882629394531;0
2265.533;486.012237548828;0
2267.153;413.612335205078;0
2268.773;383.156158447266;0
2270.392;357.371856689453;0
2272.006;380.419250488281;0
2273.624;395.719848632812;0
2275.239;398.718048095703;0
2276.854;499.857757568359;0
2278.468;476.913757324219;0
2280.084;501.216735839844;0
2281.695;561.322814941406;0
2283.305;642.787170410156;0
2284.919;604.164733886719;0
2286.527;493.232971191406;0
2288.14;416.769104003906;0
2289.748;389.567260742187;0
2291.354;362.943756103516;0
2292.964;368.460205078125;0
2294.569;424.836273193359;0
2296.174;421.790405273437;0
2297.782;399.950744628906;0
2299.386;414.336578369141;0
2300.99;422.737365722656;0
2302.594;401.917633056641;0
2304.195;297.721801757813;0
2305.798;284.976470947266;0
2307.399;278.032318115234;0
2308.998;353.778869628906;0
2310.598;308.549224853516;0
2312.197;318.236602783203;0
2313.795;291.059051513672;0
2315.392;330.460998535156;0
2316.988;366.023284912109;0
2318.585;420.273101806641;0
2320.18;408.209503173828;0
2321.774;424.653198242187;0
2323.368;448.851837158203;0
2324.961;436.976470947266;0
2326.553;404.665557861328;0
2328.145;365.180816650391;0
2329.735;390.493469238281;0
2331.324;371.040832519531;0
2332.916;354.109069824219;0
2334.503;285.830749511719;0
2336.092;278.603332519531;0
2337.677;269.72216796875;0
2339.263;335.408721923828;0
2340.85;336.104400634766;0
2342.434;353.127716064453;0
2344.018;306.934936523438;0
2345.602;304.594207763672;0
2347.185;264.143859863281;0
2348.768;253.969879150391;0
2350.347;236.913619995117;0
2351.928;309.974060058594;0
2353.51;334.438323974609;0
2355.087;332.126373291016;0
2356.665;260.784881591797;0
2358.243;242.384521484375;0
2359.819;276.431365966797;0
2361.396;296.210357666016;0
2362.972;327.220703125;0
2364.547;291.0009765625;0
2366.121;253.655914306641;0
2367.694;257.434509277344;0
2369.267;284.244354248047;0
2370.839;278.216003417969;0
2372.411;286.143951416016;0
2373.982;401.740234375;0
2375.55;500.672119140625;0
2377.118;478.384490966797;0
2378.687;407.322265625;0
2380.254;403.749603271484;0
2381.821;450.078460693359;0
2383.387;485.581878662109;0
2384.954;477.418060302734;0
2386.516;465.142150878906;0
2388.082;457.200286865234;0
2389.644;393.036407470703;0
2391.209;378.9140625;0
2392.769;220.010925292969;0
2394.33;273.340667724609;0
2395.892;355.342803955078;0
2397.449;540.234008789063;0
2399.008;540.681335449219;0
2400.568;554.90869140625;0
2402.125;485.651031494141;0
2403.68;515.537048339844;0
2405.238;490.755096435547;0
2406.792;496.861083984375;0
2408.349;479.966461181641;0
2409.902;452.405334472656;0
2411.455;450.955871582031;0
2413.007;386.502807617188;0
2414.558;377.415130615234;0
2416.11;347.816680908203;0
2417.66;347.424011230469;0
2419.21;367.948608398437;0
2420.758;405.484680175781;0
2422.307;496.282409667969;0
2423.855;471.745056152344;0
2425.402;497.223114013672;0
2426.947;448.257507324219;0
2428.492;500.343353271484;0
2430.038;487.540740966797;0
2431.58;530.039733886719;0
2433.124;519.109313964844;0
2434.667;527.783142089844;0
2436.208;479.456024169922;0
2437.75;455.087768554688;0
2439.291;398.035552978516;0
2440.83;442.394866943359;0
2442.369;450.314727783203;0
2443.906;498.567169189453;0
2445.444;457.041137695312;0
2446.981;443.625457763672;0
2448.517;432.454376220703;0
2450.053;467.6259765625;0
2451.587;426.353790283203;0
2453.12;503.685791015625;0
2454.655;479.800079345703;0
2456.187;519.5859375;0
2457.718;466.931762695312;0
2459.25;411.264312744141;0
2460.781;353.012756347656;0
2462.31;282.268707275391;0
2463.84;319.819000244141;0
2465.368;335.259368896484;0
2466.896;343.588073730469;0
2468.423;384.250061035156;0
2469.949;363.467559814453;0
2471.474;361.532379150391;0
2472.998;327.144775390625;0
2474.522;339.747161865234;0
2476.045;393.200653076172;0
2477.568;425.418792724609;0
2479.09;465.531463623047;0
2480.612;478.104736328125;0
2482.132;405.518127441406;0
2483.653;462.884399414063;0
2485.171;429.690765380859;0
2486.689;516.495788574219;0
2488.208;479.302337646484;0
2489.725;471.253723144531;0
2491.242;422.748779296875;0
2492.757;406.380279541016;0
2494.271;437.08984375;0
2495.785;447.799835205078;0
2497.3;492.400268554688;0
2498.812;491.557525634766;0
2500.325;478.604888916016;0
2501.837;461.765502929687;0
2503.345;440.265106201172;0
2504.856;470.913208007813;0
2506.366;466.891418457031;0
2507.875;464.088226318359;0
2509.382;371.256744384766;0
2510.889;290.441711425781;0
2512.397;300.240417480469;0
2513.901;324.317840576172;0
2515.406;352.527069091797;0
2516.911;330.369384765625;0
2518.415;370.275512695313;0
2519.918;346.295654296875;0
2521.421;317.906921386719;0
2522.922;310.063720703125;0
2524.423;300.066864013672;0
2525.924;329.409301757812;0
2527.422;324.64208984375;0
2528.923;308.899780273437;0
2530.419;225.590927124023;0
2531.916;147.393157958984;0
2533.415;106.756851196289;0
2534.909;98.9042434692383;0
2536.404;111.278945922852;0
2537.899;161.880966186523;0
2539.394;201.598098754883;0
2540.887;214.872817993164;0
2542.38;241.040420532227;0
2543.871;218.544891357422;0
2545.363;259.942779541016;0
2546.852;266.870513916016;0
2548.345;316.714385986328;0
2549.833;313.843078613281;0
2551.321;305.650421142578;0
2552.811;350.994537353516;0
2554.296;389.784545898438;0
2555.78;437.463928222656;0
2557.267;391.921569824219;0
2558.752;385.046600341797;0
2560.237;389.838989257812;0
2561.721;387.296905517578;0
2563.203;365.705810546875;0
2564.687;315.181976318359;0
2566.168;345.651245117188;0
2567.648;325.914672851562;0
2569.129;331.427886962891;0
2570.607;336.213928222656;0
2572.086;402.827026367188;0
2573.565;453.224914550781;0
2575.041;455.267883300781;0
2576.518;371.2822265625;0
2577.994;307.499969482422;0
2579.469;276.114349365234;0
2580.945;361.639312744141;0
2582.418;427.901306152344;0
2583.892;465.782135009766;0
2585.365;467.168304443359;0
2586.835;444.444549560547;0
2588.307;540.499633789063;0
2589.778;522.331665039062;0
2591.248;540.163757324219;0
2592.717;453.000152587891;0
2594.186;444.842864990234;0
2595.652;404.136749267578;0
2597.121;375.220306396484;0
2598.585;337.612060546875;0
2600.052;331.127471923828;0
2601.518;340.18310546875;0
2602.982;318.205200195313;0
2604.446;361.188842773438;0
2605.907;370.790771484375;0
2607.371;406.553833007813;0
2608.83;384.755615234375;0
2610.293;434.505859375;0
2611.752;473.693511962891;0
2613.213;551.097900390625;0
2614.672;479.439910888672;0
2616.13;520.783081054688;0
2617.587;456.681823730469;0
2619.043;539.356628417969;0
2620.501;529.029479980469;0
2621.957;572.537475585938;0
2623.409;548.2939453125;0
2624.864;587.555969238281;0
2626.318;563.370300292969;0
2627.771;599.293701171875;0
2629.222;596.327209472656;0
2630.673;623.803771972656;0
2632.124;575.205688476562;0
2633.575;521.615478515625;0
2635.023;475.969787597656;0
2636.473;461.818267822266;0
2637.922;383.033294677734;0
2639.368;409.965148925781;0
2640.816;434.115783691406;0
2642.261;480.599334716797;0
2643.705;477.972991943359;0
2645.151;455.483154296875;0
2646.596;466.291320800781;0
2648.037;497.213439941406;0
2649.48;437.025634765625;0
2650.923;414.257110595703;0
2652.364;346.735382080078;0
2653.804;354.526977539063;0
2655.243;386.054290771484;0
2656.683;419.976684570313;0
2658.121;438.867126464844;0
2659.559;395.642272949219;0
2660.997;360.217864990234;0
2662.433;345.71142578125;0
2663.868;339.411651611328;0
2665.305;368.007202148438;0
2666.737;342.833923339844;0
2668.173;335.127716064453;0
2669.606;242.276992797852;0
2671.038;252.839233398438;0
2672.47;231.604782104492;0
2673.901;260.141540527344;0
2675.331;308.006042480469;0
2676.761;342.421844482422;0
2678.189;355.719268798828;0
2679.619;361.565032958984;0
2681.045;359.847747802734;0
2682.473;376.458099365234;0
2683.9;344.508514404297;0
2685.324;338.848175048828;0
2686.749;352.921508789063;0
2688.176;332.544616699219;0
2689.599;323.791717529297;0
2691.021;263.740509033203;0
2692.444;294.566589355469;0
2693.865;272.280059814453;0
2695.287;283.325561523438;0
2696.707;245.8154296875;0
2698.125;318.194183349609;0
2699.545;337.903625488281;0
2700.963;366.663818359375;0
2702.381;369.146301269531;0
2703.798;378.961242675781;0
2705.214;358.330902099609;0
2706.629;327.752716064453;0
2708.046;277.925384521484;0
2709.458;288.370483398438;0
2710.872;285.626007080078;0
2712.285;336.329467773438;0
2713.699;349.479583740234;0
2715.111;320.632507324219;0
2716.52;308.333312988281;0
2717.93;310.608642578125;0
2719.342;326.782043457031;0
2720.749;329.778015136719;0
2722.159;295.232055664063;0
2723.565;289.886322021484;0
2724.971;309.868499755859;0
2726.38;322.619415283203;0
2727.785;318.914703369141;0
2729.19;280.176452636719;0
2730.594;326.910736083984;0
2731.997;349.528778076172;0
2733.401;390.528289794922;0
2734.803;383.026031494141;0
2736.204;397.850341796875;0
2737.606;391.779418945312;0
2739.005;366.480438232422;0
2740.405;330.555847167969;0
2741.806;369.432281494141;0
2743.202;394.859130859375;0
2744.602;399.834686279297;0
2745.998;416.471496582031;0
2747.395;388.772277832031;0
2748.79;400.122161865234;0
2750.185;375.897918701172;0
2751.58;385.130310058594;0
2752.975;381.215545654297;0
2754.366;356.597900390625;0
2755.759;408.102203369141;0
2757.151;457.271270751953;0
2758.542;467.882476806641;0
2759.933;456.713531494141;0
2761.322;451.097290039063;0
2762.71;494.367584228516;0
2764.1;553.080444335937;0
2765.486;474.681793212891;0
2766.875;430.616577148437;0
2768.26;392.038299560547;0
2769.646;461.351104736328;0
2771.031;459.997680664062;0
2772.418;419.977294921875;0
2773.799;401.963012695312;0
2775.184;429.347564697266;0
2776.565;442.620635986328;0
2777.946;490.893463134766;0
2779.328;466.609313964844;0
2780.708;437.879119873047;0
2782.09;405.986511230469;0
2783.469;412.706604003906;0
2784.847;461.812835693359;0
2786.226;468.806762695313;0
2787.603;512.021362304688;0
2788.978;477.787841796875;0
2790.355;487.438781738281;0
2791.731;439.085388183594;0
2793.104;499.365203857422;0
2794.479;506.422149658203;0
2795.853;503.759216308594;0
2797.225;490.316345214844;0
2798.596;451.761566162109;0
2799.967;454.660705566406;0
2801.341;357.60009765625;0
2802.71;336.383575439453;0
2804.077;290.663940429688;0
2805.447;283.478729248047;0
2806.815;305.244873046875;0
2808.183;269.575439453125;0
2809.551;260.794677734375;0
2810.915;227.21842956543;0
2812.282;292.535125732422;0
2813.646;336.629913330078;0
2815.011;285.561859130859;0
2816.375;241.327621459961;0
2817.736;176.955764770508;0
2819.099;203.478363037109;0
2820.462;140.559844970703;0
2821.821;153.75341796875;0
2823.182;127.61466217041;0
2824.542;177.254776000977;0
2825.901;189.786834716797;0
2827.261;205.765502929688;0
2828.617;170.191925048828;0
2829.974;155.732192993164;0
2831.33;168.497192382813;0
2832.686;216.820755004883;0
2834.043;204.283432006836;0
2835.395;187.759170532227;0
2836.75;204.803451538086;0
2838.104;286.305084228516;0
2839.456;308.152923583984;0
2840.807;281.346435546875;0
2842.16;218.21891784668;0
2843.509;203.769332885742;0
2844.858;190.553176879883;0
2846.209;190.014358520508;0
2847.556;177.59651184082;0
2848.906;195.076049804688;0
2850.253;219.786468505859;0
2851.6;269.826812744141;0
2852.946;262.197601318359;0
2854.29;274.787139892578;0
2855.635;250.485214233398;0
2856.98;242.681289672852;0
2858.323;197.999435424805;0
2859.665;171.725845336914;0
2861.008;173.868453979492;0
2862.349;179.471221923828;0
2863.691;196.956130981445;0
2865.031;173.228088378906;0
2866.37;223.997207641602;0
2867.709;217.872940063477;0
2869.048;248.189636230469;0
2870.385;243.503524780273;0
2871.722;262.812530517578;0
2873.059;284.550628662109;0
2874.394;282.637023925781;0
2875.73;302.543304443359;0
2877.064;300.774169921875;0
2878.398;258.308990478516;0
2879.731;266.806732177734;0
2881.063;297.273773193359;0
2882.395;298.801177978516;0
2883.727;284.174285888672;0
2885.059;236.075531005859;0
2886.387;254.019119262695;0
2887.717;244.770584106445;0
2889.046;245.040496826172;0
2890.374;288.420440673828;0
2891.699;303.243713378906;0
2893.028;325.732330322266;0
2894.354;294.207000732422;0
2895.679;267.688201904297;0
2897.004;330.205749511719;0
2898.328;363.388397216797;0
2899.653;431.557037353516;0
2900.976;373.329620361328;0
2902.297;371.757995605469;0
2903.619;347.833190917969;0
2904.941;357.354431152344;0
2906.26;328.099456787109;0
2907.58;327.387908935547;0
2908.898;304.078674316406;0
2910.217;316.105773925781;0
2911.536;265.40771484375;0
2912.852;325.129577636719;0
2914.171;307.062896728516;0
2915.485;313.652099609375;0
2916.799;266.786590576172;0
2918.116;285.453186035156;0
2919.428;319.787902832031;0
2920.743;349.999816894531;0
2922.056;355.64404296875;0
2923.367;365.834197998047;0
2924.679;355.014953613281;0
2925.99;344.520904541016;0
2927.299;366.797485351563;0
2928.609;429.510192871094;0
2929.918;522.672180175781;0
2931.226;546.716796875;0
2932.535;482.666656494141;0
2933.841;425.399505615234;0
2935.149;423.970153808594;0
2936.455;428.087310791016;0
2937.758;431.131591796875;0
2939.064;415.650512695313;0
2940.368;447.821838378906;0
2941.67;440.222961425781;0
2942.973;420.615509033203;0
2944.277;440.288909912109;0
2945.577;477.189056396484;0
2946.878;513.204345703125;0
2948.178;498.001037597656;0
2949.477;436.691772460938;0
2950.776;447.286895751953;0
2952.073;471.641174316406;0
2953.372;486.333679199219;0
2954.669;486.919586181641;0
2955.965;476.921203613281;0
2957.261;511.414733886719;0
2958.556;469.348236083984;0
2959.849;473.365661621094;0
2961.145;492.154968261719;0
2962.436;544.382873535156;0
2963.732;456.938232421875;0
2965.022;447.665557861328;0
2966.313;341.307403564453;0
2967.603;354.178100585938;0
2968.893;350.699737548828;0
2970.182;373.650482177734;0
2971.471;373.709625244141;0
2972.759;323.855377197266;0
2974.047;303.756591796875;0
2975.334;356.420288085938;0
2976.62;356.971038818359;0
2977.907;380.79296875;0
2979.192;323.211791992188;0
2980.475;316.637176513672;0
2981.76;312.458068847656;0
2983.043;343.931274414063;0
2984.326;333.831298828125;0
2985.607;330.03662109375;0
2986.888;289.004302978516;0
2988.17;291.462554931641;0
2989.449;259.241516113281;0
2990.728;284.563995361328;0
2992.007;262.764312744141;0
2993.284;313.286315917969;0
2994.562;277.253753662109;0
2995.84;240.530044555664;0
2997.115;227.905624389648;0
2998.393;238.380401611328;0
2999.666;261.506866455078;0
3000.94;218.503662109375;0
3002.215;161.088256835938;0
3003.486;180.212524414063;0
3004.76;182.937225341797;0
3006.033;238.196899414063;0
3007.303;176.320617675781;0
3008.573;145.462509155273;0
3009.844;127.893478393555;0
3011.114;102.750503540039;0
3012.383;126.589256286621;0
3013.649;121.075859069824;0
3014.917;175.209014892578;0
3016.185;123.660148620605;0
3017.451;95.0280380249023;0
3018.716;68.5964813232422;0
3019.983;90.365364074707;0
3021.246;125.669425964355;0
3022.509;135.953598022461;0
3023.774;112.218315124512;0
3025.035;124.128868103027;0
3026.299;94.5740356445313;0
3027.56;141.534301757813;0
3028.819;98.6339874267578;0
3030.081;132.485382080078;0
3031.339;123.557594299316;0
3032.598;118.69384765625;0
3033.856;107.706047058105;0
3035.114;93.4313735961914;0
3036.372;149.28727722168;0
3037.628;155.579559326172;0
3038.883;201.085754394531;0
3040.138;167.573135375977;0
3041.394;198.609497070313;0
3042.646;219.748229980469;0
3043.9;250.054458618164;0
3045.152;265.600738525391;0
3046.405;231.692825317383;0
3047.657;210.663833618164;0
3048.906;204.624359130859;0
3050.158;202.568466186523;0
3051.407;238.471908569336;0
3052.656;210.578521728516;0
3053.904;233.397735595703;0
3055.153;194.306076049805;0
3056.398;229.559127807617;0
3057.647;201.795837402344;0
3058.892;204.587829589844;0
3060.137;229.753128051758;0
3061.382;272.403289794922;0
3062.625;272.368957519531;0
3063.869;256.763885498047;0
3065.112;314.468200683594;0
3066.353;357.597503662109;0
3067.595;347.374603271484;0
3068.838;329.354919433594;0
3070.075;335.649963378906;0
3071.317;341.623657226562;0
3072.557;318.629638671875;0
3073.795;307.618255615234;0
3075.032;299.037200927734;0
3076.27;309.169372558594;0
3077.507;299.057403564453;0
3078.742;296.535552978516;0
3079.978;282.967590332031;0
3081.212;287.840667724609;0
3082.446;288.089721679688;0
3083.681;315.571838378906;0
3084.913;319.746520996094;0
3086.147;384.067077636719;0
3087.38;333.921875;0
3088.61;326.422943115234;0
3089.84;265.87060546875;0
3091.071;288.946594238281;0
3092.3;342.902954101563;0
3093.529;370.290802001953;0
3094.755;369.997955322266;0
3095.984;353.246520996094;0
3097.211;379.369720458984;0
3098.438;373.369262695312;0
3099.663;336.245178222656;0
3100.888;243.572219848633;0
3102.112;219.837005615234;0
3103.335;208.427658081055;0
3104.56;278.233001708984;0
3105.782;291.382019042969;0
3107.005;285.061187744141;0
3108.226;231.686340332031;0
3109.447;218.858978271484;0
3110.667;233.299102783203;0
3111.887;303.619384765625;0
3113.104;336.65869140625;0
3114.324;341.412750244141;0
3115.541;311.965881347656;0
3116.758;291.888305664062;0
3117.976;305.32958984375;0
3119.192;330.206176757812;0
3120.408;349.878845214844;0
3121.622;291.180908203125;0
3122.835;256.873718261719;0
3124.05;190.924652099609;0
3125.262;248.099853515625;0
3126.476;194.946380615234;0
3127.687;245.510726928711;0
3128.897;282.971221923828;0
3130.108;322.010772705078;0
3131.319;318.121551513672;0
3132.528;281.276336669922;0
3133.737;290.847320556641;0
3134.945;286.25732421875;0
3136.152;270.243774414063;0
3137.358;299.445159912109;0
3138.565;341.872955322266;0
3139.772;334.971160888672;0
3140.976;313.518188476562;0
3142.18;235.180862426758;0
3143.385;220.151977539063;0
3144.588;242.412658691406;0
3145.79;272.569030761719;0
3146.993;288.620483398437;0
3148.194;233.789672851562;0
3149.395;243.970657348633;0
3150.596;174.60205078125;0
3151.794;183.495361328125;0
3152.994;169.400466918945;0
3154.193;224.761596679687;0
3155.39;191.127716064453;0
3156.587;145.569076538086;0
3157.784;137.188232421875;0
3158.982;170.041656494141;0
3160.177;155.24006652832;0
3161.37;146.476654052734;0
3162.565;152.918319702148;0
3163.759;217.807601928711;0
3164.952;208.256286621094;0
3166.146;205.043899536133;0
3167.337;200.394439697266;0
3168.527;248.530242919922;0
3169.719;230.895889282227;0
3170.91;233.861129760742;0
3172.098;249.519058227539;0
3173.288;294.080322265625;0
3174.475;267.756988525391;0
3175.663;232.462463378906;0
3176.849;216.273010253906;0
3178.037;216.487380981445;0
3179.223;234.693801879883;0
3180.408;200.904556274414;0
3181.592;214.50862121582;0
3182.777;172.560440063477;0
3183.96;173.786773681641;0
3185.143;178.18000793457;0
3186.325;225.21110534668;0
3187.507;245.354537963867;0
3188.688;225.944046020508;0
3189.869;181.202651977539;0
3191.049;179.771667480469;0
3192.228;180.817428588867;0
3193.406;213.693740844727;0
3194.585;181.789962768555;0
3195.763;216.984390258789;0
3196.939;178.287261962891;0
3198.116;211.689727783203;0
3199.292;190.628433227539;0
3200.466;189.970718383789;0
3201.643;192.559555053711;0
3202.816;183.865982055664;0
3203.991;171.460601806641;0
3205.161;137.311584472656;0
3206.334;133.455673217773;0
3207.504;178.374038696289;0
3208.677;246.160858154297;0
3209.846;262.705017089844;0
3211.017;286.895385742188;0
3212.187;293.395660400391;0
3213.356;280.426727294922;0
3214.524;247.876693725586;0
3215.69;207.634140014648;0
3216.859;215.700592041016;0
3218.024;221.963729858398;0
3219.189;240.134841918945;0
3220.354;259.461883544922;0
3221.519;260.433654785156;0
3222.682;258.161193847656;0
3223.845;281.423309326172;0
3225.01;335.567901611328;0
3226.171;362.120239257813;0
3227.332;341.095062255859;0
3228.494;319.158538818359;0
3229.655;296.865997314453;0
3230.814;303.678161621094;0
3231.973;286.117889404297;0
3233.13;346.422271728516;0
3234.29;346.595336914063;0
3235.447;365.191314697266;0
3236.605;325.097473144531;0
3237.76;342.313842773438;0
3238.916;323.744445800781;0
3240.071;317.655548095703;0
3241.224;312.927917480469;0
3242.381;309.233489990234;0
3243.532;302.535980224609;0
3244.685;297.589691162109;0
3245.839;287.901672363281;0
3246.99;251.592376708984;0
3248.141;207.99089050293;0
3249.292;261.148590087891;0
3250.439;311.510375976562;0
3251.589;322.559722900391;0
3252.739;324.271057128906;0
3253.886;324.08935546875;0
3255.034;349.904815673828;0
3256.18;354.496215820313;0
3257.326;350.981842041016;0
3258.472;370.657348632813;0
3259.617;367.527496337891;0
3260.761;363.282196044922;0
3261.905;361.144470214844;0
3263.048;352.447570800781;0
3264.19;339.895385742187;0
3265.333;321.076599121094;0
3266.475;314.971008300781;0
3267.617;310.767303466797;0
3268.757;315.019256591797;0
3269.896;317.502532958984;0
3271.036;332.062164306641;0
3272.175;321.067993164062;0
3273.313;285.083679199219;0
3274.449;287.332000732422;0
3275.586;280.03515625;0
3276.722;282.970916748047;0
3277.859;274.917053222656;0
3278.993;269.907623291016;0
3280.13;235.019500732422;0
3281.263;228.339889526367;0
3282.395;236.787704467773;0
3283.529;285.424041748047;0
3284.66;296.964691162109;0
3285.794;320.926025390625;0
3286.924;267.193542480469;0
3288.054;252.741683959961;0
3289.185;246.08251953125;0
3290.313;292.330718994141;0
3291.443;331.597717285156;0
3292.571;289.646789550781;0
3293.698;252.285919189453;0
3294.824;257.278198242188;0
3295.952;286.478149414063;0
3297.077;308.28955078125;0
3298.203;224.885223388672;0
3299.328;219.071716308594;0
3300.45;192.888793945313;0
3301.574;191.994384765625;0
3302.698;210.452163696289;0
3303.819;268.817657470703;0
3304.942;314.757537841797;0
3306.064;286.368865966797;0
3307.182;275.904937744141;0
3308.303;279.282379150391;0
3309.423;310.174987792969;0
3310.542;312.739440917969;0
3311.66;286.975555419922;0
3312.778;247.059585571289;0
3313.895;212.052185058594;0
3315.012;208.730209350586;0
3316.128;234.242919921875;0
3317.243;254.174606323242;0
3318.357;294.312957763672;0
3319.471;302.683837890625;0
3320.586;293.732238769531;0
3321.698;289.227325439453;0
3322.813;255.689178466797;0
3323.923;228.073608398437;0
3325.034;225.845031738281;0
3326.146;249.077453613281;0
3327.255;271.080291748047;0
3328.366;254.410583496094;0
3329.474;227.815536499023;0
3330.582;188.290725708008;0
3331.691;146.473205566406;0
3332.797;177.58464050293;0
3333.905;207.015686035156;0
3335.011;184.552108764648;0
3336.116;170.194595336914;0
3337.22;152.875900268555;0
3338.327;198.006591796875;0
3339.429;170.357238769531;0
3340.534;201.929458618164;0
3341.635;215.612823486328;0
3342.737;227.295654296875;0
3343.84;181.978469848633;0
3344.94;163.85009765625;0
3346.041;148.529724121094;0
3347.142;196.703567504883;0
3348.24;155.844497680664;0
3349.337;181.036392211914;0
3350.437;162.516296386719;0
3351.534;222.955673217773;0
3352.633;212.467880249023;0
3353.727;239.580169677734;0
3354.823;248.076797485352;0
3355.919;280.581268310547;0
3357.013;267.593536376953;0
3358.108;263.370635986328;0
3359.201;251.251617431641;0
3360.293;215.570236206055;0
3361.385;219.806365966797;0
3362.478;235.803802490234;0
3363.569;248.164688110352;0
3364.661;199.583557128906;0
3365.75;163.022659301758;0
3366.838;209.954483032227;0
3367.929;241.316955566406;0
3369.017;290.321746826172;0
3370.105;268.51513671875;0
3371.193;234.888626098633;0
3372.279;227.565521240234;0
3373.364;236.184295654297;0
3374.45;309.357788085938;0
3375.534;295.554962158203;0
3376.62;317.620880126953;0
3377.704;301.158386230469;0
3378.786;264.922668457031;0
3379.871;250.732421875;0
3380.951;251.654083251953;0
3382.034;282.926452636719;0
3383.114;286.510406494141;0
3384.195;285.472381591797;0
3385.276;274.475677490234;0
3386.354;262.292358398438;0
3387.433;254.396820068359;0
3388.511;248.624984741211;0
3389.588;286.109619140625;0
3390.664;285.230560302734;0
3391.742;304.2265625;0
3392.816;270.753509521484;0
3393.893;279.566345214844;0
3394.968;274.573211669922;0
3396.042;241.435974121094;0
3397.115;198.251449584961;0
3398.189;225.940505981445;0
3399.262;273.646118164062;0
3400.333;332.013519287109;0
3401.404;326.613433837891;0
3402.474;279.409454345703;0
3403.545;267.626403808594;0
3404.615;260.489990234375;0
3405.685;338.557922363281;0
3406.752;343.414581298828;0
3407.82;338.147094726563;0
3408.888;284.607025146484;0
3409.955;290.685791015625;0
3411.021;276.834838867188;0
3412.085;289.665130615234;0
3413.151;246.577682495117;0
3414.215;238.079254150391;0
3415.279;198.209503173828;0
3416.343;200.599822998047;0
3417.406;189.823928833008;0
3418.468;197.012329101563;0
3419.53;184.632064819336;0
3420.592;202.184753417969;0
3421.652;227.739273071289;0
3422.712;248.184616088867;0
3423.773;237.97021484375;0
3424.83;208.768295288086;0
3425.889;199.437118530273;0
3426.946;199.745895385742;0
3428.005;197.226638793945;0
3429.061;208.745223999023;0
3430.117;211.834136962891;0
3431.172;267.16259765625;0
3432.227;231.263946533203;0
3433.281;245.789825439453;0
3434.335;215.924285888672;0
3435.389;246.739685058594;0
3436.44;216.993789672852;0
3437.492;226.39697265625;0
3438.546;213.693298339844;0
3439.598;227.372482299805;0
3440.646;221.939254760742;0
3441.697;251.679107666016;0
3442.745;274.205383300781;0
3443.793;232.106094360352;0
3444.842;222.982650756836;0
3445.891;219.504776000977;0
3446.937;268.308074951172;0
3447.984;271.069305419922;0
3449.031;286.270416259766;0
3450.075;284.351684570313;0
3451.12;314.762145996094;0
3452.164;338.030303955078;0
3453.207;316.738861083984;0
3454.251;291.332916259766;0
3455.293;242.417831420898;0
3456.336;257.739044189453;0
3457.378;282.253540039063;0
3458.417;282.920959472656;0
3459.458;288.494323730469;0
3460.498;240.162475585938;0
3461.539;229.786804199219;0
3462.577;218.30696105957;0
3463.614;244.843780517578;0
3464.651;258.761901855469;0
3465.689;261.373199462891;0
3466.726;248.367813110352;0
3467.763;221.907989501953;0
3468.798;215.416473388672;0
3469.831;200.372650146484;0
3470.866;218.256576538086;0
3471.9;238.060424804688;0
3472.933;261.406829833984;0
3473.966;218.413986206055;0
3474.999;245.519638061523;0
3476.029;240.591796875;0
3477.061;255.312072753906;0
3478.09;159.418197631836;0
3479.121;138.599792480469;0
3480.15;197.588684082031;0
3481.178;244.447982788086;0
3482.205;292.393432617188;0
3483.234;258.843963623047;0
3484.26;263.817626953125;0
3485.288;237.354583740234;0
3486.313;249.380661010742;0
3487.337;233.527603149414;0
3488.364;207.511184692383;0
3489.387;248.939865112305;0
3490.411;226.973114013672;0
3491.434;240.212966918945;0
3492.456;155.625015258789;0
3493.479;132.36506652832;0
3494.5;83.9247741699219;0
3495.521;47.9639549255371;0
3496.543;54.2773780822754;0
3497.561;40.9575080871582;0
3498.579;27.2295093536377;0
3499.6;26.7291221618652;0
3500.618;15.8533725738525;0
3501.636;-7.78191709518433;0
3502.653;-28.7330226898193;0
3503.669;-38.9072685241699;0
3504.685;-29.7264823913574;0
3505.699;-33.5722618103027;0
3506.716;-15.3565311431885;0
3507.729;-1.09938275814056;0
3508.743;-6.46527767181396;0
3509.755;-34.2708320617676;0
