98.64605;0;0
101.2353;0;0
103.8217;0;0
106.4096;1.03703701496124;0
108.9945;15.1555557250977;0
111.5767;-12.2380952835083;0
114.1602;-0.765432119369507;0
116.7409;8.5656566619873;0
119.3209;10.3247861862183;0
121.9002;26.2222213745117;0
124.4788;15.9673204421997;0
127.0566;-3.66081881523132;0
129.6317;-35.375659942627;0
132.2038;9.77294731140137;0
134.7796;34.973331451416;0
137.3503;28.9057350158691;0
139.9204;-17.2514381408691;0
142.4919;49.2558250427246;0
145.0584;89.7251663208008;0
147.6242;147.344039916992;0
150.1914;159.325454711914;0
152.7579;185.656341552734;0
155.3216;186.656845092773;0
157.8846;180.975128173828;0
160.4448;182.660186767578;0
163.0085;243.152191162109;0
165.5672;275.252563476563;0
168.1232;310.959411621094;0
170.6826;258.193664550781;0
173.2372;252.728225708008;0
175.7931;254.056564331055;0
178.3463;280.775939941406;0
180.8966;318.858001708984;0
183.4504;350.485321044922;0
185.9993;310.029693603516;0
188.5476;353.183532714844;0
191.0972;378.555267333984;0
193.644;430.896942138672;0
196.1859;393.246398925781;0
198.7335;390.403686523438;0
201.2761;400.411468505859;0
203.8201;396.139221191406;0
206.3593;394.567749023438;0
208.8998;443.986968994141;0
211.4397;432.902465820312;0
213.9746;461.241088867187;0
216.5109;435.778930664062;0
219.0487;517.762878417969;0
221.5816;564.753967285156;0
224.1158;600.167358398437;0
226.6473;621.852172851563;0
229.176;594.941223144531;0
231.7082;635.536560058594;0
234.2355;603.131896972656;0
236.7643;656.26123046875;0
239.2902;624.267211914062;0
241.8133;597.153442382813;0
244.3379;509.938537597656;0
246.8618;525.990539550781;0
249.3828;573.013977050781;0
251.9053;608.046630859375;0
254.423;582.398193359375;0
256.942;563.703002929688;0
259.4603;572.396850585938;0
261.9759;559.911010742188;0
264.4887;513.264221191406;0
267.005;505.163452148438;0
269.5164;523.394958496094;0
272.0292;540.835815429688;0
274.5393;538.731262207031;0
277.0466;543.062438964844;0
279.5574;614.576232910156;0
282.0654;629.146667480469;0
284.5686;599.239990234375;0
287.0752;584.827758789063;0
289.5791;600.529357910156;0
292.0803;628.156921386719;0
294.5828;598.880249023438;0
297.0826;584.342346191406;0
299.5838;581.650573730469;0
302.0801;538.701232910156;0
304.5758;502.894836425781;0
307.0749;447.450958251953;0
309.5672;487.113830566406;0
312.0608;496.548583984375;0
314.5558;515.117065429688;0
317.044;500.701446533203;0
319.5377;542.902954101562;0
322.0266;544.091430664062;0
324.5127;573.463317871094;0
327.0023;555.453918457031;0
329.4871;599.016845703125;0
331.9691;621.699157714844;0
334.4547;650.188293457031;0
336.9353;621.415771484375;0
339.4174;643.425537109375;0
341.901;634.395080566406;0
344.3776;712.791259765625;0
346.8577;716.98583984375;0
349.333;773.359741210938;0
351.8076;749.186645507813;0
354.2857;768.497863769531;0
356.7569;718.829956054687;0
359.2296;669.768005371094;0
361.7015;632.217468261719;0
364.1729;597.60107421875;0
366.6414;592.417602539062;0
369.1093;543.246948242187;0
371.5745;559.027404785156;0
374.0432;540.936279296875;0
376.507;589.2548828125;0
378.9702;548.623779296875;0
381.4348;582.547912597656;0
383.8947;570.634887695313;0
386.3538;664.20166015625;0
388.8144;690.458374023437;0
391.2722;659.488952636719;0
393.7314;627.559753417969;0
396.1859;629.42626953125;0
398.6418;690.137084960938;0
401.0949;666.679260253906;0
403.5475;656.954040527344;0
405.9972;662.696044921875;0
408.4505;690.397399902344;0
410.899;733.568969726563;0
413.3468;749.128845214844;0
415.796;755.364379882813;0
418.2405;753.715270996094;0
420.6884;687.798645019531;0
423.1295;677.386596679688;0
425.572;656.326232910156;0
428.0159;680.699768066406;0
430.455;696.865234375;0
432.8956;643.093627929688;0
435.3335;672.260559082031;0
437.7707;617.693481445313;0
440.2093;621.845947265625;0
442.6432;578.726867675781;0
445.0764;602.420593261719;0
447.511;586.819030761719;0
449.9429;606.086730957031;0
452.3721;584.989074707031;0
454.8048;581.519104003906;0
457.2328;555.720703125;0
459.66;549.233215332031;0
462.0847;564.996276855469;0
464.5127;524.832214355469;0
466.9381;546.165649414063;0
469.3587;581.453674316406;0
471.7807;667.4150390625;0
474.2042;711.275634765625;0
476.6229;750.049194335937;0
479.041;741.944702148437;0
481.4604;667.166748046875;0
483.8752;634.080505371094;0
486.2934;622.472412109375;0
488.7068;642.457763671875;0
491.1197;662.100524902344;0
493.5339;667.687377929688;0
495.9435;644.053344726563;0
498.3544;583.089660644531;0
500.7667;533.017211914062;0
503.1723;545.383544921875;0
505.5793;543.974060058594;0
507.9856;507.011901855469;0
510.3913;520.47705078125;0
512.7944;513.388549804687;0
515.1968;516.591491699219;0
517.5986;476.797790527344;0
519.9997;447.939025878906;0
522.3982;440.971649169922;0
524.798;412.897430419922;0
527.1973;406.786743164063;0
529.5919;428.311462402344;0
531.9899;424.255340576172;0
534.3832;474.846862792969;0
536.7758;471.435424804688;0
539.1699;533.972229003906;0
541.5593;531.940856933594;0
543.9481;580.530090332031;0
546.3382;573.001037597656;0
548.7257;528.26171875;0
551.1146;517.37255859375;0
553.4968;497.816284179688;0
555.8824;559.30908203125;0
558.2675;569.041625976563;0
560.6478;594.125;0
563.0295;613.004699707031;0
565.4106;587.852478027344;0
567.7911;531.165283203125;0
570.169;443.419036865235;0
572.5462;434.746154785156;0
574.9229;457.876922607422;0
577.2968;470.650329589844;0
579.6721;444.002136230469;0
582.0449;446.043579101563;0
584.417;415.997161865235;0
586.7885;429.115539550781;0
589.1553;407.844085693359;0
591.5255;407.914459228516;0
593.8931;349.898315429688;0
596.2601;392.602294921875;0
598.6265;416.989624023438;0
600.9902;432.683685302734;0
603.3554;450.375762939453;0
605.7179;449.540466308594;0
608.0778;455.295806884766;0
610.4391;399.870513916016;0
612.7977;373.035369873047;0
615.1558;408.225158691406;0
617.5132;429.697509765625;0
619.8701;500.469024658203;0
622.2263;492.209289550781;0
624.5779;521.264770507813;0
626.9308;516.429016113281;0
629.2852;560.804382324219;0
631.6349;569.995666503906;0
633.9841;620.095764160156;0
636.3326;672.642883300781;0
638.6805;732.548095703125;0
641.0279;718.701904296875;0
643.3746;628.445129394531;0
645.7187;592.215454101563;0
648.0621;601.788146972656;0
650.405;681.558959960937;0
652.7453;690.465881347656;0
655.087;685.397094726563;0
657.426;668.465270996094;0
659.7645;662.78125;0
662.1024;650.792419433594;0
664.4376;597.721313476562;0
666.7742;581.777893066406;0
669.1063;499.525268554688;0
671.4398;547.052734375;0
673.7726;522.742553710938;0
676.1048;586.619445800781;0
678.4324;513.320190429687;0
680.7635;509.30990600586;0
683.0919;500.796020507813;0
685.4158;522.892944335938;0
687.743;514.749328613281;0
690.0696;535.613830566406;0
692.3937;550.636047363281;0
694.7151;580.1875;0
697.038;579.338745117188;0
699.3583;539.421203613281;0
701.6779;483.656311035156;0
703.995;443.707427978515;0
706.3155;462.182464599609;0
708.6294;488.567291259765;0
710.9467;492.113098144531;0
713.2594;523.521789550781;0
715.5735;559.007690429687;0
717.887;612.62451171875;0
720.1979;588.610961914063;0
722.5083;593.41162109375;0
724.818;513.246215820312;0
727.1252;507.780151367187;0
729.4357;488.123382568359;0
731.7418;466.382690429688;0
734.0452;475.401672363281;0
736.35;479.843872070313;0
738.6522;537.862487792969;0
740.9539;541.708129882812;0
743.2569;455.018585205078;0
745.5554;446.343963623047;0
747.8553;441.360260009766;0
750.1545;468.067474365234;0
752.4513;480.659240722656;0
754.7474;394.243255615235;0
757.043;381.689849853515;0
759.336;371.550231933594;0
761.6304;444.810119628906;0
763.9222;520.512573242188;0
766.2114;433.076690673828;0
768.5041;405.538909912109;0
770.7922;300.139343261719;0
773.0777;342.592712402344;0
775.3647;327.176788330078;0
777.651;367.455596923828;0
779.9368;378.784210205078;0
782.22;387.075927734375;0
784.5026;449.205657958984;0
786.7847;479.405059814453;0
789.0662;507.180358886719;0
791.3451;416.864929199219;0
793.6254;439.608795166015;0
795.9012;427.815856933594;0
798.1784;576.786743164063;0
800.455;539.330261230469;0
802.7291;507.776580810547;0
805.0026;473.013610839844;0
807.2755;468.625213623047;0
809.5478;505.361236572266;0
811.8176;444.407409667969;0
814.0869;444.911224365234;0
816.3535;413.524139404297;0
818.6235;451.777252197266;0
820.8911;483.651245117188;0
823.156;521.72119140625;0
825.4204;511.390045166015;0
827.6823;510.194854736328;0
829.9474;535.474609375;0
832.2082;525.983276367188;0
834.4683;563.056030273438;0
836.7279;556.136962890625;0
838.9869;540.337158203125;0
841.2453;578.714538574219;0
843.5012;570.894409179688;0
845.7565;599.351867675781;0
848.0133;485.211456298828;0
850.2655;504.177368164063;0
852.5153;494.39077758789;0
854.7703;547.612976074219;0
857.0189;559.62158203125;0
859.2668;514.863464355469;0
861.5182;497.006744384765;0
863.7651;403.385772705078;0
866.0114;416.671508789062;0
868.2592;320.290954589844;0
870.5024;366.094482421875;0
872.7451;316.856719970703;0
874.9872;340.0849609375;0
877.2307;286.000274658203;0
879.4717;267.939666748047;0
881.7101;294.141296386719;0
883.95;307.930480957031;0
886.1854;363.334899902344;0
888.4202;366.86898803711;0
890.6604;344.421569824219;0
892.8941;344.327545166016;0
895.1253;362.36474609375;0
897.3599;409.979187011719;0
899.59;445.502227783203;0
901.8195;426.935577392578;0
904.0504;430.836791992188;0
906.2789;356.396728515625;0
908.5087;374.979461669922;0
910.7341;369.020660400391;0
912.9589;381.387176513672;0
915.1851;373.610809326172;0
917.4088;425.706970214844;0
919.63;394.733734130859;0
921.8526;321.2265625;0
924.0727;188.074081420898;0
926.2922;190.291656494141;0
928.5112;210.641082763672;0
930.7277;257.708648681641;0
932.9476;247.240509033203;0
935.163;287.346588134766;0
937.3739;301.250885009766;0
939.5901;307.617889404297;0
941.8019;232.005172729492;0
944.0151;221.076232910156;0
946.2258;191.497283935547;0
948.4341;219.044296264648;0
950.6456;226.145401000977;0
952.8527;222.969650268555;0
955.0593;194.240249633789;0
957.2653;94.2119522094727;0
959.4689;79.7387771606445;0
961.6738;138.305435180664;0
963.8782;203.333419799805;0
966.0782;198.378204345703;0
968.2815;167.995071411133;0
970.4803;126.740447998047;0
972.6787;107.282218933105;0
974.8784;83.619255065918;0
977.0757;112.795135498047;0
979.2704;105.102096557617;0
981.4667;111.763298034668;0
983.6603;143.232437133789;0
985.8535;208.220428466797;0
988.0461;274.158233642578;0
990.2363;297.295104980469;0
992.4297;369.216369628906;0
994.6169;346.934967041016;0
996.8035;371.0576171875;0
998.9933;376.408081054688;0
1001.179;406.550598144531;0
1003.364;429.760498046875;0
1005.55;431.654327392578;0
1007.732;441.898742675781;0
1009.916;441.493743896484;0
1012.096;444.302795410156;0
1014.275;466.553924560547;0
1016.459;415.886047363281;0
1018.636;397.007019042969;0
1020.813;379.250183105469;0
1022.991;418.725158691406;0
1025.165;453.764892578125;0
1027.34;402.367279052735;0
1029.515;355.200927734375;0
1031.687;339.153076171875;0
1033.859;439.001190185547;0
1036.03;464.856750488281;0
1038.199;436.388580322266;0
1040.369;343.820037841797;0
1042.536;325.263275146484;0
1044.704;345.498077392578;0
1046.87;397.745330810547;0
1049.034;401.116516113281;0
1051.198;318.500732421875;0
1053.363;235.455184936523;0
1055.526;201.257263183594;0
1057.686;190.611526489258;0
1059.845;166.530349731445;0
1062.005;153.014038085938;0
1064.165;213.950256347656;0
1066.323;295.088073730469;0
1068.477;313.021881103516;0
1070.634;301.195678710938;0
1072.788;227.165252685547;0
1074.942;215.031646728516;0
1077.096;247.563415527344;0
1079.247;249.783340454102;0
1081.397;254.237777709961;0
1083.547;246.592880249023;0
1085.695;279.073822021484;0
1087.844;300.427062988281;0
1089.992;276.201751708984;0
1092.138;257.111297607422;0
1094.284;316.600189208984;0
1096.425;304.779815673828;0
1098.571;294.649291992188;0
1100.711;219.874084472656;0
1102.851;237.230026245117;0
1104.994;238.587371826172;0
1107.132;251.497940063477;0
1109.271;276.427276611328;0
1111.408;276.921752929688;0
1113.543;259.826049804688;0
1115.682;225.264739990234;0
1117.816;276.433044433594;0
1119.947;334.856689453125;0
1122.08;286.522766113281;0
1124.213;243.711380004883;0
1126.343;168.152755737305;0
1128.474;238.897415161133;0
1130.602;276.496551513672;0
1132.728;250.224166870117;0
1134.856;249.413604736328;0
1136.982;199.288375854492;0
1139.109;215.738250732422;0
1141.234;172.765441894531;0
1143.356;173.977279663086;0
1145.479;170.854949951172;0
1147.599;166.519882202148;0
1149.719;161.643493652344;0
1151.839;234.450805664063;0
1153.957;247.557647705078;0
1156.076;241.129745483398;0
1158.191;120.763999938965;0
1160.305;103.014175415039;0
1162.423;54.3247299194336;0
1164.536;115.582672119141;0
1166.647;38.3427352905273;0
1168.761;123.048637390137;0
1170.871;125.031005859375;0
1172.983;218.956436157227;0
1175.092;223.491104125977;0
1177.2;281.230010986328;0
1179.306;255.979782104492;0
1181.413;237.335922241211;0
1183.518;206.982803344727;0
1185.623;236.23876953125;0
1187.725;245.326049804688;0
1189.826;225.579513549805;0
1191.929;214.026138305664;0
1194.032;198.405181884766;0
1196.13;198.161087036133;0
1198.23;206.960525512695;0
1200.327;236.813491821289;0
1202.423;257.951538085938;0
1204.52;306.1689453125;0
1206.613;266.283142089844;0
1208.71;279.320648193359;0
1210.801;263.306030273437;0
1212.892;288.311309814453;0
1214.987;250.414505004883;0
1217.075;209.779022216797;0
1219.166;202.404891967773;0
1221.256;259.180969238281;0
1223.342;339.145965576172;0
1225.43;371.665191650391;0
1227.515;328.631988525391;0
1229.597;303.132629394531;0
1231.685;310.820617675781;0
1233.767;271.401214599609;0
1235.85;247.584106445313;0
1237.931;222.372009277344;0
1240.009;295.099365234375;0
1242.09;232.990875244141;0
1244.168;213.935668945313;0
1246.245;130.27116394043;0
1248.321;202.331192016602;0
1250.397;187.086410522461;0
1252.472;195.244964599609;0
1254.547;160.868621826172;0
1256.618;162.179580688477;0
1258.69;151.7333984375;0
1260.761;150.862106323242;0
1262.83;130.342590332031;0
1264.901;202.061538696289;0
1266.969;194.522735595703;0
1269.035;186.800552368164;0
1271.102;197.662414550781;0
1273.167;173.6591796875;0
1275.233;175.788009643555;0
1277.295;107.655303955078;0
1279.359;129.095352172852;0
1281.42;145.955688476563;0
1283.482;123.014106750488;0
1285.542;96.381706237793;0
1287.6;113.391822814941;0
1289.659;108.266670227051;0
1291.714;170.450714111328;0
1293.774;189.277267456055;0
1295.828;297.079681396484;0
1297.881;292.080657958984;0
1299.936;320.462951660156;0
1301.987;326.529815673828;0
1304.041;353.463592529297;0
1306.09;317.487976074219;0
1308.139;287.606384277344;0
1310.19;259.374908447266;0
1312.238;292.795593261719;0
1314.286;325.090637207031;0
1316.331;413.815643310547;0
1318.376;462.192810058594;0
1320.422;496.778198242188;0
1322.466;451.572418212891;0
1324.508;427.353668212891;0
1326.549;414.082122802735;0
1328.59;427.616821289063;0
1330.632;427.932159423828;0
1332.67;412.111877441406;0
1334.707;308.560150146485;0
1336.746;307.603820800781;0
1338.78;317.746154785156;0
1340.816;349.987152099609;0
1342.852;260.660125732422;0
1344.885;216.615325927734;0
1346.916;285.154968261719;0
1348.948;340.722381591797;0
1350.979;366.538238525391;0
1353.011;268.994323730469;0
1355.04;248.474746704102;0
1357.066;270.380950927734;0
1359.094;352.04360961914;0
1361.121;412.128234863281;0
1363.145;346.521240234375;0
1365.171;209.00016784668;0
1367.192;105.114318847656;0
1369.216;48.4183578491211;0
1371.239;146.265518188477;0
1373.258;181.007904052734;0
1375.28;232.867706298828;0
1377.298;174.623809814453;0
1379.316;136.609832763672;0
1381.335;149.38134765625;0
1383.35;157.605010986328;0
1385.366;192.169967651367;0
1387.38;181.855239868164;0
1389.394;198.771987915039;0
1391.409;173.364669799805;0
1393.42;162.636199951172;0
1395.43;159.698379516602;0
1397.44;196.7734375;0
1399.451;164.083908081055;0
1401.458;129.7412109375;0
1403.466;87.190071105957;0
1405.472;109.097480773926;0
1407.478;111.130401611328;0
1409.483;100.62247467041;0
1411.486;50.240665435791;0
1413.49;62.201847076416;0
1415.492;85.5195159912109;0
1417.492;96.2997283935547;0
1419.495;106.105583190918;0
1421.494;129.156784057617;0
1423.492;235.769897460938;0
1425.49;288.066223144531;0
1427.487;270.603881835938;0
1429.482;230.824264526367;0
1431.477;272.058990478516;0
1433.471;347.974975585937;0
1435.466;397.016998291016;0
1437.456;346.963104248047;0
1439.447;349.702026367187;0
1441.441;343.455657958984;0
1443.427;346.113067626953;0
1445.417;315.562622070312;0
1447.406;321.248565673828;0
1449.392;356.059112548828;0
1451.381;379.327911376953;0
1453.365;276.721710205078;0
1455.348;240.907516479492;0
1457.333;203.441131591797;0
1459.314;263.433990478516;0
1461.296;259.776580810547;0
1463.276;258.648712158203;0
1465.256;232.019287109375;0
1467.237;217.62712097168;0
1469.215;255.139038085938;0
1471.19;345.888366699219;0
1473.167;380.097625732422;0
1475.145;350.767120361328;0
1477.118;341.675933837891;0
1479.092;330.55599975586;0
1481.065;351.563598632813;0
1483.038;282.258178710938;0
1485.008;289.308959960938;0
1486.979;286.382873535156;0
1488.949;324.044952392578;0
1490.917;308.285797119141;0
1492.883;310.549865722656;0
1494.852;288.72494506836;0
1496.817;261.921844482422;0
1498.782;247.473892211914;0
1500.748;233.158874511719;0
1502.708;316.198760986328;0
1504.673;304.814544677734;0
1506.634;278.450592041016;0
1508.594;241.885147094727;0
1510.554;281.226409912109;0
1512.512;344.473693847656;0
1514.471;319.29360961914;0
1516.428;304.241485595703;0
1518.384;275.539184570313;0
1520.34;257.408630371094;0
1522.294;231.293960571289;0
1524.249;234.639343261719;0
1526.202;272.555572509766;0
1528.153;248.931228637695;0
1530.103;280.438323974609;0
1532.054;260.507843017578;0
1534.004;224.478118896484;0
1535.951;159.897201538086;0
1537.899;107.212051391602;0
1539.847;119.439315795898;0
1541.793;108.67943572998;0
1543.738;141.040405273438;0
1545.681;167.080291748047;0
1547.625;163.021026611328;0
1549.566;144.751190185547;0
1551.509;162.492691040039;0
1553.45;203.245223999023;0
1555.389;215.341842651367;0
1557.33;192.559997558594;0
1559.266;160.899108886719;0
1561.204;181.025802612305;0
1563.141;167.273086547852;0
1565.074;181.640701293945;0
1567.009;174.905853271484;0
1568.943;168.179626464844;0
1570.877;210.350616455078;0
1572.808;244.974029541016;0
1574.741;205.160720825195;0
1576.67;118.686874389648;0
1578.6;75.8170852661133;0
1580.528;137.248168945313;0
1582.455;161.129821777344;0
1584.382;170.017364501953;0
1586.307;169.466506958008;0
1588.234;209.476974487305;0
1590.157;135.050170898438;0
1592.081;72.8514938354492;0
1594.002;-4.85093927383423;0
1595.927;54.5012969970703;0
1597.845;64.2135848999023;0
1599.767;167.756423950195;0
1601.685;174.52587890625;0
1603.602;277.744140625;0
1605.523;176.439498901367;0
1607.438;193.321914672852;0
1609.354;134.430938720703;0
1611.269;194.544342041016;0
1613.181;136.106582641602;0
1615.096;166.16096496582;0
1617.008;103.553726196289;0
1618.92;145.618194580078;0
1620.83;129.798828125;0
1622.74;151.76188659668;0
1624.649;168.396697998047;0
1626.557;134.592163085938;0
1628.464;141.792724609375;0
1630.37;117.553932189941;0
1632.275;180.986907958984;0
1634.18;269.202758789063;0
1636.085;277.645935058594;0
1637.988;297.427520751953;0
1639.888;276.769775390625;0
1641.791;351.784271240235;0
1643.691;357.138641357422;0
1645.588;328.722229003906;0
1647.489;297.757659912109;0
1649.387;252.579238891602;0
1651.284;357.189849853516;0
1653.18;364.700592041015;0
1655.075;383.333679199219;0
1656.972;324.866912841797;0
1658.864;342.078063964844;0
1660.754;396.300445556641;0
1662.65;371.089630126953;0
1664.539;383.223388671875;0
1666.428;370.4794921875;0
1668.32;402.080169677735;0
1670.207;371.580993652344;0
1672.096;328.759735107422;0
1673.982;273.838592529297;0
1675.867;279.373138427734;0
1677.754;280.807830810547;0
1679.638;367.475952148438;0
1681.52;372.710906982422;0
1683.403;385.401550292969;0
1685.285;345.325653076172;0
1687.166;378.816528320312;0
1689.048;376.096160888672;0
1690.924;375.051788330078;0
1692.804;339.350128173828;0
1694.682;280.880004882812;0
1696.558;231.752593994141;0
1698.435;135.078796386719;0
1700.308;133.200439453125;0
1702.184;152.107284545898;0
1704.057;181.711502075195;0
1705.929;231.620330810547;0
1707.801;218.818710327148;0
1709.674;210.997329711914;0
1711.542;155.68537902832;0
1713.412;104.264617919922;0
1715.28;74.6239395141602;0
1717.145;67.7350921630859;0
1719.015;128.332534790039;0
1720.88;117.821174621582;0
1722.746;119.423233032227;0
1724.61;42.3609237670898;0
1726.471;52.3687133789063;0
1728.334;63.6003684997559;0
1730.197;94.6086196899414;0
1732.057;126.951843261719;0
1733.919;96.1858062744141;0
1735.777;76.8656158447266;0
1737.634;62.3246002197266;0
1739.493;132.007202148438;0
1741.349;216.135650634766;0
1743.205;265.265502929688;0
1745.061;174.507858276367;0
1746.915;79.3071670532227;0
1748.77;77.4412078857422;0
1750.621;148.576644897461;0
1752.473;218.824096679688;0
1754.323;161.515960693359;0
1756.173;179.985122680664;0
1758.022;161.342224121094;0
1759.87;142.808853149414;0
1761.718;172.715423583984;0
1763.566;185.730758666992;0
1765.411;278.077239990234;0
1767.256;244.424438476563;0
1769.101;252.106262207031;0
1770.945;210.125305175781;0
1772.787;206.592697143555;0
1774.629;166.508407592773;0
1776.469;234.428024291992;0
1778.309;232.907089233398;0
1780.15;274.278930664063;0
1781.987;258.654663085938;0
1783.826;252.589828491211;0
1785.662;221.084457397461;0
1787.498;170.916305541992;0
1789.334;114.196495056152;0
1791.169;137.480575561523;0
1793.002;160.546310424805;0
1794.834;174.727066040039;0
1796.667;131.689483642578;0
1798.498;163.100540161133;0
1800.328;192.628479003906;0
1802.157;241.495544433594;0
1803.986;129.075546264648;0
1805.813;126.994667053223;0
1807.639;77.1031799316406;0
1809.467;114.986785888672;0
1811.292;38.3356819152832;0
1813.117;17.3337650299072;0
1814.94;46.8184585571289;0
1816.763;141.092391967773;0
1818.585;201.490600585938;0
1820.407;210.235290527344;0
1822.227;182.215362548828;0
1824.048;147.207534790039;0
1825.865;202.989242553711;0
1827.683;207.560516357422;0
1829.501;232.254669189453;0
1831.317;118.182823181152;0
1833.135;78.2760391235352;0
1834.948;59.3798904418945;0
1836.761;22.3832683563232;0
1838.577;41.5244026184082;0
1840.388;36.4492416381836;0
1842.198;93.2733383178711;0
1844.009;110.107795715332;0
1845.819;145.841506958008;0
1847.629;143.141143798828;0
1849.436;142.006713867188;0
1851.244;67.5493011474609;0
1853.052;111.102256774902;0
1854.858;88.3322448730469;0
1856.661;108.461486816406;0
1858.466;74.489990234375;0
1860.269;102.306632995605;0
1862.073;123.689193725586;0
1863.875;187.971008300781;0
1865.673;162.929870605469;0
1867.476;205.232162475586;0
1869.275;139.544555664063;0
1871.072;151.642684936523;0
1872.872;118.970855712891;0
1874.667;110.52611541748;0
1876.464;118.530166625977;0
1878.26;141.422698974609;0
1880.053;159.647476196289;0
1881.849;165.650497436523;0
1883.64;152.765121459961;0
1885.431;128.21403503418;0
1887.226;121.775032043457;0
1889.014;160.003662109375;0
1890.803;184.677719116211;0
1892.594;177.574966430664;0
1894.38;213.029144287109;0
1896.167;192.041839599609;0
1897.955;245.835845947266;0
1899.74;189.52326965332;0
1901.526;177.215194702148;0
1903.309;200.133865356445;0
1905.091;131.279281616211;0
1906.876;147.762542724609;0
1908.658;86.9186019897461;0
1910.438;107.598976135254;0
1912.217;42.621940612793;0
1913.996;62.3584403991699;0
1915.775;43.6587600708008;0
1917.553;102.172973632813;0
1919.33;33.5819892883301;0
1921.106;69.9966354370117;0
1922.881;87.9701995849609;0
1924.655;129.389877319336;0
1926.431;116.477905273438;0
1928.202;122.900932312012;0
1929.974;101.882270812988;0
1931.746;134.533325195313;0
1933.516;97.7429885864258;0
1935.286;89.4001541137695;0
1937.055;28.5048217773438;0
1938.823;56.5711975097656;0
1940.592;44.421516418457;0
1942.356;30.4997577667236;0
1944.122;19.1894512176514;0
1945.888;51.3342895507813;0
1947.651;74.7073440551758;0
1949.416;96.3086166381836;0
1951.178;80.2492141723633;0
1952.939;118.640975952148;0
1954.699;108.817237854004;0
1956.459;129.222457885742;0
1958.219;140.745574951172;0
1959.979;171.166839599609;0
1961.735;240.375137329102;0
1963.491;269.703826904297;0
1965.249;247.375076293945;0
1967.003;186.833374023438;0
1968.761;149.250076293945;0
1970.512;144.787155151367;0
1972.265;185.837265014648;0
1974.018;165.701705932617;0
1975.769;199.821182250977;0
1977.522;223.294799804688;0
1979.271;276.056915283203;0
1981.018;273.610443115234;0
1982.766;254.846389770508;0
1984.516;274.098785400391;0
1986.261;261.699401855469;0
1988.009;278.092681884766;0
1989.754;243.722564697266;0
1991.498;237.033493041992;0
1993.241;244.136596679688;0
1994.984;292.476318359375;0
1996.727;243.4970703125;0
1998.468;211.643707275391;0
2000.206;173.915786743164;0
2001.946;250.536346435547;0
2003.686;324.171173095703;0
2005.424;325.931396484375;0
2007.161;251.372619628906;0
2008.898;157.161514282227;0
2010.634;139.522232055664;0
2012.369;189.342025756836;0
2014.103;176.951599121094;0
2015.836;150.128021240234;0
2017.57;227.874618530273;0
2019.299;204.413558959961;0
2021.032;228.746383666992;0
2022.762;194.206741333008;0
2024.491;280.127960205078;0
2026.221;303.843414306641;0
2027.947;279.686431884766;0
2029.676;253.545867919922;0
2031.403;287.977294921875;0
2033.128;262.647369384766;0
2034.852;215.889450073242;0
2036.577;227.592407226563;0
2038.299;303.08984375;0
2040.022;404.04833984375;0
2041.744;337.578247070312;0
2043.465;234.900588989258;0
2045.184;179.126937866211;0
2046.903;243.749389648438;0
2048.621;280.611389160156;0
2050.339;241.493698120117;0
2052.057;194.729644775391;0
2053.774;284.319244384766;0
2055.488;297.484161376953;0
2057.203;300.780975341797;0
2058.917;234.09846496582;0
2060.631;233.769973754883;0
2062.344;245.126358032227;0
2064.053;256.278930664063;0
2065.765;275.783264160156;0
2067.476;255.083786010742;0
2069.185;227.624954223633;0
2070.892;232.236785888672;0
2072.6;176.315765380859;0
2074.308;176.692855834961;0
2076.014;98.8450469970703;0
2077.72;87.4427719116211;0
2079.425;18.2757968902588;0
2081.13;78.4700317382813;0
2082.833;175.743850708008;0
2084.532;254.18310546875;0
2086.236;273.309448242188;0
2087.936;240.79328918457;0
2089.635;238.630889892578;0
2091.335;271.488922119141;0
2093.034;277.700714111328;0
2094.731;287.266235351563;0
2096.427;257.282531738281;0
2098.124;288.907745361328;0
2099.82;364.019622802734;0
2101.515;404.046417236328;0
2103.207;451.423950195313;0
2104.902;430.707641601562;0
2106.594;460.564544677735;0
2108.286;493.772430419922;0
2109.976;540.371765136719;0
2111.667;498.827606201172;0
2113.355;457.41030883789;0
2115.044;355.008239746094;0
2116.732;376.844299316406;0
2118.42;409.360595703125;0
2120.105;501.11279296875;0
2121.79;519.767517089844;0
2123.476;549.769653320313;0
2125.16;570.785949707031;0
2126.844;593.373046875;0
2128.524;582.753112792969;0
2130.207;567.482727050781;0
2131.888;557.229797363281;0
2133.567;493.439880371094;0
2135.247;510.001953125;0
2136.927;492.804901123047;0
2138.603;469.931335449219;0
2140.281;419.229675292969;0
2141.957;472.21450805664;0
2143.633;491.843475341797;0
2145.308;534.603332519531;0
2146.981;490.271789550781;0
2148.654;557.624572753906;0
2150.328;510.882141113281;0
2152;491.436645507813;0
2153.669;448.897094726563;0
2155.34;470.71337890625;0
2157.01;530.776672363281;0
2158.677;538.10205078125;0
2160.347;483.666900634765;0
2162.013;376.360137939453;0
2163.681;328.403717041015;0
2165.347;323.242370605469;0
2167.011;312.87612915039;0
2168.674;344.195587158203;0
2170.337;383.422058105469;0
2172.002;442.772796630859;0
2173.662;431.801788330078;0
2175.324;391.007446289063;0
2176.985;384.055877685547;0
2178.645;373.235443115235;0
2180.304;369.138671875;0
2181.961;330.880279541016;0
2183.618;339.043426513672;0
2185.275;332.550964355469;0
2186.932;358.954650878906;0
2188.586;366.702697753906;0
2190.242;397.017822265625;0
2191.896;398.679504394531;0
2193.547;358.800262451172;0
2195.2;323.244689941406;0
2196.851;315.055145263672;0
2198.502;295.727905273437;0
2200.153;318.664978027344;0
2201.799;314.617523193359;0
2203.447;355.598693847656;0
2205.097;332.928283691406;0
2206.742;290.274810791016;0
2208.391;211.968795776367;0
2210.035;240.171249389648;0
2211.679;277.520599365234;0
2213.324;354.652404785156;0
2214.966;345.354858398437;0
2216.608;403.516815185547;0
2218.252;416.916046142578;0
2219.89;440.330322265625;0
2221.531;456.870788574219;0
2223.172;447.648529052735;0
2224.809;463.66244506836;0
2226.449;439.356964111328;0
2228.086;450.508941650391;0
2229.72;438.339294433594;0
2231.358;402.291473388672;0
2232.992;380.646850585937;0
2234.625;317.607879638672;0
2236.26;294.610900878906;0
2237.893;318.474212646485;0
2239.524;302.461029052734;0
2241.156;331.26611328125;0
2242.785;374.130584716797;0
2244.416;416.481292724609;0
2246.044;409.625762939453;0
2247.672;327.229400634766;0
2249.301;351.064239501953;0
2250.926;345.353881835938;0
2252.554;353.987487792969;0
2254.177;295.295776367188;0
2255.803;316.708526611328;0
2257.427;363.633666992188;0
2259.051;452.01937866211;0
2260.671;446.312164306641;0
2262.294;402.068939208984;0
2263.914;417.618774414063;0
2265.533;478.189514160156;0
2267.153;488.218444824219;0
2268.773;452.171051025391;0
2270.392;358.81201171875;0
2272.006;336.197967529297;0
2273.624;292.107208251953;0
2275.239;380.809112548828;0
2276.854;444.133666992188;0
2278.468;501.594573974609;0
2280.084;438.189392089844;0
2281.695;439.473693847656;0
2283.305;418.225677490234;0
2284.919;417.889770507812;0
2286.527;383.02099609375;0
2288.14;402.062683105469;0
2289.748;369.013000488281;0
2291.354;346.686584472656;0
2292.964;319.215606689453;0
2294.569;324.516479492188;0
2296.174;364.579284667969;0
2297.782;341.642242431641;0
2299.386;368.710083007813;0
2300.99;307.795959472656;0
2302.594;312.118591308594;0
2304.195;307.859466552734;0
2305.798;288.057159423828;0
2307.399;232.358535766602;0
2308.998;254.239151000977;0
2310.598;307.577514648438;0
2312.197;427.818084716797;0
2313.795;429.849731445312;0
2315.392;420.228057861328;0
2316.988;367.658843994141;0
2318.585;377.103637695312;0
2320.18;396.115905761719;0
2321.774;412.447662353516;0
2323.368;365.058563232422;0
2324.961;340.472198486328;0
2326.553;328.679901123047;0
2328.145;320.511383056641;0
2329.735;336.652740478516;0
2331.324;367.027648925781;0
2332.916;397.192504882812;0
2334.503;346.836883544922;0
2336.092;285.399475097656;0
2337.677;212.703536987305;0
2339.263;263.277801513672;0
2340.85;252.515914916992;0
2342.434;232.607559204102;0
2344.018;215.768508911133;0
2345.602;236.5908203125;0
2347.185;295.978668212891;0
2348.768;252.151168823242;0
2350.347;245.44123840332;0
2351.928;291.241363525391;0
2353.51;323.776611328125;0
2355.087;323.760559082031;0
2356.665;243.103042602539;0
2358.243;173.571029663086;0
2359.819;143.483001708984;0
2361.396;137.067794799805;0
2362.972;189.306549072266;0
2364.547;210.766830444336;0
2366.121;241.11474609375;0
2367.694;240.062652587891;0
2369.267;174.41178894043;0
2370.839;220.162353515625;0
2372.411;250.244354248047;0
2373.982;320.769104003906;0
2375.55;307.738983154297;0
2377.118;292.495361328125;0
2378.687;307.75390625;0
2380.254;310.561676025391;0
2381.821;338.633758544922;0
2383.387;298.150543212891;0
2384.954;301.224090576172;0
2386.516;276.964752197266;0
2388.082;308.303436279297;0
2389.644;287.085266113281;0
2391.209;341.885040283203;0
2392.769;332.241729736328;0
2394.33;369.487121582031;0
2395.892;363.178955078125;0
2397.449;416.766662597656;0
2399.008;396.361297607422;0
2400.568;386.62744140625;0
2402.125;392.898468017578;0
2403.68;446.063262939453;0
2405.238;429.013397216797;0
2406.792;429.971130371094;0
2408.349;382.158660888672;0
2409.902;408.536804199219;0
2411.455;376.923767089844;0
2413.007;351.210845947266;0
2414.558;329.979370117188;0
2416.11;338.527648925781;0
2417.66;375.695648193359;0
2419.21;382.767486572266;0
2420.758;398.033477783203;0
2422.307;339.987396240234;0
2423.855;372.173492431641;0
2425.402;357.568237304688;0
2426.947;401.897918701172;0
2428.492;366.206176757813;0
2430.038;343.408172607422;0
2431.58;342.43701171875;0
2433.124;332.102508544922;0
2434.667;350.09814453125;0
2436.208;316.492919921875;0
2437.75;359.154724121094;0
2439.291;384.588195800781;0
2440.83;384.509857177734;0
2442.369;377.213348388672;0
2443.906;363.502746582031;0
2445.444;387.677520751953;0
2446.981;331.958953857422;0
2448.517;329.612030029297;0
2450.053;364.926086425781;0
2451.587;370.352111816406;0
2453.12;406.889831542969;0
2454.655;386.206329345703;0
2456.187;409.747253417969;0
2457.718;367.069274902344;0
2459.25;304.349395751953;0
2460.781;249.561965942383;0
2462.31;264.668304443359;0
2463.84;295.669464111328;0
2465.368;309.434539794922;0
2466.896;276.422607421875;0
2468.423;240.514068603516;0
2469.949;211.895370483398;0
2471.474;190.284027099609;0
2472.998;277.076812744141;0
2474.522;350.649444580078;0
2476.045;385.724822998047;0
2477.568;400.236175537109;0
2479.09;414.529205322266;0
2480.612;406.270233154297;0
2482.132;343.235626220703;0
2483.653;317.313018798828;0
2485.171;297.948333740234;0
2486.689;375.807769775391;0
2488.208;417.333801269531;0
2489.725;436.082153320313;0
2491.242;422.610321044922;0
2492.757;380.807281494141;0
2494.271;407.339660644531;0
2495.785;375.650543212891;0
2497.3;386.989318847656;0
2498.812;415.348602294922;0
2500.325;420.671875;0
2501.837;440.022247314453;0
2503.345;418.074157714844;0
2504.856;406.901733398438;0
2506.366;370.46923828125;0
2507.875;353.524230957031;0
2509.382;354.57080078125;0
2510.889;362.985321044922;0
2512.397;403.272766113281;0
2513.901;360.126159667969;0
2515.406;350.634857177734;0
2516.911;298.526214599609;0
2518.415;351.887084960938;0
2519.918;344.583648681641;0
2521.421;320.783050537109;0
2522.922;297.456604003906;0
2524.423;273.537170410156;0
2525.924;267.669677734375;0
2527.422;265.223358154297;0
2528.923;270.227996826172;0
2530.419;285.302856445313;0
2531.916;233.932144165039;0
2533.415;197.311431884766;0
2534.909;167.747604370117;0
2536.404;156.412872314453;0
2537.899;180.46369934082;0
2539.394;188.959259033203;0
2540.887;239.567581176758;0
2542.38;260.628234863281;0
2543.871;297.060760498047;0
2545.363;321.190948486328;0
2546.852;357.460632324219;0
2548.345;342.950988769531;0
2549.833;280.095642089844;0
2551.321;228.848098754883;0
2552.811;227.255645751953;0
2554.296;274.349060058594;0
2555.78;280.555725097656;0
2557.267;240.874298095703;0
2558.752;250.957214355469;0
2560.237;272.803680419922;0
2561.721;271.776275634766;0
2563.203;246.191543579102;0
2564.687;217.660949707031;0
2566.168;262.919616699219;0
2567.648;270.946258544922;0
2569.129;321.613555908203;0
2570.607;323.371032714844;0
2572.086;328.513732910156;0
2573.565;316.663543701172;0
2575.041;344.807586669922;0
2576.518;301.804992675781;0
2577.994;311.582672119141;0
2579.469;322.140991210938;0
2580.945;390.662048339844;0
2582.418;380.192291259766;0
2583.892;337.169586181641;0
2585.365;346.455993652344;0
2586.835;310.389434814453;0
2588.307;305.557525634766;0
2589.778;312.593048095703;0
2591.248;409.152130126953;0
2592.717;442.382965087891;0
2594.186;364.284271240234;0
2595.652;344.188690185547;0
2597.121;341.983306884766;0
2598.585;372.181518554688;0
2600.052;324.272094726563;0
2601.518;286.796600341797;0
2602.982;316.910125732422;0
2604.446;324.689849853516;0
2605.907;357.469940185547;0
2607.371;323.251922607422;0
2608.83;322.804718017578;0
2610.293;331.631622314453;0
2611.752;303.170501708984;0
2613.213;366.344055175781;0
2614.672;360.268035888672;0
2616.13;450.415008544922;0
2617.587;441.229827880859;0
2619.043;452.37744140625;0
2620.501;389.856842041016;0
2621.957;388.636413574219;0
2623.409;438.385223388672;0
2624.864;503.548522949219;0
2626.318;472.334197998047;0
2627.771;429.215789794922;0
2629.222;423.867370605469;0
2630.673;419.385284423828;0
2632.124;401.8828125;0
2633.575;468.241485595703;0
2635.023;400.379516601563;0
2636.473;405.641265869141;0
2637.922;352.689910888672;0
2639.368;438.413299560547;0
2640.816;446.246032714844;0
2642.261;415.855438232422;0
2643.705;403.688079833984;0
2645.151;383.043548583984;0
2646.596;379.010162353516;0
2648.037;410.740081787109;0
2649.48;439.915557861328;0
2650.923;424.979248046875;0
2652.364;384.597503662109;0
2653.804;359.001586914063;0
2655.243;358.763610839844;0
2656.683;349.878570556641;0
2658.121;293.718017578125;0
2659.559;277.882415771484;0
2660.997;278.495697021484;0
2662.433;330.587615966797;0
2663.868;301.231262207031;0
2665.305;232.20426940918;0
2666.737;240.415893554688;0
2668.173;277.356353759766;0
2669.606;288.70166015625;0
2671.038;212.377426147461;0
2672.47;177.27392578125;0
2673.901;225.859985351563;0
2675.331;274.549133300781;0
2676.761;300.788391113281;0
2678.189;312.911376953125;0
2679.619;296.697631835938;0
2681.045;282.938018798828;0
2682.473;221.13525390625;0
2683.9;233.101150512695;0
2685.324;261.840850830078;0
2686.749;281.464233398438;0
2688.176;286.1943359375;0
2689.599;303.144195556641;0
2691.021;326.646759033203;0
2692.444;281.434997558594;0
2693.865;221.65153503418;0
2695.287;142.719909667969;0
2696.707;177.495910644531;0
2698.125;190.851959228516;0
2699.545;246.565902709961;0
2700.963;278.943267822266;0
2702.381;264.096527099609;0
2703.798;259.889892578125;0
2705.214;203.795425415039;0
2706.629;198.650909423828;0
2708.046;176.454940795898;0
2709.458;202.816986083984;0
2710.872;196.964904785156;0
2712.285;215.462493896484;0
2713.699;203.184555053711;0
2715.111;179.115264892578;0
2716.52;206.516159057617;0
2717.93;218.102081298828;0
2719.342;255.155059814453;0
2720.749;228.142852783203;0
2722.159;262.506317138672;0
2723.565;319.72998046875;0
2724.971;337.923522949219;0
2726.38;291.531402587891;0
2727.785;244.998443603516;0
2729.19;250.693145751953;0
2730.594;296.318359375;0
2731.997;281.692352294922;0
2733.401;329.260650634766;0
2734.803;302.02490234375;0
2736.204;367.430206298828;0
2737.606;365.698516845703;0
2739.005;365.941680908203;0
2740.405;369.158996582031;0
2741.806;388.903625488281;0
2743.202;434.175323486328;0
2744.602;443.529541015625;0
2745.998;426.633056640625;0
2747.395;394.153167724609;0
2748.79;367.199127197266;0
2750.185;304.569580078125;0
2751.58;280.279327392578;0
2752.975;291.444396972656;0
2754.366;341.021545410156;0
2755.759;355.011840820313;0
2757.151;345.639343261719;0
2758.542;370.459777832031;0
2759.933;405.584564208984;0
2761.322;403.124725341797;0
2762.71;365.080322265625;0
2764.1;328.550384521484;0
2765.486;305.808197021484;0
2766.875;322.195159912109;0
2768.26;352.2197265625;0
2769.646;385.772979736328;0
2771.031;402.410461425781;0
2772.418;381.688140869141;0
2773.799;362.828674316406;0
2775.184;330.432312011719;0
2776.565;366.30712890625;0
2777.946;380.487762451172;0
2779.328;382.420104980469;0
2780.708;397.770965576172;0
2782.09;387.540679931641;0
2783.469;401.840484619141;0
2784.847;358.224273681641;0
2786.226;378.830261230469;0
2787.603;376.630493164063;0
2788.978;384.261840820313;0
2790.355;385.614135742188;0
2791.731;361.855255126953;0
2793.104;436.244079589844;0
2794.479;467.409729003906;0
2795.853;472.129974365234;0
2797.225;388.403930664063;0
2798.596;325.309997558594;0
2799.967;320.032592773438;0
2801.341;298.734497070313;0
2802.71;231.281112670898;0
2804.077;182.942565917969;0
2805.447;123.207862854004;0
2806.815;120.370780944824;0
2808.183;139.897827148438;0
2809.551;175.231460571289;0
2810.915;215.260131835938;0
2812.282;197.792739868164;0
2813.646;196.353759765625;0
2815.011;167.498748779297;0
2816.375;161.894271850586;0
2817.736;146.206344604492;0
2819.099;130.879638671875;0
2820.462;118.135681152344;0
2821.821;127.098457336426;0
2823.182;135.092651367188;0
2824.542;149.229553222656;0
2825.901;148.620681762695;0
2827.261;179.861206054688;0
2828.617;215.91682434082;0
2829.974;240.338302612305;0
2831.33;252.65055847168;0
2832.686;222.53645324707;0
2834.043;169.209243774414;0
2835.395;164.119567871094;0
2836.75;168.268020629883;0
2838.104;242.688018798828;0
2839.456;209.367965698242;0
2840.807;176.384643554688;0
2842.16;124.03254699707;0
2843.509;164.804214477539;0
2844.858;200.808609008789;0
2846.209;188.046295166016;0
2847.556;159.086212158203;0
2848.906;175.921371459961;0
2850.253;187.557922363281;0
2851.6;213.329147338867;0
2852.946;152.124282836914;0
2854.29;181.053695678711;0
2855.635;209.89338684082;0
2856.98;220.979766845703;0
2858.323;176.425018310547;0
2859.665;176.006881713867;0
2861.008;151.252593994141;0
2862.349;155.255889892578;0
2863.691;112.172660827637;0
2865.031;130.334381103516;0
2866.37;150.295852661133;0
2867.709;151.058624267578;0
2869.048;175.204193115234;0
2870.385;225.913864135742;0
2871.722;270.534881591797;0
2873.059;273.150146484375;0
2874.394;267.337097167969;0
2875.73;232.005844116211;0
2877.064;278.017883300781;0
2878.398;293.799530029297;0
2879.731;305.682678222656;0
2881.063;268.776947021484;0
2882.395;238.747497558594;0
2883.727;232.377777099609;0
2885.059;204.434234619141;0
2886.387;235.228576660156;0
2887.717;248.510894775391;0
2889.046;267.114013671875;0
2890.374;236.599853515625;0
2891.699;248.486450195313;0
2893.028;271.425872802734;0
2894.354;280.041412353516;0
2895.679;287.012847900391;0
2897.004;306.115997314453;0
2898.328;297.651275634766;0
2899.653;297.285369873047;0
2900.976;331.073822021484;0
2902.297;375.326232910156;0
2903.619;347.611328125;0
2904.941;339.791320800781;0
2906.26;284.932891845703;0
2907.58;330.218475341797;0
2908.898;267.213928222656;0
2910.217;266.975036621094;0
2911.536;220.517974853516;0
2912.852;228.762298583984;0
2914.171;243.623779296875;0
2915.485;297.919952392578;0
2916.799;294.060180664063;0
2918.116;294.166778564453;0
2919.428;255.495681762695;0
2920.743;247.641036987305;0
2922.056;258.10986328125;0
2923.367;247.917343139648;0
2924.679;297.260070800781;0
2925.99;290.471435546875;0
2927.299;311.779754638672;0
2928.609;335.622955322266;0
2929.918;367.222839355469;0
2931.226;382.023132324219;0
2932.535;391.468597412109;0
2933.841;397.894073486328;0
2935.149;419.409759521484;0
2936.455;404.014923095703;0
2937.758;377.709136962891;0
2939.064;341.742858886719;0
2940.368;377.828826904297;0
2941.67;399.419189453125;0
2942.973;442.260955810547;0
2944.277;400.813781738281;0
2945.577;380.459503173828;0
2946.878;366.992950439453;0
2948.178;391.468566894531;0
2949.477;398.828369140625;0
2950.776;371.405609130859;0
2952.073;351.257568359375;0
2953.372;360.396942138672;0
2954.669;358.265258789063;0
2955.965;369.893951416016;0
2957.261;413.866973876953;0
2958.556;470.839569091797;0
2959.849;461.257568359375;0
2961.145;398.676696777344;0
2962.436;376.084320068359;0
2963.732;353.884399414063;0
2965.022;368.294769287109;0
2966.313;347.816772460938;0
2967.603;363.77734375;0
2968.893;360.748443603516;0
2970.182;316.017669677734;0
2971.471;295.487121582031;0
2972.759;274.921417236328;0
2974.047;295.100189208984;0
2975.334;295.810913085938;0
2976.62;282.034332275391;0
2977.907;287.524688720703;0
2979.192;291.489105224609;0
2980.475;285.588653564453;0
2981.76;267.041564941406;0
2983.043;243.812042236328;0
2984.326;246.084655761719;0
2985.607;245.188552856445;0
2986.888;272.875854492188;0
2988.17;259.117889404297;0
2989.449;220.078506469727;0
2990.728;161.793487548828;0
2992.007;180.29817199707;0
2993.284;176.592880249023;0
2994.562;170.566299438477;0
2995.84;147.440170288086;0
2997.115;194.991638183594;0
2998.393;221.775863647461;0
2999.666;182.112365722656;0
3000.94;102.805709838867;0
3002.215;63.9409141540527;0
3003.486;73.5029296875;0
3004.76;110.026580810547;0
3006.033;128.448791503906;0
3007.303;114.102882385254;0
3008.573;142.323150634766;0
3009.844;121.951782226563;0
3011.114;125.923812866211;0
3012.383;128.2392578125;0
3013.649;119.009208679199;0
3014.917;157.45426940918;0
3016.185;129.100830078125;0
3017.451;146.56266784668;0
3018.716;120.00365447998;0
3019.983;125.834831237793;0
3021.246;133.452270507813;0
3022.509;122.12622833252;0
3023.774;130.102081298828;0
3025.035;150.772476196289;0
3026.299;120.771278381348;0
3027.56;114.240493774414;0
3028.819;44.2577629089355;0
3030.081;93.1867904663086;0
3031.339;98.0129470825195;0
3032.598;153.871170043945;0
3033.856;170.027893066406;0
3035.114;124.92822265625;0
3036.372;146.793716430664;0
3037.628;117.097106933594;0
3038.883;153.716659545898;0
3040.138;117.217338562012;0
3041.394;124.931503295898;0
3042.646;129.496475219727;0
3043.9;132.904830932617;0
3045.152;175.356048583984;0
3046.405;183.879180908203;0
3047.657;180.695343017578;0
3048.906;151.026748657227;0
3050.158;137.118942260742;0
3051.407;160.213516235352;0
3052.656;144.156509399414;0
3053.904;130.109344482422;0
3055.153;132.620086669922;0
3056.398;159.162460327148;0
3057.647;189.331359863281;0
3058.892;197.015441894531;0
3060.137;223.103637695313;0
3061.382;199.623413085937;0
3062.625;166.296463012695;0
3063.869;169.510330200195;0
3065.112;194.757537841797;0
3066.353;241.851623535156;0
3067.595;233.197723388672;0
3068.838;252.762588500977;0
3070.075;297.063171386719;0
3071.317;291.322021484375;0
3072.557;276.984252929687;0
3073.795;249.605712890625;0
3075.032;227.519607543945;0
3076.27;225.62744140625;0
3077.507;213.055282592774;0
3078.742;267.267852783203;0
3079.978;265.105621337891;0
3081.212;210.568893432617;0
3082.446;197.656845092773;0
3083.681;249.638290405273;0
3084.913;296.495147705078;0
3086.147;260.404724121094;0
3087.38;257.523223876953;0
3088.61;240.006988525391;0
3089.84;273.636199951172;0
3091.071;251.266036987305;0
3092.3;278.641418457031;0
3093.529;288.669372558594;0
3094.755;253.016662597656;0
3095.984;259.258056640625;0
3097.211;237.468215942383;0
3098.438;288.410400390625;0
3099.663;283.894714355469;0
3100.888;285.366546630859;0
3102.112;280.825103759766;0
3103.335;243.444915771484;0
3104.56;229.086517333984;0
3105.782;199.040115356445;0
3107.005;239.727401733398;0
3108.226;269.208557128906;0
3109.447;289.484405517578;0
3110.667;316.083374023438;0
3111.887;328.451446533203;0
3113.104;318.699554443359;0
3114.324;238.717895507812;0
3115.541;232.758453369141;0
3116.758;248.930526733398;0
3117.976;258.236145019531;0
3119.192;233.009735107422;0
3120.408;253.872985839844;0
3121.622;247.777770996094;0
3122.835;227.039978027344;0
3124.05;204.216354370117;0
3125.262;239.083267211914;0
3126.476;249.418548583984;0
3127.687;223.667236328125;0
3128.897;202.6083984375;0
3130.108;240.346786499023;0
3131.319;220.482467651367;0
3132.528;250.877380371094;0
3133.737;226.383102416992;0
3134.945;224.612197875977;0
3136.152;214.484359741211;0
3137.358;187.47737121582;0
3138.565;232.654174804688;0
3139.772;196.568801879883;0
3140.976;222.92138671875;0
3142.18;179.862335205078;0
3143.385;169.725677490234;0
3144.588;139.400390625;0
3145.79;126.331329345703;0
3146.993;161.740386962891;0
3148.194;177.2939453125;0
3149.395;187.769149780273;0
3150.596;165.166442871094;0
3151.794;121.930641174316;0
3152.994;166.3759765625;0
3154.193;183.630523681641;0
3155.39;230.694488525391;0
3156.587;196.763076782227;0
3157.784;216.326614379883;0
3158.982;178.340377807617;0
3160.177;165.983062744141;0
3161.37;118.24104309082;0
3162.565;144.864562988281;0
3163.759;153.972625732422;0
3164.952;197.753646850586;0
3166.146;194.207733154297;0
3167.337;170.446426391602;0
3168.527;194.303619384766;0
3169.719;202.832412719727;0
3170.91;245.588821411133;0
3172.098;181.461944580078;0
3173.288;174.452590942383;0
3174.475;137.571334838867;0
3175.663;112.439476013184;0
3176.849;99.3692626953125;0
3178.037;127.586090087891;0
3179.223;136.69645690918;0
3180.408;150.590026855469;0
3181.592;137.822540283203;0
3182.777;163.727005004883;0
3183.96;171.237686157227;0
3185.143;196.369415283203;0
3186.325;202.393096923828;0
3187.507;192.641784667969;0
3188.688;196.227630615234;0
3189.869;157.816940307617;0
3191.049;148.910232543945;0
3192.228;128.9658203125;0
3193.406;202.615631103516;0
3194.585;237.071792602539;0
3195.763;252.110717773438;0
3196.939;219.816375732422;0
3198.116;183.076675415039;0
3199.292;155.891632080078;0
3200.466;131.824142456055;0
3201.643;136.940704345703;0
3202.816;144.713317871094;0
3203.991;174.928207397461;0
3205.161;149.037353515625;0
3206.334;131.772933959961;0
3207.504;133.155700683594;0
3208.677;141.233505249023;0
3209.846;184.08283996582;0
3211.017;183.337905883789;0
3212.187;261.759307861328;0
3213.356;235.221740722656;0
3214.524;238.862197875976;0
3215.69;198.79118347168;0
3216.859;206.342132568359;0
3218.024;215.440521240234;0
3219.189;210.198257446289;0
3220.354;207.114791870117;0
3221.519;200.378448486328;0
3222.682;215.506484985352;0
3223.845;226.70361328125;0
3225.01;251.30451965332;0
3226.171;256.309265136719;0
3227.332;283.273529052734;0
3228.494;251.418350219726;0
3229.655;238.409759521484;0
3230.814;201.812545776367;0
3231.973;191.688003540039;0
3233.13;248.929718017578;0
3234.29;229.415863037109;0
3235.447;250.396835327148;0
3236.605;186.616348266602;0
3237.76;248.179489135742;0
3238.916;255.477996826172;0
3240.071;268.992980957031;0
3241.224;230.773818969727;0
3242.381;212.772171020508;0
3243.532;222.808578491211;0
3244.685;215.264434814453;0
3245.839;225.248916625977;0
3246.99;240.857192993164;0
3248.141;266.755493164062;0
3249.292;288.054382324219;0
3250.439;271.198974609375;0
3251.589;254.189819335938;0
3252.739;241.315063476563;0
3253.886;261.448425292969;0
3255.034;325.799713134766;0
3256.18;333.146789550781;0
3257.326;319.061950683594;0
3258.472;277.697937011719;0
3259.617;262.059936523438;0
3260.761;226.181304931641;0
3261.905;217.22526550293;0
3263.048;208.519683837891;0
3264.19;250.40771484375;0
3265.333;252.580871582031;0
3266.475;275.861541748047;0
3267.617;292.804504394531;0
3268.757;265.186859130859;0
3269.896;274.626739501953;0
3271.036;277.395141601563;0
3272.175;269.372619628906;0
3273.313;241.895538330078;0
3274.449;226.729125976563;0
3275.586;254.597274780273;0
3276.722;295.944641113281;0
3277.859;267.624145507813;0
3278.993;268.482269287109;0
3280.13;224.69660949707;0
3281.263;222.364593505859;0
3282.395;206.516418457031;0
3283.529;234.152465820313;0
3284.66;270.828643798828;0
3285.794;274.619842529297;0
3286.924;258.970428466797;0
3288.054;212.492126464844;0
3289.185;221.21842956543;0
3290.313;221.118942260742;0
3291.443;246.629974365234;0
3292.571;240.299072265625;0
3293.698;225.783309936523;0
3294.824;222.192718505859;0
3295.952;223.772338867188;0
3297.077;213.722946166992;0
3298.203;204.489837646484;0
3299.328;217.184143066406;0
3300.45;242.629287719727;0
3301.574;243.269119262695;0
3302.698;181.519683837891;0
3303.819;182.524978637695;0
3304.942;200.790267944336;0
3306.064;242.648742675781;0
3307.182;240.399124145508;0
3308.303;259.215484619141;0
3309.423;254.034851074219;0
3310.542;224.074340820313;0
3311.66;163.064437866211;0
3312.778;171.724349975586;0
3313.895;194.346084594727;0
3315.012;212.899536132813;0
3316.128;204.829513549805;0
3317.243;186.694183349609;0
3318.357;180.493515014648;0
3319.471;204.527130126953;0
3320.586;224.894927978516;0
3321.698;272.8173828125;0
3322.813;228.639709472656;0
3323.923;201.011962890625;0
3325.034;164.561340332031;0
3326.146;187.253494262695;0
3327.255;197.087524414063;0
3328.366;170.508239746094;0
3329.474;155.751556396484;0
3330.582;154.142837524414;0
3331.691;167.390823364258;0
3332.797;176.673934936523;0
3333.905;190.507904052734;0
3335.011;172.617050170898;0
3336.116;152.992721557617;0
3337.22;108.031700134277;0
3338.327;144.077301025391;0
3339.429;151.119903564453;0
3340.534;174.494567871094;0
3341.635;149.645736694336;0
3342.737;144.580749511719;0
3343.84;125.624908447266;0
3344.94;121.743301391602;0
3346.041;120.995948791504;0
3347.142;138.966369628906;0
3348.24;150.709915161133;0
3349.337;155.577880859375;0
3350.437;172.089859008789;0
3351.534;177.337890625;0
3352.633;197.827178955078;0
3353.727;215.588180541992;0
3354.823;164.798568725586;0
3355.919;143.20686340332;0
3357.013;122.480255126953;0
3358.108;134.990142822266;0
3359.201;156.274795532227;0
3360.293;139.44596862793;0
3361.385;190.703109741211;0
3362.478;162.956115722656;0
3363.569;185.651672363281;0
3364.661;133.790145874023;0
3365.75;184.652465820313;0
3366.838;180.059875488281;0
3367.929;255.676940917969;0
3369.017;235.621475219727;0
3370.105;267.45556640625;0
3371.193;209.394287109375;0
3372.279;222.911834716797;0
3373.364;197.848541259766;0
3374.45;229.539123535156;0
3375.534;194.132415771484;0
3376.62;178.924606323242;0
3377.704;155.767105102539;0
3378.786;181.504180908203;0
3379.871;199.430313110352;0
3380.951;218.513397216797;0
3382.034;228.725112915039;0
3383.114;180.412078857422;0
3384.195;179.393188476563;0
3385.276;148.138229370117;0
3386.354;198.033828735352;0
3387.433;218.309310913086;0
3388.511;260.872161865234;0
3389.588;259.614501953125;0
3390.664;223.343063354492;0
3391.742;221.839263916016;0
3392.816;206.778732299805;0
3393.893;211.482864379883;0
3394.968;189.060592651367;0
3396.042;190.907272338867;0
3397.115;209.171264648438;0
3398.189;197.565460205078;0
3399.262;207.099853515625;0
3400.333;218.145935058594;0
3401.404;237.963073730469;0
3402.474;256.314788818359;0
3403.545;255.31462097168;0
3404.615;252.631439208984;0
3405.685;218.724838256836;0
3406.752;243.885940551758;0
3407.82;251.665771484375;0
3408.888;296.317840576172;0
3409.955;265.950927734375;0
3411.021;259.679046630859;0
3412.085;261.171508789063;0
3413.151;257.969512939453;0
3414.215;256.891815185547;0
3415.279;248.522720336914;0
3416.343;236.454162597656;0
3417.406;242.770050048828;0
3418.468;210.517852783203;0
3419.53;179.031860351563;0
3420.592;155.209945678711;0
3421.652;167.903945922852;0
3422.712;203.594787597656;0
3423.773;195.623886108398;0
3424.83;187.323593139648;0
3425.889;194.951171875;0
3426.946;206.806121826172;0
3428.005;229.348449707031;0
3429.061;215.688613891602;0
3430.117;212.379425048828;0
3431.172;189.759704589844;0
3432.227;193.464599609375;0
3433.281;184.313659667969;0
3434.335;171.329376220703;0
3435.389;149.329956054688;0
3436.44;171.424362182617;0
3437.492;209.189880371094;0
3438.546;217.153518676758;0
3439.598;196.900405883789;0
3440.646;169.214447021484;0
3441.697;157.85823059082;0
3442.745;149.994094848633;0
3443.793;169.171630859375;0
3444.842;194.783813476563;0
3445.891;193.400390625;0
3446.937;183.897766113281;0
3447.984;175.074005126953;0
3449.031;192.507354736328;0
3450.075;202.800720214844;0
3451.12;225.511505126953;0
3452.164;243.271636962891;0
3453.207;243.705444335938;0
3454.251;209.686569213867;0
3455.293;223.01969909668;0
3456.336;237.050308227539;0
3457.378;232.064208984375;0
3458.417;225.227966308594;0
3459.458;172.508590698242;0
3460.498;184.713134765625;0
3461.539;170.399627685547;0
3462.577;173.184020996094;0
3463.614;191.494155883789;0
3464.651;213.266571044922;0
3465.689;229.922424316406;0
3466.726;191.403137207031;0
3467.763;132.844741821289;0
3468.798;102.009056091309;0
3469.831;120.386344909668;0
3470.866;193.537017822266;0
3471.9;223.58154296875;0
3472.933;215.359603881836;0
3473.966;146.93635559082;0
3474.999;132.310104370117;0
3476.029;136.594268798828;0
3477.061;155.915145874023;0
3478.09;178.716384887695;0
3479.121;181.34407043457;0
3480.15;198.468002319336;0
3481.178;185.374359130859;0
3482.205;198.025344848633;0
3483.234;176.613296508789;0
3484.26;183.070220947266;0
3485.288;172.268432617188;0
3486.313;160.327331542969;0
3487.337;153.382522583008;0
3488.364;177.402969360352;0
3489.387;200.436019897461;0
3490.411;204.390625;0
3491.434;171.716354370117;0
3492.456;145.206527709961;0
3493.479;88.0348358154297;0
3494.5;52.7223968505859;0
3495.521;44.2460746765137;0
3496.543;49.873306274414;0
3497.561;62.0481910705566;0
3498.579;28.3834056854249;0
3499.6;68.2142868041993;0
3500.618;53.4963455200195;0
3501.636;39.7735557556152;0
3502.653;-34.8927001953125;0
3503.669;-40.429801940918;0
3504.685;-12.4293727874756;0
3505.699;3.18988752365112;0
3506.716;5.56710481643677;0
3507.729;-15.2479934692383;0
3508.743;-19.0138893127441;0
3509.755;-34.4861106872559;0
