98.64605;0;0
101.2353;0;0
103.8217;0;0
106.4096;14.1851854324341;0
108.9945;6.73333311080933;0
111.5767;0.476190477609634;0
114.1602;-0.0123456791043282;0
116.7409;15.9797983169556;0
119.3209;-4.82905960083008;0
121.9002;-5.92592573165894;0
124.4788;-8.87581729888916;0
127.0566;3.97076034545898;0
129.6317;1.65608465671539;0
132.2038;-19.8695659637451;0
134.7796;-26.2533340454102;0
137.3503;-38.0493812561035;0
139.9204;-23.3831424713135;0
142.4919;-15.3978490829468;0
145.0584;19.2592601776123;0
147.6242;25.3079357147217;0
150.1914;44.0210227966309;0
152.7579;61.5356140136719;0
155.3216;82.4173431396484;0
157.8846;117.609817504883;0
160.4448;95.5604934692383;0
163.0085;92.884162902832;0
165.5672;84.5192718505859;0
168.1232;89.2897567749023;0
170.6826;108.888885498047;0
173.2372;122.454544067383;0
175.7931;150.892791748047;0
178.3463;133.218460083008;0
180.8966;130.367233276367;0
183.4504;140.519775390625;0
185.9993;162.731689453125;0
188.5476;200.451385498047;0
191.0972;189.724639892578;0
193.644;170.940002441406;0
196.1859;121.827621459961;0
198.7335;112.000991821289;0
201.2761;112.823081970215;0
203.8201;112.235862731934;0
206.3593;122.699859619141;0
208.8998;157.625686645508;0
211.4397;163.109878540039;0
213.9746;165.663314819336;0
216.5109;172.642761230469;0
219.0487;214.788848876953;0
221.5816;237.477981567383;0
224.1158;230.938613891602;0
226.6473;223.490295410156;0
229.176;243.229232788086;0
231.7082;268.684356689453;0
234.2355;277.817077636719;0
236.7643;262.715118408203;0
239.2902;236.234100341797;0
241.8133;235.176010131836;0
244.3379;231.467239379883;0
246.8618;225.47282409668;0
249.3828;218.927352905273;0
251.9053;212.962844848633;0
254.423;231.653915405273;0
256.942;223.083419799805;0
259.4603;221.426574707031;0
261.9759;221.794250488281;0
264.4887;210.709930419922;0
267.005;247.154281616211;0
269.5164;246.966094970703;0
272.0292;277.850372314453;0
274.5393;248.759475708008;0
277.0466;272.383880615234;0
279.5574;276.329467773438;0
282.0654;329.377197265625;0
284.5686;319.858947753906;0
287.0752;346.229797363281;0
289.5791;308.809631347656;0
292.0803;333.405792236328;0
294.5828;315.142120361328;0
297.0826;317.226409912109;0
299.5838;292.109130859375;0
302.0801;284.907836914063;0
304.5758;285.877563476563;0
307.0749;245.891937255859;0
309.5672;210.136840820313;0
312.0608;193.949371337891;0
314.5558;214.853576660156;0
317.044;230.846328735352;0
319.5377;246.602584838867;0
322.0266;225.848526000977;0
324.5127;251.198486328125;0
327.0023;253.832382202148;0
329.4871;289.710784912109;0
331.9691;266.045776367188;0
334.4547;235.037506103516;0
336.9353;213.690551757812;0
339.4174;222.986663818359;0
341.901;252.528869628906;0
344.3776;255.9111328125;0
346.8577;286.916229248047;0
349.333;289.564544677734;0
351.8076;326.232666015625;0
354.2857;332.017059326172;0
356.7569;335.653350830078;0
359.2296;328.358856201172;0
361.7015;297.243621826172;0
364.1729;299.874084472656;0
366.6414;299.908996582031;0
369.1093;307.72021484375;0
371.5745;298.533996582031;0
374.0432;293.642364501953;0
376.507;305.500427246094;0
378.9702;292.528961181641;0
381.4348;306.151306152344;0
383.8947;315.212127685547;0
386.3538;342.370849609375;0
388.8144;301.901824951172;0
391.2722;292.116821289062;0
393.7314;261.217590332031;0
396.1859;284.040557861328;0
398.6418;292.321594238281;0
401.0949;316.088623046875;0
403.5475;294.293762207031;0
405.9972;291.442840576172;0
408.4505;270.747680664063;0
410.899;307.328369140625;0
413.3468;328.033081054687;0
415.796;364.87841796875;0
418.2405;414.114624023438;0
420.6884;377.682861328125;0
423.1295;370.199584960937;0
425.572;293.834991455078;0
428.0159;307.910491943359;0
430.455;291.206420898437;0
432.8956;286.060302734375;0
435.3335;255.994094848633;0
437.7707;254.840469360352;0
440.2093;283.166900634766;0
442.6432;281.691711425781;0
445.0764;262.083465576172;0
447.511;252.565521240234;0
449.9429;259.009094238281;0
452.3721;252.540267944336;0
454.8048;242.056564331055;0
457.2328;239.518676757813;0
459.66;249.889511108398;0
462.0847;221.239303588867;0
464.5127;212.576354980469;0
466.9381;213.380279541016;0
469.3587;230.693908691406;0
471.7807;242.220611572266;0
474.2042;290.868103027344;0
476.6229;274.951354980469;0
479.041;269.582336425781;0
481.4604;243.983413696289;0
483.8752;277.488861083984;0
486.2934;291.202880859375;0
488.7068;250.23844909668;0
491.1197;240.499938964844;0
493.5339;271.192779541016;0
495.9435;319.755249023438;0
498.3544;315.721923828125;0
500.7667;307.79638671875;0
503.1723;305.979034423828;0
505.5793;322.935943603516;0
507.9856;280.991882324219;0
510.3913;254.567749023438;0
512.7944;240.505844116211;0
515.1968;243.132431030273;0
517.5986;248.238861083984;0
519.9997;248.353378295898;0
522.3982;273.022857666016;0
524.798;255.212387084961;0
527.1973;238.400375366211;0
529.5919;211.476135253906;0
531.9899;210.271881103516;0
534.3832;235.780197143555;0
536.7758;243.151138305664;0
539.1699;247.383972167969;0
541.5593;235.210906982422;0
543.9481;243.794372558594;0
546.3382;254.993621826172;0
548.7257;258.429382324219;0
551.1146;273.758850097656;0
553.4968;292.702331542969;0
555.8824;305.346740722656;0
558.2675;290.589172363281;0
560.6478;301.614318847656;0
563.0295;283.979400634766;0
565.4106;265.351867675781;0
567.7911;209.399353027344;0
570.169;225.899353027344;0
572.5462;227.518951416016;0
574.9229;226.257339477539;0
577.2968;178.669967651367;0
579.6721;192.232223510742;0
582.0449;196.961868286133;0
584.417;208.14176940918;0
586.7885;182.215805053711;0
589.1553;184.627700805664;0
591.5255;169.839645385742;0
593.8931;143.506057739258;0
596.2601;172.754058837891;0
598.6265;221.47819519043;0
600.9902;227.766647338867;0
603.3554;191.509063720703;0
605.7179;169.927032470703;0
608.0778;199.526748657227;0
610.4391;201.464797973633;0
612.7977;183.248641967773;0
615.1558;168.132690429688;0
617.5132;183.278472900391;0
619.8701;194.271850585937;0
622.2263;231.334396362305;0
624.5779;258.919311523438;0
626.9308;282.464660644531;0
629.2852;291.097259521484;0
631.6349;294.196685791016;0
633.9841;297.636291503906;0
636.3326;292.382232666016;0
638.6805;301.694122314453;0
641.0279;276.237854003906;0
643.3746;255.679092407227;0
645.7187;277.984100341797;0
648.0621;311.058135986328;0
650.405;368.230346679687;0
652.7453;359.632598876953;0
655.087;412.022094726563;0
657.426;406.864593505859;0
659.7645;415.292144775391;0
662.1024;388.394958496094;0
664.4376;361.619232177734;0
666.7742;312.076110839844;0
669.1063;300.209838867188;0
671.4398;310.299011230469;0
673.7726;302.127990722656;0
676.1048;282.880615234375;0
678.4324;257.050476074219;0
680.7635;266.40966796875;0
683.0919;247.924224853516;0
685.4158;239.617492675781;0
687.743;242.230270385742;0
690.0696;234.523162841797;0
692.3937;227.165100097656;0
694.7151;226.763198852539;0
697.038;262.782806396484;0
699.3583;283.979736328125;0
701.6779;284.412200927734;0
703.995;246.412506103516;0
706.3155;250.544647216797;0
708.6294;272.44921875;0
710.9467;309.920959472656;0
713.2594;326.515411376953;0
715.5735;319.788421630859;0
717.887;327.102752685547;0
720.1979;290.763458251953;0
722.5083;259.770538330078;0
724.818;218.123046875;0
727.1252;198.043243408203;0
729.4357;175.196258544922;0
731.7418;189.063690185547;0
734.0452;233.362976074219;0
736.35;300.990081787109;0
738.6522;338.509155273438;0
740.9539;342.919647216797;0
743.2569;308.555267333984;0
745.5554;273.877105712891;0
747.8553;231.535308837891;0
750.1545;214.531265258789;0
752.4513;200.198547363281;0
754.7474;209.142684936523;0
757.043;224.624389648438;0
759.336;215.716644287109;0
761.6304;223.457641601562;0
763.9222;214.140747070313;0
766.2114;247.211883544922;0
768.5041;273.831176757813;0
770.7922;296.56982421875;0
773.0777;272.869995117187;0
775.3647;227.509521484375;0
777.651;198.044464111328;0
779.9368;207.228881835937;0
782.22;240.885299682617;0
784.5026;247.454086303711;0
786.7847;238.827270507813;0
789.0662;190.762313842773;0
791.3451;178.81510925293;0
793.6254;197.003036499023;0
795.9012;240.334579467773;0
798.1784;276.004760742187;0
800.455;239.124725341797;0
802.7291;221.027786254883;0
805.0026;215.59553527832;0
807.2755;260.510009765625;0
809.5478;292.985504150391;0
811.8176;349.256591796875;0
814.0869;364.533508300781;0
816.3535;392.642181396484;0
818.6235;325.979461669922;0
820.8911;308.10107421875;0
823.156;270.754302978516;0
825.4204;264.965515136719;0
827.6823;265.178100585938;0
829.9474;241.117919921875;0
832.2082;255.842437744141;0
834.4683;244.627807617188;0
836.7279;249.317276000977;0
838.9869;252.714508056641;0
841.2453;244.214996337891;0
843.5012;284.396881103516;0
845.7565;278.913696289062;0
848.0133;291.432037353516;0
850.2655;271.951721191406;0
852.5153;271.247222900391;0
854.7703;316.874114990234;0
857.0189;290.943481445313;0
859.2668;323.678527832031;0
861.5182;275.856506347656;0
863.7651;275.367828369141;0
866.0114;268.842559814453;0
868.2592;234.098129272461;0
870.5024;235.60758972168;0
872.7451;175.457504272461;0
874.9872;202.314544677734;0
877.2307;186.846054077148;0
879.4717;135.939743041992;0
881.7101;137.310806274414;0
883.95;132.673645019531;0
886.1854;226.180236816406;0
888.4202;194.941436767578;0
890.6604;233.879760742187;0
892.8941;209.489501953125;0
895.1253;228.506286621094;0
897.3599;229.306335449219;0
899.59;237.206451416016;0
901.8195;203.55549621582;0
904.0504;182.685531616211;0
906.2789;190.80842590332;0
908.5087;253.979217529297;0
910.7341;282.263488769531;0
912.9589;287.575408935547;0
915.1851;285.571899414063;0
917.4088;266.575103759766;0
919.63;244.69612121582;0
921.8526;224.9345703125;0
924.0727;219.512191772461;0
926.2922;237.74430847168;0
928.5112;255.955810546875;0
930.7277;279.505523681641;0
932.9476;291.615661621094;0
935.163;261.952941894531;0
937.3739;206.635681152344;0
939.5901;152.648590087891;0
941.8019;153.332901000977;0
944.0151;157.897338867187;0
946.2258;131.131195068359;0
948.4341;122.811401367188;0
950.6456;109.159507751465;0
952.8527;125.619110107422;0
955.0593;90.0792083740234;0
957.2653;91.7431106567383;0
959.4689;82.8499145507813;0
961.6738;86.1111907958984;0
963.8782;97.0498046875;0
966.0782;109.095123291016;0
968.2815;134.127685546875;0
970.4803;103.789161682129;0
972.6787;108.563629150391;0
974.8784;97.899284362793;0
977.0757;150.90348815918;0
979.2704;124.687339782715;0
981.4667;116.917488098145;0
983.6603;68.4849243164063;0
985.8535;89.5035858154297;0
988.0461;99.6203689575195;0
990.2363;136.384231567383;0
992.4297;170.922790527344;0
994.6169;222.973175048828;0
996.8035;251.290985107422;0
998.9933;281.632385253906;0
1001.179;293.202392578125;0
1003.364;326.111846923828;0
1005.55;334.916046142578;0
1007.732;387.502593994141;0
1009.916;384.758666992188;0
1012.096;390.300933837891;0
1014.275;380.524108886719;0
1016.459;422.27685546875;0
1018.636;465.144958496094;0
1020.813;482.136199951172;0
1022.991;432.573913574219;0
1025.165;400.381530761719;0
1027.34;333.41357421875;0
1029.515;325.22509765625;0
1031.687;304.260559082031;0
1033.859;335.075531005859;0
1036.03;337.680358886719;0
1038.199;287.686431884766;0
1040.369;236.584045410156;0
1042.536;217.594375610352;0
1044.704;219.493438720703;0
1046.87;249.723434448242;0
1049.034;231.839645385742;0
1051.198;248.952926635742;0
1053.363;205.95280456543;0
1055.526;221.72917175293;0
1057.686;215.948547363281;0
1059.845;187.834014892578;0
1062.005;142.38557434082;0
1064.165;114.26993560791;0
1066.323;115.266746520996;0
1068.477;101.266326904297;0
1070.634;102.713569641113;0
1072.788;75.0529022216797;0
1074.942;77.9912796020508;0
1077.096;78.6589050292969;0
1079.247;146.591812133789;0
1081.397;215.251113891602;0
1083.547;272.583374023438;0
1085.695;217.718826293945;0
1087.844;155.307281494141;0
1089.992;122.748893737793;0
1092.138;149.083892822266;0
1094.284;191.653564453125;0
1096.425;158.89794921875;0
1098.571;169.372177124023;0
1100.711;127.853950500488;0
1102.851;115.898834228516;0
1104.994;125.705513000488;0
1107.132;190.585113525391;0
1109.271;209.805053710938;0
1111.408;203.031997680664;0
1113.543;157.485366821289;0
1115.682;178.957962036133;0
1117.816;158.905578613281;0
1119.947;187.016494750977;0
1122.08;181.738143920898;0
1124.213;199.092193603516;0
1126.343;182.765884399414;0
1128.474;173.220855712891;0
1130.602;150.346267700195;0
1132.728;151.976669311523;0
1134.856;166.005920410156;0
1136.982;208.084060668945;0
1139.109;217.286285400391;0
1141.234;227.276260375977;0
1143.356;204.163711547852;0
1145.479;205.446975708008;0
1147.599;224.859588623047;0
1149.719;229.366394042969;0
1151.839;220.992813110352;0
1153.957;212.626861572266;0
1156.076;225.712997436523;0
1158.191;199.362319946289;0
1160.305;207.67626953125;0
1162.423;211.69140625;0
1164.536;261.325134277344;0
1166.647;238.63264465332;0
1168.761;220.169708251953;0
1170.871;204.825500488281;0
1172.983;215.155181884766;0
1175.092;213.047592163086;0
1177.2;188.835479736328;0
1179.306;171.073135375977;0
1181.413;196.003921508789;0
1183.518;200.716644287109;0
1185.623;208.989059448242;0
1187.725;196.820983886719;0
1189.826;212.434585571289;0
1191.929;196.383544921875;0
1194.032;184.777526855469;0
1196.13;134.282485961914;0
1198.23;134.838088989258;0
1200.327;130.848297119141;0
1202.423;169.673919677734;0
1204.52;221.413269042969;0
1206.613;249.911895751953;0
1208.71;322.669860839844;0
1210.801;328.982208251953;0
1212.892;386.626159667969;0
1214.987;363.601654052734;0
1217.075;361.822570800781;0
1219.166;326.486236572266;0
1221.256;321.814575195313;0
1223.342;309.251983642578;0
1225.43;281.465148925781;0
1227.515;244.120727539063;0
1229.597;260.353393554688;0
1231.685;303.296417236328;0
1233.767;347.793518066406;0
1235.85;322.512298583984;0
1237.931;277.119995117188;0
1240.009;230.733917236328;0
1242.09;198.573059082031;0
1244.168;186.046340942383;0
1246.245;154.748229980469;0
1248.321;161.50862121582;0
1250.397;131.216415405273;0
1252.472;170.427154541016;0
1254.547;173.798751831055;0
1256.618;220.892303466797;0
1258.69;235.203094482422;0
1260.761;268.333312988281;0
1262.83;278.131500244141;0
1264.901;283.71240234375;0
1266.969;269.742736816406;0
1269.035;270.278869628906;0
1271.102;236.698379516602;0
1273.167;218.258178710938;0
1275.233;233.599533081055;0
1277.295;217.277984619141;0
1279.359;198.071304321289;0
1281.42;149.64616394043;0
1283.482;134.507904052734;0
1285.542;88.0644378662109;0
1287.6;74.065299987793;0
1289.659;59.5660285949707;0
1291.714;101.566635131836;0
1293.774;67.4004516601563;0
1295.828;111.623641967773;0
1297.881;131.01432800293;0
1299.936;219.672592163086;0
1301.987;226.527679443359;0
1304.041;260.367218017578;0
1306.09;220.1025390625;0
1308.139;223.622573852539;0
1310.19;176.816375732422;0
1312.238;205.461761474609;0
1314.286;245.558715820312;0
1316.331;261.551696777344;0
1318.376;254.663177490234;0
1320.422;242.73161315918;0
1322.466;231.979446411133;0
1324.508;232.585235595703;0
1326.549;187.581848144531;0
1328.59;199.552124023438;0
1330.632;196.273834228516;0
1332.67;196.896301269531;0
1334.707;236.086807250977;0
1336.746;266.512512207031;0
1338.78;300.839538574219;0
1340.816;246.734619140625;0
1342.852;187.308822631836;0
1344.885;136.339950561523;0
1346.916;111.827987670898;0
1348.948;157.646408081055;0
1350.979;184.146636962891;0
1353.011;179.328689575195;0
1355.04;164.525894165039;0
1357.066;175.959518432617;0
1359.094;208.185089111328;0
1361.121;176.6455078125;0
1363.145;153.451202392578;0
1365.171;127.932952880859;0
1367.192;113.865379333496;0
1369.216;106.74991607666;0
1371.239;114.919342041016;0
1373.258;166.261825561523;0
1375.28;167.896469116211;0
1377.298;124.872917175293;0
1379.316;65.2483596801758;0
1381.335;81.057258605957;0
1383.35;106.909484863281;0
1385.366;122.209846496582;0
1387.38;108.0703125;0
1389.394;117.380676269531;0
1391.409;122.252075195313;0
1393.42;89.5733032226563;0
1395.43;94.4553756713867;0
1397.44;76.6759796142578;0
1399.451;142.504318237305;0
1401.458;165.893753051758;0
1403.466;173.682174682617;0
1405.472;120.425170898438;0
1407.478;108.232627868652;0
1409.483;102.548988342285;0
1411.486;116.008895874023;0
1413.49;122.0087890625;0
1415.492;140.552429199219;0
1417.492;162.006088256836;0
1419.495;151.647171020508;0
1421.494;166.477310180664;0
1423.492;152.979583740234;0
1425.49;170.661483764648;0
1427.487;162.571075439453;0
1429.482;148.041656494141;0
1431.477;145.068542480469;0
1433.471;148.816513061523;0
1435.466;197.01432800293;0
1437.456;182.662384033203;0
1439.447;176.871719360352;0
1441.441;158.4208984375;0
1443.427;143.531585693359;0
1445.417;181.168060302734;0
1447.406;153.36833190918;0
1449.392;176.931823730469;0
1451.381;169.059112548828;0
1453.365;189.747360229492;0
1455.348;140.109436035156;0
1457.333;70.0342636108398;0
1459.314;15.0773668289185;0
1461.296;54.7943115234375;0
1463.276;62.8517684936523;0
1465.256;99.6941757202148;0
1467.237;83.7814102172852;0
1469.215;83.5398025512695;0
1471.19;99.4138031005859;0
1473.167;117.847854614258;0
1475.145;148.619735717773;0
1477.118;161.062286376953;0
1479.092;202.508834838867;0
1481.065;262.514129638672;0
1483.038;253.634216308594;0
1485.008;244.871215820312;0
1486.979;155.116256713867;0
1488.949;143.925735473633;0
1490.917;89.0784225463867;0
1492.883;134.021499633789;0
1494.852;104.199546813965;0
1496.817;109.94490814209;0
1498.782;77.9728393554688;0
1500.748;93.6986923217773;0
1502.708;133.081130981445;0
1504.673;138.141647338867;0
1506.634;158.212768554687;0
1508.594;145.516693115234;0
1510.554;146.164627075195;0
1512.512;156.378875732422;0
1514.471;179.492874145508;0
1516.428;211.348526000977;0
1518.384;208.992752075195;0
1520.34;179.092178344727;0
1522.294;131.869293212891;0
1524.249;103.547782897949;0
1526.202;109.127914428711;0
1528.153;128.419738769531;0
1530.103;160.249298095703;0
1532.054;116.168663024902;0
1534.004;120.923416137695;0
1535.951;102.025955200195;0
1537.899;92.9904708862305;0
1539.847;76.9685745239258;0
1541.793;69.3416213989258;0
1543.738;112.172691345215;0
1545.681;127.795127868652;0
1547.625;151.658081054688;0
1549.566;193.596771240234;0
1551.509;242.771301269531;0
1553.45;259.847503662109;0
1555.389;251.267974853516;0
1557.33;239.920440673828;0
1559.266;225.357879638672;0
1561.204;223.837982177734;0
1563.141;153.878311157227;0
1565.074;137.568313598633;0
1567.009;121.262992858887;0
1568.943;123.076278686523;0
1570.877;126.672012329102;0
1572.808;126.716857910156;0
1574.741;133.655258178711;0
1576.67;92.1538925170898;0
1578.6;66.1016387939453;0
1580.528;72.6101531982422;0
1582.455;75.2350006103516;0
1584.382;40.0872840881348;0
1586.307;35.3892250061035;0
1588.234;35.5846061706543;0
1590.157;20.3400917053223;0
1592.081;-9.56654071807861;0
1594.002;1.42497336864471;0
1595.927;51.2032318115234;0
1597.845;103.519409179688;0
1599.767;116.482307434082;0
1601.685;133.059646606445;0
1603.602;158.617462158203;0
1605.523;115.820335388184;0
1607.438;82.7774505615234;0
1609.354;23.7102832794189;0
1611.269;50.2855644226074;0
1613.181;65.6151885986328;0
1615.096;71.7509460449219;0
1617.008;66.6627044677735;0
1618.92;30.4397373199463;0
1620.83;18.3040924072266;0
1622.74;-2.85551977157593;0
1624.649;46.2940559387207;0
1626.557;83.3081970214844;0
1628.464;112.188438415527;0
1630.37;133.823486328125;0
1632.275;153.963775634766;0
1634.18;202.925704956055;0
1636.085;214.662826538086;0
1637.988;212.397109985352;0
1639.888;211.573364257812;0
1641.791;210.08056640625;0
1643.691;201.141479492188;0
1645.588;190.867614746094;0
1647.489;165.480422973633;0
1649.387;157.202285766602;0
1651.284;168.810974121094;0
1653.18;163.973373413086;0
1655.075;183.245025634766;0
1656.972;169.181503295898;0
1658.864;138.893920898438;0
1660.754;98.4843826293945;0
1662.65;61.54443359375;0
1664.539;69.4922866821289;0
1666.428;68.8839645385742;0
1668.32;77.6099548339844;0
1670.207;129.892639160156;0
1672.096;194.177536010742;0
1673.982;262.020233154297;0
1675.867;266.421539306641;0
1677.754;253.937057495117;0
1679.638;232.01123046875;0
1681.52;230.64404296875;0
1683.403;184.724395751953;0
1685.285;176.030075073242;0
1687.166;141.005523681641;0
1689.048;134.65071105957;0
1690.924;111.076789855957;0
1692.804;97.3943023681641;0
1694.682;119.936592102051;0
1696.558;134.370315551758;0
1698.435;175.584365844727;0
1700.308;167.023864746094;0
1702.184;145.577682495117;0
1704.057;124.02360534668;0
1705.929;87.912483215332;0
1707.801;61.8001594543457;0
1709.674;33.1576805114746;0
1711.542;85.9871063232422;0
1713.412;112.209342956543;0
1715.28;97.5692138671875;0
1717.145;19.9573802947998;0
1719.015;-42.0705909729004;0
1720.88;-45.5147018432617;0
1722.746;21.0687999725342;0
1724.61;96.2353897094727;0
1726.471;107.207389831543;0
1728.334;46.6507759094238;0
1730.197;34.4546241760254;0
1732.057;24.7302227020264;0
1733.919;49.2555236816406;0
1735.777;73.8084869384766;0
1737.634;103.944847106934;0
1739.493;156.107513427734;0
1741.349;176.518890380859;0
1743.205;267.539367675781;0
1745.061;282.185699462891;0
1746.915;288.615081787109;0
1748.77;203.049819946289;0
1750.621;189.044815063477;0
1752.473;134.377502441406;0
1754.323;108.047088623047;0
1756.173;71.6084594726563;0
1758.022;22.1727294921875;0
1759.87;46.628345489502;0
1761.718;83.4184036254883;0
1763.566;149.874816894531;0
1765.411;146.219711303711;0
1767.256;110.675300598145;0
1769.101;33.3526802062988;0
1770.945;-2.62802124023438;0
1772.787;9.0324182510376;0
1774.629;51.2095718383789;0
1776.469;54.1247215270996;0
1778.309;77.1563949584961;0
1780.15;108.186897277832;0
1781.987;124.326698303223;0
1783.826;93.9091339111328;0
1785.662;89.0444488525391;0
1787.498;136.177093505859;0
1789.334;153.418167114258;0
1791.169;184.434341430664;0
1793.002;124.558937072754;0
1794.834;129.014190673828;0
1796.667;86.0223007202148;0
1798.498;109.361068725586;0
1800.328;45.3638229370117;0
1802.157;53.3638916015625;0
1803.986;40.0279426574707;0
1805.813;89.2006149291992;0
1807.639;67.926155090332;0
1809.467;62.537899017334;0
1811.292;50.5914039611816;0
1813.117;82.2443771362305;0
1814.94;112.067443847656;0
1816.763;158.631332397461;0
1818.585;190.308441162109;0
1820.407;217.543914794922;0
1822.227;207.338806152344;0
1824.048;171.248748779297;0
1825.865;176.718292236328;0
1827.683;165.969741821289;0
1829.501;174.558746337891;0
1831.317;123.818740844727;0
1833.135;115.304664611816;0
1834.948;79.4196014404297;0
1836.761;78.2754287719727;0
1838.577;33.6500282287598;0
1840.388;-2.01207232475281;0
1842.198;-19.3774471282959;0
1844.009;-50.2237777709961;0
1845.819;-33.9954223632813;0
1847.629;-7.58116960525513;0
1849.436;37.7969627380371;0
1851.244;70.6168975830078;0
1853.052;13.5544214248657;0
1854.858;47.276195526123;0
1856.661;52.7822151184082;0
1858.466;87.2947158813477;0
1860.269;56.7025680541992;0
1862.073;41.005786895752;0
1863.875;66.9821472167969;0
1865.673;93.6316452026367;0
1867.476;118.843307495117;0
1869.275;132.396255493164;0
1871.072;119.069496154785;0
1872.872;95.9742279052734;0
1874.667;59.1104545593262;0
1876.464;66.5893325805664;0
1878.26;73.0774002075195;0
1880.053;118.461685180664;0
1881.849;144.670608520508;0
1883.64;178.260665893555;0
1885.431;163.408905029297;0
1887.226;156.233001708984;0
1889.014;118.621849060059;0
1890.803;127.575454711914;0
1892.594;79.0938262939453;0
1894.38;139.732498168945;0
1896.167;140.269271850586;0
1897.955;191.037460327148;0
1899.74;172.367095947266;0
1901.526;174.368682861328;0
1903.309;181.04118347168;0
1905.091;201.273513793945;0
1906.876;269.398986816406;0
1908.658;253.973159790039;0
1910.438;236.997497558594;0
1912.217;156.294021606445;0
1913.996;175.040740966797;0
1915.775;186.349258422852;0
1917.553;187.775985717773;0
1919.33;151.607635498047;0
1921.106;149.162719726563;0
1922.881;178.870529174805;0
1924.655;219.914215087891;0
1926.431;194.626388549805;0
1928.202;157.117141723633;0
1929.974;112.053039550781;0
1931.746;108.100654602051;0
1933.516;75.9265670776367;0
1935.286;58.8640098571777;0
1937.055;22.5795631408691;0
1938.823;75.8047714233398;0
1940.592;53.8492622375488;0
1942.356;51.49072265625;0
1944.122;43.0623931884766;0
1945.888;101.898910522461;0
1947.651;171.224517822266;0
1949.416;184.150268554687;0
1951.178;170.231582641602;0
1952.939;119.357276916504;0
1954.699;76.1938095092773;0
1956.459;70.8188095092773;0
1958.219;57.6676139831543;0
1959.979;84.9624328613281;0
1961.735;99.3699417114258;0
1963.491;101.667922973633;0
1965.249;38.411922454834;0
1967.003;23.2686080932617;0
1968.761;26.0948581695557;0
1970.512;61.8334732055664;0
1972.265;93.7381820678711;0
1974.018;116.736396789551;0
1975.769;129.851654052734;0
1977.522;112.639495849609;0
1979.271;127.766609191895;0
1981.018;128.788497924805;0
1982.766;129.150192260742;0
1984.516;115.297729492188;0
1986.261;120.120162963867;0
1988.009;143.062393188477;0
1989.754;139.235504150391;0
1991.498;177.528427124023;0
1993.241;195.941131591797;0
1994.984;184.140274047852;0
1996.727;174.459228515625;0
1998.468;155.342407226562;0
2000.206;172.234268188477;0
2001.946;166.801467895508;0
2003.686;149.602874755859;0
2005.424;143.416885375977;0
2007.161;141.355621337891;0
2008.898;134.307983398437;0
2010.634;118.051742553711;0
2012.369;120.920234680176;0
2014.103;140.690444946289;0
2015.836;148.14013671875;0
2017.57;122.604286193848;0
2019.299;72.4157257080078;0
2021.032;62.575382232666;0
2022.762;54.8622207641602;0
2024.491;64.5865859985352;0
2026.221;105.772338867188;0
2027.947;133.530609130859;0
2029.676;174.083587646484;0
2031.403;184.875747680664;0
2033.128;143.795974731445;0
2034.852;123.399810791016;0
2036.577;79.4650421142578;0
2038.299;120.65894317627;0
2040.022;154.982269287109;0
2041.744;160.925765991211;0
2043.465;146.554626464844;0
2045.184;98.4245452880859;0
2046.903;101.980171203613;0
2048.621;103.331382751465;0
2050.339;116.588340759277;0
2052.057;117.752395629883;0
2053.774;126.045951843262;0
2055.488;102.691398620605;0
2057.203;145.355453491211;0
2058.917;141.815872192383;0
2060.631;187.183792114258;0
2062.344;102.681434631348;0
2064.053;67.309211730957;0
2065.765;59.9560127258301;0
2067.476;78.3996276855469;0
2069.185;81.8622741699219;0
2070.892;84.9321441650391;0
2072.6;57.7775382995605;0
2074.308;67.5891876220703;0
2076.014;11.9952440261841;0
2077.72;15.0845355987549;0
2079.425;2.07937026023865;0
2081.13;18.5353031158447;0
2082.833;57.0078926086426;0
2084.532;102.82999420166;0
2086.236;112.777809143066;0
2087.936;113.517822265625;0
2089.635;83.382926940918;0
2091.335;59.7064590454102;0
2093.034;33.5995216369629;0
2094.731;-34.8267707824707;0
2096.427;-74.3501968383789;0
2098.124;-43.9707489013672;0
2099.82;30.9782295227051;0
2101.515;124.283325195312;0
2103.207;141.01106262207;0
2104.902;181.850692749023;0
2106.594;215.260604858398;0
2108.286;245.575744628906;0
2109.976;252.686950683594;0
2111.667;249.600814819336;0
2113.355;231.53303527832;0
2115.044;207.376541137695;0
2116.732;164.134155273438;0
2118.42;170.436080932617;0
2120.105;214.309600830078;0
2121.79;249.032592773438;0
2123.476;264.435333251953;0
2125.16;239.540573120117;0
2126.844;247.324432373047;0
2128.524;208.786926269531;0
2130.207;230.150268554688;0
2131.888;216.747787475586;0
2133.567;312.246154785156;0
2135.247;321.200897216797;0
2136.927;381.278747558594;0
2138.603;329.812377929687;0
2140.281;294.912841796875;0
2141.957;260.024383544922;0
2143.633;250.369049072266;0
2145.308;273.715972900391;0
2146.981;267.124298095703;0
2148.654;294.32080078125;0
2150.328;298.748687744141;0
2152;278.073364257813;0
2153.669;250.294570922852;0
2155.34;219.078842163086;0
2157.01;237.759475708008;0
2158.677;233.336441040039;0
2160.347;243.587539672852;0
2162.013;236.401657104492;0
2163.681;201.778366088867;0
2165.347;224.828765869141;0
2167.011;254.330642700195;0
2168.674;288.446075439453;0
2170.337;286.11181640625;0
2172.002;280.874206542969;0
2173.662;339.090240478516;0
2175.324;300.426605224609;0
2176.985;310.21533203125;0
2178.645;246.234161376953;0
2180.304;276.81640625;0
2181.961;266.628845214844;0
2183.618;237.338226318359;0
2185.275;256.167663574219;0
2186.932;240.450698852539;0
2188.586;254.298690795898;0
2190.242;258.600738525391;0
2191.896;244.023696899414;0
2193.547;254.012237548828;0
2195.2;266.677703857422;0
2196.851;323.464752197266;0
2198.502;317.595581054688;0
2200.153;268.394744873047;0
2201.799;254.129058837891;0
2203.447;309.109222412109;0
2205.097;294.09912109375;0
2206.742;246.430450439453;0
2208.391;204.323501586914;0
2210.035;222.993881225586;0
2211.679;210.22590637207;0
2213.324;199.845626831055;0
2214.966;180.355163574219;0
2216.608;190.250961303711;0
2218.252;180.488967895508;0
2219.89;194.902725219727;0
2221.531;211.770355224609;0
2223.172;230.647384643555;0
2224.809;235.311614990234;0
2226.449;205.429702758789;0
2228.086;231.223876953125;0
2229.72;237.361862182617;0
2231.358;309.288330078125;0
2232.992;313.47998046875;0
2234.625;323.077270507813;0
2236.26;301.689697265625;0
2237.893;314.313018798828;0
2239.524;268.614105224609;0
2241.156;192.593185424805;0
2242.785;137.704315185547;0
2244.416;150.672790527344;0
2246.044;181.260559082031;0
2247.672;202.416076660156;0
2249.301;238.472885131836;0
2250.926;268.431182861328;0
2252.554;252.846771240234;0
2254.177;206.719833374023;0
2255.803;200.495040893555;0
2257.427;221.161315917969;0
2259.051;253.063507080078;0
2260.671;236.312942504883;0
2262.294;187.909606933594;0
2263.914;127.10962677002;0
2265.533;92.8287658691407;0
2267.153;72.5743789672852;0
2268.773;118.804016113281;0
2270.392;194.892929077148;0
2272.006;251.125930786133;0
2273.624;253.03840637207;0
2275.239;188.297271728516;0
2276.854;165.347152709961;0
2278.468;140.965927124023;0
2280.084;155.042663574219;0
2281.695;174.57666015625;0
2283.305;176.345672607422;0
2284.919;200.460815429688;0
2286.527;191.588562011719;0
2288.14;195.728668212891;0
2289.748;163.103790283203;0
2291.354;156.047073364258;0
2292.964;217.55827331543;0
2294.569;232.418472290039;0
2296.174;252.961654663086;0
2297.782;213.025909423828;0
2299.386;229.932327270508;0
2300.99;208.975662231445;0
2302.594;194.480743408203;0
2304.195;176.351959228516;0
2305.798;163.239028930664;0
2307.399;119.697486877441;0
2308.998;127.673828125;0
2310.598;113.217842102051;0
2312.197;149.645706176758;0
2313.795;121.418334960938;0
2315.392;184.755874633789;0
2316.988;211.10432434082;0
2318.585;244.241455078125;0
2320.18;218.611724853516;0
2321.774;227.215118408203;0
2323.368;243.940536499023;0
2324.961;218.453567504883;0
2326.553;138.642883300781;0
2328.145;122.476257324219;0
2329.735;126.03539276123;0
2331.324;163.710845947266;0
2332.916;147.728378295898;0
2334.503;158.643356323242;0
2336.092;142.009704589844;0
2337.677;118.935768127441;0
2339.263;90.4147415161132;0
2340.85;137.624374389648;0
2342.434;165.727340698242;0
2344.018;185.168365478516;0
2345.602;161.614974975586;0
2347.185;116.844932556152;0
2348.768;114.191535949707;0
2350.347;103.543647766113;0
2351.928;140.801422119141;0
2353.51;124.842422485352;0
2355.087;115.444206237793;0
2356.665;100.384552001953;0
2358.243;132.960784912109;0
2359.819;124.982536315918;0
2361.396;110.004302978516;0
2362.972;74.4665527343751;0
2364.547;79.6370697021484;0
2366.121;102.119941711426;0
2367.694;148.490859985352;0
2369.267;161.452041625977;0
2370.839;156.300857543945;0
2372.411;121.03540802002;0
2373.982;127.262847900391;0
2375.55;138.42741394043;0
2377.118;153.862213134766;0
2378.687;180.344818115234;0
2380.254;174.988128662109;0
2381.821;204.238052368164;0
2383.387;188.760864257812;0
2384.954;192.506439208984;0
2386.516;176.80810546875;0
2388.082;162.218109130859;0
2389.644;113.958038330078;0
2391.209;72.5231246948242;0
2392.769;22.1479110717773;0
2394.33;49.9829368591309;0
2395.892;25.3705921173096;0
2397.449;69.5177917480469;0
2399.008;119.498756408691;0
2400.568;211.638442993164;0
2402.125;233.826431274414;0
2403.68;231.84098815918;0
2405.238;194.682281494141;0
2406.792;213.572952270508;0
2408.349;224.240844726563;0
2409.902;249.241668701172;0
2411.455;230.575622558594;0
2413.007;207.687316894531;0
2414.558;218.272186279297;0
2416.11;225.463088989258;0
2417.66;211.59358215332;0
2419.21;173.774337768555;0
2420.758;175.115905761719;0
2422.307;160.396240234375;0
2423.855;158.393295288086;0
2425.402;129.107269287109;0
2426.947;135.316116333008;0
2428.492;176.132522583008;0
2430.038;186.446014404297;0
2431.58;195.033569335937;0
2433.124;130.339797973633;0
2434.667;147.809341430664;0
2436.208;118.108581542969;0
2437.75;151.347717285156;0
2439.291;129.971206665039;0
2440.83;174.867904663086;0
2442.369;143.370742797852;0
2443.906;142.813034057617;0
2445.444;72.3666915893555;0
2446.981;95.0320587158204;0
2448.517;107.181205749512;0
2450.053;159.382629394531;0
2451.587;190.082122802734;0
2453.12;209.391647338867;0
2454.655;231.309951782227;0
2456.187;199.392517089844;0
2457.718;188.417098999023;0
2459.25;185.939270019531;0
2460.781;196.812133789062;0
2462.31;157.627014160156;0
2463.84;133.052261352539;0
2465.368;118.591590881348;0
2466.896;101.800582885742;0
2468.423;102.517959594727;0
2469.949;106.412406921387;0
2471.474;145.300216674805;0
2472.998;156.251861572266;0
2474.522;198.378387451172;0
2476.045;224.063461303711;0
2477.568;267.751678466797;0
2479.09;289.55419921875;0
2480.612;302.248046875;0
2482.132;261.831604003906;0
2483.653;241.302825927734;0
2485.171;202.994216918945;0
2486.689;222.127365112305;0
2488.208;153.368743896484;0
2489.725;129.105545043945;0
2491.242;80.6794662475586;0
2492.757;77.6458969116211;0
2494.271;109.338531494141;0
2495.785;121.090515136719;0
2497.3;175.346115112305;0
2498.812;191.710861206055;0
2500.325;213.406768798828;0
2501.837;172.322570800781;0
2503.345;131.680282592773;0
2504.856;108.22998046875;0
2506.366;104.173057556152;0
2507.875;106.287612915039;0
2509.382;87.9074096679688;0
2510.889;86.9218902587891;0
2512.397;89.4419860839844;0
2513.901;46.5787200927734;0
2515.406;44.3328742980957;0
2516.911;22.3795833587646;0
2518.415;59.7113990783691;0
2519.918;28.4404201507568;0
2521.421;36.6785659790039;0
2522.922;54.8682060241699;0
2524.423;61.0454406738281;0
2525.924;17.4411392211914;0
2527.422;-29.7226581573486;0
2528.923;-32.4461402893066;0
2530.419;21.0482845306396;0
2531.916;81.2053070068359;0
2533.415;119.648170471191;0
2534.909;114.98258972168;0
2536.404;65.0970764160156;0
2537.899;43.1751289367676;0
2539.394;26.0948333740234;0
2540.887;34.5228538513184;0
2542.38;62.5703201293945;0
2543.871;61.6829261779785;0
2545.363;62.3052062988281;0
2546.852;-3.1168749332428;0
2548.345;-14.6943664550781;0
2549.833;17.4632968902588;0
2551.321;43.577392578125;0
2552.811;51.5375137329102;0
2554.296;47.4546051025391;0
2555.78;74.5510025024414;0
2557.267;81.0707015991211;0
2558.752;47.4929275512695;0
2560.237;68.387939453125;0
2561.721;133.731369018555;0
2563.203;187.967636108398;0
2564.687;200.874526977539;0
2566.168;175.896484375;0
2567.648;177.811492919922;0
2569.129;176.749954223633;0
2570.607;192.554061889648;0
2572.086;175.835876464844;0
2573.565;171.059005737305;0
2575.041;160.779281616211;0
2576.518;169.216934204102;0
2577.994;195.260833740234;0
2579.469;176.577606201172;0
2580.945;211.833908081055;0
2582.418;185.585250854492;0
2583.892;174.720504760742;0
2585.365;149.684295654297;0
2586.835;151.365692138672;0
2588.307;203.431549072266;0
2589.778;195.32649230957;0
2591.248;224.160751342773;0
2592.717;232.377532958984;0
2594.186;292.086761474609;0
2595.652;278.287719726563;0
2597.121;275.314178466797;0
2598.585;258.055053710938;0
2600.052;256.621459960937;0
2601.518;231.346649169922;0
2602.982;164.229370117188;0
2604.446;185.217575073242;0
2605.907;189.182540893555;0
2607.371;201.858627319336;0
2608.83;171.690994262695;0
2610.293;141.570175170898;0
2611.752;113.348579406738;0
2613.213;43.239372253418;0
2614.672;23.1312313079834;0
2616.13;52.693042755127;0
2617.587;117.481536865234;0
2619.043;188.453414916992;0
2620.501;228.516159057617;0
2621.957;234.13883972168;0
2623.409;222.209732055664;0
2624.864;250.839706420898;0
2626.318;275.584106445312;0
2627.771;264.776062011719;0
2629.222;278.526458740234;0
2630.673;334.946197509766;0
2632.124;415.146179199219;0
2633.575;384.680206298828;0
2635.023;326.659118652344;0
2636.473;309.747711181641;0
2637.922;327.835571289063;0
2639.368;328.699554443359;0
2640.816;281.117431640625;0
2642.261;181.224716186523;0
2643.705;146.136871337891;0
2645.151;111.525833129883;0
2646.596;174.33659362793;0
2648.037;185.410507202148;0
2649.48;196.747344970703;0
2650.923;179.859268188477;0
2652.364;193.190536499023;0
2653.804;171.296951293945;0
2655.243;153.604339599609;0
2656.683;109.494407653809;0
2658.121;92.4681243896484;0
2659.559;48.9507827758789;0
2660.997;78.2755279541016;0
2662.433;79.6665420532227;0
2663.868;135.45719909668;0
2665.305;93.0925521850586;0
2666.737;104.240394592285;0
2668.173;101.123184204102;0
2669.606;86.5187301635742;0
2671.038;89.9824066162109;0
2672.47;66.069580078125;0
2673.901;96.5578460693359;0
2675.331;75.4638061523438;0
2676.761;94.2159957885742;0
2678.189;93.9342346191406;0
2679.619;117.054695129395;0
2681.045;80.6887130737305;0
2682.473;63.2803077697754;0
2683.9;56.2926788330078;0
2685.324;105.157119750977;0
2686.749;121.572341918945;0
2688.176;134.452362060547;0
2689.599;95.3330993652344;0
2691.021;86.3504867553711;0
2692.444;70.6590957641602;0
2693.865;122.703216552734;0
2695.287;105.37084197998;0
2696.707;88.550895690918;0
2698.125;34.687858581543;0
2699.545;80.1150894165039;0
2700.963;78.3857345581055;0
2702.381;130.498428344727;0
2703.798;123.274269104004;0
2705.214;168.071212768555;0
2706.629;162.753509521484;0
2708.046;173.988464355469;0
2709.458;189.66520690918;0
2710.872;200.56169128418;0
2712.285;236.789276123047;0
2713.699;252.237060546875;0
2715.111;245.705627441406;0
2716.52;224.110443115234;0
2717.93;216.793533325195;0
2719.342;223.25325012207;0
2720.749;234.705276489258;0
2722.159;238.833724975586;0
2723.565;194.815399169922;0
2724.971;139.951110839844;0
2726.38;67.7710494995117;0
2727.785;11.2990093231201;0
2729.19;-8.39560604095459;0
2730.594;29.6872310638428;0
2731.997;112.325942993164;0
2733.401;149.187438964844;0
2734.803;160.981887817383;0
2736.204;168.264953613281;0
2737.606;183.592071533203;0
2739.005;176.407089233398;0
2740.405;190.265243530273;0
2741.806;225.499694824219;0
2743.202;272.221343994141;0
2744.602;275.319580078125;0
2745.998;223.127883911133;0
2747.395;187.201858520508;0
2748.79;179.540740966797;0
2750.185;212.032638549805;0
2751.58;204.010711669922;0
2752.975;223.475067138672;0
2754.366;223.203506469727;0
2755.759;232.196105957031;0
2757.151;183.675170898438;0
2758.542;162.802947998047;0
2759.933;153.818511962891;0
2761.322;177.380111694336;0
2762.71;176.199111938477;0
2764.1;174.974990844727;0
2765.486;172.237442016602;0
2766.875;150.634567260742;0
2768.26;125.025314331055;0
2769.646;122.377738952637;0
2771.031;136.562652587891;0
2772.418;167.414215087891;0
2773.799;163.37126159668;0
2775.184;189.550643920898;0
2776.565;213.285186767578;0
2777.946;200.687164306641;0
2779.328;198.867935180664;0
2780.708;184.394592285156;0
2782.09;220.358749389648;0
2783.469;232.470611572266;0
2784.847;224.918014526367;0
2786.226;220.923049926758;0
2787.603;234.152618408203;0
2788.978;240.606994628906;0
2790.355;241.286407470703;0
2791.731;253.080001831055;0
2793.104;264.988037109375;0
2794.479;262.232971191406;0
2795.853;185.037261962891;0
2797.225;184.823028564453;0
2798.596;144.230819702148;0
2799.967;155.14128112793;0
2801.341;126.278533935547;0
2802.71;132.760406494141;0
2804.077;106.236351013184;0
2805.447;108.310043334961;0
2806.815;93.0136032104492;0
2808.183;88.6813201904297;0
2809.551;65.3132934570313;0
2810.915;85.1311569213867;0
2812.282;94.2458190917969;0
2813.646;96.6564559936523;0
2815.011;55.9183616638184;0
2816.375;43.7968292236328;0
2817.736;61.4150810241699;0
2819.099;83.8839416503906;0
2820.462;80.3150939941406;0
2821.821;40.8199806213379;0
2823.182;13.0654582977295;0
2824.542;8.60726642608643;0
2825.901;16.3338031768799;0
2827.261;15.3814706802368;0
2828.617;32.3123512268066;0
2829.974;-10.1888113021851;0
2831.33;49.4944305419922;0
2832.686;51.4731254577637;0
2834.043;100.080543518066;0
2835.395;98.427734375;0
2836.75;111.625747680664;0
2838.104;155.006820678711;0
2839.456;148.502059936523;0
2840.807;146.333114624023;0
2842.16;117.833251953125;0
2843.509;79.0773696899414;0
2844.858;100.365982055664;0
2846.209;112.391548156738;0
2847.556;154.375045776367;0
2848.906;147.247344970703;0
2850.253;124.230361938477;0
2851.6;130.428359985352;0
2852.946;107.070251464844;0
2854.29;117.957321166992;0
2855.635;135.843719482422;0
2856.98;157.173858642578;0
2858.323;147.503189086914;0
2859.665;61.2761344909668;0
2861.008;26.5924129486084;0
2862.349;25.8051166534424;0
2863.691;57.7597541809082;0
2865.031;111.268699645996;0
2866.37;112.887619018555;0
2867.709;99.3940582275391;0
2869.048;44.8989677429199;0
2870.385;46.2910003662109;0
2871.722;118.236572265625;0
2873.059;132.846542358398;0
2874.394;157.676208496094;0
2875.73;130.057144165039;0
2877.064;165.877777099609;0
2878.398;170.914260864258;0
2879.731;156.611053466797;0
2881.063;142.412567138672;0
2882.395;102.208503723145;0
2883.727;138.998672485352;0
2885.059;163.342910766602;0
2886.387;214.291519165039;0
2887.717;207.940231323242;0
2889.046;192.920852661133;0
2890.374;157.377883911133;0
2891.699;133.552719116211;0
2893.028;108.667793273926;0
2894.354;97.6954803466797;0
2895.679;136.813858032227;0
2897.004;163.650314331055;0
2898.328;194.871337890625;0
2899.653;160.974365234375;0
2900.976;157.848861694336;0
2902.297;160.763381958008;0
2903.619;136.523910522461;0
2904.941;115.780693054199;0
2906.26;90.1168060302734;0
2907.58;88.4191741943359;0
2908.898;102.723571777344;0
2910.217;108.19083404541;0
2911.536;162.042999267578;0
2912.852;184.279861450195;0
2914.171;199.346160888672;0
2915.485;195.463897705078;0
2916.799;160.96745300293;0
2918.116;146.968872070313;0
2919.428;156.913131713867;0
2920.743;206.021820068359;0
2922.056;215.348846435547;0
2923.367;202.439834594727;0
2924.679;156.266067504883;0
2925.99;170.036163330078;0
2927.299;168.751220703125;0
2928.609;179.189270019531;0
2929.918;168.572509765625;0
2931.226;143.568664550781;0
2932.535;171.60481262207;0
2933.841;194.143280029297;0
2935.149;226.295211791992;0
2936.455;239.393920898438;0
2937.758;245.770309448242;0
2939.064;269.645202636719;0
2940.368;291.797454833984;0
2941.67;289.005187988281;0
2942.973;300.158966064453;0
2944.277;264.703186035156;0
2945.577;289.637847900391;0
2946.878;250.962860107422;0
2948.178;269.455993652344;0
2949.477;228.672821044922;0
2950.776;251.946640014648;0
2952.073;256.833038330078;0
2953.372;299.111328125;0
2954.669;286.448333740234;0
2955.965;261.899017333984;0
2957.261;256.352569580078;0
2958.556;282.697937011719;0
2959.849;271.401275634766;0
2961.145;244.879989624023;0
2962.436;218.833511352539;0
2963.732;207.399505615234;0
2965.022;213.037658691406;0
2966.313;170.560806274414;0
2967.603;176.935729980469;0
2968.893;196.810104370117;0
2970.182;203.072814941406;0
2971.471;185.973266601563;0
2972.759;156.568618774414;0
2974.047;191.997497558594;0
2975.334;221.815643310547;0
2976.62;214.303375244141;0
2977.907;196.682373046875;0
2979.192;178.350723266602;0
2980.475;188.391326904297;0
2981.76;199.042266845703;0
2983.043;187.805038452148;0
2984.326;182.785919189453;0
2985.607;160.709701538086;0
2986.888;173.465469360352;0
2988.17;149.386749267578;0
2989.449;134.91813659668;0
2990.728;96.5038604736328;0
2992.007;94.6996383666992;0
2993.284;90.06103515625;0
2994.562;123.921379089355;0
2995.84;154.947326660156;0
2997.115;184.91731262207;0
2998.393;172.555160522461;0
2999.666;119.981964111328;0
3000.94;82.4486999511719;0
3002.215;58.8588714599609;0
3003.486;60.3235893249511;0
3004.76;52.6206550598145;0
3006.033;26.7500743865967;0
3007.303;-1.0679851770401;0
3008.573;-27.389627456665;0
3009.844;-1.21485459804535;0
3011.114;48.2341117858887;0
3012.383;84.6239395141602;0
3013.649;88.4099884033203;0
3014.917;63.1407165527344;0
3016.185;31.3705863952637;0
3017.451;49.7658843994141;0
3018.716;41.1027755737305;0
3019.983;38.072624206543;0
3021.246;25.4285125732422;0
3022.509;53.6148872375488;0
3023.774;90.5206375122071;0
3025.035;92.0346450805664;0
3026.299;79.4902496337891;0
3027.56;95.7763366699219;0
3028.819;107.741104125977;0
3030.081;126.932769775391;0
3031.339;126.218719482422;0
3032.598;124.596130371094;0
3033.856;55.1099433898926;0
3035.114;19.9039993286133;0
3036.372;-7.18821096420288;0
3037.628;48.7929382324219;0
3038.883;38.6601066589355;0
3040.138;69.2926330566406;0
3041.394;82.4252243041992;0
3042.646;118.386177062988;0
3043.9;130.009765625;0
3045.152;133.51806640625;0
3046.405;134.718536376953;0
3047.657;80.6916351318359;0
3048.906;70.2285690307617;0
3050.158;93.5977096557617;0
3051.407;143.015365600586;0
3052.656;156.480865478516;0
3053.904;128.216125488281;0
3055.153;112.722053527832;0
3056.398;114.443695068359;0
3057.647;136.655868530273;0
3058.892;182.084320068359;0
3060.137;159.394760131836;0
3061.382;125.586959838867;0
3062.625;121.430870056152;0
3063.869;171.267791748047;0
3065.112;199.876693725586;0
3066.353;206.257919311523;0
3067.595;217.634170532227;0
3068.838;235.671813964844;0
3070.075;265.512817382813;0
3071.317;221.348342895508;0
3072.557;220.884140014648;0
3073.795;165.63591003418;0
3075.032;183.71452331543;0
3076.27;165.230834960938;0
3077.507;144.184600830078;0
3078.742;160.141494750977;0
3079.978;169.552108764648;0
3081.212;196.844909667969;0
3082.446;182.90852355957;0
3083.681;146.187164306641;0
3084.913;152.013900756836;0
3086.147;147.832946777344;0
3087.38;176.594299316406;0
3088.61;174.213760375977;0
3089.84;154.310638427734;0
3091.071;142.287933349609;0
3092.3;164.367950439453;0
3093.529;220.193923950195;0
3094.755;268.568725585937;0
3095.984;265.0478515625;0
3097.211;243.520172119141;0
3098.438;203.874328613281;0
3099.663;207.443817138672;0
3100.888;200.450729370117;0
3102.112;198.36051940918;0
3103.335;179.448135375977;0
3104.56;150.989685058594;0
3105.782;162.431838989258;0
3107.005;146.838302612305;0
3108.226;177.818969726563;0
3109.447;168.344360351562;0
3110.667;190.081954956055;0
3111.887;152.031723022461;0
3113.104;132.980987548828;0
3114.324;130.63948059082;0
3115.541;154.235794067383;0
3116.758;167.936218261719;0
3117.976;144.810531616211;0
3119.192;150.535751342773;0
3120.408;152.365798950195;0
3121.622;128.620147705078;0
3122.835;90.6970901489258;0
3124.05;78.713638305664;0
3125.262;130.003860473633;0
3126.476;147.458297729492;0
3127.687;141.242935180664;0
3128.897;112.248252868652;0
3130.108;141.581283569336;0
3131.319;153.468460083008;0
3132.528;151.465606689453;0
3133.737;128.68408203125;0
3134.945;144.021377563477;0
3136.152;142.805419921875;0
3137.358;155.368347167969;0
3138.565;146.820892333984;0
3139.772;162.162612915039;0
3140.976;123.5048828125;0
3142.18;141.040466308594;0
3143.385;126.578193664551;0
3144.588;174.301208496094;0
3145.79;189.804885864258;0
3146.993;187.533966064453;0
3148.194;155.377548217773;0
3149.395;92.1136627197266;0
3150.596;73.3988876342774;0
3151.794;98.1159286499023;0
3152.994;147.059600830078;0
3154.193;173.230133056641;0
3155.39;133.294464111328;0
3156.587;100.363922119141;0
3157.784;65.6609725952149;0
3158.982;58.2270965576172;0
3160.177;16.9327907562256;0
3161.37;25.8253784179688;0
3162.565;25.6129894256592;0
3163.759;71.739860534668;0
3164.952;94.3158645629883;0
3166.146;110.451705932617;0
3167.337;104.147430419922;0
3168.527;93.4030685424805;0
3169.719;93.4410934448242;0
3170.91;76.5946578979492;0
3172.098;31.9747142791748;0
3173.288;18.3784656524658;0
3174.475;50.3151741027832;0
3175.663;96.4758377075196;0
3176.849;84.7492294311523;0
3178.037;71.8766479492188;0
3179.223;83.9838027954102;0
3180.408;95.1499557495117;0
3181.592;112.211250305176;0
3182.777;117.611228942871;0
3183.96;128.016311645508;0
3185.143;102.981796264648;0
3186.325;58.0619163513184;0
3187.507;28.3672485351563;0
3188.688;18.0497264862061;0
3189.869;39.2920303344727;0
3191.049;62.6477661132813;0
3192.228;82.2273178100586;0
3193.406;78.36376953125;0
3194.585;92.2796249389649;0
3195.763;105.863456726074;0
3196.939;68.5584030151367;0
3198.116;37.697509765625;0
3199.292;21.3900203704834;0
3200.466;60.367374420166;0
3201.643;78.4559783935547;0
3202.816;57.8611030578613;0
3203.991;69.9881362915039;0
3205.161;64.6686706542969;0
3206.334;105.825790405273;0
3207.504;94.2485809326172;0
3208.677;162.334396362305;0
3209.846;166.527679443359;0
3211.017;216.27180480957;0
3212.187;202.232055664063;0
3213.356;171.297164916992;0
3214.524;134.244903564453;0
3215.69;112.297485351562;0
3216.859;134.12158203125;0
3218.024;131.717208862305;0
3219.189;111.082389831543;0
3220.354;85.2165985107422;0
3221.519;89.2309265136719;0
3222.682;92.2364959716797;0
3223.845;87.0111389160157;0
3225.01;95.1118774414062;0
3226.171;153.316482543945;0
3227.332;210.845977783203;0
3228.494;226.144409179688;0
3229.655;208.927688598633;0
3230.814;218.004913330078;0
3231.973;224.977752685547;0
3233.13;221.868057250977;0
3234.29;183.355331420898;0
3235.447;166.884613037109;0
3236.605;157.739227294922;0
3237.76;160.130325317383;0
3238.916;171.315582275391;0
3240.071;178.235153198242;0
3241.224;167.641082763672;0
3242.381;174.866409301758;0
3243.532;149.306518554687;0
3244.685;177.740432739258;0
3245.839;140.281143188477;0
3246.99;133.968109130859;0
3248.141;118.343704223633;0
3249.292;131.996429443359;0
3250.439;148.201263427734;0
3251.589;148.848083496094;0
3252.739;193.583511352539;0
3253.886;210.440338134766;0
3255.034;217.072982788086;0
3256.18;207.036224365234;0
3257.326;191.21907043457;0
3258.472;202.177108764648;0
3259.617;156.577041625977;0
3260.761;192.530731201172;0
3261.905;195.830291748047;0
3263.048;228.77116394043;0
3264.19;184.994781494141;0
3265.333;185.695159912109;0
3266.475;191.921249389648;0
3267.617;202.923126220703;0
3268.757;199.700485229492;0
3269.896;184.697158813477;0
3271.036;182.786392211914;0
3272.175;148.737930297852;0
3273.313;136.243850708008;0
3274.449;122.267440795898;0
3275.586;139.464065551758;0
3276.722;140.547546386719;0
3277.859;141.391677856445;0
3278.993;155.235733032227;0
3280.13;168.190963745117;0
3281.263;158.924865722656;0
3282.395;156.104125976563;0
3283.529;168.729049682617;0
3284.66;211.022186279297;0
3285.794;217.317947387695;0
3286.924;217.284957885742;0
3288.054;206.479339599609;0
3289.185;200.012191772461;0
3290.313;192.772399902344;0
3291.443;208.982131958008;0
3292.571;223.195465087891;0
3293.698;226.190200805664;0
3294.824;213.745361328125;0
3295.952;207.972427368164;0
3297.077;203.266616821289;0
3298.203;166.818832397461;0
3299.328;140.582946777344;0
3300.45;133.75944519043;0
3301.574;146.002166748047;0
3302.698;163.421615600586;0
3303.819;133.401138305664;0
3304.942;148.285140991211;0
3306.064;117.038162231445;0
3307.182;136.720062255859;0
3308.303;129.134857177734;0
3309.423;165.172027587891;0
3310.542;186.104141235352;0
3311.66;188.820190429687;0
3312.778;157.095886230469;0
3313.895;171.93034362793;0
3315.012;182.768035888672;0
3316.128;208.276977539063;0
3317.243;174.568298339844;0
3318.357;138.19743347168;0
3319.471;127.295806884766;0
3320.586;148.053100585937;0
3321.698;176.483062744141;0
3322.813;170.253356933594;0
3323.923;160.143951416016;0
3325.034;172.710372924805;0
3326.146;167.610809326172;0
3327.255;150.627212524414;0
3328.366;117.741622924805;0
3329.474;113.76789855957;0
3330.582;99.9538116455078;0
3331.691;93.4176330566406;0
3332.797;109.05542755127;0
3333.905;138.168762207031;0
3335.011;118.728187561035;0
3336.116;85.1775665283203;0
3337.22;19.3259048461914;0
3338.327;48.9976615905762;0
3339.429;55.1126747131348;0
3340.534;59.8932952880859;0
3341.635;39.1171035766602;0
3342.737;-4.3264365196228;0
3343.84;6.35597896575928;0
3344.94;11.1475296020508;0
3346.041;52.0488700866699;0
3347.142;62.5045700073242;0
3348.24;57.7382125854492;0
3349.337;63.7489433288574;0
3350.437;65.4248123168945;0
3351.534;58.320629119873;0
3352.633;81.7699432373047;0
3353.727;102.108100891113;0
3354.823;99.5697708129883;0
3355.919;82.1538467407227;0
3357.013;59.5171813964844;0
3358.108;83.0990676879883;0
3359.201;114.789581298828;0
3360.293;129.033355712891;0
3361.385;114.548789978027;0
3362.478;82.0617599487305;0
3363.569;115.779098510742;0
3364.661;135.191009521484;0
3365.75;152.406539916992;0
3366.838;96.5058212280273;0
3367.929;125.264945983887;0
3369.017;132.126907348633;0
3370.105;177.085983276367;0
3371.193;170.918960571289;0
3372.279;161.399826049805;0
3373.364;154.096130371094;0
3374.45;168.974395751953;0
3375.534;179.148132324219;0
3376.62;169.895935058594;0
3377.704;163.432983398438;0
3378.786;144.865783691406;0
3379.871;175.868347167969;0
3380.951;159.242248535156;0
3382.034;178.184387207031;0
3383.114;140.470550537109;0
3384.195;155.444305419922;0
3385.276;164.31559753418;0
3386.354;200.209930419922;0
3387.433;206.376525878906;0
3388.511;188.136795043945;0
3389.588;169.530075073242;0
3390.664;123.823036193848;0
3391.742;141.659164428711;0
3392.816;150.59309387207;0
3393.893;162.511581420898;0
3394.968;129.302673339844;0
3396.042;102.979606628418;0
3397.115;90.2274169921875;0
3398.189;104.538482666016;0
3399.262;119.130989074707;0
3400.333;170.58805847168;0
3401.404;187.353454589844;0
3402.474;151.315338134766;0
3403.545;128.584060668945;0
3404.615;122.283164978027;0
3405.685;144.954177856445;0
3406.752;146.468231201172;0
3407.82;156.321838378906;0
3408.888;141.75244140625;0
3409.955;153.276702880859;0
3411.021;142.415451049805;0
3412.085;158.613067626953;0
3413.151;150.164337158203;0
3414.215;159.370315551758;0
3415.279;199.786148071289;0
3416.343;184.078109741211;0
3417.406;161.91242980957;0
3418.468;125.615737915039;0
3419.53;143.083358764648;0
3420.592;162.769012451172;0
3421.652;151.227447509766;0
3422.712;142.236297607422;0
3423.773;112.246894836426;0
3424.83;126.093772888184;0
3425.889;107.825065612793;0
3426.946;107.461860656738;0
3428.005;94.1925277709961;0
3429.061;99.4639358520508;0
3430.117;100.979606628418;0
3431.172;104.853576660156;0
3432.227;122.309051513672;0
3433.281;117.235954284668;0
3434.335;129.687164306641;0
3435.389;115.276123046875;0
3436.44;108.632308959961;0
3437.492;64.3629837036133;0
3438.546;53.4820365905762;0
3439.598;83.7165374755859;0
3440.646;118.460830688477;0
3441.697;102.863975524902;0
3442.745;64.3867950439453;0
3443.793;76.7837677001953;0
3444.842;105.628707885742;0
3445.891;127.797477722168;0
3446.937;127.753814697266;0
3447.984;111.081344604492;0
3449.031;119.460998535156;0
3450.075;117.049385070801;0
3451.12;160.972915649414;0
3452.164;179.319366455078;0
3453.207;183.849945068359;0
3454.251;139.670471191406;0
3455.293;129.512298583984;0
3456.336;108.703102111816;0
3457.378;111.800926208496;0
3458.417;88.7894439697266;0
3459.458;94.3778991699219;0
3460.498;83.688117980957;0
3461.539;117.07373046875;0
3462.577;121.114143371582;0
3463.614;125.895767211914;0
3464.651;97.2641677856445;0
3465.689;93.0891036987305;0
3466.726;100.229675292969;0
3467.763;73.6577758789063;0
3468.798;71.5253295898438;0
3469.831;55.4019775390625;0
3470.866;91.5019760131836;0
3471.9;51.0061454772949;0
3472.933;44.5066680908203;0
3473.966;16.3372421264648;0
3474.999;42.734676361084;0
3476.029;44.8243751525879;0
3477.061;72.2455444335937;0
3478.09;80.2262496948242;0
3479.121;101.11157989502;0
3480.15;87.4995422363281;0
3481.178;81.9092330932617;0
3482.205;70.908088684082;0
3483.234;75.2922286987305;0
3484.26;119.755790710449;0
3485.288;117.622711181641;0
3486.313;130.002639770508;0
3487.337;89.5926895141602;0
3488.364;77.3161697387695;0
3489.387;64.7963638305664;0
3490.411;70.9914321899414;0
3491.434;103.082069396973;0
3492.456;74.5202178955078;0
3493.479;60.2735939025879;0
3494.5;36.5571708679199;0
3495.521;38.9416809082031;0
3496.543;20.808198928833;0
3497.561;11.5986003875732;0
3498.579;41.1771240234375;0
3499.6;24.9769630432129;0
3500.618;8.14793968200684;0
3501.636;-22.6979389190674;0
3502.653;-0.752825498580933;0
3503.669;21.7810554504395;0
3504.685;21.7175369262695;0
3505.699;28.4505844116211;0
3506.716;-16.6755409240723;0
3507.729;-8.41304016113281;0
3508.743;-33.7424774169922;0
3509.755;-0.180555552244186;0
